nan	2.590201991987993724e-01	1.219136238034905376e-03	-1.718682811960678070e+00
nan	-4.212331926161225204e-02	-1.744008518331186419e+00	-3.402734754609548773e-01
nan	3.171817268563281722e-01	-2.229617939891117562e+00	-2.451561479031052926e+00
nan	-8.930594356065798545e-01	-1.595683167115455880e+00	4.012418790268990065e-02
nan	-7.368098467586047251e-01	1.961022068234405946e-01	-1.290737894966005994e+00
nan	8.594247277443508581e-01	-3.056879074206583780e-01	-1.688546355464844329e+00
nan	7.475834386148952904e-01	2.035228768151765788e+00	4.600392394393472140e-01
nan	5.775527611619936108e-01	1.764346402004500547e+00	2.364434939717995121e+00
nan	-1.108858166772587417e+00	-4.920529783360283460e-02	1.876983393082858775e+00
nan	1.166596748284977614e-01	-1.199030393275318573e+00	7.245455554941004905e-01
nan	-2.602794290702040159e-01	-1.093752716386577617e-01	6.034870787059474218e-01
nan	-8.628100329624159848e-01	2.274238685765493095e-01	-3.318451470348966481e-01
nan	-1.259734626473125507e+00	-7.043671341448572154e-02	8.733067392868840706e-01
nan	-1.774457707786763150e+00	5.561928366448611882e-01	1.080686680176323300e+00
nan	-7.407600508210273604e-01	-2.447308323696505195e+00	6.325054598044433929e-01
nan	-3.024011240878283768e-01	-1.731739184498542805e+00	1.622597381789120385e-01
nan	-1.245839486680613950e+00	-1.340816681483418260e-01	-4.754737134933407217e-01
nan	1.171907515159168689e+00	-1.469944390353951524e+00	-4.157623474503973071e-01
nan	3.852703991122986005e-01	-2.220578255538559365e+00	-1.655402163445582886e+00
nan	-7.169533321356442723e-01	3.566966594144381775e-01	-2.738776050686832608e+00
nan	1.020006833680789926e+00	-7.641342479991589665e-01	-7.463390772562908948e-01
nan	-5.808397103856285382e-01	-1.524046312100367340e+00	-2.834607185111766015e+00
nan	5.751977140656354681e-01	-2.594252179667388969e-01	5.544032846182480601e-01
nan	-2.154746753806914938e+00	-1.373853678804299872e+00	1.993552790649302242e+00
nan	-2.215733363831662750e+00	-1.670492734804763124e+00	8.417364401000174690e-01
nan	-1.650544184462369168e+00	-5.583196220862514103e-01	-1.355179438392670188e-02
nan	-1.034302664380045478e+00	-8.120793470722063034e-01	5.479829097589365983e-01
nan	-1.052349571837891684e+00	-2.154059488589239013e+00	3.136661923194460355e-01
nan	-9.400814002129364022e-01	4.110687001675034091e-01	3.318564014281455421e-02
nan	5.837626164278235663e-01	8.444316179863441407e-01	-9.264608803681946281e-01
nan	3.676094153575009127e-01	-6.628597821172987903e-01	-1.310618519468415011e+00
nan	-1.268252813130474221e+00	-1.374785302165315581e+00	-2.720254794557964151e-01
nan	-1.045104729020184031e+00	-5.768330874222883375e-01	4.581504961875152437e-01
nan	4.236950998359659271e-01	-3.387134529828855767e-02	2.773429198645433469e-01
nan	2.087706820879685066e-01	5.561468118065453492e-01	-3.393501210539062729e-01
nan	4.226240962221589070e-01	7.276921849896550443e-01	9.045197509553928872e-02
nan	-7.508673628771811437e-02	-1.593112782358796276e+00	-6.621152200007887623e-02
nan	-2.491889142827916070e-01	1.453794290252899746e+00	-7.879308840137488890e-01
nan	-9.874239796986198359e-01	-1.839964511676629444e-01	6.742496509764162038e-02
nan	4.678891159940135602e-01	1.225991645642824368e-01	-9.558445696178586859e-01
nan	-2.469308614956698955e-01	-7.084637063823415737e-01	1.593323561619327977e+00
nan	2.560652952920420278e-01	-1.309745102553326046e-01	1.100344545658977990e+00
nan	-6.884886599828425879e-01	-3.134692509338560251e-01	8.971775447638626888e-01
nan	-1.246405028647023627e+00	-6.147081149720765580e-01	-4.372953334218104282e-01
nan	-1.536794705638544034e+00	5.376308996779527449e-01	2.225784752180398063e-01
nan	-3.512905338857441606e-02	-2.711434664224387503e-01	6.694201826914628617e-01
nan	-6.466745381507321699e-01	1.052839427108769765e+00	-1.047873441946918227e+00
nan	5.150969175072624973e-01	-7.546139341182582783e-01	-7.105440170123734911e-02
nan	5.400352290800833899e-01	2.563312684216114135e-01	2.496875532785001461e-01
nan	4.407794655358794333e-01	1.301123353776003633e-01	9.042244594929772505e-01
nan	2.798722022041801316e-01	-3.687327416900810784e-01	1.148800647056756885e+00
nan	-8.308560778936676661e-01	6.150162783537116429e-01	4.250827881047899437e-01
nan	-1.698349273723004593e+00	-1.694747003880846259e-01	-1.320899031421092218e-01
nan	-1.291720633810851560e+00	-9.628684053307497992e-01	-4.636988768063896038e-01
nan	1.049866746597239775e+00	-1.161243060339351096e+00	1.144324147185804552e+00
nan	4.475639880638327961e-01	-1.311608959940842922e+00	-1.449112868214020855e+00
nan	-8.878424474834289981e-02	-1.146884349865255448e+00	-1.681637513677189943e+00
nan	-8.625094173887846161e-01	-4.313471514065295165e-01	-9.585183701477462126e-02
nan	-5.600750547746542463e-01	2.153951251053505267e-01	-1.149927781057140219e+00
nan	-1.884792046040862701e+00	-1.596764337554359425e-01	1.666481930207525664e-01
nan	-8.465912199914074066e-01	-3.467561241117489423e-01	-2.596977655980564403e+00
nan	-1.347803285019966602e+00	-1.160814427122502268e+00	-1.658971702854621366e+00
nan	-1.239060358476665069e+00	-2.791603053179070315e+00	-1.057071528046038100e+00
nan	-3.494414792179069140e-01	-1.600061565237886452e+00	-1.712595556069737679e+00
nan	-1.407418172019351932e+00	-1.118004404954901387e+00	-1.775958035039786331e+00
nan	-5.389293494984823685e-01	7.252304757319150141e-02	-8.343551945220258892e-01
nan	3.614731204459457614e-01	-9.210265683268377135e-01	-6.431812637037044311e-01
nan	1.259190016020637959e+00	-2.540965722249290959e+00	-3.555123616504719530e-01
nan	-6.164620673223113467e-01	-2.134093179463536494e+00	-1.504401366443490096e+00
nan	-4.882757977464690646e-01	-1.270458722658621031e+00	-1.398923755108614442e+00
nan	-7.313422323405887049e-01	-1.870673343267745370e+00	-1.482814836249696233e-01
nan	-2.442654314144544703e+00	-9.396438058209470867e-01	-4.472397525781481309e-01
nan	-2.042124329100413416e+00	1.466772714236199038e+00	-2.442716392656994806e+00
nan	2.112685289104100361e-01	1.737876792214234078e-01	-2.494410912885256515e+00
nan	-6.126592284620980822e-01	1.458969543519563317e+00	-1.431042520241304850e+00
nan	4.641920076429186803e-01	-7.344038142135707048e-01	-5.039937889318221176e-01
nan	-1.156343687422149324e+00	3.033012880462675476e-01	2.259947591278089751e-01
nan	2.155092964736750716e+00	5.112542862203692806e-01	1.966721256119647876e-01
nan	3.522423616613195585e-01	2.853471564510323688e-01	-6.307076562309733569e-01
nan	-1.674464912815379625e-01	-1.047676529234190301e+00	-1.760899960111220297e+00
nan	7.120126361625522815e-02	-1.414400683047954299e+00	-7.564070605886472620e-01
nan	5.123548663172501350e-01	-2.335941296028589409e-01	-2.681532506769450097e-01
nan	1.088643668589611979e-01	3.563636182771348637e-02	-1.748932921879035485e+00
nan	9.624883912448969348e-01	4.124905476690634010e-01	-9.568361510181850882e-01
nan	-1.037632403430862826e+00	-1.001134029011699234e+00	-2.098135584083687277e+00
nan	-2.803184864679049149e-01	-3.191270134310510431e-01	-1.285440650782287086e+00
nan	4.022209610000423430e-01	1.574958162118675620e-01	-1.231009885460948805e+00
nan	3.228184176740192535e-01	-1.547112875417521627e+00	1.224990909875412815e+00
nan	5.502955089737553429e-01	2.843209441977355145e-01	8.073102142325536690e-01
nan	2.901443672979561184e-01	-4.164773699431166820e-01	-8.176181025749851283e-02
nan	-2.996645729640287636e-01	1.030352893237489242e+00	-4.464380683616933632e-01
nan	5.326367676799339534e-01	9.170838165420913679e-01	-2.552632333476761994e-01
nan	2.003065991296125503e+00	-5.276093465736160226e-01	3.157591589159388090e-01
nan	7.496016627792347897e-01	1.785772011957197147e+00	1.788519113897355739e+00
nan	9.964768221254063363e-01	-8.055872495369129638e-01	1.831563566441379853e-01
nan	-1.011890322940924847e+00	7.985249592008029085e-01	-6.900431177898928015e-01
nan	1.606891043345557657e+00	-3.119550277821786288e+00	3.231111594324739128e-02
nan	-1.282651159559233367e+00	-1.526207408736272919e+00	-8.047978681348375574e-01
nan	-4.034285399158536456e-01	1.096175992139980959e+00	-1.541248258048914188e+00
nan	-6.509056937210777605e-02	1.488304163805798552e+00	-1.936061197712086956e+00
nan	3.936816695748537320e-01	1.225697642019331735e+00	-2.933688144667931930e-01
nan	2.657548054995473308e-02	-1.094783004307272156e+00	1.073272088950337100e+00
nan	-1.035053364771884032e+00	-1.156295659191665104e-01	-3.847917762839113409e-02
nan	-9.698521849023249430e-01	-7.253279724996016808e-01	3.028983366607208572e-01
nan	-8.037649409551332891e-01	2.298458713365966188e-01	7.459517576644206782e-01
nan	-5.517714002718332456e-01	-4.941464223193363092e-01	1.758685384107507410e+00
nan	-4.720654310344607474e-01	-1.830917171858291059e+00	-4.460833930100563394e-01
nan	1.278886475517480026e-01	-1.224678771241921371e+00	-1.754861535145886275e+00
nan	-2.934795635774629097e-01	-3.143161843456240834e-01	-7.100958506561165784e-01
nan	-1.423271407522888943e+00	8.804024295275820755e-01	-1.125956469842285479e+00
nan	7.259821982686404107e-01	-5.403815549846086030e-01	-1.873482778255610159e-01
nan	1.318419329273647911e-01	-1.838114959068386511e+00	-1.180744761553032651e+00
nan	1.129203860887150412e+00	-2.246670929709620457e-01	-1.360718931376693641e+00
nan	1.606109614680899966e+00	-5.786452067967926549e-01	9.489303849597576779e-01
nan	8.552230635919371160e-01	1.586425727235873051e+00	-4.714820564056249053e-01
nan	1.144819480879459839e+00	2.079940358383457699e+00	6.790703130217512484e-03
nan	1.759416307180966310e+00	1.608035223104445244e+00	5.578332958171418055e-01
nan	2.382246217321822179e+00	3.105780288033057168e+00	5.579240808431185084e-02
nan	2.117258934090795908e+00	2.768832644495755169e+00	6.412942348205007415e-01
nan	1.352226775052841612e+00	8.863429719975834953e-01	3.710806011707282748e-01
nan	-5.033943886568483794e-01	-7.203734025060941626e-01	1.811673075527006516e+00
nan	-5.067187554852944364e-01	-9.712934070305179191e-01	-1.904583480536472084e+00
nan	2.359285194390835505e-01	4.225166741093827616e-01	-1.843345913345829645e+00
nan	1.342100479287283155e-01	1.854264258113669239e-01	2.034341136990286958e-01
nan	-5.012082710157208520e-01	7.784136413768816265e-01	-1.392789519026963907e+00
nan	3.661946240807938402e-01	-1.807859373846117057e+00	-1.414970907301138503e+00
nan	1.459841000426864155e-01	-6.209636989349620606e-01	-1.069577158066271849e+00
nan	-1.032800505794936097e+00	6.393698273970337409e-01	-8.248726199396398950e-01
nan	-2.547554998070282462e-02	-1.455208121127054444e+00	-5.736405613929301817e-01
nan	-1.612384801716713723e+00	-6.327165434358654750e-01	2.781162732880957389e-01
nan	5.346242293698214576e-01	-1.259663426345500437e+00	9.803338368290654969e-01
nan	-9.168776096472510684e-01	-1.977343477317331510e-01	7.491656817745931396e-02
nan	-8.507226419710334220e-01	2.826646367010248739e-01	-1.196594409545481685e+00
nan	-4.903248670018640620e-01	-2.535772300449776750e-01	-5.712744998769143656e-01
nan	-5.383268065140065506e-01	5.904360176992070608e-01	-6.918761591730699934e-01
nan	1.845406276533282097e-01	8.712051254413183399e-01	-8.993801068195852455e-01
nan	2.105606243818195278e+00	-7.811696181998930566e-01	1.446727668135520117e+00
nan	-3.256218290458340880e-01	7.767807876306960235e-01	-8.576185484360362987e-02
nan	-4.314871959945115742e-01	6.316367366557020802e-01	4.318256832291843539e-01
nan	9.712807254242993293e-01	7.395046757509294855e-01	9.070580346720021891e-01
nan	-1.581173440764494398e+00	8.039447219842323911e-01	1.481546408050420593e+00
nan	-7.598925418795448028e-01	-1.111048168604846342e+00	1.007286566980122089e+00
nan	3.759753220786065109e-01	-1.342738592166908163e+00	4.564747472977240816e-01
nan	-1.429814229505930845e+00	5.710167174793174816e-01	-1.399841957980625606e+00
nan	5.162457363287836776e-01	7.271120910123558545e-01	1.097063684776365067e+00
nan	4.792717530949739402e-01	2.401691175436670544e+00	2.836073098176782881e-01
nan	7.093695600025735626e-01	-4.364608870245034744e-01	5.930651664078196994e-01
nan	-2.785846059876177172e+00	4.195223078187106935e-01	-7.554148772239654974e-01
nan	-1.472043926605528075e+00	-4.702047041090697821e-01	8.732700936311221795e-01
nan	1.401262259180238612e+00	-2.675847883636049973e-01	9.827697204186783830e-01
nan	-4.759785757179815779e-01	8.696843017977837764e-01	5.688742573291147853e-01
nan	-1.902228073630531924e+00	-1.382745747840867345e+00	4.592349295681570909e-01
nan	-2.385260277731168221e-01	-1.909826160869452227e+00	7.454779434100891056e-01
nan	-7.969450727646512078e-01	-4.819968327565801181e-01	-9.916925617873233456e-01
nan	-6.706067025348424471e-01	-2.557170465584437391e+00	1.069223055441680614e+00
nan	-2.296155142998951071e+00	-1.730121628704663905e+00	-7.871568428942126161e-01
nan	3.304964947369315453e-02	-8.915407924615981194e-01	5.346087628685859405e-01
nan	-7.909419746834520093e-02	-1.214578724407242016e-01	1.068384485531567729e-02
nan	-7.176184273502616007e-01	-5.266055509349774066e-01	2.679327112605621730e-01
nan	-2.302317919791839973e+00	-8.310087905193519475e-01	1.508354108104463132e+00
nan	-8.443008769014167525e-01	-1.217352816739757371e+00	3.250307070225454398e-01
nan	9.130700368533518629e-01	-3.710752755049792073e-01	6.427250727835656097e-01
nan	-1.056523801164696241e+00	1.086925969730835551e+00	-9.391494980574650875e-02
nan	5.241741312193676922e-02	8.157135340157792847e-01	-1.596491277202353398e+00
nan	-2.390660325652200768e-01	2.216506062433917457e+00	-9.511618092813378667e-01
nan	7.807031827164369053e-01	-5.366630470631120753e-01	6.206274434751828384e-01
nan	5.514975084871730493e-01	-1.557709803499380596e+00	6.835600400330946735e-01
nan	-1.788694417575441786e+00	7.232546854644537060e-01	-1.768137621407344096e+00
nan	-3.847721578627059102e-01	-7.565610908812582247e-01	4.441721856529839974e-02
nan	9.415809686892009367e-01	5.076193189891731183e-01	-4.193765758578097969e-01
nan	1.356383068702406103e+00	8.346829574662845141e-02	5.138781244943789739e-01
nan	1.431203762418547187e+00	7.882984375074314487e-01	-5.183765435583089776e-01
nan	1.655356282179268668e+00	-3.569365928383154696e-01	4.113450736968594090e-01
nan	2.030686085040761757e+00	2.048169249690875660e+00	1.381876649812197488e+00
nan	1.403590112803209999e+00	4.428013172918964235e-01	1.309144976301345631e+00
nan	6.887386404230315673e-01	2.165266498466646539e+00	1.180329493177939115e+00
nan	-2.318758796969689895e-01	1.020914148430560831e+00	2.003059346609265656e+00
nan	1.141331820035008660e+00	-1.009627781675166647e+00	2.004021670854600590e+00
nan	6.272778183549434505e-01	2.298498746380638891e-01	1.430886400344266451e-01
nan	4.211989831018061459e-01	-1.013910586362989807e+00	-4.270551052117219637e-01
nan	1.515639170312739648e+00	1.548924836318874010e-01	-7.847001117873750875e-01
nan	1.060927319676828073e+00	-8.700263890780424170e-02	-1.002864857603099180e+00
nan	8.366341101261954849e-01	2.164439844518586842e+00	-6.553758408455266915e-01
nan	4.796806282116994335e-01	-2.726847899889047744e-01	1.162596970138012775e+00
nan	-1.001512744669696087e+00	2.178571898401687745e-01	1.114736909805006171e+00
nan	-6.954782342325944722e-01	-4.629201841641933379e-02	1.976815091362523535e+00
nan	1.747269650605878688e+00	4.048250663616544953e-01	1.708596329988600671e+00
nan	-4.272302557312080973e-01	2.311761526764831931e+00	6.188154567396004779e-01
nan	7.192131425438557102e-01	2.222025372549467082e-01	-7.897025794952035049e-01
nan	6.159727082943033949e-01	1.438741762752050901e+00	-3.103619648305380729e-01
nan	1.715375495903316061e+00	9.273510974865489809e-01	1.894373261976567635e+00
nan	1.514202002494762667e+00	6.864629211724482261e-03	2.303448654073079638e+00
nan	1.028293556469363601e+00	1.585406702423425296e+00	-1.342594599559701729e+00
nan	3.060826696510361433e-01	1.611242289355238722e+00	-1.201161922272598465e-01
nan	-1.463809077592923558e-01	1.333985987023997288e-01	4.110388944324963600e-01
nan	8.250835973242719446e-01	-3.810279186088936232e-01	1.351428806586652820e-01
nan	2.416731599405381736e-01	-1.390763122732741053e+00	1.941536557320004297e+00
nan	6.820367655247291383e-01	-1.519432279742898739e+00	9.085502613919139714e-01
nan	5.985087724900062245e-02	-1.913283783847770536e+00	-1.482371890824061289e+00
nan	-1.958626249166548039e+00	-7.070526128743780392e-01	-1.399776739642933254e+00
nan	-2.318167218624193060e-01	-1.341839466719093377e+00	-1.477755763928502386e+00
nan	-5.871025486183385489e-01	4.379837585703525438e-01	-1.580664716782087531e+00
nan	6.092028799188477228e-02	1.558962302854766113e-01	4.656234231666563361e-01
nan	3.025887304143972112e-01	3.067148781033305904e-01	5.361640794442336100e-01
nan	-1.186412672770003618e-01	-1.931263317094116916e+00	1.189398360633861507e-01
nan	-2.378666272348942012e+00	-2.382162566401020976e-01	-5.844327219014197050e-01
nan	-2.678198323099002742e+00	-1.270871099740339183e+00	1.637855558812738033e-01
nan	-6.284246916415976436e-01	-2.702171185030319389e+00	-2.278825843329002065e-02
nan	-2.632027191093271323e-01	-3.324014335694044586e+00	-3.184587108447640702e-01
nan	-7.317126920384826594e-01	-2.191001934916204874e+00	-9.497100353262832861e-01
nan	-1.424971749118260522e+00	-1.084294069071821687e+00	-8.081574097297561377e-01
nan	-1.582988037229049461e+00	-9.565700885165830947e-01	-1.051163693447984659e+00
nan	-1.089141292894442392e+00	-8.885270368643073402e-01	-8.304391442176525251e-01
nan	-1.723222020913826036e+00	-6.558451501514597215e-01	1.904037141196279759e-02
nan	1.314223351080303637e-01	-1.115816719150711789e-01	4.205649302723017402e-01
nan	5.286004726394063491e-01	-1.152586049233526477e+00	9.168018290895493250e-01
nan	-6.550110318144177768e-01	3.360970724826300993e-02	-2.557698776424616183e-01
nan	-9.314745423073047537e-01	-1.628606067002560831e+00	-1.398015456980798099e+00
nan	-1.737687090506803145e-01	-1.533906489806652340e+00	5.778740893965312875e-01
nan	1.123191257360133477e+00	-9.122368522905138777e-01	-4.802212733151635105e-01
nan	1.308685398867040384e+00	5.311839659996959728e-01	-1.791353392035589298e+00
nan	-1.328575446531690130e-01	2.468242313809590360e+00	-1.478022205248316734e+00
nan	4.393153723393570798e-01	-3.782316629674113972e-01	2.355959673752668238e+00
nan	8.960155515777390445e-01	5.680068755015100779e-01	-4.539967707552369225e-01
nan	-1.363891887881457432e+00	4.233600506981360923e-01	6.230446623041235865e-01
nan	-1.963484758668765595e+00	8.721324103807737149e-01	6.249462364886588794e-01
nan	9.591984784725825497e-01	1.457492971045345698e+00	-2.642388133253545379e-01
nan	1.540321767525359320e+00	2.000737159390741926e+00	-8.099214746140173116e-01
nan	2.489053149177818947e-01	2.662006989696083625e+00	1.963450106936912576e+00
nan	2.766108850947947673e+00	1.542918771060474370e+00	1.540548772201140615e+00
nan	2.218029143541437431e+00	1.268523843290034536e+00	2.096306297211604885e+00
nan	1.935400993043029594e+00	-1.908299971010807283e-02	8.634998685396737539e-01
nan	-2.179354618628623896e+00	2.455346438882317628e-01	3.582145763658672322e-01
nan	1.620238940664815441e-01	-1.386102193533872651e+00	1.482834364405666017e-01
nan	-1.856345863843912536e+00	-2.981275759232835387e-01	3.578245465554247273e-01
nan	-1.822637823364274379e+00	-8.640328395513869886e-01	-5.851538525542675506e-01
nan	-1.915786035366552120e+00	-2.135274698955226924e+00	5.174310431136598387e-01
nan	-3.847399239205987698e+00	-7.904725413182878135e-02	2.410203139021397378e-01
nan	-5.012719857285903302e-01	-5.290394347837764633e-01	1.542891125515630124e+00
nan	3.951790863163872070e-01	-2.187684485914589971e-01	1.870508303176299236e+00
nan	-1.205553556208220245e+00	-1.871062885703928647e+00	4.328284252156727741e-01
nan	6.711761525269969164e-01	-5.745843716201672891e-01	-2.348602822427134029e+00
nan	1.959723507948774590e-01	-8.651354548700910252e-01	-2.096034951998163809e+00
nan	-1.741901292907896082e+00	4.925722884633497722e-01	-1.553250932379886429e+00
nan	-2.379470235521996102e+00	4.359962042793655290e-01	1.536228509773142070e+00
nan	-8.694745309420688351e-01	4.507175580774871460e-01	6.520442571971891699e-01
nan	1.047283957873491378e+00	-1.613778709802957234e+00	-5.786450382205913234e-01
nan	-1.070721775609943416e+00	5.356184594949553457e-02	-1.784299328992255962e+00
nan	-4.442788974050120299e-01	-3.032012908417583752e+00	-8.256361244218647366e-01
nan	-1.371782801822206688e+00	-4.427457455186178947e-01	-2.977632455334181749e+00
nan	-1.110997431928205215e+00	1.623215140183912331e-01	-1.703693461836923273e+00
nan	2.507601437711177161e-01	-9.525836967105201225e-01	-4.252106563178634779e-01
nan	-1.058559099550095084e+00	-4.428588000308039119e-01	-9.804020694986240736e-01
nan	1.085710425525867162e+00	-4.497573682746391910e-03	2.322985972119290254e-01
nan	3.416954028149796763e-01	1.537243683152521800e+00	1.943450585438050382e+00
nan	-7.435138325470240783e-01	1.150777152874089770e+00	9.858984895455166209e-01
nan	-1.436670511310750964e+00	-5.730272899956848076e-02	9.941761910378675848e-01
nan	-2.020173717018173054e+00	-7.904484881070190649e-01	8.755322228487891212e-02
nan	-6.586915138128014435e-01	-1.269529776426753021e+00	-9.266333548219111149e-01
nan	5.797972811907557977e-01	-1.873529335576059385e+00	-1.602494280109002300e+00
nan	9.325194437228290223e-03	-1.283946334814146106e-01	-1.773304555900294899e+00
nan	3.794126240805133499e+00	-9.879420503502333029e-01	-3.166520299696731211e-01
nan	1.223825232207681468e+00	-1.382410951858079606e-01	-4.742611706632935409e-01
nan	-9.512124925525444752e-01	9.609289371586784423e-01	-2.091471837129645905e+00
nan	-3.880897019412811733e-01	1.471548577087657739e+00	3.232254865153061374e-02
nan	2.670489199017166415e-01	2.865203665496771634e-01	1.864821420679423580e+00
nan	1.560503343406543397e+00	1.414754298514731889e+00	1.227877022138304852e+00
nan	-1.757258814224093024e-01	3.989779955972625469e-01	5.640803769733355733e-01
nan	1.923716734484177460e+00	1.142618398670008084e-01	1.433282037629421968e+00
nan	9.703063683481840673e-01	1.444518178893337890e+00	1.911076537926687635e+00
nan	1.088172739680103085e+00	1.387078250488164244e+00	1.584767576614231954e+00
nan	2.399065545597941496e-01	-7.688544962822585482e-02	-1.803506827479356422e-01
nan	6.099429538543307272e-01	-3.638070730953855136e-01	-5.266884553072583852e-01
nan	6.376269081040066011e-02	1.007760319741604738e+00	-8.508559153687375587e-02
nan	4.226025827558408388e-01	3.169252196914329467e-03	1.800416264365296115e+00
nan	2.142063568491110015e+00	2.686045802956196660e+00	2.435508174708760909e-01
nan	8.832453471368989506e-01	3.094670388713798292e+00	4.095359387557592212e-01
nan	2.306884672253003643e+00	1.848587012481561986e+00	8.212519271476541594e-01
nan	-2.093193322374899967e-01	3.566696763550708527e-01	2.045812396648154063e+00
nan	-1.998440616346586873e+00	-1.431603766407106848e+00	1.081395637663673526e+00
nan	-7.476664636232011052e-02	-2.244757049599571008e+00	-1.230880525413999615e+00
nan	1.165889190812082088e+00	-2.286950851780581440e-01	-2.776688289775091967e+00
nan	-1.323699438382416105e+00	9.725682090172683703e-01	-4.492851310628691586e-01
nan	3.949967998173999906e-01	-1.105906507453671000e-01	8.640041502683915020e-02
nan	-4.044743044879695049e-02	1.349578608993225792e+00	-1.103485573412307463e+00
nan	6.410844589810996696e-01	-3.468411859790982432e-01	-3.838247500728070527e+00
nan	1.092170450909748514e+00	6.792802480839912338e-01	-1.763140384987582188e+00
nan	9.444803557818521877e-01	9.558654283109566663e-01	7.002515829704158978e-01
nan	-8.841632277613284963e-01	2.290153784929352954e-01	-1.940126639253380580e-01
nan	1.470870280780268491e+00	-1.031650809013025638e+00	3.181284350585431714e-02
nan	7.289537869408467818e-01	1.102515103962220744e+00	7.216123997867152084e-02
nan	2.949793009313039227e-01	-1.364391162667513369e+00	1.063856949541715391e+00
nan	-9.863597057565647308e-01	1.370058365206918038e+00	-1.729962992032992419e+00
nan	-1.495778853216813142e-01	-9.306030621460730234e-01	1.648280058548617921e+00
nan	-1.465940896650211656e+00	-8.602402250395957406e-01	-4.827370397338560659e-01
nan	-1.415677913803522259e+00	6.718640426772882757e-01	-1.358046197238075292e+00
nan	9.533621834065479916e-01	1.883332033515958404e-01	-5.525378052076201918e-01
nan	-1.045924169372427714e+00	6.396039421010224491e-01	7.775472839217528742e-01
nan	-9.735064085830769098e-02	4.821007648117942579e-01	-8.068175671801403048e-01
nan	-5.421418719611716952e-01	4.786117344803924589e-01	-6.141600020111253055e-01
nan	-9.529678775583452222e-01	-1.159154860547277677e+00	-2.014011052869975948e+00
nan	-2.559048647207128990e+00	-1.483711877755273134e+00	-8.576413358014113308e-01
nan	-2.671382036284445149e+00	-4.439250901139774053e-01	-4.364674226755140274e-01
nan	-1.384503009054967482e+00	-1.120030611627064188e+00	-1.677525627167530398e-01
nan	-2.026549481893238802e+00	-1.150380119103615151e+00	-7.030054772180477363e-02
nan	5.601263310753390456e-01	-5.236419352689469786e-02	-4.069751903742057642e-01
nan	1.264843147593631478e+00	-7.716606057897076321e-01	-1.482170596676310181e-01
nan	-7.906468190084494641e-01	-5.133673962583156225e-01	-4.106805468240415924e-01
nan	-5.032353865428961237e-01	-1.037524600335657743e+00	-1.400679397469993814e-01
nan	-8.534489000284170013e-01	2.286238719807799358e-01	-1.293731756855599713e+00
nan	1.068501951523896043e+00	4.920723836400550111e-01	1.510567255276833887e+00
nan	8.361900862553937053e-01	1.305756440218197145e+00	-1.034526540042845610e+00
nan	-4.583808752028784017e-02	6.838623801730761009e-01	-5.366701627447398870e-01
nan	-9.224784959308157672e-01	-1.821772045545102969e+00	-1.879865867547254044e-01
nan	-4.946310709188105892e-01	-2.176022577579708184e+00	-2.838047708712779227e-01
nan	1.813139489883991429e-01	-6.975786582191627616e-01	4.719877500436440165e-01
nan	-8.151050024352086698e-01	4.362031879764491915e-01	8.036522302230039161e-01
nan	-1.788657224614021768e+00	2.947621522898513646e-01	1.152854177619806686e+00
nan	-2.602686974334782910e+00	2.330165964347763463e-01	9.699432637988267825e-01
nan	-5.598255508054659213e-01	-1.180120080406399152e+00	5.813691951634831767e-01
nan	9.137458957476590760e-01	-1.256162296497580710e+00	6.101156028047072244e-01
nan	-1.680178512593711426e+00	-6.428895133584459076e-01	-9.036513467604836425e-01
nan	-1.705484217929833513e-01	-4.368233415851764390e-01	-1.046099531878482924e+00
nan	-1.905010685025932515e+00	4.677332414023946949e-01	-7.590135727579239155e-01
nan	1.316091985989925828e+00	-4.894242672290355367e-01	-1.337720161912699046e+00
nan	6.441345047050737183e-01	8.515950583165038390e-02	-5.770370928568588909e-01
nan	5.254947897341752938e-01	-1.132300912602311804e+00	-1.460364303126215235e+00
nan	4.299533760168012808e-01	-2.451628167273635306e+00	-5.401446943571397430e-01
nan	7.736947722870946009e-02	-1.052494059228744172e+00	-6.524292345960120976e-01
nan	2.631573307764975000e-01	1.054389072645267045e-01	-1.964454665279036227e+00
nan	9.555691512338397864e-01	2.279984521231180672e+00	-6.539721266610628581e-01
nan	1.665208837336799474e+00	-2.204965646848145999e-01	8.348462388859589911e-01
nan	-2.415877065201808005e+00	2.598669386351590282e-01	-2.450984039638521572e-01
nan	-1.395558762928600149e+00	-1.619246979715630808e+00	3.363531877384733360e-01
nan	-2.129878199866800159e+00	-1.234025065017833711e+00	-8.988763690142622664e-01
nan	2.539116319528511578e-01	-1.731669987713069236e-02	-1.865170963978503016e+00
nan	6.005710712283964803e-01	-1.186884900020328537e-01	9.276218077041249455e-01
nan	4.726293659945700609e-01	-8.051256366254953001e-01	1.204431303356234828e+00
nan	-5.923316154824556645e-02	-1.025653388206710481e+00	-2.245897049479530061e+00
nan	-1.169844659612535365e+00	-5.498092202680890939e-01	-1.077215842116064914e+00
nan	-2.114610459739229675e+00	-4.690623845630259581e-01	2.086262989765263143e+00
nan	1.152896108293113286e-01	-2.117012646766037509e+00	3.144028681483930221e-01
nan	8.359526805042295505e-01	-1.802739644358463789e+00	-7.605220735123054965e-01
nan	-7.735777825864656454e-02	3.017983539491033151e-01	-2.896249726773416189e+00
nan	-3.122640207081072150e-01	-6.825480857716739180e-01	-2.615990341729348412e-01
nan	-1.517788780442289820e+00	1.584610725404509202e+00	-1.601519082507244507e-01
nan	8.057360895898800779e-01	7.719669491859590948e-01	1.908910534256659020e+00
nan	3.713660491807190267e-01	3.874031462603328979e-01	1.028494268499244413e+00
nan	-7.035439410657584602e-02	-1.070563772373075651e+00	-2.432007638382623349e-01
nan	-2.077927029264922121e-01	2.236804956478065098e-01	-3.113660174022176985e-01
nan	3.560674902349937609e-02	1.314305252690884274e+00	-4.129476800673377856e-01
nan	-1.559352473548599960e+00	6.760842666972645132e-01	2.398695023335901233e+00
nan	1.065223130767841919e+00	3.224253591709777544e-01	-1.784602602945288830e-01
nan	8.064853817899548805e-01	1.946051570622094884e-01	-2.199672861030139287e-02
nan	1.013009836129524333e+00	-6.561310972477035763e-02	-1.282836889006927494e-01
nan	2.175247730275559288e+00	-4.184430417807514790e-01	1.632496675902577188e-01
nan	1.914138809241658024e+00	-8.368493872160975844e-02	-7.254464164359465672e-02
nan	8.133022969734440277e-01	1.372903499973386898e+00	2.234244724782871172e-01
nan	9.919376369838386331e-01	1.006100296706639030e+00	-1.535610525611369459e-01
nan	1.178101677650017498e+00	7.926803599103673381e-01	2.106325621331399223e+00
nan	2.712560259093394599e+00	7.672451869973370142e-01	-7.904162974100903405e-02
nan	1.182521302810988661e+00	-3.169962209598045089e-01	2.382647924423655361e-01
nan	6.005256871737815749e-02	9.184289776676957118e-01	1.184308758793889860e+00
nan	1.636520123440904584e+00	-3.335635613422058832e-01	1.090711520326135497e+00
nan	-5.895355065430210040e-01	1.830369814220145663e+00	1.940516199641056261e+00
nan	1.711587151545880259e+00	1.721911648291987174e-01	2.396158837733297631e+00
nan	1.278087596582751617e+00	1.513609689840851091e+00	1.336659319776108301e+00
nan	5.837789782650366632e-01	4.134938194311899018e-01	5.304241010057466621e-01
nan	2.643881068387999300e-01	-4.743381561691373816e-01	7.309931091843878681e-01
nan	-8.239290559522294277e-01	-6.155144838330280921e-01	-2.957357247490933205e-01
nan	-8.825704190585109687e-01	-5.921760833487055287e-01	-1.225854631071598089e+00
nan	-2.659324761116347302e-01	-3.204537529408278962e-01	-1.976463707003830450e-01
nan	6.159291520013800980e-01	-8.460441034361412260e-01	-1.035275816278971694e+00
nan	-2.938310624333348109e+00	5.241915809057194897e-01	6.296618266264308872e-01
nan	8.037254760489075389e-01	-1.721903293184280370e+00	2.605244317303704094e+00
nan	5.569419686275389747e-01	-2.081467898150829166e-01	8.122798444880083846e-01
nan	-9.234367487254708795e-01	-1.857493909898221274e-01	4.318996867060470590e-01
nan	2.238525440702501257e-01	2.249655808510850896e-01	-3.302234478646641769e-01
nan	-4.330702013637053316e-01	2.587029588351413278e-01	-2.698964627705036437e-02
nan	2.546154402810316686e+00	-2.086473766277344988e-01	-1.520223097154309033e-01
nan	-3.831294137168486102e-01	7.294863807007723189e-03	1.457765495943087686e+00
nan	-1.380449336457608034e+00	-1.256690861185978947e-01	7.234998844401585583e-01
nan	-2.620421181340486072e+00	-5.703063267287395988e-01	-6.158510785478856775e-01
nan	-1.329052769818910296e+00	-2.428656581431396511e+00	-1.557174700051875416e+00
nan	-2.244418425780586812e+00	-2.030130069856176611e+00	-1.185845622939707855e+00
nan	-2.557960266081459988e+00	-3.498125046373723457e+00	-7.316101612073784288e-01
nan	-2.309852354303219890e+00	-4.374265822527634295e-01	-1.000857045224256225e+00
nan	-1.418322613300738944e+00	-3.084478528327204705e-01	8.631123449858331131e-01
nan	5.398708316443993072e-01	-2.305322110626560228e+00	2.858272345583957597e-01
nan	-8.111318591212161033e-01	-9.893738870639297023e-01	-4.549559315905362666e-01
nan	-2.058024063022717343e+00	-1.158796726106912089e-01	5.692071502907544156e-01
nan	9.408190960032805084e-01	-1.294377032830789087e+00	-2.044926514288052666e-01
nan	-1.470025603392792535e+00	-3.764078584597355115e-01	-7.048004298888403962e-01
nan	-2.644885461711789620e+00	-6.367342501624125850e-01	5.450023372774183139e-01
nan	-2.483951738768246820e+00	-1.487466350088348932e+00	-2.590297552296705330e-01
nan	-1.567583507466573600e+00	-1.916317237420237518e+00	-1.855558754076486849e+00
nan	6.881352830687317290e-01	-5.209905626771207388e-01	-7.915733396539004207e-01
nan	-2.099743860824663244e+00	1.014319646304798761e+00	-1.358706458456633293e+00
nan	1.152662570407670284e+00	-1.305811400934103528e+00	1.094182766770634557e-01
nan	-1.516975789172873013e+00	8.030675043083603803e-01	-3.223609573975458331e-01
nan	-2.486270947241976170e+00	2.868898015440854432e-01	-1.113791020162564926e+00
nan	9.649563155854644636e-01	-1.977658613805154619e+00	1.106545016352974142e-01
nan	-6.827877664977721750e-04	-6.087823560051355276e-01	-4.029502308700153024e-01
nan	-5.121153702309463873e-02	-1.545652656972479333e+00	4.728723310983778960e-01
nan	-7.726900492955753874e-01	1.676537779856192567e-01	-4.669239983220483392e-01
nan	7.938037372011734760e-01	-1.286850503177933147e-01	-6.469451962822775348e-01
nan	-1.903241273238522213e+00	1.955979383496313506e-01	-5.988127449688189774e-01
nan	-9.862070267399745127e-01	1.017773571890878470e+00	7.212739180444402431e-02
nan	-9.759626483114416939e-02	-9.320252639129320560e-01	2.478461455442610428e-01
nan	-1.328695555632920744e+00	4.286816241712148035e-01	-1.106315507715958990e+00
nan	5.698048123236687523e-01	1.110313559109008308e+00	2.959538991715254808e-01
nan	-2.220994746602767966e-01	-3.518890970470971435e-01	1.587675446125231149e+00
nan	-7.336548985733502004e-01	-7.558619601024088031e-01	4.368498803916855966e-01
nan	-2.821462871170321018e-01	-1.086545365510533934e+00	4.509229419143276907e-01
nan	-1.426086321537215706e+00	1.661028266321825653e-01	-5.522730246827353140e-01
nan	-7.736060476436661393e-01	5.281257738232039145e-01	-1.080690405842576363e+00
nan	-5.100346513903360191e-02	1.046707872449154086e+00	3.880299149086360866e-02
nan	-8.080928022065057004e-01	1.673235786695134841e+00	1.168970012591650509e-01
nan	-8.285469991995270123e-02	-3.600862727377450168e-01	-2.723864321717607284e-01
nan	-6.871394473085690180e-01	-1.792009699174179849e+00	9.221582139265530054e-02
nan	-5.897744383009406732e-01	-1.325726960422594747e+00	-1.603707613213490868e+00
nan	3.555966190404519223e-01	-1.099156614901761975e+00	-1.279547117738811357e+00
nan	-1.489142983355013605e+00	7.397633338020807026e-01	-3.590215128884651774e-01
nan	1.321842739859296456e+00	6.870634341115197108e-01	-2.785359733725584763e-01
nan	5.649617801697396358e-01	1.521820640212703690e+00	-1.078056083166225587e+00
nan	-3.513491972733537860e-01	1.209165420914926070e+00	1.555071044098563782e+00
nan	2.836932271072781231e-01	-6.942214365440710910e-01	6.446702096348856381e-01
nan	-8.898987721373967652e-01	-1.016959240655661567e+00	-1.448301167225444885e+00
nan	1.550518098655104371e+00	-1.561957861975535211e+00	-1.082905753146936600e+00
nan	4.990339346182545710e-01	1.005425844802221441e-01	-9.048958114156088195e-01
nan	-8.817325739721614264e-01	-1.972352383001924891e-01	-2.016778914673899692e+00
nan	-1.257597525890696566e-01	-1.241825517486149000e+00	-6.527412025394793149e-01
nan	-2.494877204787423197e-01	1.005019066512249371e+00	-2.795310703497753679e-01
nan	1.888050122023365862e+00	3.446659540878593830e-01	3.700374502791107245e-01
nan	1.295902131557801207e+00	3.643878984687863865e-01	8.401202817000985590e-01
nan	-1.288739231594650425e+00	1.269404762114830332e+00	-8.113448752731626801e-01
nan	-7.627145845381624323e-01	1.555966687557222228e+00	-8.192351996833437955e-01
nan	6.598126475408286895e-01	-1.292593925214600370e+00	-1.334037314307352728e+00
nan	-1.079792973043795623e+00	-4.321632057938542548e-01	-6.332424438063291028e-01
nan	-2.156727410329636996e+00	5.141143646670761624e-01	1.542907568340783353e-01
nan	-1.872647205626091216e-01	-1.505148073057528624e+00	1.213080562729637046e+00
nan	-6.767246565745828057e-01	-1.505124772255683752e+00	-8.606032255373616824e-01
nan	2.406026302439022713e-01	-1.523482220316113800e+00	-7.764280132713705651e-01
nan	1.829215316321676221e-01	-1.510423654576671604e+00	-2.004742166679268855e+00
nan	-1.760173738497772700e+00	-1.255062093265724599e+00	-1.795218076206119395e+00
nan	1.367748889432949255e-01	-7.329756733003105484e-01	-2.175391055917017979e+00
nan	-1.707098692959493347e+00	-4.898939830080552005e-01	-1.001474702780341897e+00
nan	-1.554872484622110917e+00	-1.658084649677122324e-01	-5.329599280771788461e-01
nan	5.340152892793869066e-01	-1.482706636704846481e+00	-2.059546752951735560e-01
nan	-1.323943093588181075e+00	4.449744108366295858e-01	-5.164977046115878379e-01
nan	3.787143629793949806e-01	9.624898644790571556e-01	3.022322103232527035e-01
nan	1.409946050517794758e+00	2.024215642348913047e+00	3.327508034863964070e-01
nan	5.553441957153402164e-01	1.899405631316880338e+00	5.669938193227073153e-01
nan	1.108703712146403841e+00	2.747423749665397708e+00	-1.017943293337782995e-01
nan	-6.066521069364447794e-01	1.601477425278764244e+00	2.881737609336592065e+00
nan	-1.988488988621690989e+00	7.666774240599366630e-02	2.523343345962158146e+00
nan	-4.462910020749993878e-01	-2.508495461768199597e+00	2.843242716713867413e-02
nan	6.816664472004332342e-01	-1.393250214760024752e+00	4.754697454921906763e-01
nan	6.192725994466441453e-02	-3.594416450270630503e-01	-1.629925933453761688e+00
nan	5.705297866804932561e-01	-2.220982009507729282e-01	3.085927376185134685e-01
nan	1.662825156551440475e+00	2.266421271748818023e-01	-1.730482680596105105e+00
nan	1.245873999411422295e+00	1.657087639739903029e+00	-3.147448816128826099e-01
nan	1.789155187373007383e+00	5.275375367720402942e-02	-6.918156099841927809e-01
nan	-5.016622475126786274e-01	2.376544366018692456e-01	-1.397408514436986604e-01
nan	9.219064782782558920e-01	-3.508049742496495149e-01	5.790433622423944993e-01
nan	1.691440028914928950e-01	1.380285580746628771e+00	-2.331769084333428221e-01
nan	5.760286975277524313e-01	1.553286346272188645e+00	2.304840362148770083e+00
nan	7.817212927504401110e-01	7.298768431085438380e-01	1.517468418783411988e-01
nan	4.678172283670111176e-01	1.248479220832066527e+00	-7.781666451796966921e-01
nan	1.027605805695569252e+00	1.052122582974819753e+00	-5.204544111171705012e-01
nan	-1.031391103213300076e+00	3.426839730859788102e-01	-6.362483800774008103e-01
nan	2.488564933680712965e+00	1.323579069521914953e+00	6.836283486979272128e-01
nan	5.861319760322555306e-01	2.996940895122623960e-01	-2.257326635422510774e-01
nan	2.164288890207421989e-03	-1.086905697782982738e-01	-1.123074396677031378e-01
nan	3.651559152772759775e-01	9.691084118761874588e-01	-1.010703359451331940e+00
nan	-8.973854351157724007e-01	7.440798530853826032e-02	1.013897581072606524e+00
nan	1.602861292632534296e+00	-9.984724492680506769e-01	-7.196109784386790498e-01
nan	-3.295201586944275229e-01	6.846674383712693379e-02	-5.892269532447568237e-01
nan	-4.973761403234885914e-02	-1.391814462858362411e+00	2.019916988196536423e+00
nan	3.715360004631462765e-02	-1.009701101228250852e+00	3.055379995438279317e-01
nan	-2.837779896936030610e+00	-3.975639040923695799e-01	-6.925302984560247066e-02
nan	6.090858097098594826e-01	-1.608878605404179929e+00	-6.614944911002073047e-01
nan	-7.252743786834587869e-01	-1.681976759110691777e+00	7.485611733548924729e-02
nan	-1.002582781225998865e+00	-1.552207344556068458e+00	1.924646323740932807e-01
nan	-1.242084912414848752e+00	-2.407092530742082293e+00	-8.052536992153084272e-01
nan	-2.864471617291289629e+00	-1.257481335858724680e+00	-2.246447108805418313e+00
nan	-3.317040636024285449e-01	2.227267738946101527e-01	-1.200769703406961098e+00
nan	1.594816673196296053e+00	6.296454846827297391e-01	-8.421306210562018446e-01
nan	1.677594122801394860e+00	9.956347841059296488e-01	5.016362743204220154e-01
nan	6.615745060681013090e-01	4.561533131309612465e-01	1.121018214713744188e+00
nan	-5.544986864935437243e-01	-6.387202647896290664e-01	-5.190929042525389558e-01
nan	-1.392582046412679686e+00	-8.020485818378564336e-01	-2.355911308097573098e+00
nan	-2.043999629469367973e-01	-3.003328220415280025e-02	-9.383707912893447523e-01
nan	1.966395709928276281e+00	1.562846872686057598e+00	8.442790973929201748e-01
nan	2.072794103090657813e+00	1.883594329680449153e+00	1.342333767807010858e+00
nan	8.388399915532380735e-01	-1.417662472666583184e-01	7.657948085233747815e-01
nan	-7.590441581919266101e-02	-3.761961381058689380e-01	-1.107718787127784932e+00
nan	1.565293968941810221e-01	4.067216708729864960e-01	-6.852168639720095378e-01
nan	8.258962218108620856e-01	1.466375602751335716e+00	-1.313085200791203278e+00
nan	1.031614151182492334e+00	-7.851162104906104222e-01	-2.027300385489614887e-01
nan	9.494995083017589987e-01	1.226543713197966845e+00	3.879165906577074496e-01
nan	1.574644965105615357e+00	2.339729734808210893e+00	1.609744231230386458e+00
nan	1.624335731024709295e+00	1.342947628160203966e+00	4.094914168546255340e-01
nan	-1.263450409414498044e+00	9.665963475822265671e-01	7.050789960734884509e-01
nan	-6.023796830765830723e-01	2.550430065614816222e+00	8.459818928523201720e-01
nan	-7.611919264690415465e-01	-1.359132863241760081e+00	6.748137778930274333e-01
nan	-1.584705883680339156e+00	-1.019287898227426936e+00	-8.225722805146280514e-01
nan	4.992447539510977972e-01	2.260821868965487980e-01	-3.165982644534305335e-01
nan	1.538536122355954161e+00	3.413621021005641243e+00	9.947367065605056125e-01
nan	2.528568272215768076e+00	1.922804244596429513e+00	5.807271875314448106e-01
nan	9.116674684721528532e-01	1.617890041562948245e+00	2.212953723463489730e+00
nan	1.262611470798487456e+00	4.554662781530069426e-01	2.229665230328779835e+00
nan	4.908199291151599253e-02	-9.035473580473853961e-01	3.977026986532709030e-01
nan	4.717313148065945261e-01	6.002833691456410659e-02	-2.543222850339802665e+00
nan	2.522538503368368934e-01	1.950067507175087811e-01	-2.005344525723978144e+00
nan	-4.910386389845131649e-01	-2.838572578804901436e+00	-1.211187230738431264e+00
nan	5.020026933952381754e-01	2.073526124087181621e-01	-1.314171468413143806e+00
nan	2.342761892376626687e+00	-4.026083808364004923e-01	9.074616818526584083e-01
nan	-6.602012441711558877e-01	7.822716019105686591e-01	-5.223436919561380565e-02
nan	-5.854533233000893677e-01	1.447684583399723612e+00	1.442303616522897514e+00
nan	1.606066866297087836e+00	6.956288538256472087e-01	-2.177614967409953195e-01
nan	-2.119197880616356944e-01	2.352282986569215861e+00	-2.710599025305364229e+00
nan	2.223483211325820719e+00	1.902614354339392300e+00	6.579468394305978407e-01
nan	8.041564531579026287e-01	2.492506227112312622e+00	8.662706644376039211e-02
nan	-5.874448637196737488e-01	4.241083736392710080e-01	7.079486313763039274e-01
nan	-1.562018293686602943e+00	2.045129241288579980e+00	1.020776346673866408e+00
nan	-3.918582912521667572e-01	1.752718150582692314e+00	-9.305841504675713693e-01
nan	2.689149530718772940e+00	-4.256932308490086747e-01	1.114266879443144953e+00
nan	1.575311497818580042e-01	-5.611035865016833490e-02	-8.940161189270839914e-01
nan	-2.757981888642848101e-01	-8.464949958613225967e-01	-8.675172337037076464e-02
nan	-4.319026014833073912e-01	-2.310907940836481433e+00	2.671155800665201419e-01
nan	-6.544514379902799384e-01	4.340211442676017439e-01	-1.940631059005587744e+00
nan	1.194160110161795185e-01	2.113803210112850661e-01	-1.251424941831363880e+00
nan	-5.662713832856379748e-01	3.095927221841060506e-01	-7.451989671971817053e-01
nan	-1.312824335658808517e+00	1.603056985095724918e-01	-2.535412099021633114e+00
nan	-1.197223779725995030e+00	-1.920375579900181151e+00	-1.169342365881357315e+00
nan	-5.161693577789990828e-01	1.094334606145599187e+00	-5.740294304696411665e-01
nan	-3.306315121246418132e-01	-1.398406524751849567e+00	4.437549298929582831e-01
nan	-1.508810503316391660e+00	-8.295304897813751133e-01	-1.911211120214731052e+00
nan	8.544650373758583273e-01	-1.159571346655066115e+00	-1.185712569699295393e+00
nan	9.837853307399779812e-01	2.076540961058937373e+00	1.077286634609775806e+00
nan	1.634218988778080695e+00	1.088611129531470212e+00	2.220566620369737176e-01
nan	1.385053923241816198e+00	1.254765702797870475e+00	7.726553544392558148e-01
nan	-8.917140883833941656e-01	1.980715672731312438e-01	2.874002239172898099e-01
nan	1.871184548249898993e-01	1.309928104293748730e+00	-1.226690317233116279e+00
nan	1.233573584366307374e+00	2.612847532900513414e+00	1.502293668742762101e-01
nan	1.903426219506348271e+00	1.265681706760720893e+00	-1.092282279245599508e+00
nan	8.331812847052919579e-01	1.856364306085430682e+00	-1.209314807142252590e+00
nan	4.049377255956349564e-01	-3.631879225352888652e-01	4.219004293874203393e-01
nan	8.811507907715193655e-01	-1.365793643492776877e+00	8.250961750043317444e-01
nan	-1.645607786615258528e+00	-7.574603888359257020e-01	-1.049369363035867142e+00
nan	-1.000522297343859890e+00	-4.037067631591914618e-01	-9.713571467116197677e-01
nan	3.130586711453571258e-01	1.762409146708736607e-01	-5.308559386044793271e-01
nan	-4.237678414786693049e-01	1.565660967131923265e+00	7.158349321655950170e-01
nan	-2.142226321399851585e-01	9.893932088737439345e-01	8.218953165559969021e-01
nan	-4.486178987513813610e-01	4.069652914121799636e-01	-1.860345717413607547e+00
nan	7.268831502385513232e-01	-8.751563687445111928e-01	3.702240529686884329e-01
nan	5.976955346912292688e-01	3.993864729974250238e-02	-1.345643723366172217e+00
nan	-4.515977050850649155e-01	-7.274519818384135306e-01	-2.021332445750552154e+00
nan	-1.594382651431269782e-01	1.191325231475847124e+00	-3.828473030248659148e-01
nan	9.222663812211179257e-01	-1.094325613429653066e-02	5.155816706489640966e-01
nan	-9.432489291952977917e-01	6.718150998506003391e-02	1.801933293941380576e+00
nan	8.973599486610290832e-01	-3.155631686448856499e-01	-1.006816976749073778e+00
nan	-1.267749575942392681e+00	-2.326014856168234335e+00	5.051424817876570827e-01
nan	-8.563616867582863890e-01	8.163888039804492180e-01	3.674856188310539062e-01
nan	1.237088157589585125e+00	-1.711803407675426270e-01	9.235461616066119594e-01
nan	1.312264508511097549e+00	6.550357315093687793e-01	1.257683983606269429e+00
nan	7.348111126978664753e-01	-2.992003277922385962e-01	2.629307486667754823e+00
nan	4.837242698571374011e-01	1.689863771242123835e+00	1.727713377794531935e-01
nan	-4.968269555804927240e-02	-8.647384330810111708e-01	5.494081935027372854e-01
nan	-2.045988755839375450e+00	1.267802066811616557e+00	-8.352793425471002897e-03
nan	-1.119429694895466731e+00	-1.192798065839828725e+00	1.165351708481234816e+00
nan	9.568908669137521361e-02	-9.406627443329274030e-01	-4.263127555929016599e-01
nan	-6.866474052527185012e-01	1.658458012559604899e-02	-4.271912944067426388e-01
nan	9.910110715709761209e-01	-7.968143313923869986e-01	-1.332182385121676027e-01
nan	-8.210143026305551928e-01	-2.300912388912976336e+00	-8.478908029541010194e-02
nan	-2.092249749945678694e+00	-6.298794600126988996e-01	-1.631093656632002231e-01
nan	4.412464927364653233e-01	1.250966323852449769e+00	1.829555958961574191e+00
nan	5.033996041472019733e-01	2.101953467217742677e+00	2.087585588883589693e+00
nan	-1.970881506864561317e-01	1.105231775363571423e+00	7.698135805441550517e-01
nan	4.132008331147197788e-01	-1.639605770677722840e-01	-2.806821811110981058e-01
nan	1.232545097169773562e+00	-1.369773684862388929e+00	-2.439006471905869056e-03
nan	-3.079754900446154409e-01	-1.079301276289383660e+00	-5.655644527398147048e-01
nan	-6.159151505389504067e-01	-8.156044716258108451e-01	4.842759060127775905e-01
nan	1.243103720438885063e+00	8.041033715584172681e-01	-1.029246047023395727e+00
nan	7.709815818928934528e-01	-9.680321554301742903e-01	4.029956283020830754e-01
nan	-1.145614864192536553e+00	-3.547630379078744456e-01	3.791920266684411511e-01
nan	-2.255623082230957976e+00	3.789912622657753416e-01	-4.989026730344717220e-01
nan	-9.216173916985402892e-01	4.908819906758749019e-01	2.058038675265080053e-01
nan	-6.346231486013814704e-01	-6.432620008487157648e-01	-6.503136626791123920e-01
nan	6.761466912349846092e-01	-4.859044229609635890e-01	-1.446986844895403745e+00
nan	1.683136369305410884e+00	7.701638206176952828e-01	-1.486770297220947890e-01
nan	7.745077777447614276e-01	1.636844674250364395e+00	1.488189239283795651e+00
nan	1.688355672825258669e+00	1.004475347689206988e+00	4.710223873543962769e-01
nan	9.273423005188661250e-01	-1.563785311968920233e+00	4.663946802492381360e-01
nan	-1.728902933320440427e+00	1.694915050632573417e+00	3.923439746974275999e-01
nan	4.761971266537393110e-01	-6.763311220914408617e-01	1.847301615980912359e+00
nan	1.742745881854023793e+00	-5.720128168674091240e-01	-5.323914999849903573e-01
nan	-1.865756899142044789e-01	4.209257554856509764e-01	-9.521488256663286354e-01
nan	-1.043085808690323191e+00	-1.460417254465053771e+00	6.485062629883420193e-01
nan	2.670720796103820405e-02	-2.680759891626206537e-01	-8.100724122159039253e-02
nan	1.071944330390181221e+00	-1.491282640294015804e+00	-1.500376459421070452e+00
nan	-4.414241717841258517e-01	-7.376176770611203581e-01	-3.705501998763968130e-01
nan	-7.751355753787787517e-01	1.596927527087432130e+00	-1.028371449146796790e+00
nan	3.943875029678646227e-01	7.137824634457111683e-01	3.439673003369650983e-01
nan	1.068179670241940826e+00	-1.764686901514349593e+00	4.362113928421544329e-01
nan	4.972627832471318565e-02	-1.133119933735315277e+00	-1.562843327813686400e+00
nan	4.025548240073737460e-01	-3.591458188822237996e-01	-2.297279208125548866e-01
nan	-8.710723746120434541e-01	2.745205776106822149e-01	8.184499196335598414e-02
nan	-3.340260854637925325e-01	8.602995353201153828e-02	1.488836843206013949e+00
nan	-1.254290419369212595e+00	1.759943339450496191e+00	8.202389825082274655e-01
nan	1.352654216520893460e+00	8.281652801322844648e-02	-1.911008027769148798e-01
nan	-2.412494290500063254e+00	4.761703769540178710e-01	-1.180159086039140881e+00
nan	-4.905366549944057963e-01	-4.696122597675078669e-02	6.097783740236742966e-01
nan	-6.919521794524696734e-02	1.681501592088471553e-01	6.373857021363824038e-02
nan	1.780278283871897793e-01	7.918889889796012493e-01	2.780791920195160305e-01
nan	9.599632306400278647e-01	1.896028036137417772e+00	-3.886933472201690165e-01
nan	1.033776538327321193e-01	-3.148943179506525913e-01	-1.262207097416728208e-01
nan	9.832233508530636712e-01	3.245618571005711162e-01	3.600220135915260244e-01
nan	1.223090249447150057e+00	3.189615669060252845e-02	-1.735716443382043561e+00
nan	4.780787710427329973e-01	4.003398491731130493e-02	-1.136485649117911390e+00
nan	-2.263346939909390010e-01	8.693445892496620697e-01	1.181335192644906273e+00
nan	1.771279562308349653e-01	7.868920348080689076e-01	1.448143801992830770e+00
nan	6.978739419130489674e-01	3.016826930130133699e-01	6.296778989715489105e-01
nan	8.462492870486475471e-01	1.293534173397952403e+00	-2.357520385283489173e+00
nan	1.312041090911199026e+00	7.006018323465507125e-01	1.082635925528156573e+00
nan	-3.534529866396527442e-01	-4.919686656975221783e-01	1.063077713089942256e+00
nan	-4.016216833992364288e-01	2.347546389687149015e-01	1.103933949987929930e+00
nan	-5.480210604570835420e-01	9.300861712424560723e-01	1.636558851802126791e+00
nan	1.530742670222821289e+00	1.580862135487412834e+00	1.205803070645792729e+00
nan	1.122577351325886319e+00	-1.534935704522751854e-01	-3.305041868323606025e-01
nan	-3.005117569645060493e-01	-3.822883223804309782e-01	-7.855081863728072822e-01
nan	2.090244688903090675e-01	4.446297410678690110e-01	-8.669146274717788314e-01
nan	3.833539820411102639e-02	1.322519204970442397e+00	1.615309277389741283e+00
nan	5.849192952943893520e-02	-7.047209912174083879e-01	1.003865591902658450e+00
nan	1.780983739567388202e+00	2.907334322086835288e-02	4.907179374302266250e-01
nan	-3.866746086315164810e-01	5.969887020643189768e-01	-5.743553130834744280e-01
nan	1.964643043133814659e-01	2.092823059961013421e-01	-8.480706975037959061e-02
nan	-1.324617846855438819e+00	2.448508031744596636e+00	-2.045092640418179064e-01
nan	3.096743625322133098e-01	1.014881057465886416e+00	1.207394014624727729e+00
nan	2.581256795896406331e+00	9.478718606337748209e-01	1.869270653956645045e+00
nan	-6.737841288270212114e-01	3.939658908471554977e-01	2.018019519330268352e+00
nan	-2.235111464076134258e+00	-3.528356891778348103e-01	2.963382214919187407e-01
nan	-7.978723145840781461e-01	-5.536318608808494801e-01	-1.112924845065104140e+00
nan	-4.006468537235305383e-01	1.712519832713818024e-01	-2.350530414806365709e+00
nan	-1.093896121778172859e+00	7.325412292092583488e-01	-6.653006947770290225e-01
nan	9.247902100274518755e-01	6.577358661969097131e-01	-4.772944126184921476e-01
nan	2.531058959261765828e+00	1.082937760958630591e+00	-3.004359629925117958e-01
nan	3.521132700516365066e-01	1.007182830009594188e-01	7.571659409252923245e-01
nan	-1.300653431255149872e+00	1.511670428363395047e+00	2.936007310517111391e-01
nan	1.101463785106179399e-01	-6.355804081876091916e-01	1.286860109850125333e+00
nan	-4.655961340119014746e-01	-5.281678779768839149e-01	1.069999696725809635e+00
nan	-2.787425866707592403e-01	4.669547466797024926e-02	1.604216376062663318e+00
nan	-1.910479921866988562e+00	1.175586838024055059e+00	4.837680448380802800e-01
nan	-1.002466441813626430e+00	8.166168907418733802e-01	6.230923396761436361e-01
nan	-9.617180849383222263e-01	-7.435936651721298807e-01	1.020386897858280850e+00
nan	-7.028078864175507645e-02	1.112695367054392204e+00	1.032085091710511993e+00
nan	-4.809974895083486413e-01	7.057398321766424898e-01	1.548352529919718723e+00
nan	9.362309820948209182e-01	1.667665989741254462e+00	1.572904784725288163e+00
nan	-3.311894646143177523e-01	8.266757356832470371e-01	4.183376695990694838e-01
nan	-1.846025439078401720e-01	1.690049270385668212e+00	-1.104879950194609606e+00
nan	4.047831407009935267e-01	4.274163503054648761e-01	-7.111796946458992519e-01
nan	-8.507366669289501138e-01	-9.456932675100363506e-01	9.213967438598584803e-01
nan	-2.614143382442465913e-01	-1.187434449290569294e+00	9.922182176348259830e-01
nan	-5.372339376836353653e-01	-2.029676835210235897e+00	2.857614378869427485e-01
nan	3.395277705905990207e-01	-1.111260803258677266e+00	2.814230158198088860e-01
nan	-3.040454063093019910e-01	3.281641105502441924e-01	3.452798083053065792e-02
nan	1.625807451575302931e+00	2.134150171225016324e-01	1.279062694325961536e+00
nan	6.829482886536915043e-01	1.534294757722671321e+00	2.126392247490120457e+00
nan	-1.994801355228913442e+00	1.248436402659080180e+00	2.212522577847097160e+00
nan	-8.770173248429277701e-02	-1.608247709432015782e-01	3.233520600397084444e+00
nan	1.999992930721403050e+00	-6.095870436244936741e-01	1.692398560285458764e+00
nan	-3.781509656341088821e-01	-1.789956445509005567e-01	5.253424142379350403e-01
nan	-1.540219377894340269e+00	-8.681253951304997996e-01	8.850024989266080944e-01
nan	-3.992476305895433786e-01	-1.433071850985824236e-01	9.342152640687994003e-01
nan	9.100756543154463474e-01	1.237051743571016882e+00	1.271300824602149548e+00
nan	-6.846806664008807664e-01	3.774819859977393555e-01	-9.358135752922677186e-01
nan	4.844618645654735212e-01	1.011758166089625099e+00	7.420857494780177532e-01
nan	2.125442916863803600e+00	-9.505446273943596314e-01	2.030087331994080646e+00
nan	-6.313581914448762600e-02	-8.310422920569979777e-01	2.516831371817735530e+00
nan	8.469600800619603298e-01	-1.237299248561570808e+00	-6.769737972657644542e-01
nan	1.642429085657511445e+00	-2.582105053424322838e-01	-1.594587835469887249e+00
nan	-6.381078701315479051e-01	1.321464342473972264e+00	-1.121588856240880894e+00
nan	1.183679666737239566e+00	2.700184299049450676e-01	-8.773453608466135201e-01
nan	-1.506922380119683602e+00	1.964925692033888893e+00	1.789717939390366719e-01
nan	1.242581791890457588e+00	-2.945908405052125034e-01	-9.738851334589855302e-01
nan	1.032728566807898929e+00	5.132064184304701016e-01	3.504262717562119378e-01
nan	-3.224807819748624071e-01	4.066133021816629722e-01	-1.440281072017782327e+00
nan	2.246122777535226045e-01	7.037454044332585035e-01	-2.497558673653449635e+00
nan	1.204834449457298506e-01	7.273829462917172917e-01	-1.320370309120695085e+00
nan	-4.730131625269790585e-01	-5.212195515312239014e-01	-1.750564060478573936e+00
nan	-1.490019786647239330e+00	-5.151785527158938560e-01	-1.042693404794153844e-01
nan	3.404322158085637540e-02	-5.986244548870189863e-02	1.383314836323471519e-01
nan	1.321262351948460978e+00	4.851032673197292477e-01	-7.580371970836145001e-01
nan	2.150223781913585874e+00	6.828546798575775290e-01	-3.221174761226808236e-01
nan	3.625321063914144215e-01	2.334892436709228303e+00	4.427397313983482130e-01
nan	8.991125741548189332e-02	1.995854165094168575e+00	-1.514693640543296915e+00
nan	1.053829463562125479e+00	-3.947084020894529033e-01	-1.093587573602075036e+00
nan	9.171564500040104706e-01	1.386316754859621136e+00	-1.489986324088698577e+00
nan	1.759214162826766570e+00	9.957758313268961770e-01	-1.712393495862332138e+00
nan	1.371704880464009069e+00	4.233506512468763194e-01	-1.404795578509490328e+00
nan	-1.449978124790362255e+00	8.375746303305915408e-01	-2.018253972494000181e-01
nan	-2.304236838396525044e+00	-2.190957790433137209e+00	2.634234193901481280e+00
nan	-6.551183223637458974e-01	-1.499841876965174681e+00	-1.588460277186787284e-03
nan	-1.115634375176276505e+00	-6.439331743625494875e-01	-1.119474450718297209e+00
nan	-8.081033298396461673e-01	-1.384458146311509541e+00	-1.453033783881509944e-01
nan	-1.215482058035193269e-01	5.727717808079220152e-01	7.303764676998130145e-01
nan	-1.179404189572809125e+00	-1.207368294266966680e-01	1.474224256613082540e+00
nan	-1.037371404380977857e+00	-3.501189327790784067e-01	2.118204581985494717e-01
nan	7.737744210061832106e-01	4.855346949065428852e-01	-8.299223859000622039e-03
nan	1.586889865366161168e+00	3.223230000268070272e-01	2.318727836844279855e-01
nan	1.168864511675830054e+00	-4.773102657700190043e-02	-3.030398448242345166e-01
nan	7.207163731851786714e-01	1.018224486400403306e+00	-1.584922131056331895e-01
nan	-1.108445213167061905e-01	3.874829449385435165e-01	5.794260489696281824e-02
nan	-1.042957376135133174e+00	9.244389396874941323e-01	9.825213323021587675e-01
nan	-9.467669272652670109e-01	-1.018478374333493530e+00	-1.917347799898086347e+00
nan	6.729268950553368711e-02	-1.706972921434283919e+00	-1.030402190840243870e-01
nan	-7.985399356349537348e-01	6.387417269621200600e-01	-2.415357908330994174e+00
nan	-1.168435446385370113e+00	5.268001560303718911e-01	-1.200392649176151405e+00
nan	-7.907657128527263435e-01	-9.438901119873985834e-01	-4.632884180566811394e-01
nan	6.376723649169744323e-01	-9.157182720443817203e-01	-1.324086096419318404e+00
nan	1.989958329536618775e+00	-5.515755227338465794e-01	-1.092838743062233053e+00
nan	1.317594016464386453e+00	8.846551299704261684e-01	-1.675353889028728727e+00
nan	1.867282883369115076e+00	3.641859993338892876e-01	6.472400388045093655e-02
nan	-3.747333941919235301e-01	3.693003478863448596e-01	1.671702671782024474e+00
nan	5.473301526982290444e-01	2.047966225753977909e+00	1.502189180383012079e+00
nan	6.504352981453676019e-02	2.471672616792190524e+00	1.680565635026690430e+00
nan	-1.809708408887028552e+00	2.460375342027846468e+00	2.385671583439801680e+00
nan	-2.610929872012769382e-01	9.844269881533080913e-01	3.792005281548311846e-01
nan	-1.823906859896774479e+00	3.185689519419673821e-01	1.326261463574712973e+00
nan	3.814828792908622201e-01	1.306005021869954597e+00	6.803489675150395932e-01
nan	-6.907249104722384958e-01	1.726027986242453682e+00	1.276129275196041579e+00
nan	4.913879935202536409e-03	-2.662658384315297333e-02	1.017002506222235425e-01
nan	-5.081855807006392389e-01	1.244046165248441138e+00	3.128774717178771869e+00
nan	-6.492193954627105690e-01	1.305475285559644982e+00	2.034390694591221571e+00
nan	-8.238428372381785270e-01	5.445009509559344263e-01	9.108915089793090392e-01
nan	2.722448826490054263e-01	1.452572182347381169e+00	2.375092865944190557e-01
nan	6.441593460686309003e-01	8.947609233695236197e-01	-1.181089576889484682e+00
nan	-8.167001513243848931e-02	8.971837797371955414e-01	-2.129565114299087902e+00
nan	9.586092847618357116e-01	9.241182591705208171e-01	-7.707474380539915959e-01
nan	1.780114503058964681e+00	1.626113102017648360e-01	1.978835763686957350e+00
nan	8.946964060002318142e-01	8.280310878019297993e-01	9.322724182463878462e-01
nan	5.157110424695109385e-01	-2.614410064295175085e-01	-1.765135077486407411e+00
nan	1.180480347784730100e+00	-4.739322986075852340e-01	-1.467923713756529747e+00
nan	3.702158723485489134e-01	-9.272218347845397890e-01	4.212426397003311562e-01
nan	-1.068267054481240708e+00	-4.470962772924503836e-01	-6.139931181472726984e-02
nan	-4.191782164100437136e-01	-9.554612435679588067e-01	9.102816425326425431e-01
nan	-5.739250242613563868e-02	-3.987635611139789260e-02	-4.836212539932487342e-01
nan	3.209266701346296657e-01	1.967309659220729978e+00	-7.394234606983649538e-01
nan	4.380805383898033201e-01	3.450693100465690999e-01	1.834621776822359385e-02
nan	-6.597914152640563246e-02	-4.745660323231031263e-01	-1.888637367440828330e+00
nan	-1.224301796860457925e+00	-3.345090598930040571e-01	-3.343837867252060780e-01
nan	-5.022887343419195627e-01	-8.735402797883151660e-01	-5.295607208405890276e-01
nan	9.224078789598622041e-02	-1.473998852793497516e+00	-1.142514383312590587e+00
nan	1.939399438411580356e-01	-6.878460813478926017e-01	-1.311792452057102043e+00
nan	2.155943935249259091e+00	3.073130039253181844e-01	-1.628695275734703518e+00
nan	2.557941343491465513e-02	1.270663842384782471e+00	-2.198965577236347446e+00
nan	2.471954912234949564e+00	1.127665965722591146e+00	-1.436625998785956426e-02
nan	8.537951621278754288e-01	1.656915460569550635e+00	2.444035433102644816e+00
nan	6.979855315959603290e-01	9.534239550921113082e-01	6.175754598960249142e-01
nan	6.748904796753478763e-01	1.046980105007046191e+00	9.633132256028821283e-01
nan	-3.135889357890750961e-01	1.261420608671834920e+00	7.948061327503864737e-01
nan	9.877542562892787092e-01	1.293994367392353073e+00	-3.207736299113781442e-01
nan	1.594664639254582905e+00	1.327394657629975772e+00	-2.646391793438982010e+00
nan	4.088088390860307619e+00	4.092111754796003975e-01	-4.903673665472774723e-01
nan	2.453669478633481393e+00	1.459585501886955239e+00	-6.240867695944285476e-01
nan	2.007111634421860913e+00	1.980438793722952173e+00	1.853652202957829953e+00
nan	1.709581414317973724e+00	1.706472110638184159e+00	1.406059653798849451e+00
nan	7.903430005688658611e-01	5.364211853778666494e-03	6.516868155894326442e-01
nan	2.501190498263149431e-01	7.644925420658778004e-01	2.347583724202263744e-01
nan	1.277067825761116548e+00	-9.349107614377938358e-02	2.167127084538672532e-02
nan	2.208522839251940262e+00	-2.164477037655199609e+00	-1.373316697984641843e+00
nan	2.121769556841964111e+00	-3.934342605844618479e-01	-1.122876571312134919e+00
nan	1.139766321229878754e+00	-1.196491489343795678e+00	5.739360306751342122e-01
nan	1.988342165999458511e-01	-5.847195900911228428e-01	-7.972790767984444527e-01
nan	7.699774669619778855e-01	-1.226454980639628989e+00	-6.291317938993494785e-01
nan	-1.072546027070975239e+00	-1.209689308216715942e-03	-2.979462444207491845e-01
nan	-5.305116301689052349e-01	-1.860004155712861873e-01	-1.167106262069187883e+00
nan	-9.025764281502794972e-01	-6.977946930638525558e-01	1.760915653948744719e-01
nan	-9.938296906717554169e-01	-1.682957148486778243e+00	3.474834073071157992e-01
nan	-1.422924096007564199e+00	-9.385403687889526392e-02	-1.283376320581971042e+00
nan	5.645503004422280924e-02	-4.024524174104241458e-01	-9.787640758079343417e-01
nan	1.300838625981578511e-01	-1.564675990784391901e+00	-2.314192522131552909e-02
nan	7.436337669515069582e-03	-1.163665554359445409e+00	-1.684977102803493665e+00
nan	-1.017300629917413657e+00	-8.729914215787835108e-01	1.706388906376932191e-02
nan	-2.661308502862588021e+00	-9.600298324290013063e-02	-4.922077246118804483e-01
nan	-2.239835221516517372e-02	-2.090312107870453406e+00	2.700099918039209346e-01
nan	-1.919355992708259517e+00	2.595463430449139741e-01	2.620102179767218598e-01
nan	-6.304615525602241810e-02	1.843533954361239013e+00	1.187635617100164076e+00
nan	-8.218187119541243701e-01	1.119722936075953301e+00	-7.003272558165057893e-01
nan	-1.110015907718137074e-01	-1.098848657321327638e+00	-1.184611529765295712e+00
nan	-4.507345687209478591e-01	-2.295733067602073518e+00	-1.284983511550589208e-01
nan	-2.264178754687264039e+00	-5.023638384421713621e-01	9.512900477987755732e-01
nan	-6.392170456649890475e-01	-3.753613372688886507e-01	9.170725045950530729e-01
nan	1.092227165257509292e+00	-6.762530108549124064e-01	-2.452208888203580184e+00
nan	-2.569298422805691429e-01	6.037931829610995726e-02	-1.770540315744880910e+00
nan	-3.360754692056240889e-01	-6.939167426152780260e-01	-1.715569414032513951e-01
nan	-1.280858251726980868e+00	-1.381007461834774297e+00	-1.276459681766923593e+00
nan	2.034473967339665013e-01	-1.183864009951334673e+00	-1.486780487452692423e+00
nan	-4.249305397157016051e-01	-2.180898924600101374e+00	-3.619595559487729375e-01
nan	-8.587318813323998601e-01	-4.497666479492855585e-01	-1.117845738874831074e+00
nan	-3.348174786994718488e+00	-7.461938845763198547e-01	1.284777000054763141e-01
nan	-1.651785422055442654e+00	-1.124933192267537407e+00	4.755437268529777439e-02
nan	-1.108458152445052303e+00	-1.763151114265957720e+00	1.857622406043970997e+00
nan	-1.196362953257376738e+00	-7.403988373426806380e-02	1.071517334573268476e+00
nan	1.644936529831890315e+00	-1.957113801672583531e+00	7.919666174706607720e-01
nan	-5.744716218552381459e-01	-1.311685133599450048e-01	-2.949922904379643218e-01
nan	-1.714336602029659096e+00	-2.619432171595923009e+00	5.464830631457384680e-02
nan	-3.279375143524405622e+00	-2.126956889592358735e+00	-2.347412419939941541e-01
nan	-2.267645054854258380e+00	-2.267100622306674751e+00	-1.648081537884956704e+00
nan	-2.063938511579725077e+00	-3.182728513711109652e+00	4.552819277679598375e-01
nan	2.298944002632059558e-01	-1.448526549707025213e+00	-1.030065014525730849e+00
nan	-1.524257416280207833e+00	-2.398327338514880225e+00	-4.190376515307233096e-01
nan	-7.258705541445715781e-01	-2.614842708839309360e+00	-1.841363595536548381e+00
nan	-1.201267723587054137e+00	-9.796477186081803401e-01	-7.566666899367321397e-01
nan	1.073423790124052868e+00	-2.137001044810180606e+00	1.445898920269190757e+00
nan	3.169930168872487908e-01	1.469922929370305775e+00	-4.169852032781951046e-01
nan	-2.255258975289242684e-01	3.483780993885216004e-01	1.692762217621307297e+00
nan	1.176943522248610874e+00	8.696680487510251023e-01	1.254640788108522642e+00
nan	-7.495521573821728456e-02	9.772849583423584008e-01	1.491169005988439711e+00
nan	1.510111947838898239e+00	1.791161801099319995e+00	1.348776006310735465e+00
nan	5.303644938367987338e-01	-1.743161815430250616e+00	6.778295826912730249e-01
nan	9.834704605445317993e-01	1.432523139609464646e+00	-2.573177790270243737e+00
nan	1.091955249505823788e+00	1.211419977092028644e+00	-7.822905037262888328e-01
nan	1.866551965563896687e+00	2.311843353896617437e+00	3.743695543438886331e-01
nan	2.819687288272427317e+00	7.446264858904050321e-02	6.755024068267823090e-02
nan	1.008966316823842302e+00	7.712256570973829994e-01	5.414702854376898244e-01
nan	1.883867063153744081e-01	-5.153766620916393482e-01	1.580336527376907663e-01
nan	7.635398544635044749e-01	-5.259955714789239511e-01	-2.062534681147350835e+00
nan	8.274528498070712335e-01	-9.032282019992262656e-01	-1.381287635161121408e-01
nan	2.554759560463111812e-01	-2.026243712849670475e-01	8.009276530209819001e-02
nan	1.563806406464428034e-01	3.166527728538779396e-01	1.887542702485136836e-01
nan	-5.159115526446839128e-01	2.284292908187118831e-02	-1.098220096417471314e+00
nan	-3.519555953767785628e-01	-2.539660811601315848e-01	-1.592965871829062685e+00
nan	3.029570067605453776e-01	7.389289755996508724e-03	-4.668427102118744010e-01
nan	-4.957357658140313372e-01	8.224220212654674844e-01	-1.210059978887675136e+00
nan	-1.032249618900477728e+00	3.958524849371641285e-01	-1.922261021415592186e-01
nan	-3.726596237663083455e-01	-1.801597054051882418e+00	3.853979337040413511e-01
nan	-7.615973422433113260e-01	-1.501188950572882819e+00	3.644406598174865231e-01
nan	-8.398224108294611856e-01	-2.043153826057383160e+00	1.301806766412465732e+00
nan	-4.334321811228041832e-01	6.407327200786003818e-01	5.169684095063544760e-01
nan	1.021810777795992831e+00	-1.281690556211815046e+00	8.996962234307993578e-01
nan	1.167857351585994019e+00	-4.511299900999670154e-01	7.023411152974434746e-02
nan	-5.716677658416489116e-01	1.807307510202180501e+00	9.158232025753205718e-01
nan	-5.634713462219020919e-01	1.279986504488308530e-01	1.259332879875477484e+00
nan	-8.263493018052896488e-01	7.721018641581776087e-01	1.604256637445943490e+00
nan	7.256155372530863623e-01	3.676848407350379877e-01	3.312674524940839582e-01
nan	9.036807324987994328e-02	-1.732286184339381641e-01	-1.039458280132936174e+00
nan	3.697369666802845511e-01	8.530127022119843305e-01	-7.557940748033014078e-01
nan	-6.992913733128087728e-01	1.193460481569899034e+00	-3.547974120314608681e-01
nan	1.014078282527807406e+00	2.605124057056735776e-01	7.790053970431722874e-01
nan	1.029542009288164639e+00	1.272552945744230390e+00	1.524204357412347832e+00
nan	-1.695443832116984684e+00	9.260618897576869957e-01	1.444825802198435705e+00
nan	-1.915250753799499384e+00	1.406860548587292925e+00	1.905499638322148526e+00
nan	4.499304247873068263e-01	-1.626456341324786781e-01	9.523627759014539063e-01
nan	-9.289355422173036780e-01	4.845505633157619341e-02	-9.129767639031094451e-02
nan	-1.607115284073665773e+00	2.679668655146940637e-01	2.416976388804828735e-01
nan	1.671905250246348840e-01	2.166083037321127613e-01	-1.869501003275016449e-01
nan	3.021225633135899424e-01	-8.215827824831158088e-02	-6.530423623067050931e-01
nan	4.870303910241763345e-01	-3.677649153549254479e-01	1.417248917753951287e-01
nan	-1.012320702909904835e+00	-1.690144622170724475e-01	4.650592428831609726e-01
nan	1.123253146901382227e+00	-1.441849667995730222e+00	1.103265494772976307e+00
nan	1.056744222190650451e+00	4.377493935177738660e-01	1.216546264990749693e+00
nan	-8.405006710294762318e-01	-1.019102842072116544e-01	7.134505398647462693e-01
nan	1.134155650945065874e+00	-1.602321436315619740e+00	-3.798363428565987299e-03
nan	1.467928893159964610e-01	-2.715177151103595143e+00	7.147958780067409368e-03
nan	-1.508293741941135968e+00	-1.716690240766794773e+00	-3.326457102577040637e+00
nan	-3.723251041115889226e-01	-1.387290520920178682e+00	-2.308849744890840494e+00
nan	-1.361520059869543164e+00	2.045435791829581795e+00	-2.324833343067670199e+00
nan	2.161282138680967191e-02	-1.071489264054523938e+00	2.117979511186279806e-01
nan	5.050495913962556038e-01	-1.249386477681625696e+00	-1.659545194148372094e+00
nan	-2.056552724176385905e+00	6.876015914084002700e-01	-2.863247455382950779e+00
nan	1.206607273436022698e+00	1.862455636822165417e+00	-9.285598276742719204e-01
nan	8.475712173928106052e-01	4.317125240140111120e-01	1.081038331528967056e-01
nan	-5.079568474195278460e-02	6.019896602439782640e-01	-2.083350537320497742e-01
nan	4.661592142967397323e-01	-6.534471886729034118e-01	1.161004878325603284e+00
nan	-2.570937054515383124e+00	-7.516030777267699303e-01	-1.352519867563190203e+00
nan	-1.611758081693262623e+00	-3.107398126387480586e-01	7.694541547702306028e-01
nan	6.319769512774056075e-01	-4.308521160816666251e-01	1.645322649292188411e+00
nan	9.337329927464190771e-01	1.119376602456741754e+00	1.912182000262317105e+00
nan	4.909866357308476092e-01	2.055596965001952880e-01	4.854288056399621021e-01
nan	3.446413136803760935e-01	7.640247770426150664e-01	6.127719779418290269e-01
nan	-2.524375041071481029e-01	-5.240621940131384715e-01	-2.581514429938819299e-01
nan	-1.468182958626210455e-01	-3.216820808747072213e+00	2.815219954584243234e-01
nan	-1.446831049317636619e+00	-6.539399505171670235e-01	4.814861308418385555e-01
nan	6.097725214400681049e-01	-2.529852827848066421e-01	5.647476022952888780e-02
nan	-2.118327160247702956e+00	2.237200060045475558e-01	-7.813752145568848839e-03
nan	-1.780642572462477702e+00	-1.102232673682426167e+00	-4.726605703823517080e-01
nan	-1.969956163797226267e+00	-1.019767275312215560e+00	-1.696428023808657093e-01
nan	-1.858921157728928630e+00	-1.287570362703393645e+00	1.588485343120518145e-01
nan	8.057463558679321958e-01	-2.783363910808914765e-01	-6.582912654492094617e-01
nan	-1.437932345656043609e-01	1.351748061840363668e+00	-1.339851310182778477e+00
nan	7.100545916292780868e-01	-1.766115215464146293e-01	6.520689036399991423e-01
nan	1.883101551726855394e-01	-3.986186163202942723e-01	-7.397333257681878993e-02
nan	-1.994183016423101140e-01	8.658729964453919514e-01	1.222618668885331328e+00
nan	8.568396839745944238e-01	1.806785644692827209e+00	-5.062689028339940611e-01
nan	4.870439730185434635e-01	7.779684867482005162e-01	1.012312950903193065e-01
nan	3.691016128084264603e-01	1.079657458955515237e+00	1.067928742841165901e+00
nan	1.755072969423640661e+00	8.046348854996513422e-01	1.522869965265811754e+00
nan	-6.479419088014071182e-02	2.389804032185129934e-01	3.722578243714006474e-01
nan	1.386550689029406036e-01	-8.817543194406877172e-01	-3.031623901351024331e-01
nan	-5.345913527352084138e-01	-5.171462145482990103e-01	-9.963334119477202933e-01
nan	6.449000828492017501e-01	3.837520219654274034e-01	3.441019807614442705e-01
nan	3.461761257540848513e-01	3.246730328467197779e-01	4.574440064720415311e-01
nan	4.794152435878495933e-01	-4.594807967441458807e-01	1.326743585143827175e+00
nan	5.218605597932032131e-02	-7.718982667438043510e-01	6.416331537395192353e-01
nan	-2.839781551519943159e-02	5.737799313126957790e-01	-1.215076549147727780e+00
nan	-1.134821717925091900e+00	5.803368639321748734e-01	-3.081644044023711393e-01
nan	-1.516796613461784404e-01	-2.843927586476726610e-01	-9.233821480346217081e-01
nan	-3.555848290421571856e-02	-1.623717676176357649e+00	-2.287886020835609546e+00
nan	-3.277607799177151837e-01	5.725002034473292145e-03	-1.379063033277285966e+00
nan	7.101964436783120282e-01	-1.667482010601659237e+00	-3.830749307096510958e-01
nan	1.660165812088369330e+00	-7.460954712408889300e-01	-1.420135547678115784e-01
nan	-1.042582201533084896e-01	-1.111150447224125593e+00	3.268430453906278621e-01
nan	-1.776671723629442257e+00	5.999232508197795966e-01	7.178470025776187979e-01
nan	-2.082073411617696213e+00	4.289817038295957174e-01	-1.779250823582912311e+00
nan	-1.346574025179833267e+00	2.655600912148893933e+00	-1.773663334506037303e+00
nan	-3.629322880434785459e-01	-1.533468268819976110e+00	-8.760494246990366829e-01
nan	-7.498420330539226075e-01	-1.697128855091173616e+00	-8.442187693399635373e-01
nan	-2.367120909468706236e-01	-1.527756665878033271e+00	-1.745769604374322048e-01
nan	-2.995497170181407043e+00	6.133853747585307215e-01	-2.228041669471831021e+00
nan	3.255939466632641333e-01	-9.820498832012375390e-01	-8.118505177820110053e-01
nan	-1.605041584510074282e+00	-1.418391264802075780e+00	-1.138714000155893524e+00
nan	-6.355434219505992077e-01	-1.440063715507150510e+00	-3.405553282711667462e-01
nan	1.817430954954415423e-01	-1.634507903352283797e+00	-1.403634070905641185e+00
nan	-1.874178086331279580e-02	1.139025078938149083e+00	-1.103302061862149186e+00
nan	-3.541532024933957690e-03	2.805612435030235385e+00	4.663771306690469021e-01
nan	-4.070772140325821242e-01	6.974243744661418054e-01	-1.092949713336740514e-01
nan	-4.510048010277916686e-01	1.176368894632170703e-01	-1.415542864882123109e+00
nan	2.220457325930896841e-01	-5.511879774515242303e-02	6.927755789886685944e-01
nan	-1.807777935438506789e-01	4.659385745170959714e-01	1.452943136677336433e+00
nan	2.819331719007998061e-01	6.068922371850818953e-01	2.629532004869845174e+00
nan	1.154488284646300045e+00	-1.465023576444097753e+00	2.121807929505751478e+00
nan	-9.742226464369310723e-02	5.064016574547777205e-01	5.251475019699411440e-02
nan	-1.139262344680939343e+00	8.504725950636348175e-01	6.659343288469072863e-01
nan	1.232779658964677116e+00	-9.361936373624082930e-02	5.081523845942308437e-01
nan	-4.743287580639106715e-01	7.105641432451331729e-01	1.369613320527338862e+00
nan	-4.214600138453085398e-02	6.805930148186604134e-01	-4.290754806146662714e-01
nan	-3.062392802388297364e-01	-2.137386681035410296e-01	8.966512716524519533e-01
nan	1.714925918438396368e-01	-8.262117670094173416e-01	-8.058073286486568954e-01
nan	-1.664057744945175443e+00	-3.138229830956776878e-01	1.131644324610343588e-01
nan	-1.175238892726180318e+00	-7.287004963066221475e-01	-7.839495914789579301e-01
nan	-1.657246322966929419e+00	7.643124886522064676e-01	-1.604675469372175423e+00
nan	-7.348148491563676332e-01	1.645453736425496860e+00	-1.265145551425377768e+00
nan	5.141485054852436010e-01	-7.926233345190025759e-02	-1.005266538457530112e+00
nan	1.397573346880044420e+00	6.657052302104322639e-01	-9.637932989461408528e-01
nan	6.892218335194917334e-01	-1.977609858017514988e-02	-3.228280598796172407e-02
nan	7.155382050532357319e-01	-4.934542912758584920e-01	4.371056414666133483e-01
nan	-3.314003881155945241e-01	-6.303382810577180528e-01	1.520439118020820102e+00
nan	-9.104574087052056397e-01	1.925741148137424807e-01	-1.120495905872262443e-01
nan	2.615278858526172145e-01	-5.214096261154141376e-02	3.924597558311534451e-01
nan	1.149239363877482933e+00	8.017555561836919864e-01	-1.935824691850172030e+00
nan	2.906640907751356639e-01	-7.527933276642044813e-01	-1.928227840454548037e-01
nan	-8.974189690332694536e-01	-1.699815060497739672e-01	4.329801057068083381e-02
nan	-4.712072567158686054e-01	-1.829601511173449380e+00	1.347993247734811773e+00
nan	9.331319625750145175e-02	-3.806075705177128787e-01	-5.565289312110913711e-01
nan	-5.577784908016477639e-01	2.193334842921217664e-01	-4.296313101672474821e-02
nan	-5.686980264334337010e-01	-2.305858642283793003e+00	8.548443796407332318e-01
nan	-1.036002171782731018e+00	-1.810377557472659493e+00	8.451900213243013216e-01
nan	-1.102208261950495594e+00	-1.202282424330508803e+00	1.154924113063482416e+00
nan	-6.137346327495171172e-01	8.264909756009186648e-01	-6.102439582134731033e-01
nan	-3.911882841291330903e-02	3.710667441458339599e-01	9.629648374353230178e-01
nan	-8.502825950042722791e-01	-1.696451454433020034e-01	8.618464647680952329e-01
nan	7.229523946712739235e-01	-1.279917714004652485e-02	3.337268538779045168e-01
nan	-9.191264389165959559e-01	1.796353211162428076e-01	1.028884687936332698e+00
nan	-2.352389831023808386e-01	-2.472298689481741807e+00	-1.085187931508256654e+00
nan	-1.397570611953528719e+00	1.510090225426209409e-01	-8.535085865762357393e-01
nan	-2.265976943778171271e-01	-1.364399567590403706e+00	-1.249108650505475149e+00
nan	1.360736412696625042e+00	-7.076242364399291107e-01	-1.960479079557212678e+00
nan	-8.168477253417580908e-01	-1.662224163249813147e+00	4.148925560685640113e-01
nan	-1.022903005971294910e+00	-3.015960447365703123e-01	-1.581299807135529090e+00
nan	-1.241895793255545888e+00	2.378905844285723048e-01	-1.513586477797793872e+00
nan	3.139404515017170105e-01	-1.092452564026745732e+00	-9.451769848140991748e-01
nan	4.032692222211545219e-02	-1.109890962206196541e+00	4.917918630357814846e-01
nan	-9.609013298277426784e-01	8.005605412958858302e-01	8.365750146843000667e-01
nan	2.538595594523844756e-01	1.036927594346531256e+00	-4.197598489429270607e-01
nan	1.440685853067482425e+00	7.939652838556162662e-01	-9.798106761604439274e-01
nan	5.444349330023202649e-01	2.323880981892285646e+00	-7.397177586868490806e-01
nan	6.359052460963813269e-01	-1.551799078036633084e-01	8.411995194258340414e-01
nan	-4.879638841175015784e-01	2.356609860246636323e+00	7.259242869862463365e-01
nan	1.140215348789018535e+00	-2.695888239141419618e-02	9.132435815762058873e-01
nan	1.166802925735966667e+00	9.265039737657490559e-02	2.163729826630275133e-01
nan	3.163912363612257916e-01	2.363066915526232936e-01	-1.889089841421338400e+00
nan	-3.222872752291200960e-01	-1.195027092643641931e+00	-9.367741161219811374e-01
nan	-1.626995817859984372e+00	2.615275603251259740e-01	-3.367630705838214333e-01
nan	3.366291874472350232e-01	-3.011791447307909930e-01	-1.930256094567681796e-02
nan	2.859051476934025837e-01	1.946288434534801937e-01	3.724557258541011939e-01
nan	-2.649435808579672647e-01	7.197425907979529969e-01	-4.511631240073880056e-01
nan	7.930314245171672660e-02	-1.235766426417115982e+00	1.508581132924298185e-01
nan	3.199604938710876034e-02	-3.440817678764095389e-01	-1.805802118011779367e+00
nan	2.074972474474281459e-01	1.383548971573633102e+00	-2.274190798915078915e+00
nan	7.767764910521678390e-01	1.204887159971250732e+00	-1.245720872067386686e+00
nan	-6.826455247487488442e-01	9.081162129928939120e-01	-1.458984111369877823e+00
nan	2.040487354534755993e-01	1.688885854814549781e+00	6.766576561681910684e-01
nan	-5.993641454173707084e-01	-9.335840405834638922e-02	-4.378625198815508934e-01
nan	-1.373254937402798914e+00	-8.245925167700507430e-01	8.028110315942201813e-01
nan	-1.912967163510471025e+00	-1.117632890526996103e-01	5.444555147805935080e-01
nan	3.566850528569842638e-02	-8.748666111942959844e-01	-3.478460220430801275e-03
nan	1.205470704853779162e+00	-8.998060431570011897e-01	2.842681417134465871e+00
nan	-1.370765008689660114e+00	1.741797745372678508e-01	1.820234225490719338e+00
nan	-1.712769061780610835e+00	5.536821279634320803e-01	4.874079592780181103e-01
nan	-2.623881604035109838e-01	7.053714049337289627e-01	-1.263770040933023697e+00
nan	4.850441700421334046e-01	1.458151878836509319e+00	-2.065344640413663058e+00
nan	-8.520264133258382833e-01	1.008404054570304353e-01	-1.437887173793695350e+00
nan	1.273020285266993068e-02	1.670227145185172013e+00	-5.288948385438400068e-01
nan	1.874620651507182378e+00	-4.303942704569108102e-02	-1.607472084268564583e+00
nan	9.261283177127406230e-01	4.460575787302938355e-01	-1.587395748980207522e+00
nan	-1.021041989446341280e-01	2.181606387527522450e+00	1.983399071448864737e-01
nan	2.889378417292570722e-01	7.272076423463935679e-02	7.972153953335175958e-01
nan	-5.655467381878607203e-01	-5.315647973400526860e-01	-1.807062181087027319e+00
nan	-2.164937555488832266e-01	-3.632736748033057461e-01	-1.705005617838082133e+00
nan	-6.661058894676936681e-01	1.350209234526931756e-01	-1.569230175420381013e+00
nan	3.288307346477306048e-01	-2.804799016351146590e-01	3.005541978307305628e-01
nan	-6.700429630241202528e-01	2.847981905590415419e-01	6.292382596206251844e-01
nan	1.232895699648146881e-02	-1.855376579051599695e-01	1.272545618010002766e+00
nan	8.340734738757769051e-01	-5.250621723560323639e-01	8.258225237464553725e-01
nan	1.831112869561920542e-01	-1.054216675785738522e+00	4.065682884995020646e-02
nan	1.650511958225212572e+00	-2.049690336285529213e+00	-9.216549964227296332e-01
nan	-1.054688147721021263e+00	4.551257791873524750e-01	8.842721447459755968e-02
nan	-4.415766526238601442e-01	-9.523638849475026813e-01	1.627457394077854280e+00
nan	-1.629012183954337445e+00	-2.658021970021832381e+00	3.598470819934049825e-01
nan	-4.848282535798944526e-01	-2.432357189829413624e+00	-2.293610234454658947e+00
nan	-2.220681057105633904e+00	-6.507458139948231191e-01	-6.492794576962355180e-01
nan	-4.991019738317766796e-01	-2.288925362908061256e+00	-1.814033413144492846e+00
nan	-1.036845184020276811e+00	-2.357576861360825227e+00	-3.066705555243367520e+00
nan	-1.014099164653138763e+00	-1.997385707336248206e+00	-1.879260140410742963e+00
nan	5.718975345531375210e-01	-1.013544005954036598e+00	-3.271968274866415172e+00
nan	-3.592381016007796801e-01	-5.249728769672513673e-01	-2.823499726549308253e+00
nan	-1.456370290828282954e+00	-9.374790985773204799e-01	-1.271108761684952349e+00
nan	-4.738667393819869789e-01	-3.840295023020556253e-01	-9.445263730470728758e-01
nan	-4.278815311005457755e-01	-1.353089474226971234e+00	-3.935955890165916959e-01
nan	-2.106354515518857329e-01	4.222359131751388661e-01	-1.840146180785091623e+00
nan	2.288119991147159471e-01	7.979544208088215629e-02	-1.264640111654139698e+00
nan	2.024312536946681451e+00	-1.118845281355942634e+00	7.043438944750229913e-02
nan	-2.313003149651939316e-01	2.100801830445469420e+00	-1.083537760742987466e-01
nan	-1.084551230733668215e+00	9.193654456538657982e-01	1.167782101132525341e+00
nan	1.404999106342386117e+00	-3.420629614794667983e-01	1.290577896654765633e+00
nan	-2.025082724148412616e-01	2.649909810321030013e-01	1.139086245708440803e-01
nan	4.722530071827439890e-01	-4.716431433084745106e-01	9.037390529747181267e-01
nan	-1.482269784750903430e+00	-9.940538540133175838e-01	-1.135474580670045475e+00
nan	-1.128539054075658576e+00	-7.831221046163603372e-01	-1.023341751837781866e+00
nan	-1.171458849095164512e+00	-5.354615985665780453e-01	3.261642793866511569e-01
nan	-2.747839618615897983e+00	2.603266838868110611e+00	-2.740182226841670343e-01
nan	7.992010551400680063e-01	1.127904398473643877e+00	1.619185709019907549e+00
nan	1.275861988237297240e+00	2.198367382645652901e-01	1.399676520263080759e+00
nan	3.779866136697708212e-01	4.681728320019886702e-01	1.402152324510802295e+00
nan	6.023440290743879988e-01	1.489032446271642662e+00	2.361563778685167314e-01
nan	-9.792240291120141160e-01	2.457573974914269987e-01	1.252951951238997941e+00
nan	-1.524371142866725704e+00	-1.570593712042141155e+00	-2.160521857336326068e-01
nan	-2.949296150350322332e+00	-2.665065145130717239e-01	1.102996030963077079e+00
nan	2.522650163047912564e-01	-1.058320341503694806e+00	-7.554900208396857497e-01
nan	-1.347190743481462949e+00	1.572881922151606049e-01	-1.344493705309235176e+00
nan	-4.205409580822441207e-01	-6.154972215198084573e-01	-7.142360905324058873e-01
nan	-8.214602333021518987e-01	2.746289005031787855e-02	1.514773248289812857e+00
nan	9.002227977075871745e-01	-9.127462264720691554e-01	4.590903009330810081e-02
nan	-8.121227163020641182e-01	2.589770800725290645e+00	-1.287100080654170364e+00
nan	-6.186877603346466747e-01	-2.125643808908538990e+00	3.942537739407264707e-01
nan	-6.577932305866585061e-02	-2.021830796568006683e+00	-6.529462747003240697e-01
nan	1.264456276446843663e+00	-1.424434284160054354e+00	-2.126226822521075199e+00
nan	-1.653489455691240229e-01	1.601184349443304789e-01	-1.948334261529539146e+00
nan	-6.349906451450818556e-01	-4.434836234485581979e-02	-2.308007935136317523e-01
nan	-5.493378256153628181e-01	-1.127836504813614082e+00	-9.579245812629080259e-01
nan	-3.961751218765191540e-02	-2.951770014367764094e+00	-1.530976631680826205e+00
nan	-1.835196423904434937e+00	-7.628267079556833030e-01	-7.869886432660092579e-01
nan	-1.206215595135815555e+00	1.145281457095161937e+00	-1.038155882517597162e+00
nan	1.223280269259085395e+00	1.964010308299649066e-01	-8.408462371695892834e-01
nan	1.730858648284677725e-01	-7.734607887082525224e-01	2.686008465303418857e-01
nan	5.066373971780880892e-01	1.433313978974293246e+00	4.979355847375225297e-01
nan	-9.792387039347522082e-01	9.921042202585403924e-01	1.675247652000593002e+00
nan	-1.454604922206484963e+00	2.640965503566236050e-01	2.062537740932270935e+00
nan	-3.103384605600677526e-01	1.118270604555178682e+00	4.767290471379889150e-01
nan	-2.792392299728244098e-01	3.660530277338917005e-01	1.094763468537527817e+00
nan	-5.170081065835671064e-01	-8.939810127191032407e-01	7.235929550513572339e-01
nan	-7.714432948709198934e-02	-1.475763793531682078e+00	8.050154795493529303e-01
nan	-1.113338025419686961e+00	-1.698702247037009005e+00	6.998750478360880045e-01
nan	-1.457087235156121929e+00	-1.332275216010394558e+00	-4.516750922581662664e-01
nan	-6.783378189497297761e-01	1.487346228404620385e+00	2.319129424395152128e+00
nan	3.763089368541304713e-01	6.584066146660443319e-01	6.959591724829853332e-01
nan	2.334007699918480228e+00	1.523096046525259650e+00	-1.947172052024720657e+00
nan	2.296817507585672935e+00	3.131267903147439746e+00	-9.413980650840245712e-01
