nan	8.173800203194104830e-01	5.467796506716333244e-02	-6.897263003816612725e-01
nan	-1.570785224538641556e+00	-1.313378007166365213e+00	9.329090797427492809e-01
nan	1.726569293242856240e+00	-2.032985596175783449e+00	2.095537373565109718e+00
nan	-6.104170982575382043e-01	5.375140886214295755e-01	3.867454637779759730e-01
nan	-1.521275423239280888e+00	2.795657016889938618e-01	-2.823451966666343238e-01
nan	-5.244589449624081912e-03	3.006472569827486896e-01	5.012560870673244545e-02
nan	1.147430587497776155e+00	1.509373452847718067e+00	2.000077400993086896e-01
nan	-1.593373254320997745e-01	2.257645753032307745e+00	-1.916581878359671087e-01
nan	-1.044916841094788218e+00	-1.661558357332730829e-01	1.116245226138175672e+00
nan	2.124819378098827261e-01	-1.105436727500634930e+00	1.213783648910781832e+00
nan	-8.803784768590791621e-02	-1.036208320854549170e+00	9.774052292879745196e-02
nan	-1.057760697396346261e+00	1.871984615860731394e+00	-5.191644834949216136e-01
nan	7.603415592512718924e-01	-7.253036302314540551e-01	3.907244405834991996e-02
nan	1.285638683180068798e+00	1.154322127303922807e+00	-6.422906732256306039e-01
nan	1.747822072443321995e+00	7.765917868934358870e-01	1.003631333939832615e+00
nan	1.837435802048855038e+00	4.664518270872564654e-01	3.030062189718874532e-01
nan	-4.342548600228148814e-01	2.649917761921748993e-01	4.944246444099611448e-01
nan	-8.684955160256486728e-01	-1.047016972451703248e-01	-7.647825851781102635e-01
nan	-1.277300503980564605e-01	-1.407372750954231755e+00	1.091169797340997949e+00
nan	5.573337233501685084e-01	4.562009867975804212e-01	-1.005198598580868907e+00
nan	5.662929838070409616e-01	-3.057750723120193359e-01	-6.611030345693973409e-01
nan	-4.356295668077066474e-01	5.320109430029049680e-01	-2.941459392280882379e-01
nan	6.609490610975179425e-01	5.252341527126536125e-01	6.279360467465802120e-01
nan	-5.260986418423492239e-01	-1.497688909014439851e+00	-1.264184991045160578e+00
nan	1.665779431175176351e+00	-5.212246931826594043e-01	-2.722844819866028665e+00
nan	1.666372918281883386e+00	1.779376671081265737e+00	-5.252579496167243400e-01
nan	2.263532298881466343e+00	5.968627102855564859e-01	-9.735965751270508894e-01
nan	-3.110518401235802255e-01	9.149504171823010790e-01	4.025495328248021587e-01
nan	-1.153965586531595200e+00	-4.883831062454649929e-01	6.376077928380852189e-01
nan	8.814471477354052231e-02	-9.048460271292910750e-01	1.430011391231888584e+00
nan	5.224483515482676310e-01	-1.255825444206994712e+00	-1.183182000755476360e-01
nan	3.551578451839574879e-01	1.141955740487117232e+00	1.105119969941986913e+00
nan	3.205212229866835294e+00	1.610644935984118842e+00	1.637943041151399326e+00
nan	6.151442836620056864e-01	2.659277041492201565e+00	3.285698425917389365e-01
nan	1.399345299734029435e+00	1.612494442569488040e+00	7.463597599694565821e-01
nan	1.408725671192376794e+00	3.735114901896054995e-01	1.094232988859122901e-02
nan	1.550964399386371984e+00	2.224270742328108952e+00	-5.304398125247036244e-01
nan	7.449617583600509629e-01	1.428743384332289645e+00	1.283094161848308934e+00
nan	6.254501309151671018e-01	3.917414198272084480e-01	3.718398071690812157e-01
nan	2.079512213863399239e+00	-1.609029653332567644e+00	1.755903605903514464e+00
nan	-5.940888186657585779e-01	-5.355887923401438933e-01	8.546186774031473421e-01
nan	-4.820441427591467543e-01	-2.459737677165159675e-01	-4.880956186688041321e-01
nan	-5.913238617016562948e-01	-8.183275989725530275e-02	-4.371366720454020194e-02
nan	3.016862598234915094e-04	-4.545728594715067739e-02	-3.689199160371800512e-01
nan	8.257857676127962065e-01	-3.051814215487945736e-01	4.370509950328193560e-01
nan	-7.878347958885427715e-01	-5.043682732672392088e-01	7.262396329156023400e-01
nan	-5.777018959126098974e-01	1.443956717317396721e-01	-1.611472789423417096e+00
nan	-8.103928785174211447e-01	8.887206185398366376e-01	6.105770612696084232e-01
nan	-1.317472729590876135e+00	6.391837868177014936e-01	-1.183133263952891756e+00
nan	-9.295773494435286555e-01	-8.960086423227981989e-01	-1.362787740866201469e+00
nan	-4.262338899449806817e-01	5.218393754089745151e-01	-1.259533090502133579e+00
nan	5.109278621947949128e-01	1.002416282359444688e+00	-4.342649855721195107e-02
nan	2.484827429163149137e+00	1.099257168014281305e+00	1.228293879820832268e+00
nan	3.069008062247863045e+00	7.547194476025771426e-01	1.303186548284428259e+00
nan	-1.803028026670077111e-01	1.170312335101163281e+00	1.904619338158332620e-01
nan	2.313650504835457422e+00	1.883915622546354363e-01	7.439304161730895260e-01
nan	7.671247073975454578e-01	-8.524887588533551774e-01	3.333165903107759842e-01
nan	-1.697296903034439808e-02	2.034984377046817006e+00	3.250332887384876912e-02
nan	8.394185660345492295e-01	8.506683627997989605e-01	2.216216125890507760e-01
nan	1.988011770288521607e+00	-9.776427407868215624e-02	-3.157645091332149656e-01
nan	1.563858970875144250e+00	1.080421016411849067e+00	1.158365203787267372e+00
nan	2.168527423333536763e+00	-6.281540573858993559e-01	-6.887688796353016452e-01
nan	2.221964815603436338e-01	-8.823473770546796935e-02	-7.320630553358054016e-01
nan	1.344668447280734924e-01	-1.659173432386596980e-01	5.537559754965549752e-01
nan	9.423352253080312657e-01	-1.800402071871332332e-01	2.810760337735769721e+00
nan	5.416247269175444856e-01	8.397330860013999532e-01	1.372732911983157944e+00
nan	-8.257139052793015521e-01	3.080473080854327694e+00	7.432814873451077942e-01
nan	3.413055315481144936e-01	1.316042798599767583e+00	7.049154548773468587e-01
nan	-1.752381103641025728e+00	-1.513689147651119615e+00	2.438135792208866892e+00
nan	-1.330414094736923847e+00	-3.043887849203431362e+00	1.151810171344596956e+00
nan	-1.500024647578773740e+00	-1.463938827976294599e+00	-1.201353263375053881e+00
nan	-6.018096279511495617e-01	-2.027328186383874353e+00	-2.308141365626932284e+00
nan	-5.772643855307730831e-01	-1.116612607999648565e+00	-1.803360946979998047e+00
nan	-3.878073335399032651e-01	-1.282115399758487762e-02	-1.789367648458561000e+00
nan	5.466368770161976753e-01	3.135058580551441931e-01	-8.761666531320555507e-01
nan	-4.942450890098188387e-01	2.963311815329102150e-01	-3.892823436900753054e-01
nan	5.090875213867721572e-01	-8.338897330205464753e-01	6.789755002625966207e-02
nan	-8.849177654350282030e-02	1.293141422604992652e+00	-8.987592223234324162e-01
nan	4.906983807508698003e-01	-5.898805036842721394e-01	-6.828574564907986810e-02
nan	-1.217684277708474400e-01	-2.986915333756355317e-01	-1.592119897142836527e+00
nan	-5.308061904251427654e-01	3.908662172414808511e-01	-3.609017114845836094e-02
nan	-1.192991450401990949e+00	5.860612587844504784e-01	2.030247817532987664e+00
nan	-3.799545776272835740e-01	7.597922648794697142e-01	1.583667356806326199e+00
nan	1.075047789045756819e+00	-5.015000427909878378e-02	1.154497333040980234e+00
nan	-1.033350874407011011e+00	4.360126440966752837e-01	-1.842702839537297965e-01
nan	1.305323966851996476e+00	-6.453149780581923789e-03	1.673065323131997850e+00
nan	1.722828812469786863e-01	9.559615257008502454e-01	-4.138547545459141941e-01
nan	-7.083475041360209890e-02	-3.764889034597279638e-01	-6.037833419689864201e-02
nan	-9.813528759310291560e-01	-1.601453035264852054e-01	-6.471384910799945489e-01
nan	-1.049205737228393387e+00	-7.271751553328413831e-01	-1.750575457384026257e-01
nan	-9.052961937210191046e-01	-6.003767808829570951e-01	1.531334358488487757e+00
nan	2.876853910465584363e-01	6.783209679376562828e-01	-1.341007666862853998e-01
nan	2.429217845297502176e+00	-1.226176031137825029e-01	9.763544957170847693e-01
nan	3.715279611816689753e-01	6.200149551918148205e-01	-3.154580799587887174e-01
nan	4.818394286842150320e-01	1.724516217386921735e+00	-1.776374253042563245e+00
nan	-2.783931258894567495e-02	-2.124221662005634226e-01	6.353959491522187530e-01
nan	1.522700642856100739e-01	1.002066538017140962e+00	-5.201442085415892702e-01
nan	1.007554530409066729e+00	6.282742588357088653e-01	1.775971893330542173e+00
nan	-1.328149764109690878e+00	-3.638840370478483299e-01	1.402966269292941437e+00
nan	6.360732625508298543e-01	-4.299348851423162032e-01	-1.341977620284496853e-01
nan	1.236442345367200435e+00	1.400925826450568179e+00	-4.749439735781447736e-01
nan	-4.061539803340109556e-01	-2.653719554009373871e-01	1.094461494572439353e+00
nan	-2.066263954148213067e+00	7.477300108265402256e-01	-2.028239038622461909e-01
nan	-1.091013728479059308e+00	1.966791732797030789e-01	1.318061325392930971e+00
nan	-2.723726314977427343e+00	2.392930439169831391e-01	-5.043920142286313357e-01
nan	-8.175190370616689517e-01	-1.021246012796082070e+00	-8.937516053776800584e-01
nan	-1.750391946777778429e+00	-1.420199809257440826e+00	-2.079972381883066657e+00
nan	-2.605354657837445131e+00	-6.518198803141472819e-01	-1.886436260449183333e+00
nan	-9.118072348941619332e-02	-1.105311288900545641e+00	6.953012187738571992e-02
nan	1.701501737068495501e+00	-1.502660226518256203e-01	2.917874682348861270e+00
nan	1.412530566876673443e+00	9.265759096015518947e-01	9.434395582817178827e-01
nan	1.406188083055593729e+00	1.410441350123039728e+00	2.360498821929808422e+00
nan	1.622912281288746872e+00	2.978627134609460825e+00	1.851053074691023870e+00
nan	6.530290096641732100e-01	2.245883010911878586e+00	2.804887270506812413e+00
nan	1.205585160400682421e+00	2.584363970232063767e+00	1.550114720446571726e+00
nan	-6.919621778044404703e-01	2.875511854366199493e+00	1.341942273816898901e+00
nan	1.264887834976881731e+00	2.381297935075790129e-01	1.693839081633413013e+00
nan	9.576010620396155915e-01	2.024025208052084857e+00	-1.812570658667633783e-02
nan	6.109833782223695886e-01	5.713800711276952882e-01	1.447456233893403832e-01
nan	5.768292177371434626e-01	2.243940618053893665e+00	7.580415813762708677e-01
nan	-2.640232939568283310e-01	2.718156390708277748e+00	2.099497932330667282e+00
nan	-5.573213838304603707e-01	7.346998308041204906e-01	2.309776341082296902e+00
nan	9.490217113798583570e-01	5.643494467241777501e-01	-3.962329153351613620e-01
nan	7.055497184936326827e-02	-2.761234309084376060e-02	1.838315550024612444e+00
nan	-1.573122929469902509e+00	-9.104603306371273908e-01	-2.501628839723585296e-01
nan	3.326723816480180451e-01	-2.302780137659247162e-01	1.660915485508461242e-01
nan	-7.205435437778102692e-01	1.928519368188998051e+00	3.537091128597887879e-01
nan	1.876664193814775006e+00	5.886926201094311306e-01	1.263295337316667766e-01
nan	9.534392727882159413e-01	1.022638590105704681e+00	1.129979837492514072e+00
nan	-1.446397706097386493e+00	1.802234193595844358e+00	8.182388472037528393e-01
nan	-4.632697579490073214e-01	5.151366121242242913e-03	1.138056913636262824e-01
nan	5.082991787974383557e-02	-4.803097446804147630e-01	-2.544961735131515690e-01
nan	-2.332022418811147357e+00	-3.736649459160569897e+00	1.538694094967894888e+00
nan	4.338969285799092468e-01	-1.608291018733581046e+00	-3.274189747071659662e-01
nan	8.843984995984705000e-02	6.364094109533926513e-01	-6.645973475174493661e-01
nan	-1.136482963421394099e-01	-8.969321004820460796e-01	-3.062026165512902742e-01
nan	1.127028920569190573e+00	9.498604615061040368e-02	-7.632489098636262570e-01
nan	9.365885077627916777e-01	1.620605209077672360e+00	-1.057316934475746872e-01
nan	7.434783455384882389e-01	2.274533571453147829e+00	-1.702163694792004023e+00
nan	1.529058049034869748e+00	-1.367391652956062575e-02	6.378667248805027779e-01
nan	1.613364834832864636e+00	3.878289243635198447e-01	1.030483634666710779e+00
nan	2.140505587866064818e+00	-6.349584640230708787e-01	-5.106510177545715568e-01
nan	-2.171508948970236053e-01	1.509864602494015440e+00	-2.611014109922852877e-01
nan	-3.686231009091101574e-01	1.009577147017491461e+00	9.699805385584082673e-01
nan	-8.221913989393425659e-02	6.229420394550255757e-01	2.062356369778687082e+00
nan	-2.147597348508957227e-01	8.380081035330206873e-01	-6.308280874963669849e-01
nan	3.049355590520402282e-01	6.557936973510126721e-01	1.476131184585122158e+00
nan	3.154452815955407718e+00	4.782823238456198611e-01	2.197744149858285034e+00
nan	1.892138062523867958e+00	1.901216122532964459e+00	1.202106610742915027e+00
nan	1.023706692044838329e+00	1.994622914846176487e+00	1.788567088224515267e+00
nan	2.055446991559100489e+00	-2.184573084269159082e-01	-6.798686094211192632e-02
nan	7.931143099663707785e-01	-9.058592028260692430e-02	6.716183531619036584e-01
nan	1.239199922239054841e+00	2.785974996098872225e-01	-7.544094451858448513e-01
nan	1.082129747987811363e+00	2.892313256508907138e-01	5.221020547279198176e-01
nan	2.916669900148376460e+00	-3.987848996848200045e-01	-4.837326251346335537e-02
nan	1.816333564998605210e+00	-7.015319073752857015e-01	2.893601309373430297e-01
nan	3.771703144234614946e-01	1.494592070168531794e+00	3.552476794196583465e-01
nan	-5.516161214374090127e-01	2.159636706045775956e+00	-7.696275557396982103e-01
nan	-1.060037040998500935e+00	4.103418235530891800e-01	-1.174708113868688120e+00
nan	1.689066922428032136e+00	-4.430042524828507466e-01	-3.272256774136712010e-01
nan	5.059830065735522187e-01	-1.079213208372303834e-02	1.406447494182295310e+00
nan	-7.394504118911420232e-01	1.353049580391248341e+00	1.346096096206545134e+00
nan	2.916261415324796769e-01	-1.054472429091134922e+00	9.015698090591579561e-01
nan	1.310791202196473493e-01	-3.427310739605631262e-01	-3.836076252612460880e-01
nan	1.637438167554746027e+00	1.584375178127950701e+00	5.978807419115902966e-02
nan	3.593130743884146439e-01	1.372247471107128858e+00	-8.424125747484978444e-02
nan	1.769084971837918685e-01	-1.479129919976335250e-01	-1.780704555465573158e-02
nan	-2.007011298227029117e-01	-6.474329295064306100e-01	3.294225934728846061e-01
nan	8.861684231954677360e-01	-3.722656416113400146e-01	-4.841936067077240446e-01
nan	-3.744594296805373590e-01	1.674215068243738169e-01	3.615320113373325928e-01
nan	-2.340267612433711009e-01	1.325128733753501376e+00	-8.031775017929794203e-01
nan	2.690307381391715547e-02	5.060914120031674290e-01	-3.554412315007293710e-01
nan	6.414241691228349529e-01	1.008393106935471684e+00	1.503916795122508088e+00
nan	9.129439520431933408e-01	2.009262007446007026e+00	1.227378570165101213e+00
nan	3.945071873155305830e-01	2.273304252888416421e+00	1.965271494733120239e+00
nan	-6.449721441539696398e-01	2.368846181383657878e+00	1.989674867802999181e+00
nan	-4.384999262187023739e-01	8.839236019096263774e-01	3.776658227771011234e+00
nan	4.099376926629572093e-01	6.744610583931905934e-01	1.663845728543228208e+00
nan	-1.908257119356230325e-01	4.284382764347349770e-02	3.939465575891432092e-02
nan	-7.875170461737046601e-01	-7.980269852321549839e-01	1.104724733229879075e+00
nan	3.625505566247723133e-01	5.819787151760646982e-02	1.141324113295206111e+00
nan	2.755451827386574126e-01	1.684396545134852596e+00	7.576776033667165233e-01
nan	3.045975200417068596e+00	1.309254376119439955e+00	1.664753078571024059e-01
nan	6.235119891929066238e-01	1.548743951439023991e+00	-2.902896959751667949e-01
nan	1.324021593520103846e+00	-6.192462820198295637e-01	-1.046927512228766677e+00
nan	1.459042586098364458e+00	-7.767785557421618137e-01	2.826407058943680717e-02
nan	-1.189598394880530874e+00	1.354176085878206481e-01	3.684613905285215041e-01
nan	-5.976233602774241316e-01	-1.348176020608965020e+00	-4.139967314338691140e-02
nan	4.381037202108872819e-01	-1.695522829615766502e+00	1.122024942484636245e-01
nan	-1.643063383945455869e-01	-1.023551548047840765e+00	-4.017165740870872748e-01
nan	-2.009666625803001150e+00	-2.138628730665709243e-02	1.133379615845761634e+00
nan	-9.791441651725147910e-01	1.276525377153049590e+00	-1.565052589415266926e+00
nan	5.851434754578099806e-01	-1.386330890703448171e+00	-3.690158156334734096e-01
nan	1.671856805020278669e-01	-6.587848192578409368e-01	-1.415665016840789381e+00
nan	2.438925321231044385e-01	4.111282414530406659e-02	6.497379895438651909e-01
nan	-1.765688247606991279e+00	-1.276173740314312299e+00	4.857473177672069764e-02
nan	-2.001363709706244443e+00	-1.621652079886771070e+00	-5.837802501454715243e-01
nan	-3.624984175173873169e-02	-1.273372719327041214e+00	1.190267803394114310e+00
nan	-3.894710784609150545e-01	1.775788364630515592e-01	1.798336312227691414e+00
nan	2.469085547145519755e-01	5.114310269274603415e-01	6.653734596347262720e-01
nan	5.071199250229705413e-01	1.637551262556023790e+00	1.837331274825469762e+00
nan	2.833305709901582148e+00	2.192136071449349188e+00	1.720823497706742700e+00
nan	7.419522142613013127e-01	2.241211734572492453e+00	5.474795649566837064e-01
nan	2.289615626632264700e+00	8.156636907975034489e-01	-2.059898772473295336e-01
nan	1.379587215831673541e-01	1.977527634776436560e+00	3.623471404468834312e-01
nan	1.505673882039907374e-01	7.898792443704634181e-01	1.068812200740837159e+00
nan	1.382381256311835172e+00	1.157827078391327369e+00	1.078351308006309406e+00
nan	-6.205549338261066028e-01	3.537496876785499178e-01	7.183033277213402013e-02
nan	5.373048340141857171e-01	8.399074120577779690e-01	-2.286422514002162121e-01
nan	9.885260594254752231e-01	1.019868592736707713e+00	8.048659022170504551e-01
nan	-1.270358987458064526e-02	-9.888520411518502140e-01	1.658591951914491158e+00
nan	-5.837415989590253318e-01	8.846800776833827484e-01	-1.117767395625846261e+00
nan	-3.174497193939367357e-01	-1.256738607588171242e+00	-1.322771101714005915e-01
nan	-1.751139092622420845e+00	-1.327996770068367471e+00	3.271176025187017000e-01
nan	-5.151194184837983858e-01	-6.118801067080348322e-02	-2.465166610116859003e-02
nan	-6.431347633098333239e-02	-7.881929079978605701e-01	-8.083825627643527190e-01
nan	4.097018564794197015e-02	-3.781389431415312363e-01	1.873634231390197691e-02
nan	3.897574068799061209e-01	-4.323327202843332273e-01	1.837243922433340781e+00
nan	-9.998430074400550538e-01	-1.861869434018634528e-01	-7.848389247022726778e-01
nan	1.335109077219316376e+00	3.580027816745010583e-01	-1.705227465328836178e+00
nan	1.893636991010877235e+00	1.489925613824700346e+00	9.011413003519115339e-01
nan	-8.023286899600226008e-01	-7.939229711375836995e-01	2.647542334624880311e+00
nan	-4.335758047741421484e-01	-7.403631449821492794e-01	1.627743057168708152e+00
nan	3.478536424659268156e-01	-4.163483282608652081e-01	9.353408973213430677e-01
nan	2.650826871239406191e-01	-1.486163712939482684e+00	-5.993979791871800744e-01
nan	8.287430602689548342e-01	-2.127772869161322244e+00	4.216478354143918805e-01
nan	2.634512364250368721e-02	2.034299115494910382e+00	1.461271051491213946e+00
nan	-1.881566445376455787e+00	8.381973428187685649e-01	1.738364349856590385e+00
nan	-1.133815265618681289e+00	-4.934215081442566708e-02	-4.448178910016795662e-01
nan	-2.180194157599091298e+00	-1.204233252896931727e+00	2.951427037855557933e-01
nan	3.968845939619412011e-01	-1.868980841191540065e+00	-8.032778460169925916e-01
nan	-6.253601690629784216e-01	-1.115093868656326315e+00	-8.229795186444801569e-01
nan	-4.723950509974806922e-01	-5.271724748181678688e-01	-1.226886140620822463e+00
nan	1.199842773830417930e-01	-1.153061619279765360e+00	-3.945777965055715653e-01
nan	3.752735531333878383e-01	7.150926667800998615e-01	-1.052273993177066824e+00
nan	2.164111092379032542e+00	-6.056499678112416962e-01	3.947276961337094492e-01
nan	2.882829519984376532e+00	5.819960211707666531e-01	-2.028492033448309750e-01
nan	-6.395731250592722184e-01	1.800859715189540244e+00	1.934918476670007381e+00
nan	7.369860262488870939e-01	1.068107363933992859e+00	1.200735145367295198e+00
nan	1.140231086086410661e+00	-5.174731608829321594e-01	8.372665723237006086e-01
nan	-7.472015233662268052e-01	-2.019748519219838334e-02	1.365738036547055057e+00
nan	4.455175853644899320e-01	-1.635846378322793893e-01	9.853446241678613937e-01
nan	8.954056350933891073e-01	1.712694950681200812e+00	1.069078994683098749e+00
nan	1.059906593789469387e+00	1.456498262793660459e+00	2.484767314005571937e+00
nan	-4.455924258980037411e-01	-5.497458810088615699e-01	1.913266025783783686e+00
nan	-8.484668546967319980e-01	-6.983073816818132773e-01	-4.211614697358331827e-01
nan	8.395555870569810786e-01	-1.561935840302629330e+00	1.055301097103191976e+00
nan	-1.733225553224152948e+00	-8.435795747871042138e-01	1.350183339684728701e+00
nan	-1.421073082671169274e+00	4.575197658861909211e-01	-6.696908682915689859e-01
nan	1.042072022167869205e-01	-7.235055937143131111e-01	1.106414789401718668e+00
nan	5.051733178504307364e-01	2.201916842446252354e-01	-1.703723078633798127e-01
nan	-5.769938968013502700e-01	2.010666244995936935e+00	7.493109048521165994e-01
nan	1.835324528143996048e+00	2.056021799654701887e+00	8.994805469115485508e-02
nan	1.326691158336359644e+00	1.139187252505950987e+00	4.007599080880851483e-01
nan	-1.225696323513891794e-01	-3.924277114615650763e-01	5.831122398155936803e-01
nan	-5.437373742097240115e-02	-1.912182455019478144e+00	1.649645426945840043e+00
nan	-2.195568001836159411e+00	-2.378709239848244561e+00	-1.424916146825421226e+00
nan	-1.107044807116700058e+00	-1.124434546556600800e-01	-9.618163384407613092e-01
nan	-1.438276738772082730e+00	1.837723598823769677e+00	-4.473245311703422100e-01
nan	8.416278865877977466e-01	2.282087332890491815e+00	8.054202680270204917e-01
nan	-5.962048676847225837e-01	8.157335790519790741e-01	1.084498068156934059e+00
nan	3.931790813981574928e-01	2.087107183679178246e-01	1.220444446435271502e+00
nan	4.557315420742761858e-01	-2.015146979617943312e-01	1.550518648572920766e+00
nan	-3.710430322487948129e-01	1.069412317775263688e+00	8.431070552937074414e-01
nan	2.227090217596698452e+00	1.111548652971787288e+00	-5.539516745438251011e-01
nan	2.944482768588044808e-01	1.203489898307608774e+00	2.700198869263579216e-01
nan	-3.385200317267506032e-02	1.103930218078531533e+00	6.948198029526770902e-01
nan	5.508589125190894720e-01	-8.317154480852589904e-02	3.421673079156289932e-01
nan	-4.667935004057657267e-01	5.694179289941972977e-01	1.470100811936133067e-01
nan	2.181973375054776731e+00	-7.533352881433741377e-01	-1.037318016637208462e+00
nan	6.339336971855920044e-01	-5.297187525345546932e-01	-6.942392478178196491e-01
nan	-9.473528464779769065e-01	-1.897070375242776663e+00	-3.321143819985518664e-01
nan	-3.783552585568972781e-01	-9.838637204551421434e-01	-2.266219083362770892e+00
nan	-4.768520869783377525e-01	-1.145640689793367084e+00	-2.841165613990346284e-01
nan	-1.622464807826765609e+00	7.941948937275808973e-01	-2.262482075589306030e-02
nan	-6.460023824599031572e-01	2.639669563369644756e+00	-2.958710129351669327e-01
nan	-8.587677195951394227e-01	1.990423235594158680e-01	9.780962941218154238e-01
nan	8.164181197399658085e-01	-1.606857061953095966e+00	-1.252004491765065786e-01
nan	1.182253654195775938e-01	4.179696750816111472e-02	-1.582207059930087034e+00
nan	-7.489909416859906743e-01	-1.162607263311040251e+00	-1.626054620538885942e-03
nan	9.566505696719476148e-01	-5.482677172560661560e-01	-5.697743018393125469e-01
nan	4.864517318124175760e-01	7.805607044676675654e-01	3.781697246383435851e-01
nan	1.962246587337481696e+00	-3.959997212226942787e-01	1.555772601390675858e+00
nan	-8.704908063258927076e-01	-7.378258855034154351e-01	-5.513208668396415435e-01
nan	-1.184652756910623106e+00	2.006518422849234984e-02	-1.446528647134696977e+00
nan	-7.152473405766540671e-01	-2.802498001182847642e-01	3.753407534561647996e-01
nan	3.082511675885640789e-02	-2.703506133128574795e-01	8.564358267143893366e-01
nan	7.173592939338816477e-01	-2.776807602278812126e-02	7.445344467622568851e-01
nan	7.170032904373327964e-01	5.691583942979433486e-01	-4.044658938337453713e-01
nan	-6.451659847902702083e-02	-1.832291962813759501e+00	8.969629288900954345e-01
nan	-3.719427132187736462e-01	1.112508685275793940e+00	-5.963987202778409102e-01
nan	1.767938598277608298e-01	-2.851041105598881575e-01	-1.726605286231494230e+00
nan	3.198759376793746112e-01	9.839503875590323023e-01	-1.795441705286948242e+00
nan	8.178185832152564672e-01	1.452626162456519321e+00	-1.664458899843306305e-01
nan	2.880094900791046797e+00	1.452260460528745911e-01	8.934400200874119680e-01
nan	2.455649520944076514e-01	1.472578066827464616e+00	1.728798427696686124e+00
nan	-5.505322636587037799e-01	-1.088935490208507328e+00	2.311617672309835836e+00
nan	8.648533056681462217e-01	-1.105668788119069657e-01	1.915109919030229868e+00
nan	9.167157563922448960e-01	-4.162241516096606420e-01	3.508629132698491415e-01
nan	7.249707580300032150e-01	-6.206382148597714421e-01	5.014058224083852711e-01
nan	1.042100626884890913e+00	-2.368139802069893773e-01	-2.162909926234751090e+00
nan	2.077443093556085252e+00	1.893305628523537898e+00	-1.929920724527157461e+00
nan	8.954847030170425271e-01	-2.710831869105558845e-01	-8.244892007399998723e-01
nan	3.657486248983079502e-01	7.575223064103120407e-01	-2.107377695423572117e+00
nan	-2.626345171060515682e+00	1.051266808224535221e-01	-1.676994682051633490e+00
nan	-7.763816432859420580e-01	3.286907405000639715e-01	8.306291230292055516e-01
nan	5.659233368952715226e-03	1.930309057859048494e+00	2.307846537770191553e+00
nan	-1.864160200570150749e-01	2.486141355500131600e-01	1.978840620719235943e+00
nan	-1.076841643387456415e-01	-3.102494058641516728e-01	-5.683348941036171498e-01
nan	-1.349078973610147614e+00	-1.411906659413957099e+00	-1.480260073201622895e+00
nan	-1.209288733018099249e+00	-7.518694484167435244e-01	-1.960118411193433108e+00
nan	-1.288241434195368296e+00	-1.523046929126647964e+00	-1.778890508783943947e+00
nan	-2.313918739967960825e+00	1.299277974071464170e+00	-9.077432448041002910e-01
nan	-3.741289414752334008e-01	-8.573759226625097263e-01	3.092810042159145900e-01
nan	-1.699806691599119679e+00	5.207488956710568662e-01	3.421485234520120766e-01
nan	-9.359251733793569894e-01	-3.778314830170257377e-01	5.967035808318466028e-02
nan	-1.569659194092599463e+00	-5.108773121133050044e-01	-1.236684322205368947e+00
nan	1.172957726832718706e+00	9.617838044649551499e-02	-8.647250620581889979e-01
nan	-5.215626776310213764e-01	1.406445035181292935e-01	-7.797891917344456081e-01
nan	-3.105810299247928619e-01	1.304317310900859672e+00	1.043855023400569737e-01
nan	8.570341520476488784e-01	-1.083420460780767813e+00	-3.755094628665519574e-01
nan	-7.787071113523047483e-01	-6.097640299223642257e-01	9.123455994746154651e-02
nan	-4.988105039755325043e-02	3.750438177490921232e-01	-1.064491816587714634e+00
nan	1.426517978899995764e+00	-2.636710336261515852e+00	-2.222764446053062393e-01
nan	-1.383500577954347888e+00	-1.885734137843734448e+00	2.962816117059706711e-01
nan	-1.105313094877921287e+00	-1.263888742450955949e-01	6.996119583527600216e-01
nan	-2.170263002769976080e+00	1.505570453348232807e-01	-9.078733559740641557e-01
nan	-1.654273979206656531e+00	-8.040944798891369594e-01	5.718266781876349403e-02
nan	1.884886264620247998e-01	-5.506370354510334852e-01	-9.104886264602434220e-01
nan	-1.375823763568297498e+00	-9.300234447834261342e-01	-9.418434024952313521e-01
nan	-4.796435886554833994e-01	-2.120861387754440663e+00	-3.349845531776475260e-01
nan	-1.308109266714758245e+00	-1.049221858497296767e+00	-2.217998637724502231e+00
nan	-1.967000062127752358e+00	-7.948116404980898331e-02	-1.160889317868572856e+00
nan	-1.356866545021144788e+00	-5.529862868148684996e-01	-8.285821927891374727e-01
nan	4.080949160657759700e-01	-1.169844133453029400e+00	-2.055383531190452029e+00
nan	-1.160238943646448417e+00	-4.838702851296574625e-01	-2.666131846048542808e-01
nan	-9.196133846005722923e-01	3.388110465788288783e-01	-1.298438535750002121e+00
nan	2.152257382781168349e-01	-1.138803146903146546e+00	-1.132753094579233455e+00
nan	-1.968987872811588602e+00	-1.476681482451808858e+00	-1.700129123750546700e+00
nan	-3.758666585598166021e-01	-1.975458266311705735e+00	-1.537480293611806825e+00
nan	-1.752644841196404180e+00	-8.909458224359680933e-01	-1.999221440757144919e+00
nan	8.858544873898640537e-01	-9.333632261311450851e-01	-3.426557769305497381e+00
nan	5.102758708025718626e-01	-4.435251832969401842e-01	-1.664805897026894410e+00
nan	-2.161560394032872312e-01	-6.780366649259887968e-01	-1.852152095136581744e+00
nan	4.110225599986880862e-01	2.166372918183165908e+00	-9.935149581419191467e-01
nan	2.021969506230042679e+00	-1.857671290755099625e-01	-9.361785174405796717e-01
nan	6.281518124501029865e-01	1.259166643234562732e-01	-3.382077284599829259e-01
nan	-5.570805347660548468e-02	1.008210822332429979e+00	-1.271455295169960920e+00
nan	-8.049508190961232046e-01	2.045325586096723214e+00	-9.335847181618563972e-01
nan	4.155709516248617952e-01	-2.951332380434409930e-01	4.091213394372600343e-01
nan	-2.043734182123452925e+00	-9.012646346866520775e-01	1.198735558024496273e+00
nan	-1.335583997999314931e+00	-1.183630447831278465e+00	-1.135774169714728749e-01
nan	-5.102971858891580670e-02	1.974029523043583145e+00	-6.001410913266638225e-01
nan	-1.714136443356327755e-01	-4.891159029867866437e-01	2.678946677518738273e+00
nan	6.162892462621269440e-02	-8.992813905990330869e-02	-1.571508707535564930e-01
nan	9.405597920504461806e-02	-1.720646846874543667e-01	-2.173185866093059748e-01
nan	2.653707231830698676e-01	-3.916169583441331814e-01	6.202623454444403661e-01
nan	1.126288913953593429e+00	6.890352996213536807e-01	4.979933286424426120e-01
nan	2.300423583298682462e-01	1.334154274200400225e+00	1.360812399274791973e-01
nan	2.517789233129273718e+00	1.707952357470987170e+00	2.617946349890384328e-01
nan	9.545974113844970521e-01	1.083095802461364832e+00	5.898774470113411494e-01
nan	-1.196907828635300319e+00	1.065649999312896501e+00	3.337544973139466853e-01
nan	1.948994390589386727e+00	2.111179147861840799e-01	4.616124440966327680e-01
nan	-3.807903035794435453e-02	1.676580584812172314e-01	4.992139530998281893e-01
nan	-1.090899203898748615e+00	-1.472310601461558566e+00	4.704642231519784445e-01
nan	-2.273825494427389682e+00	-1.195836703142811874e-01	-2.963675655881435334e-01
nan	1.585188298742061352e+00	-1.461528064101297764e+00	-1.334734243379355423e+00
nan	-8.702152483349967493e-01	-8.244600285201818535e-01	-2.783163799355644841e+00
nan	4.050167691392110303e-01	-2.339489058564429236e+00	-5.073652686389215072e-01
nan	7.031375826295398479e-01	1.064931887134571653e+00	-1.969260486608614968e-01
nan	1.116229463318648474e+00	1.097217180557223726e+00	-4.378517801009784716e-02
nan	-1.587440801372544952e-01	-1.082897737368990754e+00	-1.097769683789529438e+00
nan	-1.745894239794125169e-01	6.492939292797467177e-02	-1.393865487946193138e-01
nan	7.994305798816547792e-01	5.639711833971915167e-02	3.113305666441260611e-01
nan	5.943544310420065813e-01	1.078437107849910648e+00	8.732272374603864407e-01
nan	1.632103392053200874e+00	-2.983617947996752839e-01	1.612317565530708041e+00
nan	-1.255240884264076318e+00	-1.632624483275744165e+00	2.032603431161296825e+00
nan	-1.423143366319453929e+00	-1.176505096516786031e+00	5.641828737534244631e-01
nan	-1.277226934671055858e+00	1.001669293228810265e+00	-3.490331167422222602e-01
nan	6.392429652156874642e-01	1.624205440994898941e+00	-9.239098801410852158e-01
nan	-7.582278577355281435e-01	4.991535021685412632e-01	-1.095336426442677480e+00
nan	-1.494786047510190174e+00	-6.907326941230104156e-01	4.560564437951914463e-01
nan	-1.107001299196094912e+00	-9.529950093983945436e-01	-1.505934207063337915e+00
nan	-4.868887315403179761e-01	-5.909591785086674154e-01	-2.774544185089660608e+00
nan	3.934325852642804877e-01	-6.804042746629901384e-01	-1.209441858573069295e+00
nan	-5.173859930776879557e-01	-6.762055494621699303e-02	-3.494746355918696423e-01
nan	-1.181442929690161847e+00	8.854667693588628152e-01	-9.268686767392353421e-01
nan	1.286596450655734525e-01	-1.824218734317306079e-01	1.561309175962430684e+00
nan	-3.894626358870016403e-01	-1.272500510231151516e+00	4.623087278603405514e-01
nan	4.147418608792359240e-01	-3.909433849472456757e-01	4.772873145803576134e-01
nan	2.297111021654927587e-01	-6.665749341704007014e-01	-1.889468781294592725e+00
nan	-1.252225840757291264e+00	5.572924778167164250e-01	-1.611033754965784937e-02
nan	-6.283626041624356118e-01	-7.756622351516669900e-01	2.795656196575433405e-01
nan	8.706829732340910510e-01	8.267970315684862737e-01	-9.574404585162050729e-01
nan	-6.820178706726426343e-01	7.819838593227884660e-01	2.341185993566460566e-01
nan	1.058382843399231277e+00	-4.545062863539925946e-01	1.767370656113473659e+00
nan	1.547098077542419459e+00	-1.470246024308425437e+00	2.797775352584355724e-01
nan	8.296084862080365108e-01	7.060856729267676879e-02	-5.921202188060878946e-01
nan	-1.438947340356866000e+00	-6.071633980664408181e-01	-5.910628512478610652e-01
nan	1.786320859840683228e-01	-8.523914870712885339e-01	-6.475835233348417042e-01
nan	-5.482880895624542283e-03	7.363387660226300424e-01	6.072941446033319757e-03
nan	-1.780015164133574301e-01	9.693146947589810214e-01	7.825088207289472297e-01
nan	6.938076868705136402e-01	1.868233645094109219e-01	-1.099013812319321604e-01
nan	8.193023036957121086e-01	1.528312539208951160e+00	6.853440100722820727e-01
nan	-1.322742796009137578e+00	7.895998406360992261e-01	2.930161395642751021e+00
nan	9.628090522358137004e-01	-5.656729087377958543e-01	-8.965018746708055541e-01
nan	1.225727867233398438e+00	-5.206166624103976126e-01	-9.048341320094379636e-01
nan	1.127942298838876534e+00	-1.834406980932610232e+00	1.197321188318375973e-01
nan	6.222053704018765119e-01	7.099850501646337575e-01	-2.766906409475791140e-01
nan	4.777609026217544130e-01	1.633561611442692296e+00	1.647525912938790693e+00
nan	-4.133204004105406337e-01	1.550369368985485385e+00	-5.936125873057942481e-01
nan	5.453377782301388477e-01	1.789763326130548782e+00	6.201005350016964845e-01
nan	1.225856509563797214e+00	1.072696927605292672e+00	7.044137306451087044e-01
nan	1.095314336172315217e+00	7.295174112406942468e-01	-4.378941294876791401e-01
nan	5.809244768287433747e-01	8.287143077408034575e-01	3.937293859222735781e-01
nan	4.079068217124450224e-01	-5.395389342174664593e-01	2.726350928876234425e-01
nan	-8.876897244546624322e-01	-1.871085980872835730e+00	3.154893073925508773e-01
nan	8.608400107556868353e-02	-1.151909825212475091e+00	1.019383055013722172e+00
nan	-1.332778605273288730e-01	-5.137785796681892947e-01	-2.148992420589858621e-01
nan	1.488144126953375057e+00	-5.625470499310426531e-01	-1.370284655281245767e+00
nan	1.936355936204597894e-02	8.050086057747830592e-01	-9.312705673653254301e-01
nan	1.247022320005847007e+00	-4.396286571833774026e-01	-9.144890684634018330e-01
nan	2.195677230769860211e-02	-8.638601059331671994e-01	-1.428122804789357492e+00
nan	1.161955418176437771e+00	-1.010293404215731883e+00	-1.287189383707783463e+00
nan	-1.555058794488469731e-01	8.430867559245038834e-01	6.966974618581532885e-01
nan	1.491014761345140327e+00	1.163967914670919868e+00	1.202499109448918801e+00
nan	-4.703685390457548188e-01	3.686212621324714833e-01	-3.049668822633361254e-01
nan	-8.529369706971597909e-01	-1.980120722312221471e+00	2.915686779524245265e-01
nan	-3.096270004644007034e+00	-2.061523279259101837e+00	-6.187650555836274879e-01
nan	-1.568648383717381689e+00	-2.529339058533967233e+00	-1.089110060027420612e-01
nan	-3.695895121080320367e-01	-5.125290724131355002e-01	-1.863220748308902719e+00
nan	-6.606609311144238106e-01	-2.367421730514740474e-03	1.308780270851053640e+00
nan	-6.400772646431488466e-01	-1.821764843414012125e-01	2.605792508435294530e-01
nan	1.397134470376168558e+00	5.666936164419541511e-01	-1.697646539663555609e+00
nan	1.811295100005660075e+00	3.662133400188058108e+00	-6.700897568300715479e-01
nan	2.837843617921559591e+00	3.341352890501887440e-01	3.216446273968261771e+00
nan	2.925729440045096830e+00	1.396418916955363798e+00	1.186867730646474994e+00
nan	6.112011492595715856e-01	6.565821431758642746e-01	-1.021239123806298554e+00
nan	1.884161719831114024e+00	1.461984120856780089e+00	5.645862909971610666e-01
nan	2.258387821183583277e+00	1.852787430654591283e+00	4.305172377760636548e-01
nan	1.256235804842715797e+00	7.457194094019118369e-01	2.576280409787841563e+00
nan	-2.067383262449259407e-01	1.315991897540715438e+00	-5.445721454564400599e-02
nan	1.295621624155108842e+00	6.176432507495017710e-01	6.782551414591685424e-01
nan	1.437944282001803797e+00	8.697776524148910227e-01	1.798097903621828531e+00
nan	1.276924453179217878e+00	3.728070452292818193e-01	-4.124519335665975950e-01
nan	2.630813769738209462e-01	5.039740947966513396e-01	-6.346217107630799381e-01
nan	-2.674175177573980822e+00	-1.442554849196540367e-01	-6.983760706874774238e-01
nan	-1.015452587422475350e+00	1.224483428493693182e+00	2.130509621648530860e-01
nan	1.998895300411082987e+00	7.333594138253067829e-01	-1.186340182873091953e+00
nan	1.762035678145719153e-01	3.295506200669516272e-01	-1.264494994742810796e+00
nan	-7.586593295655414959e-01	-1.488743093096111636e+00	5.305256066026003969e-02
nan	-2.795915311895931787e-01	-2.184544637458283312e+00	-8.311310928287584110e-01
nan	-1.313905280348218074e+00	-5.771209837192818881e-01	-1.037822691332703551e+00
nan	-1.882446571944010216e+00	-3.721155490989835890e-01	8.827127219401538216e-01
nan	-2.352413961586330426e+00	2.673001774175149947e-01	6.270858818223357112e-01
nan	-2.284975359561949304e+00	-3.899953219136317872e-01	4.654954232184601581e-01
nan	-8.385636911844759345e-01	-5.365557270832521652e-01	-1.391196884638428721e-01
nan	-2.128766935861972964e+00	-4.197758907949677432e-01	-7.783238708275834750e-01
nan	-4.009040396391241878e-01	8.729353590160204845e-02	-5.246473395077345669e-01
nan	-1.333173635357774778e+00	9.673993448076959600e-01	6.736198762799832096e-01
nan	-6.866536050041027739e-01	-1.442597134675634107e+00	1.700960084177463028e+00
nan	5.376686017709231269e-02	-1.105294286713368823e+00	-7.398179723292026555e-01
nan	4.263596814221894959e-01	5.968415263529962544e-01	-1.113042637144220581e+00
nan	1.503326234376109127e+00	3.829677562768780685e-01	-7.428505982841399069e-01
nan	-3.134440828345245178e-01	3.305610511004539176e-01	-3.494888198888211339e-01
nan	-2.117560896982751684e-01	-6.527967051838635681e-01	1.724576228707200981e-02
nan	1.577445199415532517e-01	5.184582320094188734e-01	1.261454072086427847e-01
nan	1.272246779878949186e+00	3.377754888722014348e-01	-1.146580355041293631e+00
nan	1.303701844252900477e+00	-1.415956507928030073e+00	-4.597517408769905556e-01
nan	-7.650611208949934516e-01	-1.634443841479231163e-01	-2.623601963401904213e-01
nan	1.365669560216057343e+00	6.301765928028968400e-02	4.391105160324993983e-01
nan	-5.520524246828311110e-01	3.796592589571824439e-01	5.904873040673205287e-01
nan	1.712789611093831876e+00	1.451079746608925636e-02	5.630475849434615210e-01
nan	-2.924406499749083732e-01	1.035881961621727854e+00	1.022737353719360032e+00
nan	5.188381478070450692e-01	-6.071804308497710245e-01	2.072267833064494358e+00
nan	-6.383301194650801980e-02	1.086671424582031475e+00	-6.144163320270044082e-01
nan	4.604803108328683892e-01	-3.653377769733938130e-01	6.935691009942274166e-01
nan	2.108071144991311208e+00	9.216314036978365820e-01	-1.453834248905294113e-01
nan	1.296006368973800837e+00	5.902076504375523003e-01	7.285303788948865877e-01
nan	-2.429712159464483268e+00	2.226413995325882134e-02	1.560898539328403167e+00
nan	-1.175630750197510288e+00	-1.240684605672985885e+00	3.607134666530398825e-01
nan	-4.759741386327976387e-01	2.045926211989095300e-01	-1.306454869806419339e+00
nan	1.164411335093948896e+00	-8.998323995771298489e-02	-2.906364993460080814e+00
nan	6.482996713032009861e-01	1.809632860016876510e+00	-7.323030114398476620e-01
nan	-6.563695636349193840e-01	9.525621797626598886e-01	3.108508168745156008e-01
nan	6.545280025079447395e-01	2.109281225437528440e-01	-1.219887370856108655e-01
nan	-1.366568588725177502e+00	2.156214600483365107e+00	1.215365396108603613e-01
nan	3.566051131328949464e-01	-2.771233956925460706e-01	1.431872238913598050e+00
nan	6.941643329796230999e-01	9.550045088763678414e-02	7.503095687653453805e-01
nan	1.067592401929987389e+00	4.658772581997566720e-03	2.056638800463797823e-01
nan	1.340711765761256835e+00	6.733513787557734442e-01	2.504122266676546360e+00
nan	9.727243350805181432e-01	1.782020909415100052e+00	-3.293431516078293431e-02
nan	-4.636948047327497102e-01	-1.215053023784881336e+00	-5.056672011079180740e-01
nan	-2.208324006180314991e-01	-2.662014343356464252e+00	2.602972821442601781e-01
nan	-6.734318702776727061e-01	-1.172912491521692857e+00	-5.437529292497360611e-01
nan	-4.127988800138497893e-01	-1.596410080387564268e+00	-1.419307550879463697e+00
nan	-9.668026503317563858e-01	-1.267921348053604014e+00	-1.617758064174983801e+00
nan	-2.944898619261973050e-01	-2.514751414283757036e+00	7.513139424466430683e-02
nan	-2.543032851549342777e-01	2.515841631508763943e-01	-6.263729095247640988e-01
nan	2.952840840549100232e-01	1.215394712733461446e+00	1.454468060950387942e+00
nan	1.758499283480340347e+00	9.663222906185235939e-01	-8.772557542521142171e-02
nan	1.090502236417048687e+00	2.208493275466584471e+00	1.369207742245162063e+00
nan	1.912666965947363185e+00	2.841125777567047983e+00	5.947676818883568250e-01
nan	1.765527700453082716e+00	-5.761071313009180628e-03	1.737579828208959398e+00
nan	-9.075934088246940812e-01	1.232609557774448472e+00	4.038253902285710573e-01
nan	-6.909083027361627438e-02	-2.049894952838049456e-01	9.075442515995069126e-01
nan	1.648260616121315136e+00	-1.049872542666454356e+00	-5.872692701216483124e-01
nan	4.891624308251778519e-01	-4.077867497755130466e-02	-9.136923500373345108e-02
nan	5.081795552804752036e-01	1.316637534438176660e+00	-2.904741707549500784e-01
nan	-2.045552551961885346e+00	-1.115064650493197140e-01	3.668645419389887863e+00
nan	-1.592551319457742753e+00	-6.671510242267146840e-01	-1.007248246089380572e-01
nan	-1.084883587945067784e+00	-1.429039173971085930e+00	-9.969253658900594228e-01
nan	-1.744825576972001802e+00	-1.040486832767490988e+00	1.026698731470720993e+00
nan	-1.896803515444845267e+00	8.361735835535392125e-01	-1.123830690007518340e+00
nan	-1.258839771974431088e+00	-1.396083287658852923e+00	-1.714541423237260220e+00
nan	-8.184759561747501078e-01	-8.755342882809227234e-01	3.312528238510122902e-01
nan	-2.253227142686184958e-01	-1.467633791127660903e+00	-1.694769887857619506e-01
nan	8.119866813424037044e-02	6.335419220048887912e-01	-3.072329946909439169e+00
nan	-7.064942261594624462e-01	1.275838014604215642e+00	-9.417705787329251343e-01
nan	-5.107383611087035202e-01	6.456392366913041858e-01	1.663432083576192877e+00
nan	7.352879019237965608e-01	6.853039418172389707e-01	1.322825375305112239e+00
nan	-2.398564515291811139e-01	-6.601886734051805039e-01	1.451239188375938349e+00
nan	-1.383868908052457103e+00	-2.791253505182206496e+00	6.982976000043528142e-01
nan	-1.570504599128767165e+00	2.572768173851318618e-01	-4.008488421857419048e-01
nan	1.026575508061719599e+00	3.235947221144647168e-02	-1.085822257202209595e+00
nan	-9.591917191826844213e-01	-8.644504201730043302e-01	-3.951111185716882912e-01
nan	-1.733296132520757649e+00	-9.366782033777080185e-01	-1.419505487274147493e-01
nan	-1.106355781264925842e+00	-1.195578330415895785e+00	1.052444689100102693e-01
nan	-1.452744018075012189e+00	-1.255304806573824594e+00	-5.039876773790913367e-01
nan	3.818336136430555694e-02	-2.695389702443282687e-01	1.197037597894899719e+00
nan	-1.435263476663710680e+00	-3.095506875837256144e-02	-1.485883329366769257e+00
nan	-1.688654279899478805e+00	3.489788010147354402e-02	-6.222530195530626695e-01
nan	-1.728752698189554682e+00	-6.966362294854493431e-01	2.583249440112876383e-01
nan	-7.661835309455502507e-01	-2.580781434892026049e-01	-3.270685701656391720e-01
nan	-2.164482930437910957e-02	1.543643028784744908e+00	-6.456627385404311026e-01
nan	2.755537471331825916e-01	1.442654263129333536e+00	2.248082015197927497e+00
nan	-5.968314938373030509e-01	2.426883445679040019e-01	1.059038525426679422e+00
nan	1.035382100543165595e+00	1.926229970399009783e+00	9.097416880188946564e-01
nan	1.749390408883503500e+00	-5.211163140300685281e-01	1.489497825173164092e+00
nan	1.036601906798162442e+00	9.432362215371008496e-01	2.430732482110582460e+00
nan	-1.103014806932177017e+00	-3.603247589931327655e-01	6.650783438008051052e-01
nan	-5.738309805328850599e-01	-1.162289027983953171e-01	6.217613296517245924e-01
nan	2.189965611015259606e-01	1.129476600913122519e+00	1.102415042361885034e+00
nan	-1.355671283417962947e-01	-4.005177536155091200e-03	2.033437396539307773e+00
nan	3.283614591791252924e-01	7.079486116860443934e-01	6.310965892827781198e-01
nan	4.426500865048650923e-01	2.720272007480808885e+00	-3.978327515240540624e-01
nan	3.377964959502526288e-01	1.890606183406916774e+00	1.156004866231457706e+00
nan	1.767461627667033186e+00	1.931992263554250577e+00	2.101140267715706944e+00
nan	2.331734585655927727e+00	1.908302239824261504e+00	1.233985386118889638e+00
nan	3.031349541893209043e+00	2.001178794451235810e+00	-1.224956397035482647e-01
nan	-6.667757563579106428e-01	1.614574668045775985e+00	-3.340177883141753901e-01
nan	-4.272138150864183137e-01	-2.890734952253959378e-01	2.543229873108483474e-01
nan	-7.515516566489355288e-01	-2.253588752271928897e-02	-2.562917107062444577e-01
nan	-2.172804218790248265e-01	-1.306241906976157718e+00	-4.787985371952126201e-02
nan	-2.265570653635487375e+00	8.772261775094600811e-01	-8.388780687350603227e-01
nan	-7.371546392026389061e-01	-2.358091014604027091e-01	-1.014045358801970442e+00
nan	1.460918962423887635e+00	6.629443621248426455e-02	-1.003044884633121248e+00
nan	1.390851276579700757e+00	-1.128639367286173201e+00	6.230975554639197611e-01
nan	-9.603348723717157753e-01	-1.156414393279459718e+00	1.150629179976356831e-01
nan	8.294414814302094596e-01	-5.169604853415222800e-01	1.757297688871541030e+00
nan	1.186181864835018918e-01	-7.676284562980856263e-01	2.862879338836593068e-01
nan	-7.061843450970819447e-01	8.730303353268302757e-01	-1.158751328643584433e+00
nan	3.821595500036012449e-01	7.554812726583411964e-01	-7.316805955392012839e-01
nan	-1.014925360505917862e+00	5.599367395282477400e-01	-2.123707867433322627e-01
nan	-8.004845976782978267e-01	1.917958744204464050e-01	-3.779323519118361618e-01
nan	-3.776355377241464306e-01	-8.079579666011094119e-01	-9.816309610758545690e-01
nan	-1.356995132141733729e+00	-9.283715568762157533e-02	-1.683320762815703642e+00
nan	-1.352425896191316035e+00	-3.861231296540579283e-02	-1.319514862372960451e+00
nan	-4.141049423013165032e-01	-8.935152208895632553e-01	6.522603426575230845e-01
nan	-1.430263699600656524e-01	-2.278937502624708067e+00	2.116876576980389058e-01
nan	-1.217031330804240419e+00	-6.453168748334958682e-01	6.436843324115274489e-01
nan	-1.965278079213518825e-01	1.291801250595994599e+00	-3.864822339259278428e-01
nan	-2.370276094221269170e-01	1.308513361929297902e+00	-7.462347581042747535e-01
nan	4.195170555158909131e-01	-1.379497516676908564e-02	-8.818238082161613534e-01
nan	-1.490109227912181367e-01	5.226071033324803938e-01	1.262071130333892288e+00
nan	-1.127499805796632337e+00	-6.873854773562120268e-01	1.365959283255904433e+00
nan	-1.826400252640957289e-01	6.736801968797219153e-01	-2.224486486249710182e-01
nan	-4.548118021847386006e-01	-1.196904795254940534e-01	-5.778384545932323535e-01
nan	-8.849942322351962432e-01	-1.221763017965910025e-02	1.831646907032091987e+00
nan	5.366856932889771947e-01	-7.604568934241802136e-01	-7.206614385097838138e-01
nan	6.912229716788147460e-01	5.147063056655301061e-01	-5.076059941507112816e-01
nan	4.804040865142755190e-01	1.309296268630548044e+00	2.024632676306153289e+00
nan	1.027566179317095596e+00	-4.209246446942115361e-01	2.164658169054306525e-01
nan	-9.546361546404166787e-02	-5.213649929626680279e-01	-2.408069940267646980e-01
nan	-2.456223492792677932e-01	-1.731995351149732576e+00	1.149431128352728537e+00
nan	8.975215328644439161e-01	2.477972717871641528e-01	-2.669750935414223481e-01
nan	3.150411414752334327e-01	6.984399720306954107e-01	-9.749961894074471447e-01
nan	1.093537795144733593e+00	5.397985350993412812e-01	-1.540924036723650081e+00
nan	3.963730897979747425e+00	1.187245302435682603e+00	-2.471648482917914724e-01
nan	1.922901785618137627e+00	2.785410862839661217e+00	-7.720268622133199532e-01
nan	1.314061548610838903e+00	2.343012539115274961e+00	2.250982887103255337e+00
nan	5.395591379657505016e-01	2.581404986466139917e+00	-4.933583072322718088e-01
nan	-5.077662844508620266e-01	9.077650961976189148e-01	1.871260545932239783e+00
nan	-5.327784271650404246e-01	5.960909711824915469e-01	-6.490357307596583691e-02
nan	-1.584420571235452213e+00	-1.450801329476821611e+00	-2.528292942915533748e-01
nan	-1.707011139129267718e+00	-1.179583738376963398e+00	5.683424167752371137e-02
nan	-1.836222704178104292e+00	-1.317970256357112291e+00	1.715605768262607800e+00
nan	-6.313778911318679299e-03	7.944075798863761140e-01	-6.423942379908466060e-01
nan	7.695224504387898623e-01	-6.939443071604332047e-01	-1.143403282096598694e+00
nan	8.396730552690876426e-01	1.012762919119253757e+00	-4.960911027777076820e-01
nan	2.472432401435342708e-01	8.365004879829767148e-01	-1.445782148982139304e-01
nan	-8.975107598104883344e-01	-7.405582533135106615e-01	-1.507818554119721988e-02
nan	2.476119493704687646e-01	-2.242007246423329381e+00	4.198655419251929866e-01
nan	-5.961540963070641741e-01	1.334418400017858275e+00	1.434136743121139368e+00
nan	2.137119909674526086e-01	-1.563943694500214421e-01	2.443622853291808283e+00
nan	-1.053112603031078676e+00	-2.400062732916076746e-01	6.430019543351173095e-01
nan	-7.333574835391842850e-01	-5.974313198568779182e-01	-3.578567026904616588e-01
nan	-7.690161056122403194e-01	4.331627583046386287e-01	8.966390595993660728e-01
nan	-2.410635131470193204e-01	8.659727458910801978e-01	2.249346250673794068e-01
nan	2.165051270022974872e-01	2.319274489692023877e+00	6.014429529699787391e-01
nan	-1.012533859991989527e+00	9.244062433867926698e-01	2.899019549912009719e-01
nan	1.300016802441072317e+00	-7.780825367089107270e-02	-6.629813559334012396e-01
nan	-2.605866860228206461e-02	4.443138790831019924e-01	1.094663522402948619e+00
nan	-9.601514609503497555e-01	5.546463105285973638e-01	-4.026152997785440446e-01
nan	-1.025324318220486752e+00	-2.880122050593067473e-02	1.730326711000863771e+00
nan	-8.350433087696476075e-01	-1.334330630529828865e-01	2.751286264160555550e+00
nan	-1.369132409150807472e+00	7.078840668842563133e-01	2.101103983635002947e+00
nan	1.041192271515597678e+00	1.264310570895989860e+00	1.428449761775396620e-02
nan	-6.723292019860657165e-01	1.984557216409404301e+00	2.354438964490370989e-01
nan	-1.450971403479294874e+00	1.161493009992839553e+00	9.967907306213701357e-01
nan	-1.300327348116467219e+00	-3.062136235702589415e-01	4.014441495857168363e-03
nan	-1.045191587259244770e+00	2.187062415337165389e-02	-1.152761188440839524e+00
nan	-9.938396727940371211e-02	6.253585369987717524e-01	4.114173130521880939e-02
nan	8.227936657088109618e-01	4.643259883312116365e-01	1.131003380589446911e-01
nan	1.131709316396850573e-02	2.025934500371084024e+00	-5.691113433287023349e-02
nan	9.449898462370809327e-01	1.161409728802071495e+00	1.344297870280689366e+00
nan	9.168822850443805184e-01	1.331306805056192477e+00	1.539013628250013310e+00
nan	8.415003391720743409e-04	9.542543362507993621e-02	7.335537967390011183e-01
nan	-4.804200696445792285e-01	-1.687584828061558184e+00	-8.253118156892452761e-02
nan	7.550469108567192666e-02	-5.045594572755454088e-01	-1.197445071754551726e+00
nan	-2.320185904278986022e-02	-4.267037180204102942e-01	-1.545846770493779498e-01
nan	-9.999733915868710965e-02	3.589083252155609305e-01	-5.485208230487735870e-01
nan	4.664564313319045086e-01	1.563373219007056614e+00	-6.239732252598653162e-01
nan	-7.923886185570738760e-02	-1.190440721308770655e+00	-1.039221055122978354e+00
nan	9.975923860740272264e-01	-1.503087239317326462e+00	-3.206622216988660456e-01
nan	6.710544077612468072e-01	-3.929508385155524031e-01	-1.296999213066396983e+00
nan	-1.860280715305857147e+00	-6.319712019751344556e-01	-1.067905488990098295e+00
nan	2.358345461524222753e-01	-1.110325552249841197e-01	1.007682278182619129e+00
nan	1.395856757211636712e+00	-2.601845825902893150e-01	-3.058488909531440481e-01
nan	-1.250053850875662231e+00	-1.111146406292976119e+00	9.211071904944914124e-01
nan	8.140145880925951927e-01	-3.586908998460444087e-01	-9.445586782412540572e-01
nan	3.829943997915397080e-01	1.962313979561371990e-01	1.024612420600107821e-01
nan	1.262053579243254120e-01	-1.924618299950053846e-02	3.275352214393145722e-02
nan	-2.113015171196323649e+00	1.780849640621651631e+00	-2.368586899955208713e-01
nan	-1.762334926852299644e+00	-1.926429065475561420e-01	5.280906317728668586e-01
nan	-1.333544240576523543e-01	-2.690323768180000741e+00	8.025814163290166947e-01
nan	-2.363076905795757909e+00	-1.313668585350224349e+00	-1.128825989263707807e+00
nan	-1.573673357188852595e+00	-2.706967693660284890e-01	-2.654885761090319374e+00
nan	8.713164741667562829e-01	-2.357037289937361280e+00	6.058072012924695660e-01
nan	7.786041021833628450e-02	-1.503313676459864690e+00	-6.583119749502264195e-02
nan	-1.019207700637448699e+00	1.824706503609417885e+00	-6.374347271406278770e-01
nan	1.595908015666496871e+00	-3.694290795082757484e-01	-5.075338635126380726e-01
nan	6.240972503794323112e-02	-5.748130422728076061e-01	-1.831892899596040847e+00
nan	-6.992257964436902062e-01	1.897029069480027086e-01	-5.282611934156118405e-01
nan	-1.359414777575141731e+00	-1.489117642198918512e+00	8.181589623103390219e-01
nan	6.475745544920497032e-02	-1.714866547752697201e+00	-7.358137841608630714e-01
nan	-1.147293685865530932e+00	-8.544233546930513068e-01	4.011960011311720420e-01
nan	-1.699433942201940440e+00	-3.420305765132192199e-01	-2.631999643675183576e-01
nan	2.111657143087031230e-03	2.100936181388887158e-01	4.042788042104034085e-02
nan	-9.936198369488667692e-02	1.553560405649748066e+00	1.586139723740818575e+00
nan	4.482603306880675875e-01	1.103430185688088150e+00	8.980650465347056466e-01
nan	-3.173633389710611707e-02	2.039569437885357495e+00	7.042145058208900688e-01
nan	6.200765061799742295e-01	1.244789931161961904e+00	1.554706875867317040e+00
nan	-1.427891160700053952e+00	3.702720895309884463e-01	-6.027249592270240708e-01
nan	-5.972247147437288461e-01	-1.422247271207006225e+00	-6.554388324102000674e-02
nan	-1.080834478044780278e+00	-7.021420671863951579e-01	1.505948645019941523e+00
nan	8.238635262123206182e-02	-1.705039815552010563e+00	6.733618832104948382e-02
nan	4.846490282546347395e-01	7.508109661939188495e-02	-1.072071732024521884e+00
nan	6.295731953815313364e-01	7.684436794639335488e-01	5.167600554296649662e-01
nan	1.319338700851416135e+00	1.287165141886623121e-01	-6.122269354931402230e-01
nan	9.129863331761254308e-01	1.059475535612606212e+00	-7.064275930831193095e-01
nan	2.406633717469816025e-01	6.489859670740717457e-01	4.374945856796810806e-02
nan	-1.387615275248299307e+00	1.635407043732569399e+00	4.851042759871840304e-01
nan	-6.670463678706894939e-01	-6.644878087522470000e-01	9.383888019772242961e-01
nan	-4.727032145483456294e-02	7.826380368216763195e-01	-1.149026747022119377e+00
nan	-1.373749380252553554e+00	1.331744389521426264e+00	1.062908212152583909e+00
nan	-5.449983743444946072e-01	-2.076544739032684550e+00	1.148086387380762075e+00
nan	4.412918334509696727e-02	-2.474413979824098497e+00	-4.741311646406639602e-01
nan	-1.903358920492515649e+00	-1.286872780281099526e+00	3.016563713786520884e-01
nan	-1.692402876823716262e+00	-5.196817001178228868e-01	-1.548890687813051281e+00
nan	-2.284789165664883104e+00	-1.136822145427676567e+00	-3.821252928698399831e-01
nan	-1.670388120566693058e+00	1.852476753444940449e-01	3.423977583863356822e-01
nan	7.507051908143687058e-01	-3.080464343717468356e-01	1.625656330967954144e+00
nan	-9.158357912579520588e-02	-4.976003231789135062e-01	2.447244896197436681e+00
nan	-6.544555514895323833e-01	-7.775172315800809031e-01	-1.089571102191658536e+00
nan	-7.716013598700446341e-01	-9.712199012110280805e-01	-1.356225414063492174e+00
nan	-3.355668925555414517e-01	-3.700084466327112631e-01	-1.390748535675542019e+00
nan	-9.403710756452281494e-01	-5.247589736604421073e-01	5.451628830098856904e-01
nan	7.169547412836652089e-01	1.322918453668912475e+00	-8.409478180787036683e-01
nan	-8.528397452584034477e-01	7.754898444016593562e-01	5.036351129662515191e-01
nan	-1.358045625444473270e+00	-3.740406851224397089e-01	-2.730496758091399134e-01
nan	-1.805826444577152134e+00	3.285592211506749294e-02	-9.852189027088518181e-01
nan	1.436259680137733419e+00	-1.129287466333082968e+00	-5.121601468792134071e-01
nan	1.492524562603016358e+00	-3.376380547626373074e-01	-8.895199900312824592e-01
nan	6.616110852898977601e-01	7.674791898540667123e-02	6.062943917604247668e-01
nan	2.475337135123327204e-01	-9.244203524591828591e-01	-9.787520571758366872e-01
nan	-3.662965360874036458e-01	5.221599162612110545e-01	-5.228397581551488260e-01
nan	-1.373646692052598262e+00	-3.571477443223549653e-01	-3.393245460709528455e-02
nan	2.095036740849266499e-01	1.131153838001122569e+00	-8.756335021507088978e-01
nan	-4.121980811780920351e-01	6.173988604494611288e-01	-2.498443999519883163e-01
nan	1.109216755876045318e-01	1.077263460125319205e-01	4.309705696012159359e-01
nan	5.639599214939086114e-01	1.522529558308209685e+00	-1.174604217418271812e+00
nan	4.887686411435554490e-03	1.407624778251393760e+00	-1.008915460135809905e+00
nan	2.273881049621939987e-01	4.179287862624139205e-01	4.463981568947349432e-01
nan	2.637549149876854959e-01	1.388430647218299674e+00	-2.118820678450741735e+00
nan	1.528253958246110322e+00	-1.633800134377302316e-01	-5.567661981917537695e-01
nan	1.949229579666752699e+00	1.604463288415994837e-01	-8.364195902157689488e-02
nan	7.735385604575913954e-01	2.380552746768651584e-01	-1.281322200972579317e+00
nan	1.168734963006170802e-01	-7.800005681465167484e-01	1.030658298409097284e+00
nan	-5.063736545809254253e-01	2.090958776980157974e-01	3.723437066692349418e-01
nan	-2.050369392561273152e+00	-1.542023540057652520e+00	-4.826003012658331981e-01
nan	-9.674581819130630977e-01	-2.120946940365107558e+00	-1.448721968379507397e+00
nan	-1.554906558050267007e+00	-3.325770059577034532e-01	-3.221037288428217682e+00
nan	2.552705239555926875e-01	-6.908336014981285578e-01	6.458747664622932483e-02
nan	-1.566410336808510051e+00	-1.290685552540107084e+00	8.928594043006716774e-01
nan	-5.260556633843487262e-01	-1.401917670756128942e+00	-1.102010000143195834e+00
nan	-6.423913324694222604e-01	-1.721926864760366271e+00	-1.751670210471499844e-01
nan	6.597701094184097448e-01	-1.082676701615391091e+00	-5.776321732694932320e-01
nan	1.316152178735177647e-01	1.037635091579581559e+00	-2.148681341982524806e+00
nan	7.520679502944762618e-01	1.036420851758745210e+00	-1.391512279818370335e+00
nan	1.791721136591872598e+00	6.446927563827897778e-01	7.327818760204974913e-01
nan	2.557859617734804525e-01	-8.754486273171059318e-01	5.052482776139225473e-01
nan	-6.758148640622475556e-01	8.529951418938208629e-01	-6.711294253253773379e-01
nan	-3.617534194435004929e-02	-8.903192466673414129e-01	-6.131385285717353417e-01
nan	-4.016727905897189421e-01	-2.981182702596913980e-01	-2.140593483740425906e+00
nan	-1.538650695302494320e+00	1.585961639419721791e+00	-1.860775001983910437e+00
nan	1.497450572818806336e+00	1.154644222693241185e+00	3.214690018620815493e-01
nan	8.177584250644827080e-01	1.443669777243827390e+00	8.064029286445972833e-01
nan	1.349905235261758207e+00	-1.415358148412044770e-01	1.935407173199255926e+00
nan	7.510033772965887255e-01	1.310421656379207933e+00	-4.258140553106660731e-01
nan	9.597769339947204159e-02	7.482459888658613556e-01	5.107061395085934485e-01
nan	-1.383011274550880465e-01	4.537103255981337346e-01	3.978047890228695316e-01
nan	-9.012404990727063137e-01	2.181662973260252603e+00	5.489803914154418596e-01
nan	7.857256756460342384e-01	1.710278222931713277e+00	1.321906988112054204e+00
nan	1.781708995574627252e+00	1.378453920486395923e+00	1.328588010059703617e+00
nan	1.949110706335961840e+00	2.378819618929686186e+00	9.930011261217255303e-01
nan	3.030029313603471053e+00	1.855599030890333845e+00	1.014406968863977854e+00
nan	1.236591611318918815e+00	4.753696009783605625e-01	4.452262534520982085e-01
nan	5.311202224184753407e-01	-2.649615011303882994e-01	-6.298184664696377943e-01
nan	2.197660693841017476e+00	9.560579082006112062e-01	-1.053086992174542491e+00
nan	1.785446170603112170e+00	1.363586618632672387e+00	1.743145312839076977e-01
nan	6.883989675958863685e-01	4.405297981899276571e-01	1.101360023621865469e+00
nan	9.949239981218629403e-01	-2.197695201412023458e+00	9.522539543490637914e-01
nan	1.681413579106442180e-01	1.452513915360517105e-01	-3.439388053885908958e-01
nan	3.058815443505840670e-01	-9.160212832468009880e-01	-2.150604222262111065e-01
nan	1.424816190558016782e+00	-6.946592244102376412e-01	-1.033377360064809958e+00
nan	7.224346709550660828e-03	1.959170752135888538e+00	4.075710999107426957e-01
nan	1.145934311852728982e+00	-5.526649228284485904e-01	2.031643882244789090e+00
nan	2.589594404307382081e-01	3.407366896555491520e-02	-1.457809166917903632e+00
nan	9.521866135328032055e-01	-1.751356584203772049e-01	1.312404162618185932e-01
nan	-2.233665170180682225e+00	1.722204682504051287e-01	2.353169919963699896e-01
nan	-7.167343453965412392e-01	-1.037006006500497124e+00	-5.371567002651856937e-01
nan	1.447676655208538943e+00	-1.872185950300186086e+00	1.231504093538236644e+00
nan	-1.181227545309821769e+00	-1.300940008603019393e+00	-2.139422204761249335e-01
nan	-1.918163867734899997e+00	-2.947518458373802552e+00	-9.251839678939923761e-01
nan	-1.074036868114026433e+00	-5.870663112863299116e-01	4.248177324453750181e-02
nan	-1.708695063432516870e+00	-2.456817989306876004e+00	-3.440445782206643655e-01
nan	-1.288501320458661503e+00	-4.751947264947472549e-01	-1.410918576984747208e+00
nan	1.986563046156677448e-01	-5.245575420535604216e-01	-1.477367242056778718e+00
nan	6.363287717483697703e-01	9.814934663116341440e-01	-9.586075345045266261e-01
nan	-3.634735029846031251e-01	2.072135254573951091e+00	-1.515798593129280558e+00
nan	1.019990410206314202e+00	1.101282998253540368e+00	-1.864784181196993129e-01
nan	1.146848904157138360e+00	2.446663259462015017e+00	9.030522001063989723e-01
nan	2.700475307500571631e-01	1.130591242429804799e-01	1.423290227364740090e+00
nan	-7.899248095019638649e-01	-2.970473555384998132e-01	-1.024668321139081906e+00
nan	-1.789679459104782655e+00	-7.462540082257885787e-01	-2.040955804304823928e+00
nan	7.485023755698079206e-01	-2.531906808957646859e-01	3.694929763532142086e-01
nan	-7.870529024562066267e-01	5.124079114846461502e-01	1.131841513531863574e+00
nan	6.063031637680648123e-01	-2.801904810501082976e-01	-3.659948584494688850e-01
nan	-8.375969323726432103e-01	-1.188895969954030685e+00	1.156210694770407832e+00
nan	5.340304666761108709e-02	-1.560083062994199743e+00	-5.870852536925434961e-01
nan	1.481481235978061139e+00	9.595271000252327820e-01	-1.170681219305861553e+00
nan	-6.590248291119525925e-01	2.702532137850784277e+00	-1.748765376388002890e-01
nan	-8.520050296637604603e-01	-7.056385016507709107e-01	1.410426517301456961e+00
nan	-1.940241284021329005e-01	2.330059743724206545e-01	-1.735634753095772975e+00
nan	1.057658456017663395e+00	-1.259307510520541462e-01	-4.409533636292739534e-01
nan	3.129933904581294613e-01	6.701695766542167254e-01	3.639709350710110258e-02
nan	8.068602380585488953e-01	-2.971830881801483804e-01	1.968927534718768246e+00
nan	2.343458355027616680e+00	3.731103696289338467e-01	1.642206016585020301e+00
nan	2.346451522118266908e+00	2.384075843226495017e+00	-1.528893683551407534e+00
nan	2.158062858063454215e-01	-6.033929534269732997e-02	4.253181151653243619e-01
nan	1.881871701815797771e+00	1.888057474298213467e+00	-9.028838255350155606e-01
nan	1.068438885200562183e+00	1.624539823792495952e+00	-6.421437931808043897e-02
nan	2.329806150331521497e-01	2.294711339007667661e+00	2.429348870863439203e+00
nan	1.439083674405249536e+00	2.858998800998802992e+00	1.355277477489407856e+00
nan	1.560392912806352506e+00	1.646929506802006671e+00	1.396241271293769071e+00
nan	1.132992449945845248e+00	2.094682953353916410e+00	3.076301799957055216e+00
nan	9.523667547341574391e-01	-2.051478196486152816e-01	7.286631447430647057e-01
nan	-1.119380755913266912e+00	-9.244102577612833826e-02	2.856753763873169927e-01
nan	2.739237029862437445e-01	-1.681057400458250584e+00	-9.566312148425538675e-01
nan	-3.072911834895922789e-01	1.291128308540997693e+00	-7.441585990551267127e-01
nan	-1.713229035063266847e+00	-1.488418635100169363e-01	-1.381763416858365900e+00
nan	-2.436945614361796686e+00	-1.979695829628513870e+00	-9.681294558439434983e-01
nan	-9.240430660230722903e-01	-3.244116204264118064e+00	6.063677044955438911e-01
nan	-1.409151753710297328e+00	-6.920431044877612958e-01	-8.714519120519959028e-01
nan	2.954841552635067981e-02	-1.048060919301255778e+00	-1.834645408008638290e+00
nan	8.780305481417578495e-01	-1.345487805911934065e-01	4.388246610586963303e-01
nan	1.153875642052333061e+00	-4.725150241485224778e-01	1.993976366316273230e-02
nan	3.199538452937510935e-01	-1.887414467438541243e-01	-6.952768351075899744e-02
nan	1.229792072564981131e+00	-1.202713438841866989e+00	-2.509523090051827277e-01
nan	-1.309948972754529928e+00	-9.064250246916089049e-01	-1.683120963849259244e+00
nan	2.241167544140970636e-01	-6.464091664634357137e-01	-1.359001956925004695e+00
nan	-3.973724995542520233e-01	-8.247982745123229043e-01	-1.204101084668300348e-01
nan	1.123822205307726918e+00	-1.120575222434299523e+00	-8.868728706233020009e-01
nan	2.357945604856214405e+00	1.370526600427749875e+00	1.173107774151450400e+00
nan	3.153553488433261887e+00	2.450915792071943766e+00	1.167823537684289370e+00
nan	8.813982773139146243e-01	7.827633433992553513e-02	1.827579456227394372e+00
nan	6.313255868182838793e-01	-8.163064136917136393e-02	-3.726389527840643368e-01
nan	-5.773994196553146052e-01	-4.679090178768177677e-02	-7.473849718986851354e-01
nan	-4.647389054515428386e-01	-5.992026634800095009e-01	-8.468230315589564405e-01
nan	-5.440734340167158178e-02	1.278764068775731566e+00	-1.306529029145859333e+00
nan	-4.818505682948405200e-01	1.565793161156647129e+00	1.293766105456524373e+00
nan	6.330481109223222713e-01	-8.361635414421165757e-01	2.438011552983368802e+00
nan	-8.495273236659791616e-01	6.833087507358293067e-01	1.912860794345531801e+00
nan	-1.697813084030038278e+00	1.695633519588614357e-01	8.273539619602607864e-01
nan	1.201382544145936482e+00	-7.118529788162180072e-01	1.845870296869034644e-01
nan	3.068488854148582190e-02	7.568364901125860245e-01	-1.184261025088374053e+00
nan	3.402957116318979791e-01	2.140754241711835260e+00	-5.913923377301311124e-01
nan	5.302769222562629947e-01	-1.727867661849766145e+00	1.959301414815824427e-01
nan	-1.070094270839140327e+00	1.419399529688619155e-01	-1.227704199834845467e+00
nan	-1.121708372713140056e+00	-3.554467886002057320e-01	-4.914498461699795540e-01
nan	-4.027857348675313309e-01	-4.571457625561919369e-01	-1.485923100662179142e+00
nan	-5.277056586589662368e-01	-1.921992724615964598e-01	-2.180683788811472734e-01
nan	-1.058182224250270975e+00	5.968800117536429140e-01	-1.493690255795528943e+00
nan	3.018967396613926324e-01	-1.694209751522023133e+00	-9.599270348588727630e-01
nan	4.208901418921974225e-01	2.470613934228652608e-01	-2.118969187672949506e+00
nan	1.329144141606200424e+00	5.175723320406557804e-01	-1.027222779133401209e+00
nan	1.334492216054497415e+00	1.540362902147289770e+00	-5.848358182550085216e-01
nan	1.694093316953954709e+00	1.991001383908283628e+00	4.027496093155042423e-01
nan	9.676823912635243996e-01	1.440848815890629186e+00	2.223620896236993438e+00
nan	1.147188067267545186e+00	4.548648817118955967e-01	1.144248944484186570e+00
nan	8.572562918391782860e-01	-9.348692245001204437e-01	8.840504171939982392e-01
nan	-1.766488013775182608e+00	-1.279074027782170220e-01	-5.072316715412131943e-02
nan	-5.968714993444349526e-01	4.197462240156178970e-01	-1.884120491785588047e+00
nan	1.379191190585329796e+00	1.259779229331638994e+00	-2.095186998917067944e-01
nan	4.064436575081378789e-01	-3.066056934533961664e-01	-1.718370653386422475e+00
nan	1.011638465145006105e+00	-1.342935183876149630e+00	-1.657261024537706184e+00
nan	9.063671519450477998e-01	-5.109499352866424537e-01	3.859233249235446417e-01
nan	-1.052704080012738075e+00	5.705674267254449150e-01	-1.270598938296307656e+00
nan	-2.281707521005465811e+00	4.332499369809682532e-01	3.899818399280515213e-01
nan	-8.729182714296088719e-01	-2.740519726596680528e+00	-1.951742943524306662e-02
nan	-1.273227433474504844e+00	-1.164119808628594654e+00	-1.154318685494991392e+00
nan	2.070029803434723092e+00	-6.457436383645200895e-01	-9.009264890465058517e-01
nan	7.725202964493272928e-01	1.813292188652339876e+00	-1.201549513810586056e+00
nan	1.340635557552546597e+00	2.802401474095009837e-01	6.549371999315363180e-01
nan	1.113863283877130961e+00	1.778516548040288692e+00	-1.020155619244803358e+00
nan	2.079284831800181976e+00	-4.398294311028371206e-01	8.837655050600748963e-01
nan	4.286775774043961595e-01	8.411679442073566326e-02	2.101639003694136254e-01
nan	-2.252670228795074170e+00	-4.661592326238810369e-01	-9.872148012607064871e-01
nan	-2.453217739920813045e+00	-5.316703787496013245e-02	6.306242521836651349e-01
nan	-1.694627944898308591e+00	-9.030650876865391474e-01	-5.965739948571343598e-01
nan	-1.840976375969248346e+00	-7.902788015386796872e-02	-8.256164160515728767e-01
nan	-1.226590419026727607e+00	-2.139463492252632548e+00	-8.586885347928001622e-01
nan	-2.005014635189821703e+00	-4.334002239607753770e-01	-1.691011589894797051e+00
nan	-8.061323717478805495e-01	-1.435079571025584588e+00	-5.356246086355715974e-01
nan	-5.826146559685607684e-01	-4.268999059894867387e-01	-1.068761550332742116e+00
nan	-1.101137196797822071e+00	1.343826124172113334e-01	-1.433042569298040858e-01
nan	2.374111889569218703e-01	-2.389083363305229746e+00	3.409774225438468309e-01
nan	-2.113500254497728825e+00	-1.299277241062696264e+00	4.143825820871249732e-02
nan	-2.278092677048838333e+00	3.236788326948378813e-01	-4.529124857253830072e-02
nan	-1.751284758582212220e+00	4.571815296445572718e-01	-1.016693995108224780e+00
nan	1.306154006985403848e-01	-2.963653597208815715e-01	1.372551601850275249e+00
nan	-2.305466402401786519e-01	4.240921892907616869e-02	4.338345298557699792e-03
nan	-1.085907950478730566e-01	2.108055743318686670e-01	1.628247561168376656e+00
nan	9.855104653664492620e-02	3.030319910883226553e-03	9.157634869426489743e-01
nan	1.375550694213303116e+00	7.644270636706012034e-01	-1.428599317082335673e+00
nan	1.301863208581047537e+00	1.405137992705352890e+00	-3.437191909807535417e-02
nan	-1.430415977816513973e+00	3.766775909204064243e-01	-9.621692962745505007e-01
nan	1.946449737417700887e-01	-1.634623646276075482e-01	-1.631148151192335582e+00
nan	1.250335833266552177e+00	-2.598426353829860758e-02	-1.703302196080258124e+00
nan	-7.790596219792966792e-01	7.682089795786433140e-01	-1.752633206602795646e+00
nan	-9.962604052796530940e-01	4.260825330950995804e-01	6.992325182597065591e-01
nan	-1.347417053762718919e-01	2.749255669672351909e-01	-8.350733972806022587e-01
nan	6.839725956926454575e-01	-1.170488111105134177e+00	-4.772310012747151275e-01
nan	3.454280471541308906e-01	-9.860019408892970461e-01	1.046700425121853684e-01
nan	4.594884901171740754e-01	-8.575377259329617363e-01	-1.143296179246967581e+00
nan	-1.775700777873303160e+00	-2.026345401477668950e+00	9.735017787992974458e-01
nan	-1.870834738480779968e+00	-1.496688201258684181e+00	-9.541114855602821354e-01
nan	-9.916106879143725683e-01	-1.826815509918436220e+00	-1.605016460393707822e+00
nan	-1.664857152177474209e+00	-1.724005115781183761e+00	-8.649126836174200195e-01
nan	-2.701299294738880086e+00	-1.988947044472736625e+00	-5.482230823360045857e-01
nan	-5.542477328230681621e-01	-9.463738873699113485e-01	1.008786551783995789e+00
nan	-4.365433549430264848e-01	1.065483206002378891e+00	-4.433671496260304101e-01
nan	1.873371765014385737e+00	5.426926907706854930e-01	1.173794664354592010e+00
nan	8.749560660630477660e-01	9.002547334707926563e-01	-2.255221622339283805e+00
nan	1.667626604156275061e+00	4.037846869542698336e-01	1.185801499070645582e-01
nan	-5.217382454319792195e-01	8.505251062754002334e-01	1.795461388875053133e-01
nan	8.449458922061514610e-01	-1.218837085832409572e+00	1.766738382897500292e+00
nan	1.165738494940546044e+00	1.569184917352333675e-01	2.819612860184445013e-01
nan	1.578536922322047786e+00	1.746960241770174616e+00	-9.796768879865385138e-01
nan	2.966218215297581118e+00	9.114661104250002532e-01	-1.934319265554229617e-01
nan	4.832364072030853608e-01	9.372014214743528138e-01	-1.135125888291414586e+00
nan	6.597262366503926501e-01	-6.730115495201107745e-01	4.233825890049186524e-01
nan	6.340517283329470954e-01	2.253859630914019918e-01	6.242615408731282400e-01
nan	-1.976410266931170945e+00	1.155855397646846860e+00	1.054354654745109698e+00
nan	5.405886765651346515e-01	-5.006130732500178038e-01	7.930246883934787272e-01
nan	4.974764337340730203e-01	-1.675220422498031381e+00	-6.255729044670763628e-01
nan	-9.763204012723647462e-01	-7.022311031279733218e-01	-9.870970370670124616e-01
nan	1.357598364500312016e+00	-8.754970168745256354e-01	2.597334789352651052e-01
nan	8.031545444711389869e-01	4.379543969619514310e-01	-1.968779609235645545e+00
nan	-8.072537546175577727e-01	-1.662014933512787618e-01	-1.259146085585456820e+00
nan	2.785342792778711662e-01	-2.139226639600210422e+00	5.763851803932549256e-01
nan	6.209396767809255424e-01	-1.717623619602312246e+00	2.719745623263286061e-01
nan	2.302607800249212744e+00	5.246316084775226596e-01	9.885936248780420321e-01
nan	1.428271026668487043e+00	3.872782601411997594e-01	-1.532634469451793269e+00
nan	8.181791416203005873e-01	5.349878672039106720e-01	3.922255652989440899e-01
nan	2.307914937134239786e+00	-1.165675281649588557e+00	1.252759083479769719e+00
nan	-9.241953192433390862e-01	9.794439725907224670e-01	1.746391015757850829e+00
nan	-3.080201839280197529e+00	2.027965635756559859e+00	3.005557986094896439e+00
nan	3.716218271391048544e-01	-1.392955697004913285e+00	3.976067293138808356e+00
nan	1.487254580895489564e+00	2.067395618934236845e-01	8.221722075231943094e-01
nan	6.821192002143017241e-02	-2.239508627515707229e-02	-2.509746896517139891e+00
nan	8.450129908779965282e-01	-7.898069781087702079e-01	1.094556097629157509e+00
nan	-2.484640868947900552e-02	-4.011539437573304334e-01	1.330335169595282752e+00
nan	1.920580624076097420e+00	-9.340316384670686034e-01	1.303836502137097231e+00
nan	1.669823716394095992e-01	2.031418220964074539e+00	1.550134222813599028e+00
nan	1.497642866470997980e+00	1.112199718449835784e+00	1.382471118322798009e+00
nan	5.763121809000619766e-01	-3.789824108955818227e-01	-9.700876532548523556e-01
nan	-1.142886652957292998e-02	-3.735097309180358538e-01	5.043163207558012395e-01
nan	-6.863421251560952729e-01	6.332479574032974512e-02	1.540761663757288791e-01
nan	1.129933638224309700e+00	4.793226759696460615e-01	-3.843706161111294928e-01
nan	4.827709098795324172e-02	1.284238756833646411e+00	1.071462581857700380e+00
nan	-7.690170575568713307e-01	8.025993178840771236e-01	7.980995733633965417e-01
nan	-1.194694709826418677e+00	-7.268072377571997977e-01	5.690894470354233015e-01
nan	-3.030264613648369076e-01	6.686271120810933777e-01	-1.245652421244743124e-01
nan	-1.673667288589007762e-02	1.534044385137759869e+00	-5.507737461641258880e-01
nan	1.950004088218337595e+00	-1.697610167406589987e+00	1.610236836961240092e+00
nan	-2.061287328467946711e+00	3.706447291020225077e-01	2.644382083637337733e-01
nan	-7.038927551591916965e-01	-5.742197330075909933e-01	5.281371690738820845e-01
nan	-7.223671679497395415e-02	-9.002953947615199848e-02	-1.674025029596403646e+00
nan	-4.572118865085696426e-01	7.748214758827364212e-01	-1.166701722657379037e+00
nan	-4.739665950018272234e-02	-7.422968624517009006e-01	4.659993005063544080e-01
nan	8.446887866227392738e-01	-1.549817300960720345e+00	-7.018113252540584268e-01
nan	1.853809908902255554e-01	-1.047164568151188746e+00	-3.261198486469951696e-02
nan	3.271092111136258973e-02	-5.056479301922593983e-01	4.488316025679836008e-01
nan	1.126341686039702861e+00	-1.029773939997259413e+00	2.507841912361288284e-01
nan	9.878939259752308466e-01	1.041418088069854919e+00	-1.257602957761577711e+00
nan	2.432967120632731017e+00	-5.797489980366395956e-01	4.745791505373291030e-02
nan	1.486966111725620765e+00	1.882710637327751346e-01	6.019145111068104903e-01
nan	5.057540457592566430e-01	3.864471698651433806e-01	5.573089182990508261e-01
nan	-5.482008014867651990e-01	1.499090514257497730e+00	-5.394813090233583353e-01
nan	7.043129483813947989e-02	7.651001252086344628e-01	1.127621121680729921e+00
nan	-1.524941284771667904e+00	8.235048750247586646e-01	-4.748580112905930184e-01
nan	-1.782818362996976269e+00	-1.234227018342636484e+00	-2.449865818223840197e+00
nan	-1.786784104976247844e+00	-1.273881382663471395e+00	-2.462214071203201904e+00
nan	-1.822730251839864257e+00	1.521807677644478440e+00	-9.455034870061593821e-01
nan	-8.452134081797957332e-01	-1.248711201991661079e+00	-3.938081437883905744e-02
nan	-1.315447163707206268e-02	4.134335974446656792e-01	1.281034944125106545e+00
nan	-7.450590871095521539e-01	-1.031591245733039841e+00	1.674624812279651653e+00
nan	2.580187229327752796e-01	-6.264368491491156821e-01	-1.409130945523824785e+00
nan	3.875622623239164954e-01	-4.995889604548785917e-02	-5.164767807733674498e-01
nan	8.840892964970210599e-01	-1.000347851866595583e+00	2.757349198301217719e-01
nan	1.432079633224347059e+00	1.059794516249553675e-01	5.580764689997019801e-01
nan	7.682655749170341775e-01	1.485896436665182230e-01	-9.077718505886708256e-01
nan	1.546541437797551044e+00	-3.637309843335489457e-01	-6.261015009730398484e-01
nan	1.450102284709811284e+00	1.297829240609631452e+00	1.891742168044037720e-01
nan	-5.092260863528830228e-01	1.290361008578952973e+00	9.735464256079084944e-01
nan	6.872750264486791050e-01	1.689373242067529812e+00	-7.360442781186703476e-01
nan	2.091977765806393386e+00	2.258281783285421618e+00	-2.762760038409653451e-01
nan	4.511235247334743903e-01	2.874887268056318668e-01	6.222759095654406547e-02
nan	1.338787390138973521e-01	1.276150561692551033e+00	1.479197719483095197e+00
nan	1.482742833520472647e+00	-4.926237075139339172e-02	-4.717130377217713111e-01
nan	-9.071476003216071282e-01	-1.391630139601774951e-01	1.100234915315348116e+00
nan	-8.182217369140332153e-01	-1.233098184774700901e+00	-1.290883672421074602e+00
nan	-9.202143132931663860e-01	-3.367783965686214076e-01	-2.362241811976537598e+00
nan	-1.817387609086321409e-01	-9.289966972485257379e-01	-1.408038903818818799e+00
nan	-1.843166943375134981e+00	-6.394505616101348044e-02	-7.845919234391560693e-01
nan	-7.678209110456737374e-01	-5.777137131703798945e-01	-2.164496836062039242e-01
nan	-1.300918114899351163e+00	-2.611482136900561968e-01	9.499344209246871618e-01
nan	-9.242674633765952663e-01	3.852196320371131799e-01	1.832561035161384133e-03
nan	-3.102350045140228607e-02	9.773215615713449766e-01	8.970114668494623134e-01
nan	2.356750553997189357e+00	-3.499018668436979507e-01	2.851029518466809964e+00
nan	-1.166525892113049467e+00	1.631065058115495070e+00	8.337324968207897591e-01
nan	-6.376901201395061003e-01	-1.786143990116090541e-01	1.165528461074676780e+00
nan	-4.233688697824609104e-01	-8.509123742416938585e-01	-6.432575163480719338e-02
nan	4.079521624765432009e-01	4.361704484611601540e-01	-1.492389734777590515e+00
nan	-1.636566746065259981e+00	-1.052195490197026517e+00	-8.405952065311197985e-02
nan	9.469377024623137906e-03	-1.329171451483163624e+00	-1.174353312915225267e+00
nan	1.413324963426357606e+00	9.287693855289408384e-02	7.327818500123669532e-01
nan	5.402976264833573294e-01	-2.988073737408708519e-01	1.871252266711466161e+00
nan	-1.063159319866965546e+00	-9.237382021544837674e-01	-2.820975975196261309e+00
nan	-1.322349388267424652e+00	1.664140026563365904e+00	9.223473756904858600e-01
nan	3.322387017662971065e+00	4.852501499726862288e-01	2.144116746878109048e+00
nan	1.855484068469637204e-01	8.613881815844526280e-01	1.386443446482835462e+00
nan	3.385871760149492538e-01	5.913405981676993495e-01	9.212749785224916277e-01
nan	8.442709164565063151e-01	-7.330562851390018952e-01	-1.056206637389997649e+00
nan	-1.106122687580245179e-01	6.856378206150460786e-01	-1.403136400502723591e-01
nan	2.282264494267789989e-01	4.459942267121211334e-02	1.334436012048306530e+00
nan	3.868007591698968684e-01	-8.606877883652660488e-01	2.034834066497879235e+00
nan	-2.248015142477882700e-02	2.222742128640178838e-01	-3.076443758106464088e-01
nan	-1.457394796343661758e-01	1.352958020234342751e+00	-2.251150911976536606e-01
nan	1.075925402675571796e+00	2.078907410010219226e-01	1.689073759777929951e+00
nan	7.173888534425059138e-01	-1.503553711058980058e+00	9.135649268898095032e-01
nan	8.490849942369519399e-01	-1.384115294297080911e+00	3.053662086619012284e-01
nan	-1.520368929879939657e+00	-8.688987066735030795e-02	-2.529070382313466148e+00
nan	1.463917233023462661e+00	-2.239259787774669608e+00	-3.571627913589105474e-01
nan	-4.758043483596314793e-01	5.158804447883104105e-01	-3.364977640032109085e-01
nan	-1.176132767540475355e+00	7.416041160647224295e-01	3.588986733043025845e-01
nan	-7.687982305142588846e-01	-5.327564418567318771e-01	-6.358168024392725215e-01
nan	-8.361922448341785330e-01	5.636469359396989454e-02	-4.405904367686220291e-01
nan	-1.090187231179148730e+00	-8.003011481415616135e-01	-5.134830660823522797e-01
nan	-1.277115972525443843e-01	-5.735643752947180429e-01	-2.998123767517720251e-01
nan	-1.568649813269336502e+00	5.601673462082473742e-01	2.061827787571685722e+00
nan	-1.121462341124812134e+00	-3.840795130068755947e-01	1.065637003346418421e+00
nan	1.191908040933395974e+00	6.663492445713281587e-01	-2.576671355894490922e-01
nan	-2.125825339452838136e-01	1.473982440664897142e+00	1.674758506363593469e+00
nan	-9.830280817032160945e-01	2.592515825136919028e-01	1.890493126049501260e+00
nan	3.915742452893189451e-02	5.471917916644235547e-01	-2.466307457764405076e-01
nan	-9.406937844136463722e-01	-5.092394353108230520e-01	1.161870991966533762e+00
nan	-1.715793450912403095e+00	-1.143108159972772375e+00	-4.420845728153846022e-01
nan	-1.185596148005993111e+00	-7.399562443878804352e-01	-1.001250368548633807e+00
nan	-1.747116492885634198e+00	-1.198523624633808460e+00	-1.570698377389398104e+00
nan	-1.824097642961629573e+00	-3.805322019508385889e-01	-4.634956446819415987e-01
nan	-4.927212535391662929e-01	-1.311223681128447005e+00	-2.088473173037498576e+00
nan	-9.297102495601092809e-01	-1.275064501681298257e+00	-1.186175917878873554e+00
nan	-5.265008339119493508e-01	5.067964194949131640e-01	-1.164184127682309500e+00
nan	-1.615640988845004344e-01	-1.352178244049252569e-02	-1.711294020458556386e-02
nan	6.346590302117789406e-01	-9.831229094631755983e-01	1.487516645295080264e-01
nan	2.957191332721922916e-01	1.484924194919987617e+00	-1.146013206571217857e+00
nan	1.195426067210531684e+00	-1.613663447935183459e+00	5.384320266667278476e-01
nan	-9.577156439162464174e-01	-1.176415967936343066e+00	-1.975374464393356178e+00
nan	-7.110446507512996339e-01	5.054514705103028138e-01	-7.279484481065090495e-02
nan	-8.974997259047734488e-01	-4.387477126137596661e-01	-1.297131245243338782e+00
nan	-7.683020348537460409e-01	-1.740262946274263589e+00	2.208900511192402050e-02
nan	-4.731825334569432218e-01	-1.430725538304753464e-01	-2.407254327623808976e+00
nan	-6.146536601213346829e-02	7.572775636647028907e-01	-1.864228453684981579e+00
nan	2.008711472179229851e+00	-1.783151946724790271e-01	8.549565915403929406e-01
nan	3.298979233521862064e-01	2.375470356065356725e+00	-4.857471091896400361e-01
nan	-6.245653841544280827e-01	1.049043821601561843e+00	1.621111213703287923e+00
nan	-5.741359078295009688e-01	-1.281207401694556047e+00	-7.680815963093788890e-01
nan	6.339558973906145312e-01	-9.815214770348118511e-02	-6.861402496056395739e-01
nan	9.436892286890503634e-01	2.501161465475608692e-01	-7.598904107018741860e-02
nan	6.225151571972612485e-01	1.055673959978482124e+00	3.488193371791664665e-01
nan	-6.822060925395007080e-01	-3.304450936931699889e-01	-9.453404001872323104e-02
nan	8.965866736095065015e-01	-1.403015006167461109e+00	-1.394973523725646203e+00
nan	1.549907719973930842e+00	5.206840028553332278e-01	-1.478216603161625509e+00
nan	-4.856562585283987765e-01	1.334025225161220352e+00	-1.396314282683689845e+00
nan	-9.416304779386132084e-01	-3.925786572053250323e-01	-6.054556331657010571e-01
nan	4.136030350736741301e-01	-1.062529252753276143e+00	-3.109096117217963751e-01
nan	-1.961666292665934508e+00	-2.058432705341961266e-01	1.557456013178410981e-01
nan	-1.842180117584765409e+00	1.237023761746797845e+00	-1.498024529274327055e+00
nan	5.168958503069798205e-01	-1.808387663032354320e+00	-8.718592441275045957e-01
nan	-2.949288793994903290e+00	-1.766795089088441850e+00	3.716914421283677994e-01
nan	-1.651704025087535888e+00	-2.821246700395639628e+00	-4.159081141911816770e-01
nan	-1.876442571251608404e+00	-1.742406880527567647e+00	-9.799345131365125861e-01
nan	2.758426218574827615e-01	-4.801568095889863219e-01	-2.418879062568134231e+00
nan	9.188996236752413616e-01	-1.307636223155141941e+00	-1.032429789475540316e+00
nan	-1.231018032901133763e+00	1.745172888435325143e-01	-9.855651524462800683e-01
nan	1.747821603784011080e-01	-5.908795326878177878e-01	6.369460332466223562e-01
nan	-6.533208332095999937e-01	1.200702042166209349e+00	-1.200249926469150408e+00
nan	-1.381098725671537020e+00	-1.499052498671016531e+00	5.492871078071204227e-01
nan	5.676458831231512292e-02	-1.688662854814295233e+00	1.105723283042410410e+00
nan	-8.735717520641119727e-01	-7.050825201625896543e-01	1.011075972397694311e+00
nan	-6.131312490335204535e-01	1.367714158236459365e+00	-3.947479630200801948e-01
nan	5.024507397896625926e-01	4.070243182255223191e-01	1.394146204523261101e+00
nan	-1.670946439023554553e-01	7.537712529272142525e-01	1.887324602475106250e+00
nan	-5.694655009236863075e-01	8.652103884761785935e-01	1.401840167441089413e+00
nan	-1.038372868180937214e+00	1.679053250794045216e+00	-1.360142165946344184e+00
nan	1.483526467381452774e+00	-3.404295659546530128e-02	-3.458410084918825955e-01
nan	-7.912346692479023114e-01	2.389352888723951462e+00	-8.700969968781162578e-01
nan	9.804799682030601593e-01	-4.401534690657961102e-01	-1.456496140443091392e+00
nan	2.229924989722604778e-01	1.048159255110297394e+00	1.966936729359003433e+00
nan	2.388458820239725000e-02	6.436050110223960896e-01	-5.422975533994552899e-01
nan	-9.838227971237207825e-01	-2.358857523158270908e+00	-4.400097731514048260e-01
nan	-1.869884710191140664e+00	-3.984089968972398532e-01	4.714784278550414598e-01
nan	-8.898778189160632124e-01	-5.393622915766317361e-01	4.885232146967682931e-01
nan	-1.168963081492548017e+00	-7.824518651721327211e-01	4.022827553597755901e-01
nan	1.341128230328106241e+00	-2.672466214925222516e+00	-2.110447994081459999e+00
nan	-2.012007315985534728e+00	1.340390173765889648e-01	2.730626618463085631e-01
nan	3.240518566866846806e-01	1.749653758422022864e-01	2.285295395120194029e-01
nan	4.158812549906948375e-01	1.609180417845535560e+00	2.560626623465903640e-01
nan	2.479550452226145785e-01	-6.268836834543538572e-01	1.011604145605835559e+00
nan	-2.415742269392195052e+00	6.810595656756731620e-01	2.494830302385548482e+00
nan	-2.468309256834785304e-01	-7.499570141770763865e-01	3.212566768212254953e-02
nan	3.334120638779929924e-01	-3.713871879822247535e-01	-1.201114601039349639e+00
nan	1.924351734701252647e+00	1.180257354026473138e+00	-1.677283825267517070e-02
nan	1.322324770903608337e+00	-6.519346190413715103e-01	2.988379688928266553e+00
nan	1.234570380504112830e+00	-5.423871725025299906e-01	-1.032732012174886194e-01
nan	7.497797377735616609e-01	-4.215151909326835256e-01	-8.593988481182348593e-01
nan	2.393152755439761914e-03	1.516787576103705293e+00	-1.787094851270943696e+00
