nan	4.469484681828791994e-01	7.256693425962197352e-01	-2.190711400214403193e-01
nan	-1.431122853926736216e-01	2.060204185044069991e+00	-7.110718711462170605e-01
nan	-7.201383824685457791e-01	5.292178173987871492e-02	1.659960596825350798e+00
nan	8.086794913442223454e-01	3.859656119698647303e-01	1.631012069099503581e+00
nan	-1.198973312279448256e-01	-1.356534652863905510e-01	-1.286378781861574616e+00
nan	-9.403464310394187287e-01	-5.190089422581938283e-01	-4.633844718323698597e-02
nan	-1.810565708864001255e+00	-6.163745034352415830e-01	1.083791976762161546e+00
nan	-1.683252939553925298e+00	-1.332171496818470580e+00	-1.866818700613414317e-01
nan	-7.447638058773535796e-01	-1.743494888666602183e+00	5.480751255645233133e-02
nan	-1.082736005918601752e+00	-1.786402975926164594e-01	-7.813718081869563958e-02
nan	1.585223105908548424e+00	-1.267303772728756606e+00	-3.487159701076296137e-01
nan	6.307876612966694108e-01	9.314449283029053728e-01	2.065458074539651134e-01
nan	3.782094866380010245e-01	1.245217155353811611e+00	-1.328078438704662356e-01
nan	3.870712238174808251e-01	1.726518788306296459e+00	2.570937400680676888e+00
nan	-1.507261187503947220e+00	1.574493731446630296e+00	4.816207149389174491e-01
nan	3.422794723429522512e-01	-8.818404628476633755e-01	1.543942810940925003e+00
nan	2.439424946432332542e-01	-3.120539516058179252e+00	7.491466628174846543e-01
nan	-2.012085359712322941e+00	-7.552701559250212249e-01	5.234393816226101670e-02
nan	-2.111109086715305505e+00	-1.284526829504741174e+00	-4.393936960097986066e-01
nan	7.496625696136560713e-02	-1.274131753955935586e+00	-9.675725756675579436e-01
nan	-9.114214837322582863e-01	-1.741466237903415593e+00	-1.241550199864570159e+00
nan	-2.544542219849642795e+00	-5.043393366271985423e-01	-2.678401544366527443e+00
nan	-1.297481324571066796e+00	-1.553310212624158027e+00	-1.989707805019374831e+00
nan	-6.196589717090933425e-01	-1.582066738243641524e+00	-4.440651987072419260e-02
nan	-2.103923780750813322e+00	1.369615488104080070e+00	-5.112804874749041772e-01
nan	-4.103143722706560359e-01	-4.445266288470920424e-01	-7.102658399696026859e-01
nan	2.128489604098626753e-02	4.468298525727326664e-01	-9.712853134828058899e-01
nan	-1.394502474751840415e+00	-3.700719380080117471e-01	1.693915575922777084e+00
nan	-1.094375885578646290e+00	-2.022595120295421101e+00	1.084073952567010890e+00
nan	-1.332924227463782030e+00	3.999288840072349194e-01	1.682550842959735227e-01
nan	-7.705733748093286373e-01	-7.966574995851897212e-01	-1.995019217834536729e+00
nan	-2.320523693668013365e+00	-7.768841866423736864e-02	-1.344126165956506469e+00
nan	-2.862835985688994556e-01	-1.016575302721639318e+00	6.162100916824829744e-01
nan	8.001747766354005975e-01	3.399471654938514220e+00	-3.240851209909765829e-01
nan	8.966832615296118636e-01	-4.016378412689023403e-01	1.582596739034184630e+00
nan	6.771308699594819069e-01	1.594707904407737020e+00	1.189231988710890864e+00
nan	-1.030926097998531299e-01	2.108491358847601749e-01	5.543034930722190445e-01
nan	-1.994467079808839860e-01	-1.405604004092804726e-01	1.118123284019899799e+00
nan	5.523896371996348531e-01	-2.877438721329358962e-01	-8.261864230360280725e-01
nan	1.207944120238604757e+00	1.432299876425529028e+00	3.598687156700701162e-01
nan	6.912706691525840608e-01	-1.851728668274603695e-01	-1.636172113356412883e+00
nan	7.155589324681319585e-01	3.817651861261066315e-02	-1.166399693626647416e-01
nan	1.209080114404678774e+00	1.951203114266868877e+00	-6.815055240701141104e-01
nan	1.639456614568371773e+00	1.169857740691589765e+00	-2.415815281420060412e+00
nan	1.408977198118616325e+00	8.872477985985224302e-01	-9.811045380550926787e-01
nan	1.552204778285023012e+00	-1.729361403074971548e+00	9.270326977657601386e-01
nan	1.259758250859852380e+00	2.115096120907659361e-01	7.216408749374403353e-03
nan	2.995340414678516749e-01	1.108328822639893518e+00	-2.621475832838710551e-01
nan	1.773608409598788738e+00	1.206173306983098215e+00	6.674649129537890691e-02
nan	4.391603407177964713e-01	-5.060609638541242461e-01	-3.197268231809577976e-01
nan	1.102726818936696773e+00	2.595417470934325843e-01	-2.103862517466377202e+00
nan	5.826961219543070891e-01	2.046791400727508148e-01	1.450918925495790379e+00
nan	6.833553066881795646e-01	5.739520904078621033e-01	2.104960299724093709e+00
nan	-3.865386526275571555e-02	-2.180259906864953301e+00	1.317640171440293217e+00
nan	-1.570621484180699357e+00	1.141073764871832985e+00	3.808678792398473290e-02
nan	2.752660687964879616e-01	5.948235940131757493e-01	1.094500928647019755e+00
nan	6.196529270108028786e-01	1.574143076839434885e-02	1.683489522501264268e+00
nan	6.080723965736702930e-01	5.937353290813129902e-01	5.708916324860549008e-01
nan	-9.488538384355860167e-02	2.890122149191590495e+00	1.989908869922265788e+00
nan	5.278738635406404756e-01	9.724379056883863948e-01	2.293545707263379363e+00
nan	-8.724932611103475288e-02	6.427738780620712022e-01	-3.778229732048906664e-01
nan	-3.228564226080324340e-02	2.416422479555807024e-01	2.860662602975138302e+00
nan	-1.335076311426183437e+00	9.937934845415000162e-02	1.237286473942951215e+00
nan	-1.248710775555058383e+00	2.484931521042387237e-01	1.905780367114800589e+00
nan	-1.029957312495575206e+00	-1.030595255571108149e-01	3.043173791833662101e-01
nan	-8.768116777030419140e-01	-1.048043297489669734e-01	1.188549451727357598e+00
nan	-7.690559828049112756e-01	-3.100710745019099157e+00	1.014093862617126973e+00
nan	-1.750998966769516496e+00	-1.105102794597435212e+00	-1.051572589212471653e-01
nan	-8.106722159104524650e-01	-7.841622521321189865e-01	2.499788903756689495e-01
nan	-3.149709168102210466e+00	-2.188310708560051054e+00	-1.457564119052282003e-01
nan	-1.166036379290640967e+00	-2.993198565527642963e+00	-1.068766324705263004e+00
nan	-1.547842544915571494e+00	-1.531917359482142693e+00	-7.408717667783838445e-01
nan	-5.609268794569239880e-01	-1.597729513663965317e+00	-2.517454185657833854e+00
nan	-3.452134128506899047e-01	-1.370927641346932901e+00	-2.906705835672185323e-01
nan	-6.221842537716709698e-01	3.466595174461291062e-01	-1.373730573311783831e-01
nan	-3.840449210544323311e-01	-1.376169650681000389e+00	3.657053975649369182e-01
nan	-1.975660011120035975e+00	-8.029615004431807090e-01	-1.374710654933945619e+00
nan	-1.454037837521782617e+00	-2.413589548346192881e+00	7.371122733121853177e-01
nan	-1.042125076393455529e+00	-1.530116748935415050e-01	3.826199140199745274e-01
nan	-1.344791691154610724e+00	-8.784077321766819990e-01	-2.390378490699407998e-01
nan	-1.224341632149032799e+00	-8.898866190477907612e-01	3.883115657256739905e-01
nan	2.269846355890740019e-01	-1.169920588483304602e+00	1.097210446733096312e+00
nan	-1.178946333974987493e+00	-5.827184775386977655e-01	-3.172732867221568220e-01
nan	2.417104897465627289e-02	-6.745593209669092927e-02	-5.376461264824978770e-01
nan	2.408324120796894174e-01	-5.934808014649798485e-02	7.984331421148945784e-01
nan	7.335132208704562284e-01	-8.861262011058267385e-01	-9.645175885803713989e-01
nan	-1.802711368367552747e-01	2.324660286824093425e-01	-1.007153135893661622e+00
nan	1.894570514928014052e-02	-1.254759695473894321e-01	-5.443112961682212703e-01
nan	-5.094649651511691246e-01	-1.615252985749716208e+00	-2.418898017878821916e-01
nan	1.870338008240658434e+00	-3.221042312728426005e-01	1.747423927073658012e-01
nan	-1.932952719434637978e-01	7.692480929592480088e-01	-1.586030930243099712e-01
nan	-5.947554436613174955e-01	-1.106737071043147669e+00	-2.138527775488918703e-01
nan	6.818016865398677240e-01	8.041904174891389978e-02	-6.357350862512576306e-01
nan	8.037258928457264862e-01	2.124036935461914855e-02	-3.676913647148257192e-01
nan	3.011960070116032617e-01	4.403092477692996942e-01	-1.758132796599554570e+00
nan	6.982442104315235154e-01	1.387419882694525430e+00	-9.661507207098543049e-01
nan	2.711017458205144948e-02	1.655859445749556569e+00	9.256035801226182580e-02
nan	-9.234571516165622773e-01	5.820810995509575481e-01	-8.193389958833952047e-01
nan	-3.341547884625853948e-01	2.092233653207966060e-01	2.538472935275782660e+00
nan	-2.146142847823788724e+00	1.563318182684040880e-01	3.425362928155885611e-01
nan	-2.031140739207326185e+00	2.375834254934283685e-02	-7.640510279383971870e-01
nan	3.699182722796631184e-01	1.374430967180366725e+00	-1.964802985051810613e-01
nan	1.474982108520769941e+00	-1.222495899812909848e+00	-1.262169404737714551e+00
nan	2.795637562792375741e-01	-2.351437898763896750e-01	4.643238188693733504e-01
nan	8.878321114094633870e-01	1.698615197914874475e-01	-1.060128190591170388e-01
nan	-6.142289360685218025e-01	4.946207925165828634e-01	4.108215735258369805e-01
nan	1.348298060443523738e+00	-5.052453367037809118e-01	1.931827272523100714e+00
nan	-7.608225075952252947e-01	5.662206801373825815e-01	2.594615675152688983e+00
nan	-3.646283963898641622e-04	-2.743985840215462879e+00	-4.121855693837437329e-01
nan	-7.908098122522808637e-01	-3.405947624392993145e-01	3.437886275795387636e-02
nan	-3.785345497237491696e-01	9.516106965458220879e-01	-1.036923042601750167e+00
nan	2.073668847778693092e+00	-1.310808086036892306e-01	-4.457834946989347458e-01
nan	-3.474951174318845482e-01	1.836124104042289318e+00	-8.444872339913819248e-01
nan	2.774961509354101907e-01	-2.588039237282303007e-01	-8.123473305711351733e-01
nan	-4.783093253966139158e-01	-1.311573067410277460e+00	-1.318468364951068006e+00
nan	6.554761875040130414e-01	-1.300855056423846912e-01	-2.944107643927936224e-01
nan	-6.563315649943030072e-03	-1.144790273772700484e+00	-6.902324782424906768e-01
nan	-1.259649560944437141e+00	1.927528124427161149e+00	-1.262841383417433239e+00
nan	1.225382861372642962e+00	2.792065755717354492e-01	1.966297152469650422e-01
nan	6.266632865609522707e-01	-7.922400675282705862e-01	-1.070802899192534241e+00
nan	-8.199047817679125383e-02	4.943512685738613022e-01	-7.523611911481643544e-01
nan	1.485399330426756759e+00	-5.517300430711948867e-01	1.719087708073186338e+00
nan	-2.548726295698066080e-01	9.187742917853732871e-01	-3.864977203993609778e-01
nan	2.396243071490764542e-01	-2.519728627411895183e-01	5.838321380385329273e-02
nan	1.890848327338756851e+00	-1.751089026541107430e+00	-8.136487246912954552e-01
nan	2.222733858078818514e+00	1.356832871523001582e+00	4.534966906087879446e-01
nan	5.318341080433387491e-01	1.944626192877320081e-01	1.694519681330931560e+00
nan	8.635260031639153677e-01	6.580800811246194648e-01	1.655779052522022621e+00
nan	7.790877244580585170e-01	6.041094563715976307e-02	1.082184766966298728e-01
nan	2.807938932963772949e+00	1.611170688229069281e+00	-1.154376791312598516e-01
nan	2.246047377675349122e+00	-1.096677734823775507e+00	-3.813087317113263985e-01
nan	1.747277825794633921e-01	9.393094900450885687e-01	-1.983055790521620176e+00
nan	-1.274192461382521735e+00	-7.974685544992061725e-01	-2.431385366348234101e+00
nan	-1.638414842430113039e+00	-3.496843116785641192e-01	-1.448913650578474543e+00
nan	-9.361045903075448926e-02	-1.542435950453640015e+00	7.483736167656702687e-01
nan	-8.181734506683240316e-01	-1.497695393294369293e+00	-9.506518020720688966e-01
nan	-5.474556179639233910e-02	2.115220440379800060e+00	-1.671507049748702123e+00
nan	-5.075758050447776171e-01	-1.223478886599866922e-01	-3.445628797135196209e-01
nan	1.812609475283844807e-01	1.106796016246093028e+00	-5.405365869318554672e-01
nan	-2.306051177888050585e+00	8.264854775694506772e-01	5.914511158147420788e-01
nan	7.681976683297924158e-01	-5.947315655065156248e-01	-2.854701119338429183e-01
nan	-1.425113145222901834e-02	1.002595238922029397e+00	-2.024725387758613326e+00
nan	5.783155898024419095e-01	3.497762730391894559e-01	1.598761177370998876e+00
nan	1.134885923045090284e+00	-6.161853188732362430e-01	7.419509261273926626e-01
nan	1.059153980901977876e+00	1.858021718590774363e+00	6.538068456664181127e-01
nan	1.284524444144026445e+00	1.371026202849362496e+00	2.873042465961994640e-02
nan	3.479786192506400422e+00	8.480575877643965477e-01	-8.211499977824016083e-02
nan	3.963126525151416946e-01	1.555776835812019865e+00	-2.521288282414790305e-01
nan	4.471973500239204702e-01	7.612300122766835209e-01	1.574107442990091199e+00
nan	3.957978327160480148e-01	5.663459399406275407e-01	9.588097728333231373e-01
nan	1.644392848598428269e-01	-2.236403666676139768e+00	1.672673260386847494e+00
nan	6.959728816850466737e-01	-2.793476778258047410e+00	-5.518083092983109283e-01
nan	1.051824430088066142e+00	-6.336873341774045265e-01	-2.623842342188621668e+00
nan	1.477830364475480884e+00	9.507856435734068912e-01	-6.333618363053352684e-01
nan	-1.101082883537003454e-01	1.246250601868255092e+00	6.441533481112327042e-01
nan	7.152133435216462276e-02	1.396187652385298517e+00	8.774791400304504663e-01
nan	9.032852791139428517e-01	1.177953223195364885e+00	-5.191388929187408241e-01
nan	1.466320221552557479e+00	1.631635826362039632e+00	-1.062049897661309528e+00
nan	-3.713633578098440857e-01	-2.424900640530620599e-01	6.398251067583091145e-02
nan	4.872046652336229355e-01	-8.824442298233357018e-01	-1.238788326931904660e+00
nan	2.450702295000340425e-01	-6.022040174169208671e-01	-1.670733908333505435e-01
nan	-9.722498228441689427e-01	5.499312169567305286e-01	-1.840600190629885224e-01
nan	1.829917981199545185e+00	5.709263321117308276e-01	-1.198227749659178665e+00
nan	1.852949345623019051e+00	5.706099857433966083e-01	1.378242853578662830e-01
nan	1.003261248504554004e+00	2.012156243968252767e-01	-1.326638175065489422e+00
nan	-4.296603866230436219e-01	1.463894578146306191e+00	-3.232862555621102363e+00
nan	-2.406984535695918526e-01	3.570794542786310810e-01	-1.231220516991607727e+00
nan	2.099802638980191039e-01	1.595938018945644021e+00	1.583501011635794486e-01
nan	1.660032226996060456e-01	2.024103041194835750e-02	6.608148644704968655e-01
nan	7.581160890605819214e-01	5.713886864284569711e-01	8.672134106576426249e-02
nan	-9.719343905053512422e-01	2.605727850883620356e+00	1.282014851137172506e+00
nan	1.349244316439255797e+00	-4.520454016926016005e-01	1.604626043746882003e+00
nan	-8.692751836610684846e-02	-1.248018368365750863e-01	1.661695471050575357e+00
nan	5.668603771874709540e-01	-1.584770770988345845e+00	5.536314775364706842e-01
nan	3.930163399024438897e-02	7.447426562040945219e-01	-2.395133072673142904e-01
nan	-1.328358629285045112e+00	2.081916656858789627e-01	1.007276127348111672e+00
nan	4.791612076058655023e-01	-5.681845619083996102e-01	2.258445850573816416e-01
nan	2.833402789327572058e-01	-3.674096238718947416e-01	9.045283571045138471e-01
nan	-6.834388560492179465e-01	-8.504070112227539724e-01	1.257569779043839209e-01
nan	7.081426092096126945e-02	1.878108814855267372e+00	9.827893753249962172e-01
nan	1.752764273700334607e+00	3.114735687619396565e-01	4.370460363853213015e-01
nan	-1.628985338213495115e+00	1.005721413147617982e+00	6.137129629805486708e-01
nan	4.600599299718454160e-01	-5.625316783927047926e-01	4.832713623767270206e-01
nan	-4.826664531376422818e-01	-3.454025949929683814e-01	1.055864784815390700e-01
nan	-1.334787249946350673e+00	1.427727319745068835e+00	1.091672314324630078e+00
nan	3.531986229526281607e-01	1.199428518842428515e+00	1.028648138216848196e+00
nan	-9.848587015273168044e-01	-1.141747330770535473e+00	-4.672267252527141368e-01
nan	-1.687144667386544672e+00	-2.347014635549530936e+00	-8.411051734126409052e-01
nan	-1.121695689451651878e+00	-3.694152306592216606e-01	-1.555080726556552717e+00
nan	-3.714929778973242724e-01	-6.816123065455713670e-01	-5.346547467264557429e-01
nan	-1.959178106032429589e+00	8.840332845150628005e-01	-3.543780352286545199e-01
nan	-7.173310430478093691e-01	9.972280245816089739e-02	4.226865122580136802e-01
nan	-8.508693421086210851e-01	-1.562834783577839726e-01	8.546616727820974813e-01
nan	4.620115671213323449e-01	-1.945663940253079816e-01	7.285120659385346809e-01
nan	-7.660227819972750263e-01	-1.080199231274139082e+00	1.414311475998473400e+00
nan	-5.665882198016048976e-01	-1.293470472805603899e+00	-9.494646998914825220e-01
nan	-2.241318660461904422e+00	-1.851626781726096516e+00	-5.170275947569819008e-01
nan	-1.866901919643676022e+00	-3.708333870587163794e+00	2.885439218528290661e-01
nan	-1.485197525575564947e+00	-4.489618519343636649e-01	-1.012886028442215647e+00
nan	-7.334368949032776808e-01	-7.384052482065260881e-01	-8.480241736214682025e-01
nan	5.926789400727381363e-01	1.575622982480845868e+00	-1.456736888981443045e-01
nan	1.378641633431942459e+00	1.577782582098242958e+00	1.327340596550987684e-01
nan	1.419122770079595419e+00	1.160157077790037183e+00	-1.625951106987417738e-01
nan	4.643913103490265870e-01	2.320391907864704173e+00	-6.463635287822092623e-01
nan	7.744179638184612857e-01	2.199773366998530655e+00	6.326578508861356864e-01
nan	1.777296470070909518e+00	1.159113970523951265e+00	1.888183917652639821e+00
nan	1.270438232691116776e+00	1.953045958294830520e+00	4.292833294791372767e-01
nan	1.074454257981279248e+00	3.119307207281339922e-01	2.685981261567181866e-01
nan	1.718548869264026724e+00	9.342676507120732943e-01	-6.396037076012340838e-01
nan	1.021330996600310792e+00	9.255432696519283464e-01	7.710306197055286637e-01
nan	-9.821643065905255598e-01	-8.815808773893273331e-01	2.395994338392003264e+00
nan	-6.449146219748072006e-01	-1.240998740434283487e+00	2.466153856037771597e-01
nan	-1.940885760943039884e+00	-7.699680652327052233e-01	-9.508074426429224957e-02
nan	-7.991978761098192940e-01	-2.555847139388855549e+00	1.252311242183655526e+00
nan	-1.451663340803240221e+00	4.621566692020748768e-01	-2.108590809057770077e+00
nan	-2.289380237835382248e-01	-1.220422376399608266e+00	-1.060846416812834203e+00
nan	-4.458764527528857879e-01	-1.330932923644085331e-01	-2.136995673777747129e+00
nan	-1.742809656599952017e+00	-4.941372766492060364e-01	1.045310580914287080e+00
nan	-1.979154488737600470e+00	4.615633541097300396e-01	1.211909590999470820e+00
nan	-1.752110358065697149e+00	-1.390561637182019972e+00	7.848451258573559963e-01
nan	-2.073718935342865333e-01	-3.898873886367044683e-01	-1.476418249316270748e+00
nan	-1.911893018723584081e+00	-2.916754122972509133e-01	-2.039031791288607454e-01
nan	-1.385019926317351047e+00	-1.044811770605603707e+00	-1.327500670007292882e+00
nan	-8.035918459998403485e-01	-1.009799306738712543e+00	-2.793597817272718831e-01
nan	1.839207352766325521e-01	-4.499921082326459043e-01	2.728856943111743205e-01
nan	6.359899308869412238e-01	1.390170588576233213e+00	-5.344920439929453648e-01
nan	-1.794498284786425701e+00	6.120587023582632069e-01	2.664507604794071227e+00
nan	9.656867871164376282e-01	-3.182683755339241749e-01	1.474368299201829435e+00
nan	-6.425100720427380230e-01	2.787726083450519976e+00	1.185974318809933425e+00
nan	1.324565578971024671e+00	9.911229767813330982e-01	2.908606126652937718e+00
nan	3.984703389003679264e-01	1.030794897264358134e+00	9.302588419513440066e-01
nan	9.655214297566172554e-02	-2.872469350248883391e+00	7.862241467690977981e-02
nan	-3.852374518000396542e-01	-6.562765366376432929e-01	-1.099503804476922308e+00
nan	-5.464375401834808965e-01	-9.631175408091467993e-01	-2.314463116291264999e+00
nan	-5.264682967116069978e-01	-1.127904256226035073e+00	-1.540978906807230819e+00
nan	-4.959811299572237653e-01	-1.262631120232171611e+00	1.614764647311234036e+00
nan	1.843968516315594997e-01	2.016592219439896638e-01	-5.655016377326864685e-01
nan	6.928023985331830392e-01	-3.659367759450972146e-01	1.796725438672334696e-01
nan	2.097106148490909816e-01	2.075077350552076982e+00	-1.295708898264440467e-01
nan	7.040572645212295200e-03	5.457799413579833558e-02	2.312942283389176623e+00
nan	-3.455193895225061040e-01	1.617692762342934687e+00	9.765436473197366407e-01
nan	-4.522416525954195410e-01	6.177662756742490213e-01	-9.084477354667188642e-01
nan	-4.162478445250174519e-01	-7.012912247719159387e-02	-2.655028376941606094e-01
nan	-4.888264377644803149e-01	-3.133700590399376429e-01	2.222287351431185609e+00
nan	-2.057288057617657984e+00	-4.453966364762676489e-01	6.637902088857761118e-01
nan	-1.164356451370139656e+00	1.393184596703778144e-02	4.135530751219582135e-01
nan	4.681007489242706709e-01	-1.360285279136918435e+00	-4.100239726553445152e-01
nan	-4.646740945562725100e-01	-1.348200198039396280e+00	-4.631233826120295660e-01
nan	-1.434148915190039952e-01	-1.753693936373745377e+00	4.185294624616268111e-01
nan	-1.669120420353681356e+00	1.211300643925005138e-01	-1.103173028922355581e+00
nan	-5.581453255856259066e-01	-7.135198500551218626e-01	3.020881376728201118e-01
nan	-1.557834381304442184e+00	1.567904278131595497e+00	1.184622225517159677e+00
nan	9.014892469348744219e-01	-1.370212635812698920e+00	9.694264666895349158e-01
nan	-8.984912996081055869e-01	2.075942623651279018e+00	1.477053441256522603e+00
nan	9.964100561461985972e-01	-3.370970510063940884e-01	-4.843716043338952559e-01
nan	-1.546532628971544865e+00	-7.016720392487322266e-01	-1.284126750082101198e+00
nan	-7.291772807148342306e-01	-1.290070014242980179e+00	-9.998334243604166671e-01
nan	-8.385976297329416074e-01	9.433691856455134195e-01	-2.025793799063152267e+00
nan	1.687053093478720067e-02	-8.759048517626545349e-01	1.047603513375328976e+00
nan	-6.451434830838671530e-01	1.116198630881349185e+00	1.155037180852685585e+00
nan	-1.830143556479907341e-02	1.871283552558853369e+00	1.115918124264955180e+00
nan	-8.928225637453169883e-01	3.621088599510084993e-01	7.933691177533622740e-01
nan	-4.453644662078446448e-01	-1.639634601706879913e+00	4.798671257600715112e-01
nan	-6.206395763625702777e-01	1.623139229378351978e-01	2.957678701887529460e-01
nan	9.658381392633956786e-01	-1.397405820247205888e-01	1.424436679729888411e+00
nan	-1.640457547108752356e+00	5.553552031793435040e-01	9.084828656961461135e-01
nan	1.455781879754079133e+00	1.095164692000917928e+00	1.252870640058135754e+00
nan	-3.185609308013764851e-01	-3.590573718021831118e-01	1.365250069207403660e+00
nan	2.301639277196411815e+00	9.916908026530651954e-01	1.532652856122375118e-01
nan	-1.914886498069412468e-02	1.954029210093777280e+00	1.650577067317830604e+00
nan	-2.346134143877629530e-01	2.821294140292966990e-01	5.556325924837699493e-01
nan	-4.009581080884577209e-01	-5.507667438350429823e-01	1.002662885712205743e+00
nan	-1.037320642025399309e+00	2.151657325401331811e+00	-1.031003261803455917e-01
nan	1.828893529111770944e+00	1.603309034192229310e-01	6.378774548142293055e-01
nan	1.177590201803903280e+00	5.078763488717041863e-01	-4.804798562356846214e-01
nan	-2.180782013534459107e-01	4.375063513092281031e-01	2.189271663053379002e-01
nan	3.999657370957678815e+00	-8.224480569328487256e-01	-6.173961561430130196e-01
nan	1.800837995225702759e+00	5.414061193814081463e-01	-2.773560406923113231e+00
nan	4.333244995001941380e-01	3.772882010701470001e+00	-2.309407316593994342e-01
nan	1.428421699287313995e+00	2.213965397628937293e+00	3.244392658554013043e+00
nan	1.269822937159933662e+00	1.368025783250930605e+00	5.978483491899950764e-01
nan	9.427885864504590430e-01	8.519228236830631573e-01	-1.024029341063961374e+00
nan	2.832417577414680920e-01	-2.224171135773966856e-02	9.337940511696136703e-01
nan	-2.287732260792835426e+00	2.968621781938755588e-01	-7.678773542880157343e-04
nan	7.747384674777548774e-01	-1.791350599285537193e+00	2.528821712367528840e-01
nan	-3.538756544296037809e-01	2.451983400858120943e-02	5.867245657033401951e-01
nan	-6.627170367439823018e-01	-5.547767946900747926e-01	1.477929473350432676e+00
nan	-2.965136157723205490e-01	7.471230511868214297e-01	4.309579719508686013e-01
nan	-3.638324222951851428e-01	6.230554460101025427e-01	8.886443142318205535e-01
nan	-3.249727896924592963e-01	1.647854728857147122e-01	2.334858294258284062e+00
nan	-7.036717576094042581e-01	1.293768063925669232e+00	1.050410715605776923e+00
nan	-7.963944292441419437e-01	2.004636995896449392e+00	-4.994651263857109447e-01
nan	5.561115955829193380e-01	-1.102103472926048378e+00	1.118815474634057283e-01
nan	-2.559987431961815219e+00	-4.169860751745203542e-01	-1.485828675770065832e+00
nan	-9.669062860962363004e-03	-6.524255247510262201e-01	1.715079889584671946e-01
nan	-6.901005268483197952e-01	-2.969200758883973057e-01	2.530257034654420645e-02
nan	5.321574888521214408e-01	-1.813642428764769665e+00	-7.870271987207274611e-01
nan	-1.288597077304561633e+00	2.703018393094607230e-01	-2.122741157306944793e+00
nan	1.735358883283401044e-01	1.282452604221316683e+00	-9.052616949136043090e-01
nan	-1.230132324997459392e+00	-1.112001138332779027e+00	-1.822699516272086484e+00
nan	8.387141393588206650e-01	-2.849821168342677735e-01	-9.977731035876327148e-01
nan	2.005571053745165422e+00	7.353486473776691401e-01	-9.373019814182903531e-01
nan	-1.652240299868048101e+00	8.058512224848665140e-01	-9.612535931385499666e-01
nan	-1.289677443071991281e+00	5.596483863298993278e-01	9.782719355158655539e-01
nan	1.293048479608494450e+00	1.058000042821097830e+00	6.800523734191786795e-01
nan	4.609121539246976429e-01	-1.270202036768143250e-01	6.570250916359643423e-02
nan	-1.289609093523622352e-01	-5.931617419194459284e-01	-2.417087038477151451e-01
nan	-2.223051307470518712e+00	-1.203811148612210502e-02	4.569195918863099282e-01
nan	-1.786445417221842469e+00	-2.150579997861672976e-01	4.006562472112834561e-01
nan	-3.066071277946655016e+00	-2.144541523511223069e-01	1.986872566645991045e-01
nan	8.390754350756487456e-01	-4.304835006678141562e-01	-5.788730917451241353e-01
nan	4.593187965533212513e-01	1.787076410201297927e+00	-8.448489252250512838e-01
nan	2.387378904182358430e-01	1.803248636686184625e+00	1.380208931263283256e+00
nan	8.998467880017408937e-01	-2.578514532229444489e-01	-1.347993170612162839e+00
nan	-3.658028878883882729e-01	1.564277658985605113e+00	1.866915065446866917e-01
nan	-5.881226276590978408e-02	7.254741010904507403e-01	-9.085461288985525741e-01
nan	-1.309920469598630510e-01	-5.642467137259892240e-01	-1.257797613170793749e+00
nan	3.163841303674997940e-01	6.080036722874399002e-01	3.115835696999572635e-01
nan	-1.768223429962122895e+00	-2.991312880083871195e-01	-2.525992900878745395e+00
nan	-1.785325739179225213e+00	-8.143682792558655237e-01	-1.449686673066785447e+00
nan	-1.246638306959771958e-01	-2.441220372815212425e+00	-1.133412329218710379e+00
nan	-1.295900920056303196e-01	-1.212819341975910348e+00	-2.940502107875058169e-01
nan	-2.265380140699776668e+00	-1.056986382004685199e+00	-4.598363871245703671e-01
nan	-1.504341361136367627e+00	-1.053245983951578646e+00	-1.474435295657284595e+00
nan	-1.229657402016028689e+00	5.261838419281184009e-02	-2.915846195683221009e-01
nan	-8.120203588440049192e-01	1.790430427632409671e+00	9.034511755304304170e-01
nan	1.558257097687413273e+00	8.504633851123239996e-01	2.326755153859000114e+00
nan	1.680815266446863410e-01	1.488667133203835480e+00	7.061633408080592034e-01
nan	1.552794217909738039e+00	7.290471417482276006e-01	2.098035796923280127e+00
nan	1.300865021756936191e+00	9.493967789291957171e-01	3.976321661185157619e-01
nan	-1.304280845512496789e+00	3.058723804126275869e+00	1.789416711158556827e+00
nan	-6.576377432601946404e-01	1.217212549482562967e+00	1.875855102752872483e+00
nan	4.891841072016626102e-01	-3.820356780669776908e-01	7.624009260896135176e-01
nan	9.941482821837142048e-01	1.050957732494416152e+00	-3.777113423759616284e-02
nan	7.822917902456183459e-01	-2.883145544850806985e-04	-4.183314921648251250e-01
nan	-1.067458054489154762e+00	2.708025317855741743e-01	5.158656101493199753e-01
nan	-5.036118143595836871e-01	-3.451096773646076810e-01	1.622498915332787561e+00
nan	-1.317854341289140141e+00	-3.669840190341432384e-01	1.045306153603723365e-01
nan	-1.542053353840963981e+00	-1.181737373423388915e+00	-5.463177058485851889e-01
nan	-1.013315892247732997e+00	-1.256054880110307970e+00	1.337278189862165512e-01
nan	-1.910535384815074122e+00	-2.929999751361218041e-01	2.666461447536699891e-01
nan	-2.983699969200339086e-01	-1.766330465832653740e+00	4.633316015461349524e-01
nan	-2.879232668935737482e+00	-3.034577220953369459e-01	8.892258485625960107e-01
nan	-3.340695920090155369e+00	2.683814083968465436e-01	-1.156964296375855294e+00
nan	-1.606551323776169493e+00	-4.322004661649936352e-02	-3.761337286885868103e+00
nan	-1.656760456880015386e-01	1.152748051196127221e+00	-1.738441470146579348e+00
nan	-6.939550192923986671e-01	2.310362772231075446e-01	1.530877522607439145e+00
nan	7.758845933284417296e-01	-1.519435506075853259e-01	6.188326993861954506e-01
nan	-5.649956242236706672e-01	-4.172098935112536489e-02	-1.555142540886748082e+00
nan	-9.261725984485926766e-01	-1.021909897758719321e+00	-1.093179004584349023e+00
nan	-7.917751846648202196e-02	-5.992256991662466836e-01	-7.106158831285852573e-01
nan	-4.103812728134201837e-01	-1.102685839949439028e+00	-7.594747889253208317e-01
nan	3.769765479922824181e-01	-3.167015693650466757e-01	2.274683734318552197e-01
nan	1.310286665109338777e+00	-1.164823534270298250e-01	1.432151406072582178e+00
nan	-3.221875963879891613e-01	5.060064189381990873e-01	7.373456293617872692e-01
nan	-2.559422837674729667e-01	9.440553832042120064e-01	1.835118966307257793e+00
nan	7.512533337892737251e-01	6.540370797227732513e-01	2.678462745471111184e+00
nan	3.655255563123600004e-01	4.585771070009472816e-01	2.255154932678855140e+00
nan	-2.371108620313328252e+00	1.040343163434327201e+00	1.209886747445899857e+00
nan	-4.271340008491264495e-02	-1.623986965163648044e+00	-4.930848337569110340e-01
nan	1.251550108945385098e-01	5.761900913745732211e-03	-8.390206404579931831e-01
nan	7.443960930271401044e-02	5.973031771872119311e-01	5.848568333603292313e-01
nan	9.015582011776526183e-01	4.846813210787548898e-01	-9.419093725234906067e-01
nan	4.591107294129847527e-01	7.443823592285263580e-01	-2.475290964145192285e-01
nan	-1.398110703356198803e+00	4.895986774227828464e-01	-3.945229309521972594e-01
nan	-1.920050355526914609e+00	-5.007039122370244844e-01	3.872535191282132361e-02
nan	-9.648586628924612496e-01	-2.615540313766634206e+00	1.004383131541033702e-01
nan	-7.607011684751391334e-01	-4.965666462883333576e-01	-2.132373617753256401e+00
nan	-5.011798182835938142e-01	9.554356260852838734e-01	-1.705024492638061107e+00
nan	2.218875462152603562e-01	-4.260645987097038123e-01	-1.359860311918678732e+00
nan	-3.863649240964879272e-01	-2.402494691203286958e+00	-5.248485766643038453e-01
nan	-1.322869251730037110e+00	-8.686360333588905025e-01	-1.180872493377548960e+00
nan	-7.187514891304458420e-02	-2.260498111944425403e+00	-5.295156756657906083e-01
nan	-2.015383567448598257e+00	5.647256750056923735e-01	-2.837408115157006527e+00
nan	8.364943305575939236e-02	-3.965909929489349062e-01	-5.082968355155146334e-01
nan	1.047774989759634456e+00	-1.577387275400739641e+00	-3.088098703042347348e-01
nan	9.063512429329013687e-01	2.255267323681714231e+00	-1.190708760190152704e+00
nan	2.264788125183928802e+00	8.199913011103283633e-01	7.511030065003628797e-01
nan	6.140198531455435260e-01	9.599138305198084975e-01	9.184225303468203094e-01
nan	-3.567304871602599570e-01	1.020993529301152947e+00	1.978988138166337007e+00
nan	1.088327436534715531e+00	-5.799255011378373625e-03	-2.524542032561649663e-01
nan	7.249572494529659128e-01	1.982320340088229160e-01	-1.260832895847685320e+00
nan	-7.995904652243852606e-01	1.660734693183313571e+00	-3.710207888774715856e-01
nan	-1.153770254819264762e+00	-1.610259340177274678e-01	7.798596829517148166e-01
nan	4.812267756830925225e-01	-6.116810627281957791e-01	-4.996946453309096259e-01
nan	-2.380890448835110362e+00	-1.477411512641696900e+00	1.701413272438148550e+00
nan	-1.113611486851953325e+00	-7.017851734161197896e-01	1.064061930944219192e+00
nan	-3.048674681862749702e-01	-1.511878186561433246e+00	-1.141892251570967520e+00
nan	-2.116344541208342811e+00	5.343592834624006915e-01	-2.172216888384606914e+00
nan	-8.575034871543307791e-01	-5.486600085330837206e-01	1.549765567858787385e+00
nan	-1.427611004008604079e+00	-6.435045287857354968e-01	-9.637272106696603835e-01
nan	-2.075403837475168434e+00	1.065770732084605932e+00	-2.118447014425972608e-02
nan	-1.645527649920628388e-01	3.679656282487031582e-01	1.306368998721829655e-02
nan	2.541162439331746903e+00	-5.576717025733990418e-01	3.681082442655929376e-02
nan	-2.732859549164207147e-01	1.407421769635593733e+00	-1.755940879012362954e+00
nan	1.559870524778002032e+00	-2.995456675148727710e-02	-5.759812206797439993e-01
nan	-4.681461308861415982e-01	-9.797934240392989214e-01	-1.416764518172311416e+00
nan	4.083345970210214282e-01	-2.241060946889191996e+00	-5.765274868098082539e-01
nan	5.230455434357140776e-01	-2.015316860618461270e-01	1.702326577932828267e+00
nan	1.917205235675973674e+00	1.626759490379254824e+00	1.704274957024372927e+00
nan	1.894064336346404254e+00	-4.303377303902569118e-01	1.088360985999829111e+00
nan	1.212541949040196076e+00	4.774553484801524195e-01	5.157408751423515625e-01
nan	6.413550222306569903e-01	1.663766452433792065e+00	-9.721818519600946562e-01
nan	1.527217976291999291e+00	-1.968886706214368898e-01	2.945521364512182494e-02
nan	2.653720977413007720e-01	-1.663978440279167526e+00	-1.505643703529070399e+00
nan	-4.355094198624188118e-01	-7.874996985217495027e-01	-2.689881057307144996e+00
nan	4.309414941518590614e-01	-1.108876144060003677e-01	-1.304068363026090527e+00
nan	2.145141304196211074e+00	8.939402627312696969e-01	-3.133251868466412904e-01
nan	-3.292928975245706935e-01	6.618128082346748098e-01	-1.393754943489805331e+00
nan	-1.891112173210257874e-01	1.043544993506019258e+00	1.002389851131108012e+00
nan	9.450470863824189660e-02	-2.321522327499433214e+00	3.474497111456760212e-01
nan	-1.803885518684802625e+00	-2.814029223522572787e-01	-1.292757065288422935e-01
nan	-1.146333599622847199e+00	-1.812709080653928773e+00	1.197130493630723214e+00
nan	-2.288760359219156992e+00	1.283236401710740049e-01	-1.053864727351432995e+00
nan	-1.021928497414698267e+00	8.264478945702855572e-01	-1.700261026298118150e+00
nan	4.777428016994171855e-01	5.488990406259093291e-01	1.777118524394784016e-01
nan	-5.357888459168308470e-01	-1.578113784299903233e-01	-2.662821854152055967e-01
nan	-6.771606235850812228e-01	1.286627689259258300e+00	7.184825036271630383e-02
nan	1.659269648243507866e+00	-3.542694711242197481e-02	-1.408724480996153883e+00
nan	-4.750764574347433600e-01	1.058074695545323074e+00	5.206734954841766294e-01
nan	8.967175389481312209e-01	2.944643643615935114e-03	1.154441299308512914e-01
nan	-2.188944251307112232e-02	-1.727095724726550818e+00	3.740365879394974002e-01
nan	-8.843228779799913175e-01	-1.049585431970222027e+00	1.875057738998944790e-01
nan	-5.940951803292376932e-01	-2.945248830022741071e+00	-6.005315984476974345e-01
nan	-1.559718543412780267e+00	-4.734151159756115890e-01	6.928045230044423963e-01
nan	-7.980585327127953654e-02	-1.599677305495924351e+00	5.082694800010004732e-01
nan	-2.290129120296509946e+00	4.759787220747320191e-01	-3.118436822224380789e-01
nan	-1.311643677312878120e-01	5.573387515292177463e-01	-6.629184031440431557e-01
nan	1.059899723475526079e+00	3.834716547164394029e-01	-2.160361322832730635e-01
nan	-1.443559723556607111e+00	-5.533731434684050488e-01	-1.315010628592553132e+00
nan	-4.781349731671059033e-01	-1.062402488157091485e-01	1.436958234437109905e+00
nan	2.996591454370314267e-01	-1.409146638530940132e+00	-1.908311832717785039e+00
nan	1.620029347047442725e+00	8.419259988482750146e-01	-7.855138371785166385e-01
nan	1.041715009826897020e+00	1.070402249550601148e+00	-8.735943509854262601e-01
nan	1.066933255668549796e+00	5.230797495954688792e-01	-9.813210903728589729e-01
nan	-3.026580238121268085e-01	1.057932794158956025e+00	9.768344381259810860e-02
nan	1.710097932919227848e+00	3.092733943556716936e-01	4.918690422366981396e-01
nan	2.077836672469083990e+00	9.750582880805893637e-01	-4.685571108137293050e-01
nan	1.411015231138471160e+00	2.797726716822897419e+00	8.825942206235138920e-01
nan	3.927300704907509266e-01	1.580645639082135290e+00	9.192723384154808386e-01
nan	2.580170262754762689e+00	-1.231178525444608596e+00	1.461411550888528588e+00
nan	2.281319530526778383e+00	9.105286807141641514e-01	-1.076963272337050082e-01
nan	3.848568314079485742e-01	2.446560022417525460e+00	7.243024546146306086e-01
nan	1.038209355799453615e+00	8.625799612983354736e-01	6.736806871410512265e-01
nan	1.686325410549286641e+00	1.239209683698879072e+00	1.153055036666085664e+00
nan	-1.054904206795102661e+00	1.838292361657186902e+00	-1.325183051553860736e+00
nan	9.847875949691563546e-01	-1.321711500291281149e+00	1.423246027851203133e+00
nan	4.542076317910225258e-01	-3.466021731722099819e-01	3.148291540830580049e-01
nan	-7.556503200492782346e-01	-1.322764710335818661e-01	-4.613076783260302433e-02
nan	-8.416080001091947871e-01	-1.550970918197496884e+00	1.624953484871227261e+00
nan	-1.203686785517241287e+00	-6.221637934831446559e-01	-5.458132096117532805e-01
nan	-1.399961910863475767e+00	3.452839384544386103e-01	-9.585272370521558116e-02
nan	1.917736184322696991e-01	-1.269408307849526185e+00	-1.478340850337461543e+00
nan	-8.000163530077095131e-02	-1.306507591279655101e+00	-1.423923346471668516e+00
nan	-6.174110695713963537e-01	8.031639229452223194e-01	-9.890478510677619406e-01
nan	4.740908727174136805e-02	1.842492218278042049e-01	-1.059502840251465294e-01
nan	-6.588833341154798351e-01	1.756571950942445448e-02	-7.369675677988740681e-01
nan	-1.674065395262593681e+00	2.278733848759552927e-01	-5.369036532770714576e-01
nan	-3.056037126903781154e-01	-5.115683203209159258e-02	-1.065965383330643723e-01
nan	-2.705464414706424403e-01	-9.433851608417220813e-02	5.460808696803999274e-01
nan	2.012519641839789042e+00	-3.430239059727008266e-01	1.611898830922138703e+00
nan	-1.474514063840459688e-01	1.267893518098671457e+00	1.025003625347442826e+00
nan	9.053258641891916980e-01	8.819856608419123223e-01	-4.546217447438046788e-01
nan	-1.353785770370524055e+00	-3.790425883331109969e-01	-3.029363161564269658e-01
nan	-2.218416838297081917e+00	-8.707465889258390046e-01	4.996627014629971830e-01
nan	-8.946869693011394453e-03	-3.995237873922343752e-01	1.819740052997960156e-01
nan	-2.282670794404734749e-01	1.088900001261796868e+00	-1.811097860028950013e+00
nan	-1.874192681707179453e+00	1.401410426552291755e+00	-2.691498007898012634e+00
nan	1.641298048988816538e-01	2.614942131510975543e-01	-2.245168081926841808e+00
nan	1.066719565443528250e-01	-4.945530966441138987e-02	-4.112005558798540461e-01
nan	6.091858327271659768e-01	-7.368762284858634826e-02	-1.394211305109009702e+00
nan	-7.662212823771816228e-02	-1.136840230520566708e+00	3.453460044741674118e-01
nan	5.814118725606731708e-01	2.175181649235321535e-01	1.519724991548767612e-01
nan	4.303176889967991192e-01	-9.710765048187461890e-01	1.462165305677964211e+00
nan	-9.278246711681004122e-02	-4.021279322118935240e-01	1.234390502501647280e+00
nan	2.393863536923007684e-01	7.748039942843589767e-01	5.620825727822958973e-01
nan	2.376912817998160232e+00	1.640772694109161378e+00	3.957353828172787691e-01
nan	8.624696006300767159e-01	2.671020446348506994e+00	-8.522744929166172767e-01
nan	1.910586673280457060e+00	2.074310954301869181e+00	5.696178169088962351e-01
nan	-8.365199058804950738e-03	1.164457754884461016e+00	2.601930817349598080e-01
nan	1.057337605853353457e+00	-8.703503987360954319e-01	9.693976009683944461e-01
nan	-1.383526866414679368e+00	-1.532150934346386828e-01	7.958467520029064435e-01
nan	6.584183722577796605e-01	-1.089745740113074568e+00	2.721487231517725203e+00
nan	4.482811052773019167e-01	-1.404555655724681440e+00	1.310193758755411775e+00
nan	-7.970182990666119238e-02	-3.750524538769983152e-01	6.171539546001548748e-01
nan	9.777651668062363743e-01	2.096713675240260422e+00	5.079444387532625615e-01
nan	-7.041722100940139839e-01	2.401625341601243413e+00	5.391909267739599665e-01
nan	1.030528744858288048e+00	-8.169392323616793128e-01	-6.934752861490908193e-01
nan	1.052410804854287951e+00	5.683709905758751457e-01	-1.227158190725383458e+00
nan	4.293370794450819261e-01	1.652861979555390048e-01	-1.491707805920226448e+00
nan	-1.537778587171209521e+00	3.228369180027699237e-01	3.449704808717447557e-01
nan	-1.681410003895094096e+00	-1.307557092405053467e+00	1.018256744869262098e+00
nan	-1.806768328252752465e+00	-2.663052857282238950e+00	-1.036138384518869998e-01
nan	-1.763263086560310944e+00	-2.612150565920312140e+00	-8.913058695518124575e-01
nan	-2.324823892364403566e+00	-7.393989538411993578e-02	1.191140049212810137e+00
nan	2.734803933534897702e+00	-4.397954834750892883e-01	-4.656452455957554859e-01
nan	7.075164721798019585e-01	1.736952871316304492e+00	-1.619271697010298827e-01
nan	9.047478003620565978e-01	7.719712502251078190e-01	1.228052632908939845e+00
nan	-1.468523784291229539e+00	2.342773260733599927e-01	5.775144711755797466e-01
nan	-2.299073043398227156e+00	7.744415889073773540e-01	-8.905252660083284866e-01
nan	-4.443207237225321182e-01	-1.830784471848599937e+00	-1.171302765219268405e-01
nan	-2.757131215656286605e-01	-6.331097830808423144e-01	1.419507843779210354e+00
nan	-1.575461699251584857e+00	-3.668045905599873202e-01	8.970838374186629327e-02
nan	4.464421318421530893e-01	-1.050162607137937298e+00	6.385122232858727598e-01
nan	-6.204808018313683338e-01	-1.773247283872851465e+00	9.222450198620166795e-01
nan	-1.358005376692829280e+00	-1.725852229980691988e+00	-1.254659372626507396e+00
nan	-2.448927488860032753e+00	1.599181672883633887e-01	-3.247134481072588841e-02
nan	-3.165476770167785503e-02	-1.153980343621216820e+00	9.127113868895971871e-01
nan	-8.334507874583239051e-01	-1.068616945167653043e+00	-8.395802720119958096e-01
nan	-3.333142504858321309e-01	-2.490623890287734787e-01	-3.931862311865630399e-01
nan	-2.184740327880790645e+00	-1.317616607306637544e-02	-1.472568509302068618e+00
nan	-1.403990596713913463e+00	-1.316429556785843502e+00	-5.725232442478441763e-01
nan	2.270413792081069637e-01	-8.232442800074596390e-01	9.799422298685844801e-02
nan	-1.643350851420724845e-01	5.356654055414036275e-01	-1.477872928844689904e+00
nan	1.649021524190265264e+00	6.670693944701950873e-01	3.893370727019386246e-01
nan	8.705028067056719276e-02	2.690526040271236097e-01	-1.578977571451376072e+00
nan	1.814574248384124289e-01	2.293229155109386963e-01	-9.475158386752589035e-01
nan	-1.966992178921146861e+00	-1.084701435329413322e+00	2.540192159314835774e+00
nan	-3.591649920712686184e-01	-2.245782236910151219e+00	7.817184869638965639e-02
nan	-8.226664655137192472e-01	-5.809830239512546735e-01	-1.447315613139914081e+00
nan	2.007309021777332170e+00	-2.538867286471618856e-02	7.020854462087590120e-01
nan	9.710706113259202077e-01	1.431930619329567111e+00	-2.914131398517202931e-02
nan	1.438871002531774135e-01	2.242808863567598010e+00	-9.496748232308300786e-01
nan	1.010754478157680047e+00	9.934624090754921033e-01	-9.489111693474022724e-02
nan	1.013755368905151499e-01	-1.328059294415905534e+00	-3.595476396060973134e-01
nan	3.795967237057237820e-01	5.648887393158603665e-01	-8.841405956107803998e-01
nan	4.081488701547850151e-01	1.825300984834781204e+00	-8.242617982102529162e-01
nan	1.645251638838641783e-01	-9.236015778229941242e-01	-3.377978024746954855e-01
nan	2.110058999342280528e-01	5.753603190651662702e-01	2.634727708890090558e-01
nan	2.691456149159756617e-01	-5.717614628748709515e-01	1.804680405699292445e+00
nan	2.932742980836993141e-01	4.520340671477192651e-01	-6.634268954450621703e-01
nan	-3.370782819834045041e-01	-1.142140201169226987e+00	-1.768935752526355598e+00
nan	-1.600829913600447796e+00	-3.036347529711173054e-01	-1.775814168780369684e+00
nan	1.818827375815457170e-01	1.899676245217459813e-01	7.498574127522223964e-01
nan	-8.526453784331591290e-01	1.021949194799948168e+00	-1.555780162551692714e+00
nan	-3.359764066606772681e-02	2.463999312064501179e+00	3.174741182683041840e-01
nan	1.274739071845514715e+00	1.533603459790676915e+00	-1.087458846688576397e+00
nan	9.639306675444658801e-03	-4.648340512586475182e-01	-1.847474427222322912e+00
nan	5.309994613675153019e-01	-1.512534239014186044e-01	-7.295852287993451757e-01
nan	-1.260987418745675104e+00	-9.649976069147249147e-01	5.940922203529888090e-01
nan	1.004552115291800440e+00	-9.438322771769787067e-01	-1.125535768271741788e-01
nan	-8.889851866527521684e-01	5.080009142202758232e-01	8.360399016141137896e-01
nan	-8.799370519214730901e-01	5.958894408023502898e-01	-8.707220129851542811e-01
nan	4.226395333085551931e-01	1.551673549558573839e+00	-4.155651350931587884e-01
nan	1.348074561934720528e+00	-1.155518221483693875e+00	8.609806301929816552e-01
nan	-1.136089966142007190e+00	-3.888521858610164972e-01	-1.948470896424179255e+00
nan	-7.429145067617122233e-01	-7.392951128513050030e-01	-4.074248956293979318e-01
nan	-5.295038593054205434e-01	5.352029174188113192e-01	1.162465096007920584e+00
nan	-6.131510599606495582e-01	1.396575318979083602e-01	3.260198855034367460e-01
nan	-1.262701687930108285e+00	-1.101555451825437570e+00	1.867924260337710529e-01
nan	-1.715433357226635813e+00	-1.552967386534986449e+00	1.373306693433284043e+00
nan	-1.186952063250125811e+00	-1.709174213593964042e+00	8.006147220901301820e-01
nan	-2.156876103830573932e+00	-1.002292088960303973e+00	-7.414965404525248882e-01
nan	1.268147005814521666e-01	-1.274135335829370330e+00	-1.259008181484307043e+00
nan	-1.043163107976748272e+00	8.168887563236199023e-01	-1.517716717959337602e+00
nan	1.001334656585717742e+00	4.865017119206084817e-01	1.955919823011418535e+00
nan	2.429835250909734512e+00	1.605652888635345610e+00	5.983516431783975076e-02
nan	2.870763767501990582e+00	1.769753397498968983e+00	8.440370133908786654e-01
nan	3.016848313291362160e+00	8.876134731326513760e-01	1.630650352595654162e+00
nan	1.715763405202740399e+00	2.410004716422045057e+00	-1.558954098814131495e-01
nan	1.023910145209110611e+00	-2.523350525141303535e-01	2.110033271802451704e+00
nan	1.459245878572063004e+00	-9.224795649477951498e-01	2.377688876285800612e-01
nan	2.225316291649375611e+00	-1.068589935437179950e+00	-7.072378062163989232e-02
nan	3.310516043940600062e-01	3.526714080780988803e-01	-1.276322361992203724e+00
nan	-1.748767493017612251e+00	-9.397144362328660461e-02	-6.391269820139966473e-01
nan	-6.498092426425603474e-01	-4.832629498839245974e-01	-5.664272761639443932e-03
nan	-1.482874181308106554e+00	3.763071537526444521e-01	9.332476170797132653e-02
nan	8.130508040185200347e-01	6.584916922651675719e-01	-2.092937074032391598e-02
nan	-1.224543646208160474e+00	1.030622149908341445e+00	-1.004914589755790955e+00
nan	9.252361081165614287e-01	1.793701670365089873e-01	-1.503913771311910785e-01
nan	-1.443013817771726215e+00	6.156229088007225680e-01	1.705475954334720434e+00
nan	-1.715005350097381087e-01	2.833852555152975294e-01	2.460043810549475407e-01
nan	1.738039511513432611e+00	-8.603185972010837235e-01	3.309647864370192094e-01
nan	-3.125476496524833836e-01	-1.932159231813706413e+00	1.828666629632340890e-01
nan	-2.734639970353898608e+00	-1.985967882426074915e+00	-3.954647076169530151e-01
nan	3.062134885197562717e-01	6.439719869391935525e-01	-1.112724159256545109e-01
nan	-2.644236945334498823e-01	1.201282580648388443e+00	1.136095337674907224e+00
nan	3.776801997250186504e-01	3.009254749845848842e-01	1.676298251518908877e+00
nan	5.003355525895634148e-01	1.078733292542171096e+00	4.395295886364418148e-01
nan	1.473117670389108014e+00	1.371325202379040320e+00	8.634162031542629290e-01
nan	6.912549269738277324e-01	1.865082964457573933e-01	4.725662347834636012e-01
nan	3.916792966509046181e-01	6.821867999998633136e-01	2.633505115656177287e-01
nan	-2.527609294714723842e-01	9.745726753030854450e-01	-1.128495471943461226e+00
nan	-2.028377047481152162e-01	-3.261487146174072427e-01	1.878396467661792579e+00
nan	-1.629512088024735128e+00	1.744122526722175603e+00	4.231825042179153673e-01
nan	2.716520364308244173e-01	-4.120579471019951145e-01	6.968781053944328452e-01
nan	6.065775547301032189e-01	-4.033890875063391723e-01	-5.698405042368214213e-01
nan	7.788685951722887912e-01	4.805393234329668473e-01	-1.372585175696921622e+00
nan	1.040752340540735732e+00	-1.940299897418774067e-01	7.951576336140457890e-01
nan	8.726730060978349357e-04	1.093850419009708919e+00	2.956628901082076766e-01
nan	9.567708613083016900e-01	-2.069692851001808109e-01	-6.866010889205469425e-01
nan	-9.632897342867150492e-01	2.799063964220482315e-01	-9.116587781678575642e-01
nan	3.679060640469522525e-01	3.158904030035122323e-01	-3.043045844934384014e+00
nan	1.862996303644140483e-01	8.406501480415373706e-01	-2.301670806331084229e+00
nan	-5.807221399734012746e-01	8.369406961358871744e-01	1.465504401637384380e+00
nan	6.506895774870525839e-01	-9.431804602531047577e-01	1.294452627957906499e+00
nan	-7.816796536287269614e-02	-1.024770726361042827e+00	9.537070212480907028e-01
nan	1.610694692007040296e-01	-9.902237818921164614e-01	-8.399492463148322541e-01
nan	-1.313543230929032635e-01	-3.099016038623367830e-01	8.068268763404027322e-01
nan	5.985102229922024675e-01	-5.794557111309042163e-01	1.432118099828482427e-01
nan	-1.511385065650193926e+00	-4.409973187828870184e-02	6.350822797583113299e-01
nan	-2.574144171598579112e-01	-1.268184069843597328e+00	9.403948313767692690e-01
nan	1.833663304444494990e-01	-1.915368889706208888e+00	-8.160958035171048675e-01
nan	-4.948674899255584014e-02	-4.142246732473878090e+00	-1.254054157205556352e+00
nan	-8.437446527039773603e-01	-8.740349048688136335e-01	-2.503376688254811633e+00
nan	-4.811779622822562885e-01	-1.437847434082271114e+00	-2.606340552812204336e+00
nan	-1.226385990561887240e+00	-1.006023917014114089e+00	-9.683677432584031353e-01
nan	1.161173545083272529e+00	8.395740519774971267e-01	-3.470923740415292613e-01
nan	-7.474218091380557816e-02	1.685879119724291275e+00	-9.616016089044080450e-01
nan	-1.008142445612693283e+00	8.253409928074992852e-01	2.135602183262841347e-02
nan	5.087915501372159977e-01	-4.300358806691358948e-01	8.610292939516279720e-01
nan	2.013212415717688109e-01	-7.977246841342294781e-01	-3.687298094562660999e-01
nan	4.414291320657852680e-01	-2.098918130452959829e+00	-2.034964111727305180e+00
nan	3.665855066265736872e-01	-7.438510997778470246e-01	-6.957839019930601721e-01
nan	-8.210112140325573904e-01	1.896640276944887349e+00	-6.698553279956471762e-01
nan	-1.878290579057552367e+00	7.368418117490598274e-01	2.031912803241448184e+00
nan	-1.122196162922045604e-01	-6.971552726042833381e-01	1.946460029720827656e+00
nan	-9.474842277639919930e-01	6.791598260660095532e-01	1.427763279192046042e+00
nan	-1.439004922252360985e-01	-1.558315467679654009e-01	6.626403372301523653e-01
nan	-1.084906081143433010e+00	4.306727611754369578e-01	1.288367780847300192e+00
nan	-5.200152845796147671e-01	8.960524347281992874e-01	9.263473038129390602e-01
nan	3.995958379284387241e-01	1.276161627974043089e+00	2.458740740950166592e-01
nan	1.272360558756211013e+00	8.099200454544557282e-01	6.759216530149672053e-01
nan	1.524741415466173811e+00	-1.617976557172582375e-01	-2.678652701477129749e+00
nan	4.913050520110260333e-01	3.738167070144844950e-01	-2.105060860458481287e+00
nan	-9.299372676103760949e-01	1.290737838148982464e+00	-2.633391798342570311e+00
nan	1.624519883419512645e-01	2.268194890766908056e-01	-2.416904553441921455e-01
nan	-1.147231470354610927e+00	-1.345555466255202171e-02	8.694745914974934264e-02
nan	5.610321495539438708e-01	-7.611004215006114126e-01	-1.954687093511342288e+00
nan	1.209442005632283657e+00	-1.348157930768920210e+00	-2.138037819977298248e+00
nan	-1.106744654247344251e+00	1.382466678128760229e+00	-3.290694634941621288e+00
nan	2.371570542555051508e-01	5.070846008020559736e-01	-1.914361548043433281e+00
nan	7.355397850212679334e-01	8.718573205852078178e-01	-8.227467331165264630e-01
nan	1.929258731116678671e-02	1.804999320826742970e+00	-2.897565509002573980e-02
nan	-6.910677748451669045e-01	1.787355506100768210e+00	1.303134723232535208e+00
nan	8.224960893757654601e-01	-9.963092290586444966e-02	7.713441623835287642e-01
nan	6.929821533859426008e-01	5.981759942490422199e-01	-1.097073761918282431e-03
nan	-2.369312857857594490e-01	-1.067146263647538174e+00	-7.695846422157882616e-01
nan	-1.321151426600906120e-01	-5.731523695575290178e-01	-2.110933029262883065e-01
nan	-2.171945887520275065e+00	8.147159991192819417e-01	1.527234699149020436e+00
nan	7.041118385874185481e-01	-1.638462195093677742e+00	8.019004503852237287e-01
nan	1.070754926066351143e+00	-7.038203814510551881e-02	-5.972319026210139992e-01
nan	-2.053204637817020117e+00	-3.417326892384767723e-01	-6.162620960087970001e-01
nan	-7.522492730533217875e-01	-1.224865163133294743e+00	-1.242492167958292981e+00
nan	-1.749037290462148508e+00	-1.410047320041640795e+00	-9.001894684581988049e-01
nan	8.023135742249842828e-02	-1.496143159267699474e+00	-7.421699663744785180e-01
nan	-6.770674712549080709e-01	-1.292281511823555773e+00	-4.101322404069690508e-01
nan	-3.382325959282731498e-01	-1.052219196979485849e+00	-1.480487916655262026e+00
nan	6.189496048508825732e-01	5.102781549540005290e-01	-1.134980968918339217e+00
nan	1.125014387784978975e+00	-2.305343943026530340e+00	-1.318014918800649138e+00
nan	-2.311837689671577323e+00	4.389038719802576538e-01	-1.354276270251980385e+00
nan	4.290064523027348198e-01	-1.281926525601833511e+00	-1.036960296822270644e+00
nan	-1.470978745130612220e+00	-1.493390777518112777e+00	-1.060487594772444142e+00
nan	4.767573951577259717e-01	1.396306644057394575e-01	-6.187973081630926409e-02
nan	-1.497291648465243652e+00	-1.232296156138214860e+00	1.658025151052167523e+00
nan	-1.573315929067626406e+00	-9.766170697046938631e-01	4.759503787266037844e-01
nan	-1.380919864112723161e+00	-5.232582145564758092e-01	-6.996937057315411046e-01
nan	4.544240403550380281e-01	1.004522547246486930e-01	-8.040886150876221938e-01
nan	-2.004733168281794542e-01	-8.423516503829079349e-01	6.852038436115402975e-01
nan	-3.895307801319725094e-01	1.175348733461476947e+00	5.381746087584553528e-01
nan	8.991360825641024901e-01	-8.398139818157023262e-01	2.124233687535502790e-01
nan	-1.819592083184313341e-02	-4.249921454827592648e-01	5.991503719904740510e-01
nan	-1.136800786154796850e+00	-2.050109316153827521e-01	8.582868843806756853e-01
nan	-4.129539796072477231e-01	-1.570177210830836501e-02	4.455142679210633005e-01
nan	1.084462014459423251e+00	-1.151262573735293060e+00	1.218189895716606186e+00
nan	-1.682243274574209968e+00	9.663671932905316952e-02	2.226013354406271294e-01
nan	-1.461058742830914525e+00	-1.505776468003321655e+00	5.232936807006443036e-01
nan	-1.233660748140358310e+00	-4.571051178941770710e-01	-2.270863602032640483e+00
nan	-2.844136904216708062e-01	4.821517151602949802e-03	1.556950221474552309e-01
nan	-4.876637036208412157e-01	-3.914172075073482082e-01	-2.961614078313931087e-01
nan	-1.405318010474558399e+00	1.332224834588899398e+00	-4.381537593496405147e-01
nan	1.875060280447556016e+00	1.105213232759101549e+00	-2.325673650402531489e+00
nan	9.128625724217898085e-01	1.759327575477938277e+00	5.343112114731871642e-01
nan	-2.075671119449257196e-01	1.945662678602937401e+00	1.796924164951019032e+00
nan	1.130449759963259027e+00	-2.017185078320539393e+00	3.562953594820184477e+00
nan	5.014076544948060654e-01	1.693104025497151666e+00	1.935458616930390563e-01
nan	1.453406933159619996e+00	1.775689833138708984e+00	2.214736235928368657e+00
nan	8.530709335652866265e-01	-1.085471650104431474e-01	1.625823330401487077e+00
nan	1.189212989999050674e+00	1.618951325912452610e+00	8.419775089515213473e-01
nan	1.933849204837012614e+00	1.563161373676886789e-01	9.921172691899869944e-01
nan	1.813834277294221309e+00	-7.424953059670612587e-01	-2.291918637083736887e-01
nan	1.099360674159154172e+00	8.422363222366322510e-01	-2.184707286285264560e-01
nan	1.590298264540176643e+00	2.291352177386530853e-01	2.619436254379620133e-01
nan	-6.840770236405601112e-01	1.248694439819253210e+00	-3.715079678553792619e-02
nan	5.677888680632384166e-02	6.343065393164337706e-01	1.537673679084054168e+00
nan	-5.291968501087447319e-01	-1.581228329790993037e+00	-3.957762807107577663e-01
nan	-1.136783458262360602e+00	1.277211789613530435e-02	5.402157400140612520e-01
nan	-8.439551894381536190e-01	9.086824525229503235e-02	1.780899707500284812e+00
nan	-4.513552338844087353e-02	-6.813330783934652413e-01	-3.689661102445029872e-02
nan	-1.709530259379223205e+00	-1.360135167626639885e-01	-1.419996555376727976e+00
nan	-3.095335699827805320e-01	-2.014388940684579410e+00	-1.051644746747526726e+00
nan	-1.861187692620983158e+00	-1.150183019572640131e+00	-1.925993767636880127e+00
nan	-2.750977587613204767e-01	-4.432452370977078004e-01	-3.179645500049494533e+00
nan	-8.661560581430723937e-01	2.029113387646030164e-01	-1.865781756052998563e+00
nan	6.304219176329714514e-02	1.132173224871153794e+00	6.162406320160624951e-01
nan	1.005636700559890961e+00	1.183085966780862641e+00	-5.221790036719905492e-01
nan	-5.331360638632883786e-01	1.078649088628256258e-01	-3.145064240082615092e-01
nan	-2.696077534497637318e-01	-2.784061168618998661e-01	-7.020767060960296790e-01
nan	9.249850133456657408e-01	1.385960436665152118e+00	7.656136958343544574e-01
nan	-9.061561663867444549e-01	-4.980111082707748826e-01	1.303367044307141231e+00
nan	-9.644899642699389375e-02	1.650257899030601605e-01	-1.028898675265555118e+00
nan	-6.683359815968352713e-01	1.065843224529600564e+00	2.057344464939057094e+00
nan	-1.509444251863394815e+00	1.362948131365040172e-01	1.573494995306961908e+00
nan	-5.750542135000641375e-01	-9.136609040488139488e-01	-1.858084770213845882e-01
nan	1.287889484317129574e-01	-1.580477378324084636e+00	1.072106302529782784e-01
nan	-6.008673736104930274e-01	-8.812002138545018681e-01	7.685854430321108488e-01
nan	-3.966966626241881788e-01	-1.419898936937231682e+00	3.107532225331978426e-02
nan	-2.475451176832081934e+00	-2.347225535117693607e+00	-3.945936045605922260e-01
nan	-3.382302174636567571e+00	-8.066884581390442177e-01	-1.492950680964618915e+00
nan	-1.223922758253923604e+00	-1.954941433505074766e+00	4.543193775122679190e-01
nan	1.111695326756356739e-02	-2.157093771909543545e+00	-3.080530604798727978e-01
nan	-4.208845898067655744e-01	-2.346553193261267545e+00	-4.636568272732233820e-01
nan	1.865730147561940333e-01	-5.244114997556865720e-01	-1.241165275711177962e-01
nan	-4.164749241489256737e-01	-1.090087324777468947e+00	4.091334249252103206e-01
nan	-5.334520720519368986e-01	1.256208747107020685e+00	2.341259596888195516e-02
nan	2.253503315289616393e-01	-2.711248620436590429e-01	1.000733311692405980e+00
nan	1.600793663988429871e-01	-5.660851074763284529e-01	2.051077656423653028e+00
nan	1.072691956625981158e+00	2.195148116753936618e-01	-5.424101430510247512e-01
nan	2.210389530656879653e-01	4.020149332853495960e-01	1.515148949820713575e+00
nan	1.054150275337034648e+00	-4.134186230342759005e-01	7.560150136034859969e-02
nan	-6.857433646784456549e-01	1.170357554616243689e-01	9.630534936421851766e-01
nan	-1.818821797528892059e+00	-3.069815821198004224e-01	-2.258309330988622632e-01
nan	-7.910022230353404016e-01	6.390547440045190042e-01	1.140615697074284007e+00
nan	-8.645703004000901970e-01	8.134021346685905984e-02	-1.503886873658005774e-01
nan	-5.961215550006223607e-01	8.601505084290240744e-01	-1.580541936040355422e+00
nan	2.175564651438118002e-01	-4.057142817070000795e-01	-2.196690261478167372e+00
nan	6.204185938584247939e-01	-3.814854635230712221e-01	-2.527681101553575171e+00
nan	-4.767678119388947811e-01	-3.639721746652321288e-01	-6.598959916671085502e-01
nan	-1.437132895141505773e-01	7.172996494841914483e-01	7.886718349279997486e-01
nan	-8.137976010661419624e-01	-6.857497455283120824e-02	9.650140776135489595e-01
nan	-1.152353990636326930e+00	-5.599948938788967823e-01	9.537791882093470397e-01
nan	-2.330317469660875274e-01	-1.811558161862811822e+00	1.325658343891765512e+00
nan	9.293217769081496549e-02	2.222909664084377290e+00	9.648145926807103478e-01
nan	1.006788484054673916e+00	1.558339578291072058e+00	5.781368124427416211e-01
nan	-5.854321654168430644e-01	-5.582926545596111900e-03	3.739581088496777839e-01
nan	1.249668284969428944e+00	-1.989744733896272155e+00	-4.875771024934090758e-01
nan	1.074775560728222557e+00	9.750408552047944433e-01	-3.375083367128765000e-01
nan	2.076519610859687948e+00	1.779834133938706042e+00	-3.236462070363551602e-01
nan	-1.209645324037762482e-01	-3.844519141991806777e-01	-1.187301648220921546e+00
nan	-2.983067067403386008e-01	-1.341677974529827067e+00	6.057375015498989157e-02
nan	-1.087319454223813375e+00	-1.539111037988226682e+00	1.823605992795950481e+00
nan	-1.587575114315336045e+00	-1.270129885081109578e+00	8.721201704508414476e-01
nan	-1.909712387365707364e+00	4.502564359310082809e-01	4.308195618576757813e-01
nan	3.785795087496346412e-02	4.427100460528941017e-01	-1.533552697832699097e-01
nan	1.343756029049973044e+00	3.804103080513929758e-01	-1.858659547360075104e+00
nan	1.581586547161034639e-01	4.311743103492843843e-01	-4.478551333680181878e-01
nan	3.639031102284882024e-01	4.800112272372524802e-01	-1.471938650466063203e+00
nan	9.740415532134312215e-01	6.978171453552756143e-02	8.761142525107078471e-01
nan	-1.005138815645524097e+00	-4.227701416858496986e-01	-9.852083573921617266e-01
nan	2.344029342369456925e-01	-8.382129499586358223e-01	-7.587422079820171916e-01
nan	1.227942509978658503e+00	-1.451019553433924081e+00	1.431296355073727655e+00
nan	-2.309399935021707317e-01	-2.126054721147285331e+00	6.631395266342482442e-01
nan	-1.597245193671682273e+00	-1.184574701313652501e+00	4.350192171847394040e-01
nan	-1.650382309514551338e+00	-1.565453818713743450e+00	-6.355617560332474381e-02
nan	8.595688640649530310e-01	-1.631858176756529666e+00	1.051308700055438416e+00
nan	-1.428739260054060767e-01	1.197727061382799774e-01	-5.307773005637103081e-01
nan	-7.252430479988084683e-03	-8.739465658260565650e-01	3.224216257701554844e-01
nan	-8.656436333699935037e-01	-9.209073098630760068e-01	3.666709838240330144e-01
nan	-1.718318766536563125e+00	-5.298295003341416676e-01	-9.122830818048108803e-01
nan	-8.602358673873087280e-01	-1.164956507242041583e+00	-7.392425432322584644e-01
nan	7.121276205330874243e-01	-1.643086157766074251e+00	-1.466900661564489172e-01
nan	7.958268986255526700e-01	3.402511015642731840e-01	-2.573829459049822521e+00
nan	3.890344708469853918e-01	-1.184037514385696932e+00	-1.577988045652096272e+00
nan	-5.306962839629700834e-01	1.889812899905816412e-01	7.008919936008706220e-01
nan	8.057262077739463235e-01	-9.987159863811500005e-01	1.124517987134741714e+00
nan	-1.436377587839116732e+00	5.840694136361453959e-01	1.871624700974099109e-01
nan	-1.941317979883652844e+00	-1.026240934740326294e+00	-2.233915588002934882e+00
nan	1.846590358200168591e-01	-4.145984373272026957e-01	-2.763587013054468855e+00
nan	-2.337986868833902832e-01	-1.302794580568107596e+00	2.574798041007654303e-01
nan	-1.249942467455134043e+00	3.352343970579616528e-01	-1.062810982807200211e-01
nan	-1.708433230848874218e-01	-5.582164441445724989e-01	-5.834657022987282948e-01
nan	3.410393146081838189e-01	1.904906908300190438e-01	-7.456995238975512308e-01
nan	-4.393204062048094993e-01	1.111942455668339269e+00	-4.554618190391426791e-01
nan	1.798474414876282346e+00	1.072974117824598839e+00	3.158595348371840972e-01
nan	2.153352286894924195e+00	1.790027220400746799e+00	4.396680933398018909e-01
nan	9.782570947429098940e-01	1.208363505849451291e+00	4.081685202898067688e-01
nan	-7.042918964557234318e-01	-5.615903686113010718e-02	2.352281740778267238e+00
nan	1.665851427744860502e-01	-2.094021194946771303e-01	1.143552779394467311e+00
nan	-2.823635219495095328e+00	5.393199578860530252e-01	6.954347214388925114e-01
nan	-2.477122737462014612e+00	-1.430535954614913230e+00	1.677986067906509726e+00
nan	-8.990007452645545349e-01	-1.361478213440747709e+00	8.461578367940957301e-01
nan	-2.035981919620425407e-01	-4.155969802070075270e-01	-4.043356309099965240e-01
nan	1.315029204948555408e-01	-2.352977551198736084e+00	1.380327929484217453e+00
nan	-1.191881077594723504e+00	-2.685995290779715217e-01	5.667574261875215624e-01
nan	-9.597488570454912882e-01	-4.501060474194213401e-01	8.621047861770213261e-02
nan	-1.154548749619136894e+00	-2.841329094678327616e-01	-1.018218571434712283e+00
nan	1.023813167953608216e+00	-1.084973350653318791e-01	4.995762130130704248e-01
nan	9.350733069494272520e-01	-2.721695399214879019e-01	4.483169475288436012e-01
nan	-9.109330408031582338e-02	-2.014181694903868503e-01	1.153931019450204348e-01
nan	-6.625790693839224144e-01	-1.752941070915160049e+00	-4.169635397194564885e-01
nan	-1.043782779053525012e+00	-1.355752157445794026e+00	-1.396887403754804691e+00
nan	6.169517961846537890e-01	-1.653156590497471878e+00	-1.557538674077717289e+00
nan	-1.141626081671634818e+00	-3.320787663435827985e-01	-1.179634313446561888e+00
nan	1.050358962235431237e+00	4.200503458569336268e-01	-1.032078236242620406e+00
nan	-5.312501978565622451e-01	2.428684681033549952e-01	-1.288171481742280911e+00
nan	-6.588008241604711990e-02	2.144909851064673023e-01	5.225815914899273329e-01
nan	-7.652525414087222311e-01	-1.796339858359158992e+00	1.069672466994624260e+00
nan	-1.789668464081636268e+00	1.964177062708810650e-01	-4.473010324893839096e-01
nan	-2.850688782813004973e+00	1.041450725775531660e+00	8.770493325099196769e-01
nan	-8.277008372001362080e-01	-6.134131531190485376e-01	1.681527557412651475e-01
nan	3.135432272517820751e-01	-2.460437483572151418e+00	1.187103998973323638e+00
nan	-5.500277158096720242e-01	1.426218573805813072e-01	-2.662797228894769663e+00
nan	-2.688340671785958147e-01	5.842577083136936134e-01	-2.056192898734173546e+00
nan	6.800048629187551708e-01	-6.609276037464627551e-01	2.388287346008686196e-01
nan	1.022296984471315548e-02	3.370385680623064761e+00	8.754334467369632167e-01
nan	5.995122098903220564e-01	2.204378121489595221e-01	1.172906537762607337e+00
nan	7.430877711930164997e-01	9.244219116944101255e-01	1.293279104522903733e+00
nan	-4.129829944298786248e-01	-1.522392911678227545e-01	-2.817052506515572707e-01
nan	-4.687344597940986679e-01	-1.666409802344228641e-01	1.180704316157301870e+00
nan	1.345672598996372482e-03	7.061579870117840052e-02	6.873574786966664130e-01
nan	1.378647193429201723e+00	2.706188776698951748e-01	1.255872713137609509e+00
nan	1.020524185855270716e+00	-9.205967745829585214e-02	2.328739180147389121e+00
nan	-2.736035806802052939e-01	2.982153065276301973e+00	2.677556301256881266e+00
nan	4.130676399534582433e-01	1.559036522120968993e+00	1.452273473253781422e+00
nan	3.151318390888827037e-01	1.498785114466806956e+00	2.227585551839375455e+00
nan	9.273839457322190505e-01	1.548190889990745056e+00	1.777723976833066377e+00
nan	3.285560967282111777e-01	8.362645612284180796e-01	6.004788526091250356e-01
nan	1.824941144907409996e+00	2.211040093807596363e-01	1.570135714562677975e+00
nan	1.835689345587525834e+00	8.516035163971580335e-01	1.572835079823305282e+00
nan	1.522523982204289084e+00	3.144754767504511217e-01	1.121280844738010263e+00
nan	2.528643395311271025e+00	-6.492987804551741959e-01	8.489455614516451254e-01
nan	1.282229026412183837e+00	7.890786885671132733e-01	6.067544120123528062e-01
nan	-1.944666749601943190e-01	1.072132364644484914e+00	5.617458032093424203e-01
nan	6.528309167961314774e-01	3.646260931846163622e-01	5.055550644869538646e-01
nan	1.556908909868262469e+00	1.335999816375609273e-01	1.861568971172180564e+00
nan	2.036966558135259397e+00	2.192641700644227143e+00	-9.074292729428162785e-01
nan	2.169292461581906917e+00	2.346958579885475515e+00	1.035127463532277581e+00
nan	1.250872705488599967e+00	1.262231928241457135e+00	1.312172029581401889e+00
nan	6.481253608064769800e-01	1.000413670522026788e-02	1.318300473500879200e+00
nan	-1.065913579678545053e+00	5.955766542756184556e-01	8.164278199824432924e-01
nan	-9.129515355477760830e-01	2.251332067432227635e-01	6.619965280865984791e-01
nan	1.645632175632860683e+00	-2.907528177383436052e-01	3.771235990240112135e-01
nan	-4.196116409369165523e-01	2.029164547695144982e+00	-1.522214239624667620e+00
nan	-7.681438377828533337e-01	4.378883015701133252e-01	5.265084546693457046e-01
nan	-7.346548866925994847e-01	-3.862963027387141812e-01	1.026455645524142035e+00
nan	-2.299785752504351077e-01	5.250343645907822321e-01	-7.852585982247961560e-01
nan	-1.022350141072502883e+00	1.094917886378764749e+00	-1.233149389513976457e+00
nan	1.551366674318510164e+00	-2.314578307502173971e+00	-2.397649772571176091e-02
nan	6.288761825626218993e-01	8.448992787452478392e-01	-1.306683553245707952e+00
nan	2.693812633476022622e+00	9.852103754495125099e-01	-6.042958815171834974e-01
nan	2.418572470150244236e-01	2.533648058454158303e+00	8.294407744423984985e-01
nan	1.374366718928678566e+00	3.006214233577735762e+00	1.965016474081087372e+00
nan	2.113839985831233559e+00	2.723337485282090853e+00	1.424335206391545317e+00
nan	2.028820327951641467e+00	-3.941668937032489772e-01	-5.078382028168368922e-01
nan	1.277208124814785517e+00	1.314523791025323129e+00	-4.409390450814842932e-01
nan	9.175345840164632616e-01	1.361864152544904893e-01	1.998841764894624173e+00
nan	-5.342189039143386831e-01	1.225905688209107669e-01	8.980889101860423107e-02
nan	-1.537674306548629355e+00	9.226918161923209905e-01	-1.761295874966946728e+00
nan	-2.428000288271110474e-01	1.667125107853226484e-01	-4.416647332281439242e-01
nan	1.704762444892186091e+00	-2.886836830842859358e-01	4.168000919641943192e-01
nan	-2.127397065775477047e-02	2.880601312428365812e-01	4.983250853569758942e-01
nan	6.137227399591697885e-02	-1.024019954970540436e+00	-6.624905249604123858e-01
nan	-1.784766659233597785e+00	-1.190718378439026504e+00	7.918925460566350605e-02
nan	-8.281477837639704687e-01	3.261958262595502367e-01	3.524846455615540664e-01
nan	1.655660538370888057e-01	5.405018103439022115e-01	-1.205984270636393241e-01
nan	-5.116972406902892123e-01	-4.991365469763359153e-01	1.153781429463958119e+00
nan	1.047448708301509601e+00	6.640703697442444930e-01	-3.318861141646632373e-01
nan	1.282221880422943716e+00	1.230633488209952886e-01	5.272083977423669410e-01
nan	5.657330044759126819e-01	1.880919253583247519e+00	-1.413551082748242260e+00
nan	2.623024491978785733e+00	-3.293500235972828261e-01	9.361744808202570045e-01
nan	2.183201305639326684e+00	-2.583119552499996141e-01	-1.667918310026594408e+00
nan	2.415379633425306372e-01	1.290030053822971201e+00	-5.400557153633759322e-01
nan	9.267557417113414520e-01	2.829063263502732961e-01	8.921008975728340618e-01
nan	5.152772114638520806e-02	3.817789045281700933e-01	5.711832590502328166e-01
nan	1.906297987517817427e+00	4.722212897025693801e-01	4.306699670111662770e-01
nan	2.312767672708458733e+00	-6.736442226775553044e-01	2.988022095993239646e-02
nan	1.080735498048594589e+00	1.235389750830225841e+00	5.099847869066054251e-01
nan	1.856861209131154489e+00	-1.224339774689989557e+00	-2.829047612364833375e-01
nan	-1.231906099017891831e+00	-5.726214852015882872e-01	2.522189135005520333e-01
nan	-7.837353400484973198e-01	5.825112999790819091e-01	-1.226393214484780447e+00
nan	2.864261358782456690e-01	-5.582249629841972149e-01	-1.494672881549453658e+00
nan	3.262547718647253181e-02	2.473770516203313563e-02	-8.561834300812692922e-01
nan	-3.256091356183887231e-01	-4.399940404542923567e-01	-1.276922704528606900e+00
nan	3.754584620180115850e-01	1.140177849005386435e+00	-9.916864676712362492e-01
nan	1.795242533195380297e+00	1.015432445963381447e+00	-7.867454470519709142e-01
nan	7.535536212187727845e-01	2.218993247760867149e+00	3.280290714196597568e-01
nan	1.124791744900311308e+00	5.253687170588093869e-01	1.619005765236168903e-01
nan	1.962843233164969003e+00	2.755108133078229216e+00	2.437703259141523748e-01
nan	1.774306263810073281e+00	1.984792645635792052e+00	1.232372842893590503e+00
nan	1.472592744621538552e+00	7.302479197560818314e-01	2.013173527216925773e+00
nan	-1.702475719683290700e-01	1.878116570501796589e-01	1.298417015463617652e+00
nan	9.034759026563046191e-01	6.235959094646914558e-01	-4.434809771970517622e-01
nan	1.456825350843773847e+00	1.925296078155836144e+00	7.191804358968029165e-01
nan	2.013100629991804169e+00	1.954587252726913249e+00	5.590635702419493036e-01
nan	1.662810344311080213e+00	1.288908250712403891e-01	-9.458111521313614656e-01
nan	2.032294650230722866e+00	6.545755295110750049e-01	6.240799214620708080e-01
nan	3.082065463440168962e-01	-7.252036072776564257e-01	1.563357944711474934e+00
nan	9.231676533620059022e-01	-9.231519350798828016e-03	1.277837182248008352e+00
nan	1.571039199257641350e+00	-1.332234867776808773e+00	1.264514708859679981e+00
nan	-1.354351053249584158e+00	-3.000772902782439244e-01	8.609626104121361756e-01
nan	-5.597443100172190267e-01	7.985012010918457470e-01	-1.108852809854840249e+00
nan	-1.405703401062230684e+00	5.607064126640085577e-01	-4.541062087006788039e-01
nan	-2.056981744866635542e-01	-5.388128831939568153e-01	1.573355714543725470e-01
nan	2.531182423666546999e-01	-3.042587003997355710e-01	-1.173188504737582516e+00
nan	1.384791747746760837e+00	5.856472431068678874e-01	1.957138918647252535e+00
nan	5.636379954310407614e-01	7.132466221687403518e-01	1.670072183547071987e+00
nan	2.888259650890623309e-02	8.807261452883754504e-01	-6.050024252498276134e-01
nan	-6.809931349480540241e-01	7.206561718684931783e-01	1.082349179963087549e+00
nan	-3.429132465156424781e-01	-3.564815589520077821e-01	1.134232383737193484e+00
nan	-1.483941428334640378e+00	-1.002689317338098407e+00	3.806884929900103964e-01
nan	3.959595274784954988e-02	-5.280349995929899398e-01	9.124532250954262014e-02
nan	-4.241170037754091737e-01	2.343968511429734392e+00	-9.465040046396178131e-01
nan	1.045727128258417293e+00	1.341381295744530577e+00	-9.455276600653643726e-01
nan	1.946914219895596876e+00	1.595600941833247077e+00	1.543148816726159112e+00
nan	9.401857413872715119e-01	1.050940855404690621e-01	-4.731283248535667063e-02
nan	1.508782604852936249e+00	-7.794216285554368406e-01	-8.728256348808883791e-01
nan	6.791027179657890267e-01	8.403012975647634608e-01	-3.481725744980623816e-01
nan	5.601362752891558827e-01	1.699283585556677911e+00	8.253444097471400731e-01
nan	-2.340597002793987080e-01	6.598365171124271900e-01	2.434736614735995008e-01
nan	8.347956983362539995e-01	5.542823257842466322e-01	-1.111322476876229759e+00
nan	-4.561618774670135323e-01	4.139791452680116057e-01	2.979504183638393977e-01
nan	2.209865215468267419e-01	2.284206239017249285e+00	4.658950555343156497e-01
nan	2.751386352558686355e+00	1.459829669472303415e+00	-1.781946398893269334e-01
nan	1.148560734915862191e+00	2.164086378208758266e-01	1.256121327762714568e+00
nan	-1.435708617124277664e+00	4.639416663356127901e-01	2.180167963695157418e+00
nan	-3.790368792334685155e-01	5.079789237394165546e-01	8.859113911740222891e-01
nan	1.271475390203010702e+00	-2.015375076444681390e+00	-2.924073733518849361e-01
nan	1.163680524215246814e+00	1.217128896234331403e+00	-2.050733661676713560e+00
nan	5.334514936388035089e-01	3.203206258549800900e+00	-3.983921222078613544e-01
nan	1.100597407673235661e+00	2.353429678051534246e+00	1.006367520418591344e+00
nan	1.702439513823165385e+00	8.668996626202795097e-01	7.655251961322839804e-02
nan	1.473142792148398383e+00	1.872571398769125928e+00	1.450212825301640862e+00
nan	9.304467255877639786e-01	6.647401268675106056e-01	1.533081617142936448e+00
nan	-1.606075885855892338e+00	-8.010311445654260121e-01	1.576278580550745101e-01
nan	-8.471757825754899773e-01	1.323628533983373989e+00	1.168297367575681367e+00
nan	-4.438759287569131740e-01	1.299863250510206791e+00	5.568479352143785865e-01
nan	-4.960205597187683502e-01	1.541544614284747539e+00	-2.736178511545497294e-01
nan	2.104107391951280714e+00	-9.764535907955034233e-01	1.116845496903314583e+00
nan	-6.693225448229592756e-01	-5.259290828237865867e-01	1.648065461107415919e+00
nan	-1.031206644865632072e+00	-8.292823579507510035e-01	-4.075861190420298485e-01
nan	-6.265832453933790624e-01	6.660355507072129866e-01	-6.075433234576129715e-01
nan	1.968394197461398543e+00	-3.932657181398817314e-02	-1.653458416385670482e+00
nan	1.941248448930437354e+00	-8.593245045180533115e-01	5.172932583642216864e-01
nan	-1.359522732076669516e-01	1.838979444380224981e+00	7.668515035973362259e-01
nan	7.784700221039445589e-01	1.994743811959139301e-01	1.161978099439434642e+00
nan	-1.522035296808694205e-01	-7.159933101081183970e-01	-2.003525229801357721e+00
nan	-1.228906500356734766e+00	-1.134065445007826467e+00	-3.595970740687358669e-01
nan	-8.683175126238074082e-02	-1.436675086195866813e+00	-8.060731819439947987e-01
nan	-2.163478391438396375e+00	-4.590740264495195011e-01	-1.895268548280675258e+00
nan	-3.760541910459744841e-01	-2.148040280777146371e+00	-3.685309184334553678e-01
nan	-1.389542944693704873e+00	-3.659671594636400571e-01	-1.874247489500183494e+00
nan	1.742484141911924134e-01	1.023551712493553367e-01	-1.756515451680821460e+00
nan	-5.065509875004593487e-01	-2.671835264169161728e-02	-1.971642624914071273e+00
nan	9.186062532341016107e-01	7.184582150336996653e-01	-1.279746155817200304e+00
nan	-1.979234023520663466e-01	3.415988617955274087e+00	-1.541083906282359473e-01
nan	1.660467546581962051e+00	1.813420411699103285e+00	-2.054386291570404754e-01
nan	1.613222058106784429e+00	1.778646791596522059e+00	-1.540959496719359612e-01
nan	1.043725788932563514e+00	2.621311111907743685e-01	1.906673202275285472e+00
nan	1.394760093509741505e+00	2.276533154594811759e+00	8.160060650742465560e-01
nan	4.124305310092707400e-01	1.506537401613279092e+00	3.936156015336551572e-01
nan	1.111585479590758485e+00	-4.640476703703655392e-01	2.705108342468763638e+00
nan	-1.005687592079631543e+00	1.634881087531454558e+00	-7.390995177832170304e-01
nan	-4.219786325095008506e-01	1.539131248944515695e+00	1.931724338880989045e+00
nan	-2.395844184477830541e-01	6.781673732689919021e-02	-6.443229150810096950e-01
nan	-1.518103832161598277e+00	-1.253417292857915699e+00	4.794837751844235885e-01
nan	5.801525600673995697e-01	-1.764854810398194251e+00	-2.950084299114528186e-01
nan	6.541903094418165532e-01	1.755992592627473314e-01	-2.287360625261272595e+00
nan	-1.339956416210813794e-01	6.947019831111435062e-01	-6.393910730199729997e-01
nan	-7.171375116028032570e-01	-4.259298156785665812e-01	1.610197908323570015e+00
nan	2.132542801179150516e+00	-8.201304019414754620e-01	1.040221265952550045e-01
nan	-1.690497340471362131e+00	4.072962634324956976e-01	1.666795612590838971e-01
nan	-1.734940075739884291e+00	-1.508250645137363843e+00	9.367020587761749617e-01
nan	-9.403502297248730324e-01	-1.490049776447980534e+00	-4.537761603534973265e-01
nan	-2.204295777293854286e+00	-3.997322413081685344e-01	4.879032346022049715e-03
nan	-4.611118050318163686e-02	-9.518418787382294521e-01	2.378221093419491394e-01
nan	-1.557433867463187127e+00	7.948934147339797862e-02	6.476827918317223931e-01
nan	-6.603450882123333976e-01	-1.119392775911336901e+00	1.475508812514078283e+00
nan	-2.979642022659053424e+00	-8.610839824962457367e-01	-9.869349171353652972e-03
nan	-1.431544180169761482e+00	-2.179639616788579648e+00	4.021150428259638310e-01
nan	2.788165401642817010e-02	-1.352769046532381392e+00	-1.152347388499421754e+00
nan	-1.726301281633312312e-01	-3.850410978991990474e-01	3.796959295951685132e-02
nan	4.330182886344879911e-01	-3.273522344436073928e-01	6.339830270640756105e-01
nan	3.355425739611249680e-01	-1.666893463295715749e+00	-8.562004773990750106e-01
nan	-4.818487592953206722e-01	-2.806540546105363299e-01	-1.469463712819204515e-01
nan	7.736152814984224024e-01	1.898155379230214379e+00	-1.807901830024476908e+00
nan	1.627964915224149767e+00	2.351732719307429775e+00	3.972465525919013363e-01
nan	1.699560674967832252e+00	9.317801937153591396e-03	1.099865418821985408e+00
nan	6.015464244591997023e-01	-1.311202988690648219e+00	9.040109340406973226e-01
nan	-9.358832389934793605e-01	-1.149678967975499289e+00	5.064791830608545986e-01
nan	-3.214641824698510342e-01	-1.695835642851649894e+00	-1.985606773869142139e-01
nan	-1.289410833850969773e+00	7.253409845480477403e-01	-1.245804217026957872e+00
nan	1.688676373650291052e-01	-5.263584210739331581e-01	1.561231811774969280e+00
nan	1.722899588967516937e-01	-1.552052681873815398e+00	1.248965855954311976e+00
nan	-2.942636196479320176e-02	-1.792824475297617237e+00	9.428820935461640351e-01
nan	-5.410005952361121029e-01	-1.603263976376799960e+00	-1.687308928604767333e+00
nan	-5.273371867807914448e-01	-4.793067031694261404e-01	-1.001995908512261835e+00
nan	-2.553416325498491180e+00	-1.021150131938270089e+00	-1.608325067424159815e+00
nan	-7.524217205546274156e-01	-8.141578992080142907e-01	-1.397439198793052562e+00
nan	-4.236664836521910615e-01	9.689878782691940806e-01	-2.493694571788214631e+00
nan	-4.278048741539354771e-01	-1.421041387764296227e+00	-6.855385106987730293e-01
nan	-1.194668956667940818e-01	-1.456750760779064624e+00	2.070198536816541868e+00
nan	2.092620278559291225e-01	1.081159995357369175e+00	2.460224222909175584e-01
nan	-5.203040476075189158e-01	1.140999477030599785e+00	-1.151858808691911484e+00
nan	1.678260831029580458e-01	-3.045666921830225693e-01	-4.882688749775952464e-01
nan	2.757414395202511859e+00	-1.401646243146635051e-01	-2.418519993539194335e-01
nan	1.373615915949724764e+00	1.024358075919241884e+00	1.028259427213244148e+00
nan	2.005916212562758538e+00	1.933220528286474060e+00	3.730761659142173281e-01
nan	5.215535566122490030e-01	1.968341123634747447e+00	2.005692867563879211e+00
nan	1.059976893873432191e+00	7.814001010386770751e-01	6.864404897228959523e-01
nan	-6.237435689253826299e-01	6.684723021386521635e-01	1.613533368331365736e+00
nan	1.191164049052686330e-01	9.398610202939650105e-01	1.685851354555980564e+00
nan	-4.830918712326979780e-01	6.452643521613794508e-01	-1.113618246046828464e+00
nan	-3.795945133797569149e-01	8.691946129254343179e-01	1.014208876470427345e+00
nan	-1.361219500636864643e-01	9.377062812069376641e-01	1.883207300808501072e+00
nan	5.960175075924314392e-01	-1.117009753881182954e-01	3.031638663996047978e-01
nan	1.018572628481540621e+00	-3.649978933764862488e-01	1.141221983192849176e+00
nan	8.832647567961745549e-01	8.161510167450831688e-01	2.825682056000924924e-02
nan	1.455259498795484774e+00	6.688481233247443036e-01	-1.544223020198174368e+00
nan	4.248561029269124489e-01	3.825781959667236554e-01	-4.932845329830878867e-01
nan	-1.204398295038252131e+00	4.364925694223814046e-01	-1.433193712803083164e+00
nan	5.410764065724680272e-01	-1.313939833877699193e-01	-2.943266453774877611e+00
nan	1.951288157862503203e+00	-1.371289049411458794e-01	-1.823864968551103249e+00
nan	-8.421903376665473839e-02	2.279925438176395147e+00	7.541199618031134699e-01
nan	6.767257521381913055e-01	5.227438399789388068e-01	8.599587926683340822e-01
nan	1.507897258430603404e+00	-1.611390178591929345e+00	-1.164719627440330418e-01
nan	1.425545042717383470e+00	-6.295857172668847257e-01	-1.481412541154503160e-02
nan	-1.005288050849424408e+00	9.465823821872425547e-01	-5.695523132848989700e-03
nan	-5.926023832635971544e-01	2.833461586845217317e-01	-3.617353874970885563e-02
nan	-1.069517212724451216e+00	-1.621028949797942653e+00	3.803276158294945364e-01
nan	-1.148305131177292049e+00	2.841208041520162375e-01	-9.136896574939714633e-01
nan	2.080771563332566854e-01	4.421252827769971416e-01	1.627205547188236290e-01
nan	5.409730481843293415e-01	-9.745258694265829247e-02	-7.550177256377599289e-01
nan	-1.307282829467991681e+00	5.900482077363793376e-01	-6.135454254127719054e-01
nan	9.846048992580760939e-02	-5.105087341481100438e-01	-5.759726050445556078e-01
nan	1.044678810059287866e+00	-3.899370722049724791e-01	1.081328202767070090e+00
nan	-1.686455949125424125e-01	-8.919707211368573807e-01	-1.448126279918775738e+00
nan	1.570667793329007633e+00	7.396140801739915505e-01	6.490131265319367682e-01
nan	-4.061087531416899266e-01	-1.434894030175645430e+00	1.738307735974319090e+00
nan	-1.819524231489831445e+00	5.367911802257729903e-02	1.486590461859364221e-01
nan	-1.222965366653418817e+00	2.798511717434241097e-01	7.384070063795021843e-01
nan	8.271470602872593725e-02	1.768247447013754359e+00	1.521829673292226071e+00
nan	7.626573484925751600e-01	-1.413251813032740944e+00	5.450472035487097244e-03
nan	-4.242445087274284710e-01	1.183875821077620960e-01	-1.125325578886075650e+00
nan	1.343777086217804895e+00	-1.717287015574109121e+00	-1.724124099824098089e+00
nan	5.429559444424515435e-01	4.537519794533546591e-01	-2.620808071466677047e-01
nan	3.995880737107159186e-01	6.441260212557601283e-01	1.765439583298334281e+00
nan	-1.325608505510802226e+00	1.421858447304942041e+00	7.763413894836627138e-01
nan	-3.364444154799546283e+00	6.710145461589155369e-01	1.411123478624684013e+00
nan	-9.413385574155476165e-01	-4.013417094119192674e-01	2.060598721982767501e+00
nan	-1.588307178354000815e+00	1.126109462745497614e-01	3.721749324264365666e-01
nan	5.026359459631806192e-01	1.858917121287738894e+00	-1.210916010862375103e+00
nan	2.748975162377181869e-01	1.207147467669559715e+00	-4.961527812591393083e-01
nan	1.033487185542434794e+00	1.829381515395137381e+00	3.613987056352090388e-01
nan	4.990473405023984621e-01	-1.014989084649543738e+00	1.849309344874163763e+00
nan	1.008599554586272928e+00	9.403887726254254176e-01	-9.845660160554816631e-01
nan	7.005897773995517497e-02	-6.120649376828306565e-01	8.516284775416090858e-01
nan	-3.511741733562471213e-01	-1.078297701608257553e+00	5.641294719568829691e-02
nan	-1.356254766750424889e-01	-3.566678884831065433e-01	4.803476378855875972e-01
nan	2.359408808413575587e-01	1.326491632657078812e+00	5.738041325874320142e-01
nan	-6.400201435871136768e-01	4.320743823282224283e-01	-1.286727572900743466e+00
nan	-9.040424525693942226e-02	-1.385042552097498492e-01	5.896867627595212547e-01
nan	1.116566600580983337e+00	1.267031538930229351e+00	9.827877734552233902e-01
nan	2.035833128249071589e+00	-6.579308294965667825e-01	1.538121455155981865e+00
nan	-1.848781968042673696e-01	-1.535549712702128478e+00	1.193938436130947522e+00
nan	-6.638665848408703551e-01	-5.424351502433260031e-01	1.925818182915233212e-01
nan	-1.161294604642205908e+00	-3.823582951549855391e-01	-6.686071783406235536e-01
nan	4.261125631292219662e-01	-7.381874073959514559e-01	1.344565658225902460e+00
nan	1.651291980557445527e+00	-9.301314180911179896e-01	-1.532370143983330935e-01
nan	1.415061882655612502e+00	-1.556867838286918326e+00	4.438094580110150122e-01
nan	-8.326593268859870944e-01	-4.857869036562639797e-01	7.173855182841801792e-01
nan	-2.090931064549720553e+00	-7.672142598024314086e-01	-2.346732744323919151e-02
nan	-2.154610604857613021e-01	-9.740994343916973275e-01	-1.107014781352383181e+00
nan	-1.632286895687816930e+00	1.731841927210314935e+00	1.561561697266905968e+00
nan	5.492636227833173068e-01	6.882534233001500468e-01	-4.804347504210016995e-01
nan	1.240796789861464244e+00	5.085486204569950042e-02	-1.135669650912316087e+00
nan	3.318935375068966298e+00	3.006690494489877574e-01	-1.323704189239426787e+00
nan	-6.773288326235924472e-01	1.628752745055549234e+00	8.440280117634526569e-01
nan	1.099223628149204712e+00	1.305969359534023155e+00	5.400408948088246675e-01
nan	-6.448169039698814498e-02	8.081922810934522028e-01	1.099630467014222068e-01
nan	2.147782803025938492e+00	2.055520783682584174e+00	5.215435940819691529e-01
nan	1.819161948111901461e+00	1.768012158117016508e+00	3.141702145222248888e+00
nan	5.709115870913693547e-01	2.644199888126870235e+00	4.997778389691098777e-01
nan	1.278191670153033588e+00	-6.239156579517316503e-01	-1.360011477743606534e+00
nan	-6.539739032250460049e-01	-4.782672897238157139e-01	5.783324264359086531e-01
nan	-8.470132382821116135e-01	-9.402016626097631224e-03	9.774909713936961175e-01
nan	-1.946267168434497430e+00	-9.472173536004389049e-01	8.997229356151803525e-01
nan	-2.001958308189140556e+00	-2.368164970382609980e+00	8.516547592778112019e-01
nan	-1.249587027520580929e+00	-2.979246878675323451e-01	1.207446665371574523e+00
nan	-9.872025188233273241e-01	-1.726650741045758553e+00	1.026481170829956491e-01
nan	-7.666917633681371580e-01	5.434417929562866956e-01	2.384229993356493105e-01
