nan	-2.134108450335734930e-01	4.790677818511749897e-01	1.190385792375799667e+00
nan	-9.960606903263094503e-02	7.421925909978817071e-01	7.046739844042524403e-01
nan	1.207640012757932868e-01	4.410381879896616564e-01	3.352972154788994574e-01
nan	-1.288602052987924740e+00	-4.699003602905121868e-03	2.427230242614014932e-01
nan	-1.356232186394874972e+00	2.457363242876103193e+00	-1.440089973633305265e+00
nan	-9.273867937362094693e-01	2.988957460227259499e-01	-4.449735738198752899e-01
nan	1.482387810492079572e-01	2.814204553552285826e-01	-7.181478068071898146e-01
nan	1.477383981103991273e+00	-2.199427109265416291e+00	7.617618749557556468e-01
nan	1.748530335628406984e+00	-2.533095152848719778e+00	-1.448364833812069596e+00
nan	1.484286605047311358e+00	-1.372606349834032402e+00	-2.175376371895414884e+00
nan	-1.493335506700192550e+00	-3.888504388653338806e-01	-1.462448092953847478e+00
nan	-1.913698840981536087e+00	-5.294294892544835207e-01	1.470579560110121253e-01
nan	-2.513761704399115171e+00	-5.220698716227911707e-02	1.233276841877807284e+00
nan	-1.932849179125779582e+00	-1.853095613617462334e+00	2.967527253835375856e-01
nan	-7.405425061367478801e-01	-1.160272771638817257e+00	-7.306744659532462549e-01
nan	-2.396456910112015670e+00	-1.022755532447957139e+00	-3.357204373669520070e-01
nan	-1.658974708860597058e+00	-4.381844588574235200e-01	1.402867779408485616e+00
nan	-1.912869389969212408e+00	6.791386747336343177e-01	-8.998338724335314120e-02
nan	-2.175530968647618468e-01	-1.087203293873514998e+00	5.089950510384431137e-01
nan	1.003803658749367056e+00	-2.534857444950882055e-01	-1.166118731794790975e+00
nan	4.467641426912423719e-01	1.464222530208569406e+00	-9.795283806633152679e-01
nan	1.112204305883252253e+00	5.110905803399110603e-01	-3.545440082263634496e-01
nan	3.229081878273948880e-01	3.355287679654611388e+00	2.225692532526550860e+00
nan	7.381212017821360272e-01	1.835582395755016805e+00	3.079497918510984533e+00
nan	-1.466331633987553174e-01	-6.224447396457100101e-02	1.618374577292360783e+00
nan	4.527636817198821828e-01	2.033271592227002822e-01	1.227092729463961529e+00
nan	1.045072692710258044e+00	-2.695066840675194308e-01	1.312566921674452214e+00
nan	1.668272336114425602e+00	9.028854347731742891e-01	-7.212274203341708656e-01
nan	1.237293793615028115e+00	1.915740559995079195e+00	7.486345845737912841e-01
nan	1.981563856363717679e+00	1.244356318762694702e+00	1.624904817456603201e+00
nan	-2.940508021335080935e-01	1.120848489212038501e+00	1.582838858791182135e+00
nan	-2.724742593192264195e-02	1.105463148256391692e+00	9.162690736054088791e-01
nan	1.037588814952679739e+00	1.278312586902738079e+00	7.248995489925296187e-01
nan	8.726824551559839716e-01	9.396548852440335109e-01	-4.488954742115593977e-01
nan	-1.971281973668592702e-02	-2.931116239571481819e-01	1.071478416588939497e+00
nan	-1.820929627318375599e-01	-4.830262285089608199e-01	-5.461501401733923622e-01
nan	-1.301779587433322671e+00	-1.263827568909519528e+00	2.654505747474644184e-01
nan	-9.778896182604674969e-01	-7.137499317717846958e-01	1.721003803786140818e+00
nan	1.839391029057099614e+00	-1.640339854503299333e-01	1.674613119955716600e+00
nan	-5.214335044591209556e-01	4.387498615609941588e-02	1.152806857669585572e+00
nan	9.226358172982584982e-02	-6.134812527935757931e-01	1.187350355079873854e+00
nan	1.155581097268441271e+00	-1.034824467169381812e+00	4.403100522569799447e-01
nan	3.819429073518146311e-01	-1.695765643600038119e+00	-2.919481290379279392e-01
nan	-5.946856996582139399e-01	-1.096576970495087400e+00	2.833894647781939335e-01
nan	-1.337687831968191965e+00	8.634314003334270238e-01	-1.879297466852638543e+00
nan	3.755107297802685595e-01	6.355880654991746814e-01	-1.070978527665802371e+00
nan	7.240669795265499697e-01	4.801685339473296676e-01	-5.982661171862575511e-01
nan	-1.437665490898493825e+00	-2.088514432614414051e+00	-7.234243815642339426e-01
nan	-3.137559432282666094e+00	-1.745319140809492797e+00	-1.914084759094969668e+00
nan	-1.211985380643762156e+00	-2.714840817566432474e+00	-1.047896357587538407e+00
nan	-3.357018271112899299e+00	-2.165449650363985512e+00	-1.769447431465233089e+00
nan	-1.868881488988702211e+00	-1.559787519319750793e+00	-6.327866299676632167e-03
nan	-1.281262310131939364e+00	1.230304615219715236e+00	-7.761870409558954131e-01
nan	-7.582361728870331552e-01	-1.345977279959535533e+00	-9.666367925366827762e-01
nan	-1.524548008847217417e-01	-1.615626209352547082e+00	-6.742172358099211005e-01
nan	-6.662556274548335766e-01	6.096815362226379875e-01	6.500986876514780466e-01
nan	9.841477003499585763e-01	1.421041754404988922e+00	7.578773416699478016e-01
nan	-2.302395213820979114e-01	6.066843388585312358e-01	2.135344832313720964e+00
nan	-5.093641935794083198e-01	1.845718078875626000e+00	3.954437163446548609e-01
nan	-6.884634146584739378e-02	2.445154163562782978e-01	-6.869353883342282918e-01
nan	3.276177180818041768e-01	7.809513726349422980e-01	1.068544537399697403e-01
nan	5.053886152564741607e-01	7.694977647165298640e-01	1.613628783655991716e+00
nan	6.409433772549353314e-01	2.363527685202188588e-01	-6.185235087735552195e-01
nan	6.655502657433255420e-01	-2.041528181560280153e+00	-1.180518242942724783e+00
nan	-4.347811798556153740e-01	-1.309348281826830385e-01	-1.152965240437005878e+00
nan	9.708041706438282903e-01	-5.027482121955884065e-01	-7.896967934007630419e-01
nan	-5.254130194036444879e-01	5.757181567506948205e-01	2.957292924433904124e-01
nan	1.726210464168304481e+00	-4.815285085593900560e-01	1.574543734826767682e+00
nan	-7.549906714721832390e-01	2.497268763985434070e+00	-3.949975212291058080e-01
nan	1.162995952088932139e+00	1.794384972865170624e+00	6.257191318639498956e-02
nan	2.041267697458409636e+00	2.492121292402909027e+00	1.355775491363229168e+00
nan	7.770470517349969963e-01	1.457683187943298986e+00	2.594797561890901605e+00
nan	1.078503400122612366e+00	2.074358348575381594e+00	8.028832364596009130e-01
nan	7.102514496974328129e-01	1.619279387833112427e+00	1.211685520209624611e+00
nan	1.814492265878697941e+00	1.602081337853177301e-01	1.842449520757251991e+00
nan	-2.006163419200202469e+00	1.991595283877442224e+00	9.248649741426628879e-02
nan	-6.689147709827208965e-01	4.881542002941600678e-01	1.337553273711791224e+00
nan	1.097385829528306767e+00	7.371535906580795050e-01	-1.419019413364321025e+00
nan	1.336902619271402859e+00	1.327595439025977875e+00	-3.315412892654672206e-01
nan	1.572358019781529892e+00	5.069601324208714566e-01	1.500512611991724476e+00
nan	2.069236576601626298e-01	6.083685888585483870e-01	1.321702912164856025e+00
nan	9.781941732204539885e-01	7.368255600496915747e-01	1.327974328864849118e+00
nan	9.092555810583831111e-01	9.846772129139387264e-01	8.049138831217469425e-01
nan	1.389047404862381985e+00	1.244257842225893640e+00	-3.761599274595816000e-01
nan	7.119032540329970349e-01	1.512480562042280985e+00	1.485392545697861388e+00
nan	-1.214340860021161816e+00	3.207628681279689475e-01	2.496420192397748039e-01
nan	-6.611906728692924506e-01	7.457004364643653460e-01	1.015851774814707342e+00
nan	7.417624697758097296e-01	-9.586607634982092785e-01	1.729450054875104392e+00
nan	2.463608842405681232e-01	-5.577154968371804689e-01	1.133075595338096236e-01
nan	1.051517275402487905e-01	7.550439957083497911e-01	1.302683679470423961e+00
nan	2.823254165749770728e+00	-2.269788172074654331e-01	1.739057857310523314e+00
nan	6.079347213094874469e-01	1.540266640561836820e+00	8.273635207451942586e-01
nan	9.421314942228131706e-01	-3.783354300564012451e-02	1.967035407747506071e-01
nan	1.349395436081850308e+00	-1.202083509977299070e+00	4.097278576864991917e-02
nan	-3.674978968389980505e+00	2.602979977419972002e+00	1.139238966708095990e+00
nan	7.653438996802295335e-01	1.005997948872749959e+00	1.656060106966121381e+00
nan	-6.956578855132413697e-01	1.100091631542813531e+00	1.817152989025913712e+00
nan	-2.187049394254001466e-01	8.946457703985777332e-01	1.726063184382265359e+00
nan	3.821043681701784545e-01	1.036351842871146012e+00	1.647359159807279205e+00
nan	6.595503988051860667e-01	3.709679014688008758e-01	2.916386846094414231e-01
nan	2.912951676938873025e+00	4.651628766764223100e-01	1.074981015158398501e+00
nan	1.714471618537089626e+00	1.622219044920105269e+00	1.529471693509770525e+00
nan	6.281440062293228710e-01	-1.008533439483913385e+00	9.111719277311740584e-01
nan	-5.798363219211950526e-01	-5.129596914737863944e-01	-9.708833292891108080e-01
nan	-1.487472542482440874e-01	-9.696585512393213202e-02	7.553158178199316231e-01
nan	1.336920884556025702e-01	-6.297518887484997441e-01	-6.732137388526364674e-01
nan	-1.107480292285640155e+00	-2.798605574905227433e-02	-1.672524401107772452e+00
nan	-4.782820178402547029e-02	6.375981930536885889e-01	-1.721795392477085462e+00
nan	-3.438494051222847903e-01	-1.786951044953492884e+00	-9.265285135923977400e-01
nan	-1.391593713042724945e+00	2.105229084210599177e-01	-2.802162790737046549e+00
nan	-3.006334369787093674e-01	1.958290891483954743e-02	-1.487937964470410712e+00
nan	4.526773779810676357e-02	1.771390149849959128e+00	-6.868497615453756922e-01
nan	2.247196803457767178e-01	1.375608691357575353e+00	5.267721201903108330e-01
nan	1.113183858536604953e-01	5.928990553448560963e-01	2.475272180982936998e-01
nan	8.524607395594976378e-01	2.688444924393754709e-01	3.775483550668090049e-01
nan	-6.713772029262685681e-01	-1.002192908182011344e-01	1.866120091142636106e+00
nan	1.952373949090936700e-01	-9.737058043094177773e-01	1.626414259198452505e+00
nan	8.832727408974822003e-01	-3.546818621951831618e-01	3.621081963311311713e-01
nan	1.253750741197855900e+00	3.565448948030603971e-01	6.652639587648850883e-01
nan	-2.266369652005997826e-01	-9.571437879458871700e-02	-9.367731828719916276e-01
nan	6.220270765528135293e-01	2.823320978522194658e-01	9.087586997842482806e-01
nan	1.148617625566204392e+00	8.907504071252776434e-01	2.158434967849385711e+00
nan	6.654782534705819819e-01	-3.621888941801532091e-01	1.752006307210163705e+00
nan	2.409204836113990333e-01	-4.706159099356562736e-01	1.774318231072259167e+00
nan	-6.618355421841061181e-01	-1.838010503252867300e+00	1.741735973414173078e+00
nan	8.103246019875868233e-01	-1.582569186616662460e+00	-1.310664135900102778e+00
nan	2.680635541403548761e-01	-5.908210668778837160e-01	1.204446143332643659e-01
nan	-1.997019374764568811e+00	-9.850498130991266477e-01	-4.191322521662189660e-01
nan	-1.931802978366118362e+00	-1.313830094811571758e+00	-1.137693391652025987e+00
nan	-1.542183177447972398e+00	-1.149856280052046431e+00	-1.907292213071776432e+00
nan	-2.434814418854874596e+00	-5.228546851237854121e-01	-2.253660417759392409e+00
nan	2.993143950224669281e-01	-1.444414320115794403e+00	-1.206941902867456395e+00
nan	-5.838094210922915028e-01	-3.198586560641980547e-03	-2.000869810109372482e-01
nan	-2.811964250657054132e-01	-1.080173982875420879e+00	8.118058992355037251e-01
nan	-2.078941410947953372e+00	9.625855706092920627e-01	-7.869492866928647912e-01
nan	-8.379217528874283172e-01	-1.117718230376063993e+00	2.507684417858668802e-01
nan	-1.044672226322914454e+00	-1.050390615785917081e+00	-1.296389016092135194e+00
nan	-7.359131008992907397e-01	-9.447020214130527060e-01	4.171242138696410473e-01
nan	-2.164325750559038308e+00	3.406983981645927972e-01	-7.097999288694403219e-01
nan	-1.567332508848160000e+00	-1.078198339877552980e-01	-1.823249329017961440e+00
nan	-6.640161705838010242e-01	-3.431051574656391878e-01	5.934962471101701276e-02
nan	-1.020428157626153132e+00	-1.437816418232696236e+00	-1.245126163913224504e+00
nan	2.789367467273251577e-02	-3.194186053650865942e-01	-2.486642742922061888e+00
nan	7.440327947518630136e-01	-7.961494035289340410e-01	-2.083739833210978887e+00
nan	6.051385539092711818e-01	1.360998614583653232e+00	-2.414736758319154131e+00
nan	-1.530592348249775858e+00	-1.614187514581111538e+00	2.509802757400600992e-01
nan	-1.627265366871362806e+00	1.015783448520065635e+00	1.190273463202242699e+00
nan	-1.137550390201785833e+00	-9.975115600734494326e-01	-1.181872784896104145e-01
nan	-5.375859711835029309e-01	3.663391726403888438e-01	-6.131800839360013189e-01
nan	9.835213909528023324e-01	-2.048985844821065161e+00	-4.307913365340521605e-01
nan	-3.319204629483473168e-01	2.152038456133521294e+00	-1.255141455204142220e+00
nan	1.374231311496711960e+00	1.384834222822162619e+00	-6.710294081487577778e-01
nan	1.245891168886208433e+00	9.667978599074009693e-01	5.797171294811148679e-02
nan	6.758263984902040944e-01	1.417923708660369542e+00	9.357197125615540623e-02
nan	-7.400414990470658427e-01	-9.081395015152913253e-01	1.987967181297261576e-01
nan	-1.519069005785127491e-01	-7.700376462728897309e-02	-1.812314095048169760e-01
nan	-2.482862411321544727e-01	-2.573669148702572240e+00	-1.947991077211332689e+00
nan	-1.738520257299298155e+00	-1.782337387658795125e+00	-6.422367609198230687e-01
nan	-3.494498407100906645e-01	-1.325122674477234863e-01	-2.127497305168402519e+00
nan	-1.287554761544152715e+00	8.153283472331125381e-01	-8.351822363512260150e-01
nan	-3.822372534576209402e-01	-4.362826557175065734e-01	9.885337690963845736e-01
nan	-1.939106876228923748e-01	1.014713308218472054e+00	-9.830047680302553825e-01
nan	2.680846326499261245e+00	2.431383765466725411e+00	-9.000645019731745577e-01
nan	-3.963745820555886201e-01	9.887506265240422199e-01	5.052983889788295047e-01
nan	1.407009450885449597e+00	-1.034091704155920555e+00	1.098219244672106187e+00
nan	1.642925545044746194e+00	1.538644578721789502e+00	2.547287388966175126e+00
nan	-1.697544866080126225e-01	9.683182994034154056e-01	1.760051879770384797e+00
nan	-1.492913700472134231e+00	1.306981880361944626e+00	6.190346033082004817e-01
nan	-1.003426372795102051e+00	-7.133166404514720282e-01	1.044107946349057681e+00
nan	-6.887928898936974687e-01	3.321498872289765369e-01	-1.983773686577725570e+00
nan	-4.881571542736198310e-01	-1.005059503599210480e+00	6.635150143420220914e-02
nan	-1.440931840203781844e+00	1.607117498082384133e+00	-1.104262207015521691e+00
nan	8.173453888061502637e-01	-8.819503418337736322e-01	1.566923603302345702e+00
nan	-2.411836808744257654e-01	-2.560006734224971603e-01	1.824503457909586901e+00
nan	9.653431429177508072e-01	1.526171328681120487e+00	-2.001064281709063475e-01
nan	1.165038399091215648e+00	1.103168827857968326e+00	2.089035625582606470e-01
nan	1.587780336705294282e+00	-2.727657504918539200e-01	8.139491350199106190e-01
nan	9.474249141272380603e-01	-1.459339008130832394e+00	1.299184229366040721e+00
nan	-1.557935699655245365e+00	7.406394573019285943e-01	4.788314869421719244e-01
nan	1.012606815704073793e-01	1.316132683254112923e+00	9.666276496262655726e-01
nan	2.269313918314575240e-01	-1.817304858319302108e+00	2.990183020251433454e+00
nan	-1.876613502731347083e+00	-1.761182779238085860e+00	-3.274297724634224749e-01
nan	-2.774619461147482813e-01	-9.921039090169763153e-01	-1.326492770617477834e+00
nan	-3.713727978746885761e-01	-1.719834675875935304e+00	-5.629328533779192067e-01
nan	-1.305143471566544866e+00	-7.144554904294431186e-01	-2.079253442825876430e+00
nan	2.700404270101300241e+00	-1.571077881289252964e+00	-1.642793540176158196e+00
nan	1.384332667001036965e-02	-1.401473461588698344e+00	4.223473035506813966e-01
nan	-2.616510542212586721e-01	-7.438716077543845451e-01	-1.670721542056307296e+00
nan	-1.417628785065085939e+00	-3.822379625052375052e-01	-1.836611375493068188e+00
nan	2.101386548580637115e-01	-1.365800337530314934e+00	-7.727745976316380272e-02
nan	-2.929885237399270093e-01	-2.014902140997164803e+00	-2.841554192176598548e-02
nan	-1.157069746736999472e+00	-2.371066914912332457e+00	1.574765576636637521e-01
nan	-1.251447242319071229e+00	2.223339985788752582e-01	-6.598238556204205629e-01
nan	-6.364146296781947321e-01	8.112016594857429652e-01	2.789160626478755844e+00
nan	-7.802090360898558119e-01	2.035020213991034499e-01	2.129945084428377378e+00
nan	4.796089159414469449e-01	-1.093919288770957454e+00	2.017207529686424916e+00
nan	2.472778772203830522e-01	-1.097862993817394717e+00	-9.638201600279394654e-03
nan	-4.400997601540548865e-02	-1.771111746765160477e-01	-4.280540262301992249e-01
nan	1.042737470555554991e+00	4.936894295855774883e-01	-2.133907545563255237e+00
nan	6.123798185089568413e-02	2.347587043036983845e-01	-3.986593037046580190e-01
nan	-2.178623811535303212e-02	7.459918370657833142e-01	-1.935345146332945188e-01
nan	-4.679950600330694543e-01	2.144902866413842812e-01	1.299872784635943024e+00
nan	7.767685123928723678e-01	5.369883580371090370e-02	1.603521706075466513e+00
nan	9.798408864547953900e-01	-8.465564918734520550e-01	1.427498647580119240e+00
nan	1.000255672012848374e+00	2.075689547765984244e+00	-3.960419894023580745e-01
nan	1.356401303614067855e+00	1.637888717468183541e+00	1.138794347938531182e+00
nan	1.805231138252201273e-01	9.638464152694037335e-02	8.533808959069185684e-01
nan	5.501127336317707117e-01	1.395058382294028565e+00	8.467318634266500776e-01
nan	1.651497564041607635e+00	-5.202362732708868398e-01	2.237641484721210272e+00
nan	6.439549688115419057e-01	1.139013413867363989e+00	2.060276101492027223e+00
nan	-1.825054004091408055e+00	-1.095103450532194378e-01	1.231054741507856765e+00
nan	-1.098276096493658427e+00	-1.473933880950644815e+00	1.341913571178235953e+00
nan	-3.905796722945031885e-02	3.119254567456254401e-01	-4.354233990124217746e-01
nan	-1.652550420527619246e-01	-1.012849450208893387e+00	1.134181207802317237e+00
nan	1.481605655009686107e+00	-8.029068176012483793e-01	5.511001802897539381e-01
nan	-1.733748235031504770e+00	-1.373937561597662116e+00	-8.762049424984557078e-01
nan	-4.885557870530364277e-01	1.049516033785978797e-01	-2.193511038928747769e+00
nan	1.777704207387887703e+00	-2.691288101580993075e-01	-1.601545327381692196e+00
nan	-8.195926056981766017e-01	1.973420085887344300e+00	-2.215211499181513499e+00
nan	9.041830264348180712e-01	7.667411475018333089e-01	2.443054051661562309e-01
nan	5.897959072793755864e-01	1.199046974671305055e+00	2.122102862574427817e+00
nan	2.037963287830419468e+00	1.052332849296709449e+00	2.100302711897917618e+00
nan	8.780853931828489500e-01	-6.046195902825103330e-01	1.202835519256665098e+00
nan	1.070610879109796132e+00	-2.793598540788776452e-01	-9.223176609006550342e-01
nan	6.501718814797869950e-01	1.697465353315391390e+00	6.493129479396493320e-01
nan	1.491429312715065070e+00	8.658247526911514447e-01	-1.036177442530670234e-01
nan	3.581507973043392967e-01	9.367147235994881527e-01	2.572820665329249024e-01
nan	6.355781154704531755e-02	1.774096102971478350e+00	6.452438419495314381e-01
nan	8.150120492888462964e-01	-5.834634428091489688e-01	5.736193528506196015e-01
nan	-8.238729567496871908e-01	-4.201018710841142867e-01	-1.023250370812737176e+00
nan	1.536867443402647471e+00	-2.316709466475284529e+00	1.664521242246899346e+00
nan	-3.622920139275822571e-01	-8.691339479904836018e-01	1.754524399579678873e-01
nan	-1.646922546308841884e-01	1.723978395942848296e+00	2.247475396025093719e-01
nan	9.224784517586723798e-01	5.490595471721809728e-02	-1.036143323696416818e+00
nan	3.874613500270779332e-01	1.594448188221252227e+00	-1.022174943397544666e+00
nan	5.805321539934201747e-01	9.894337578163431290e-02	-1.985021122340002719e-03
nan	5.957357519914501243e-01	-2.358660885502136040e+00	2.153219001352774331e+00
nan	7.096458827359359844e-01	8.643627592929570280e-01	-1.020348328476914590e+00
nan	1.371511615792522454e+00	2.297804929852212130e-01	4.849272788698296144e-01
nan	-4.833918845017833865e-01	-8.341420604354831125e-01	-8.359012527959741590e-01
nan	-1.044259371495469768e+00	2.840959044117850607e-01	-1.003361657337559443e+00
nan	-7.968624871775914498e-02	-1.525483681514806733e+00	3.637177248792817785e-01
nan	-9.044291172948348834e-01	-1.329681400312346273e+00	-1.615732304999385471e+00
nan	-1.387579733279526106e+00	-1.059567837322779038e+00	-9.233391092654369414e-01
nan	-7.610198811444968126e-02	4.251225839483293578e-01	2.209593782157392994e-02
nan	-7.241932987194273919e-01	1.053952911027769557e-01	1.312195697579945364e+00
nan	1.652621907154035341e+00	-1.756630318272613678e-01	2.303204015688490591e-01
nan	1.727973545178158599e+00	4.520547631272769928e-02	4.225145147720323346e-01
nan	2.099448639171106912e+00	-1.457414162732987739e+00	1.176067085077618479e+00
nan	4.464109681915726657e-01	1.523068700745294102e+00	-3.067811486361656792e-01
nan	-1.217451989680354174e+00	1.833646083152705941e+00	1.288126169390673592e+00
nan	7.284903868598424648e-01	-8.187030066802223338e-01	9.915108220839341513e-02
nan	-1.411088876461558950e-01	-1.479286290026885942e+00	3.795355880534213577e-01
nan	-7.166016982696631343e-01	1.406236844322869883e+00	1.837460297977547397e+00
nan	-8.511144024586738688e-01	2.359322592996328627e+00	3.093215932767373388e+00
nan	8.699796766399243708e-01	-1.127457042696328848e+00	2.566754389508585810e+00
nan	1.688917104003461622e+00	-7.730753270929860976e-01	4.912835228474386473e-01
nan	2.974470734688507978e-01	-1.254574579594525119e-01	-1.203192330740862959e+00
nan	1.811600476874949850e+00	-1.008526366706102850e+00	-1.408588286770469544e+00
nan	-1.267659435149546709e+00	-6.671432288761830476e-02	-1.994930216137082324e+00
nan	-7.555793142427890130e-01	1.023383367271935240e+00	1.013720219450807924e+00
nan	1.598784867522928810e+00	-1.873071640832607798e+00	7.208219761332889108e-01
nan	1.816749414293903908e-01	5.124394293720628824e-01	-6.580117119595900732e-01
nan	2.349859670683711321e-01	-7.104640511808626990e-02	7.529901265275186217e-01
nan	-9.199898044055656587e-01	1.496911675792936158e+00	6.262883202246175562e-01
nan	-1.531965395108065398e+00	1.074953012439503475e+00	1.521380110269358710e+00
nan	-8.530446023404867351e-01	9.644612818973559154e-01	3.707420269540446789e-01
nan	-1.248154695878130438e+00	1.321594077964941549e+00	1.304470322608981325e+00
nan	-1.141503676061043970e+00	-2.113770162035337741e-01	6.285061115514177787e-01
nan	4.906930891876981615e-02	-1.029688878647139205e+00	4.999997025049566224e-01
nan	-8.227871198329579361e-01	7.618142827528713301e-01	1.432987094240911308e+00
nan	-4.274890274692606518e-01	-3.002249675559425235e-01	1.025170880318122979e+00
nan	-9.903787230527685281e-01	-1.288506412903600296e-01	1.987407120134720984e-02
nan	-1.484855698668846369e+00	7.708048299016259097e-01	-2.334200087252434885e-01
nan	-3.973801655904105057e-01	-1.677573570666672120e+00	-1.776153864690628026e-01
nan	1.194992731274084896e-01	-1.245151815006297014e+00	-1.580393504010425776e+00
nan	1.237854573969557892e-01	6.896240082461979615e-03	-1.234150251259707121e+00
nan	-3.244179718387878442e-01	1.904162115899574292e+00	-3.160979095929355998e-01
nan	6.257198852181067306e-03	1.042927728693083811e+00	8.953249537910283884e-01
nan	-1.103512355746186335e+00	1.496546665790420949e+00	2.494421392609713628e+00
nan	5.204073068935609336e-02	-2.516371099620148821e-01	9.994834515962596200e-01
nan	-5.217240729739521798e-01	-1.678991938151014773e+00	8.194134378130102370e-03
nan	1.780019274058030065e-01	-6.946340482183709364e-01	7.609189051979206031e-01
nan	4.603799382918436489e-01	-9.389490689200048479e-01	-3.949164255881980057e-01
nan	-3.935093181536959417e-01	-3.615028431911571083e-01	-2.240747308842892416e+00
nan	-2.082573082928742547e-01	6.906437562698501953e-01	-2.987216077215366195e+00
nan	1.838755620717248407e+00	-1.171091044945606230e+00	-5.199325323154144751e-01
nan	8.768081780903170808e-01	-3.709255781376810113e-01	1.814635310675899671e+00
nan	-2.215654359709455234e-01	-5.166830991059623290e-01	2.516478321545275953e+00
nan	1.333777827186092724e+00	6.900553041034195312e-01	1.649499998661474454e-02
nan	1.878789626271408775e+00	1.783366078161689128e+00	-4.354426329680650132e-01
nan	1.212828232138168705e+00	1.685053132531549647e+00	1.822522390604569997e+00
nan	1.469808100910144688e+00	2.092680440957642496e+00	1.267360381641612799e+00
nan	1.370133632772891241e+00	2.790188197940158821e-01	1.694493976783319145e+00
nan	8.584405070661527137e-02	-4.840659539546103285e-01	9.061041966563572192e-01
nan	-1.547694895720455599e-02	-1.534412630320511450e+00	4.476466284822557817e-01
nan	-6.577984176796168869e-01	-1.873924840229327593e+00	-3.431768718468980461e-01
nan	-4.289406051179541768e-01	-7.217233854557553174e-01	1.429520162226360691e+00
nan	-1.848017032086740619e-02	-1.721888214398280992e+00	1.078542249929803631e+00
nan	-4.748240416090918625e-01	1.292707254514059212e+00	-3.886803247631367420e-01
nan	3.834750016504118175e-01	1.426924009836941565e+00	-1.597294353751841367e+00
nan	-9.851185822300057016e-02	-7.068214344361943846e-01	-1.447508972796135163e-01
nan	-1.476890242238065865e-01	8.056633520268342563e-01	-1.584025607427206106e+00
nan	5.967967998454620782e-01	-3.643068599047709633e-01	1.200252255590720241e+00
nan	-5.145294357905326743e-01	8.763123343185810210e-01	-7.942650294341002670e-01
nan	4.425743843266939370e-01	-1.763752519992717593e-01	7.774704603863426267e-02
nan	4.094535700829068370e-01	1.387563332484530676e+00	1.677827464218750286e+00
nan	8.570758698468480263e-01	1.979830550285060609e+00	3.114975792312408842e-01
nan	1.101119708459973978e+00	7.922969729711475395e-01	-3.925601992747836944e-01
nan	5.482869042622029454e-02	1.012903126663020403e+00	-8.224298930822647735e-01
nan	-4.796450700365669784e-01	1.428272050432005447e+00	-1.111315038319376169e+00
nan	1.848352700501184609e+00	6.948083245961564902e-01	-1.494455351392106057e-01
nan	6.099113791051753442e-01	9.290573176553933443e-01	1.116786412178560894e+00
nan	1.562425265075138903e+00	8.480036461631282885e-01	9.071644923739800026e-01
nan	1.801053479712691141e+00	1.440775549828936519e+00	5.873506782427700967e-01
nan	1.910910537235730455e+00	8.917414047506674324e-01	1.826929247080148144e+00
nan	1.507354766551017633e+00	7.682821176104347449e-01	3.580078480783233097e-03
nan	2.028032385448945263e+00	1.390864333750070791e+00	3.686385161771901231e-01
nan	-6.618701781356799430e-01	2.450185685771077093e+00	1.478500442708209572e+00
nan	1.080102044435140130e+00	-1.254745730608564092e-01	1.687474909662203704e+00
nan	-4.576887261329691259e-01	-1.088316190782374848e+00	-6.532592056804538139e-01
nan	-8.146645378463612808e-02	-1.387871905063650546e+00	-3.715015728914278226e-02
nan	1.322707340794913033e-01	-7.153478417661180977e-01	-9.502270017467462360e-02
nan	7.477043751746111910e-01	-1.293654051813307948e+00	-1.577771468958169221e+00
nan	-7.415964136765469394e-01	-6.904430329845145931e-01	-1.319822942972010082e+00
nan	-4.320627212471247480e-01	2.520132957159886833e-01	1.481383932832730510e-01
nan	1.480951437748665667e+00	2.081354622444065716e-01	3.288910819189223567e-01
nan	-6.834233662569098033e-01	-4.021753461748637237e-01	1.798231116898539872e+00
nan	1.089966585147664535e+00	-8.639979084465955195e-01	1.817313820216731324e-01
nan	1.961197244544371776e-01	1.272378461671054839e-01	6.503730610452229666e-03
nan	2.482319822909492824e-01	7.512201799531126323e-01	1.082275377852859988e+00
nan	-1.288930518004481884e-01	-1.338223024059778332e+00	1.794389237085164179e+00
nan	-1.869353811405570220e-01	3.668963556296923612e-01	5.524845376768987570e-01
nan	1.570848077386171049e+00	-6.073658723235108442e-02	-5.716145726584676012e-01
nan	1.955067807885007891e+00	-6.459543758989531037e-01	3.358633192123783306e-01
nan	-3.362727041614268497e-01	-3.292314444449733202e-01	6.646429157506174024e-01
nan	-6.403725817773975315e-02	4.125658566427516938e-01	4.252521913969944389e-01
nan	-7.119071020124725369e-01	1.301326769242095560e+00	-3.183471794334480354e-01
nan	-4.352251363317741761e-01	1.279683215611015834e+00	-8.637359035872915758e-01
nan	7.682861955037054713e-01	-8.303847984784680225e-01	9.603914736236613958e-01
nan	-1.646543049979549922e+00	5.704034126794116366e-01	7.690373737936334608e-02
nan	-1.424096577030740385e-01	1.106150785911844237e+00	-2.722336376993638729e-01
nan	-2.130204896329947140e+00	8.534095232293377187e-01	-7.033830963937426350e-01
nan	-1.248975091414158856e+00	-1.047259560832952463e+00	-1.682225914483085560e+00
nan	-4.708005673558075532e-01	-1.033185886127328867e+00	-2.359960276063318929e+00
nan	1.621910221937903351e-01	4.479545465517554836e-01	-1.549354736986614522e+00
nan	-4.135715624396294476e-01	-9.286315629803973959e-01	1.170272781354000591e+00
nan	-2.185064252525207085e+00	1.330884193975484964e+00	1.206610684206686823e+00
nan	1.627220662909083515e+00	9.931857408240329921e-01	7.362860488408236037e-01
nan	1.222758130227460382e+00	-1.103154866376788501e+00	-7.351909040320108168e-01
nan	-4.305087336653375951e-01	7.076941295881166161e-01	-1.152730012210755994e+00
nan	1.235438961199245123e+00	8.340649043726856560e-01	2.090140835715288414e+00
nan	1.662410259256013489e+00	2.551833300183623532e-01	9.577767542313082583e-01
nan	2.773719808055419289e-02	1.034205817402616301e+00	-3.831323599504078414e-01
nan	-6.202604757463401342e-01	-1.982032728885318451e-01	1.512348794721625644e+00
nan	6.040183586671273863e-01	-1.721867698229132770e+00	9.836412572263736331e-01
nan	-1.085198853585388035e+00	-2.317382703569742297e+00	-9.701697203994461560e-01
nan	-1.014557268726215877e+00	-7.836678002846930724e-03	-2.124787135647594916e+00
nan	-1.042119358771381066e+00	-3.592133862042020676e-01	-3.762847717407608039e-01
nan	-9.117228270047910144e-01	-1.693106002720254688e+00	6.524012351045280766e-01
nan	-3.377472078406047462e-01	-2.218680848670418371e+00	-1.256826196896641434e+00
nan	-1.472854830432391404e+00	-1.585887385227693347e+00	-6.903226007575535839e-02
nan	5.687331471540008065e-01	-1.005969327737910035e-01	-4.121638491183389208e-01
nan	9.629244206632472380e-01	2.376180881816061241e-01	-1.352112898855623302e-01
nan	1.506359385664391315e+00	1.266569724110528927e+00	1.316193435589039507e-01
nan	8.836295202961760298e-01	1.689927239594288588e+00	1.853724394732463976e+00
nan	8.518670255075155850e-01	3.341597693589497986e+00	9.860353806994228698e-01
nan	1.739006460029724366e+00	1.545428595201830513e+00	6.207783338403437545e-01
nan	2.184233228307909114e-01	-5.204875081675560677e-01	-1.105775982765750065e+00
nan	3.531397541124632333e-01	1.509209681634105626e+00	8.335249605317511801e-01
nan	4.081418148809527469e-01	-1.280267496823254136e+00	7.092209878600994610e-01
nan	-8.534123369102479817e-01	-1.024062684602213003e-01	4.564385452440671287e-01
nan	-1.303771131045798892e-01	-3.114933735400349679e+00	-5.910322158223172417e-01
nan	-1.607508697212843840e+00	-2.978594896023092797e+00	-1.424266786305002475e+00
nan	-5.495736957394514732e+00	1.462250293248099631e-01	-1.114270212946146366e+00
nan	-2.741992501911050706e+00	-3.084916849923975413e+00	-5.772458826878417160e-01
nan	-2.131748928126393494e+00	-1.311170169695622612e+00	-9.829026685493064130e-01
nan	6.150701766876929266e-01	-1.054442312676238114e+00	-1.803770227614986510e+00
nan	-6.831897368456608666e-01	-1.140256691177556014e+00	-1.961820314581158353e+00
nan	-6.783975572319334013e-01	-7.621849732956129664e-01	-1.093963134520155034e-01
nan	-2.250518655418056735e+00	-8.261686616393748572e-02	-2.536324007375740930e-01
nan	1.172115561503623393e+00	-3.190730458375906631e-01	8.759845018930012550e-02
nan	2.976463728467561576e-01	-1.110512768804348127e+00	-7.679579253358839175e-01
nan	-8.112980702306442637e-01	-3.357333062964393267e-01	-5.340346928440640184e-01
nan	-1.220049897863751731e+00	1.120166892934851388e+00	5.211424979119478884e-01
nan	4.156376107323817015e-01	6.220763497184210733e-01	1.867037684461489433e-01
nan	1.005429642196066231e-01	-3.279709617821530143e-02	2.249580859148996304e+00
nan	-8.368915703290645824e-01	6.253501830547559814e-01	1.412002388091438743e+00
nan	2.754241498821858869e-01	-4.160812255891369604e-01	1.610907156840693855e+00
nan	-1.378970735312286422e+00	1.525241371105541255e+00	1.720086817768163578e-01
nan	7.960057177493159442e-01	4.908805939332731016e-01	2.110388340028314325e+00
nan	1.790841033116444159e+00	1.788440351724895683e+00	1.974019343151589112e+00
nan	-6.380492530111854244e-01	2.974966209478026702e+00	2.091967533007700109e+00
nan	-5.198509892466227633e-01	3.841526565640340785e-01	-2.327836524888720948e+00
nan	-5.250207517028767645e-01	1.616847143928201946e+00	-3.078569130631116368e-01
nan	-9.325753293284116952e-02	-1.282783781171649817e+00	2.378422306589691448e-01
nan	1.543072190799593901e+00	-7.712724535334765097e-01	1.580151295072541373e+00
nan	1.595782971676408923e+00	-1.765692697313781201e+00	9.420268639589588489e-01
nan	1.133954907923902633e+00	-2.668875967296964635e+00	-7.923667316493333557e-01
nan	8.533923347347895927e-01	-7.421497430495913594e-01	-4.146971840315480939e-01
nan	2.830403861381003416e-01	-5.078108790984613430e-01	1.061136561952743085e+00
nan	-5.414237080354871168e-01	4.486165856703185351e-01	7.770751998497507640e-02
nan	-7.993905591634491437e-01	6.024733707881101408e-01	6.035065544205668875e-01
nan	1.529124275391883225e-01	-2.402528495053979363e-01	-3.255473685391967464e-01
nan	5.450973719928734473e-01	-9.557832088674448473e-03	6.899063119445311143e-01
nan	1.310418543041449446e-01	-1.699347177304806611e-01	1.138932579706679049e-01
nan	5.004196757604307821e-01	1.212221045919719131e+00	-9.539927184274821226e-02
nan	-1.122705310093928155e+00	9.452303249469239388e-01	3.041974655351921131e-01
nan	-3.022432904712393231e+00	5.638256481413614907e-01	-2.686798237038324988e+00
nan	-2.031064828562846536e+00	-2.621797138982901565e+00	-7.067696345591711893e-01
nan	-1.560091856096896157e+00	-9.495072562210808975e-01	-1.980166701451451239e-01
nan	-6.961358203982624948e-01	-1.655111702875991408e+00	-7.379523047593015139e-01
nan	-3.005535255256971960e-01	-2.931547699322369915e-01	2.923948536727996039e-01
nan	-9.411866799359551727e-01	-2.437653626840021182e-01	2.151719830929432475e-01
nan	-4.249019676980245741e-01	1.108253108303400181e+00	-5.552993589792157292e-02
nan	-7.234742092504389821e-02	-4.957237567991026883e-02	1.073842395009144246e+00
nan	3.731564889008863184e-01	4.888018526650353968e-01	6.071960610317126417e-01
nan	-4.726721295517418153e-01	6.333200151387697874e-01	-1.072622277604961538e-01
nan	6.414351728057281488e-01	-1.604558162832032675e+00	-7.251178749142578317e-03
nan	-7.302339847893908331e-01	-6.758779679096934556e-01	-7.002725442193117322e-01
nan	-2.930640712981517071e-01	-5.905102329848566090e-01	5.279901886286259005e-02
nan	6.221174941418292637e-01	8.121205240331214048e-01	7.827105347737677299e-01
nan	2.229242872440774514e-01	-1.546402046266098229e-01	-1.033462844358641886e-01
nan	1.451047927555086270e+00	7.023207985855293989e-02	-8.398557821456361649e-01
nan	7.392269355961937904e-01	5.135791104816611607e-01	7.579979664054241617e-01
nan	1.216609473571407252e+00	1.780866239816232266e+00	4.064149926608859320e-01
nan	2.404771460912816128e+00	2.469832535006506902e+00	-1.584255650728929599e-01
nan	1.332697021652796021e+00	1.824472742306315620e+00	-2.333340190756518773e-01
nan	1.215406852492484591e+00	1.556019744072532074e+00	7.965571560782582772e-01
nan	-1.933415113266867547e-01	1.162718613773294773e+00	1.230046853475933899e+00
nan	-9.203550769985635593e-02	-2.166805415440685723e-01	-9.750356860129094638e-01
nan	7.477979537613638206e-01	-1.606448759178585206e+00	-4.996392766620086912e-01
nan	-9.340299409805270514e-01	1.888807707356151000e-01	-1.565225128618754624e+00
nan	-1.546043866523415078e+00	-1.679665900965038094e+00	-1.440925541136639954e+00
nan	-2.176522054435574560e+00	-1.987965043289358524e+00	-1.389103438699859083e+00
nan	6.375611301526529218e-02	-1.757985487190230955e+00	-1.615762679570401872e+00
nan	3.710995025093849486e-01	-4.146663581180375924e-01	-1.041631162687900902e+00
nan	4.329142433283378333e-01	2.458296383696779497e+00	-1.446909076343770195e+00
nan	8.095677748363363513e-01	1.658146871521907872e+00	-2.314274434704299832e+00
nan	1.191073698246595924e+00	-2.731278757162118875e-01	-3.158520079295312755e-01
nan	-7.143445262577410304e-01	-6.138011914695549187e-01	5.645186117600531350e-01
nan	-2.265694087880891772e+00	-2.088593368069390777e-01	-5.246666125914807299e-01
nan	-1.602652575287987213e+00	-1.618901062286797199e+00	-1.360594522968772813e+00
nan	-1.716565512590807474e+00	-1.979439301299485088e+00	2.697965274999483132e-01
nan	-1.414194268868891324e+00	-1.374789214086899136e+00	2.496701239962031416e-01
nan	-4.915609406747356580e-02	-2.299707932039646074e+00	-1.376996003442974237e+00
nan	-9.349587603739717423e-04	-8.629149066687358260e-01	-1.664280859227990295e+00
nan	-5.675511232085135305e-01	1.094754335838104886e+00	-1.983186746330976025e+00
nan	7.928837717882031288e-01	-3.824853815332604490e-02	4.700605455842838398e-01
nan	1.018713956016205069e+00	1.386510831089216689e+00	-1.162022326949133877e+00
nan	3.247918770893087004e+00	-2.253172954541083906e-01	-8.158406777235683860e-01
nan	7.634389104946532889e-01	1.435774544975015887e-01	1.765913202977808183e+00
nan	-2.409234297374168721e-01	6.884288967058018738e-01	1.010861326288210460e+00
nan	-4.016575737776056920e-01	2.046236766800262896e-01	-1.155318040181651185e+00
nan	6.776953971827999190e-01	4.911024767343201702e-01	-1.203075738246088600e+00
nan	-2.887611412534948352e-01	-2.544281167040560732e+00	6.050548849914378913e-01
nan	-1.573777593479122272e+00	1.749884047816571808e+00	-8.546090503626374568e-01
nan	9.475090970771798959e-01	-3.709385802348957872e-01	5.304480911182833935e-01
nan	5.085442743836026125e-01	3.251768927348249183e-01	5.053188506471232438e-02
nan	1.455103453653539436e+00	-1.021024662978574860e+00	5.633886032943727917e-01
nan	-4.621998033156899388e-01	-6.268778929934688549e-01	-9.512290359999556744e-01
nan	1.422759022256597783e-02	2.751668077849430016e+00	-5.573728576037000337e-01
nan	4.254624417288799254e-01	-3.563699307137329075e-01	1.742747739179602462e+00
nan	2.571150282829950950e-01	4.141359930041291215e-02	1.946262053111423862e-01
nan	1.169040765478429611e+00	9.468821594417654586e-01	3.049689866609428535e-01
nan	-8.324163113349636323e-02	1.046196020584567732e-01	1.962794426745668286e+00
nan	-6.201984330668636192e-01	2.250527668117910385e-01	-1.060069597088582283e+00
nan	-1.717163094705815407e+00	-6.389349045607757294e-01	-1.263726847165387301e+00
nan	-1.412856989624116544e+00	6.119119875117451368e-02	-2.287775786991071980e-01
nan	-6.487651485130894180e-01	1.388915040668202705e-01	3.121666959805889929e-01
nan	1.076133193784261088e+00	5.041898403054341227e-01	9.795129415204173462e-02
nan	-1.808343566988359408e+00	2.080814502128721433e+00	-1.659039910890184100e+00
nan	-6.183372031678293634e-01	4.139708885828190521e-01	3.828803341731340515e-01
nan	-1.172568206083336895e+00	-8.858655723551573935e-01	7.851464097448601631e-01
nan	-1.801362211361010157e+00	5.721341762879234016e-01	-6.343834866975076592e-01
nan	3.960670174257013287e-01	-2.931985242813582859e-01	-8.414041231224190787e-01
nan	5.285552651887049924e-01	-2.262879002490461589e-01	-2.130123301608519704e+00
nan	9.214548348368678532e-01	-1.665686056070951215e+00	-1.298028954621893938e+00
nan	1.959979744695500514e+00	-9.485431447764228752e-01	-1.152844445723605560e+00
nan	5.657614686209619936e-01	-1.428847004341472271e+00	7.916231060238766437e-01
nan	-8.079442470952178379e-01	-5.826367488080774759e-01	-7.205076575735214206e-01
nan	-7.672248745327772124e-01	1.773206707246762548e+00	-8.544063116661184676e-01
nan	-3.337446296229701903e-01	-1.284104277980941511e+00	-1.924524939382467603e-01
nan	-9.755609310177670856e-01	-1.381476510641777677e+00	-3.668757650133247505e-01
nan	3.224704391151744787e-03	-3.724379052050972305e+00	8.759132442341717173e-01
nan	-3.077924036695285803e+00	-8.020962337028767486e-01	-9.835730458291780387e-03
nan	-1.578666809704447838e+00	-6.660885245453486148e-01	-1.240273373340482488e-01
nan	-1.712560187986955418e+00	-7.969807878498184062e-01	-2.527151066712515437e+00
nan	5.112262513518680551e-01	-2.057256470056259001e+00	4.361397488898050012e-01
nan	-1.230003431364001365e+00	1.168830928571040761e+00	4.237511128734131050e-01
nan	8.296671725969650968e-01	1.941913568656028488e-01	-1.140133485173983274e+00
nan	1.021461675262872737e-01	-1.432639369504014604e-01	-1.314518178951070926e+00
nan	-6.831402541061617484e-01	3.562996590414742593e-01	-1.855766496452991854e-01
nan	-3.222778545627236757e-01	1.797426188184148454e+00	1.807251027079317396e-01
nan	5.705692549939159752e-01	1.295519012752929244e-01	1.477213279006042157e-01
nan	-7.652092136182492288e-01	2.152354964863904208e+00	5.728097293859916173e-01
nan	8.955115863251281727e-01	1.875077545556395719e+00	1.050670106057814301e+00
nan	1.384008154625682163e+00	1.114492532209123699e-01	6.420190245078006841e-01
nan	1.413592250141523010e+00	1.084995848044486344e+00	1.890081635223412881e-01
nan	3.178317891244233917e-01	9.356651608093710104e-01	-3.447686643671534323e+00
nan	1.180954718950821825e+00	2.573844560394812353e-01	-1.077131130207644505e+00
nan	-1.549256674336786821e+00	1.025872121505491341e+00	-1.336535053510203186e+00
nan	8.353083442081050691e-01	-8.022760403931283868e-01	3.266458224513307251e-01
nan	-8.163614997428422226e-01	1.188608245751528347e+00	-6.443794915060813144e-01
nan	1.056415591403012444e+00	4.826441620599460913e-01	-4.497200716503960138e-02
nan	-1.567609506906781913e+00	5.233739153652122722e-01	2.078693442378803380e-01
nan	8.235725091210694959e-01	4.706430553965608721e-01	-7.965435110026500842e-01
nan	1.175705977655800538e+00	2.140066520093742319e+00	4.801957789561913659e-01
nan	2.278598481094221029e+00	1.051419955310770149e+00	1.138740596399988814e+00
nan	9.087756439321352797e-01	4.524134987323046309e-01	7.861907085524957317e-01
nan	-6.026201712345563566e-02	1.649655954616167319e+00	-9.095591029324140431e-02
nan	1.688963303338662847e+00	3.417150031452145242e+00	1.235952626676876331e+00
nan	1.168534822064430045e+00	2.214139121677248134e+00	1.251748943756639143e+00
nan	1.636114605631489916e+00	1.458895221705231338e+00	1.161996614970957964e+00
nan	7.455413497148364321e-01	7.473652244141547607e-01	8.446806718710120343e-03
nan	-1.856040815804064437e+00	2.982050732480571731e-01	5.126617454550451702e-01
nan	-1.516955599454994363e-02	5.703152848502324179e-02	1.167937785297548103e+00
nan	-9.202164053115020614e-01	1.136925600030974870e+00	-1.795674035135510493e-01
nan	-1.576868599690250061e+00	5.585262109304620637e-01	-1.747013758663788163e+00
nan	5.815170039353672049e-01	-6.369956689097948654e-01	-2.907947402345282928e+00
nan	6.520521425445233721e-01	4.245152435009851288e-01	2.159025670160950039e-01
nan	-2.389821065816281620e-01	-7.015136664969248148e-01	-1.436290916838170728e-01
nan	-4.032744666712838599e-01	-8.550689118810888001e-01	8.627019335260481814e-01
nan	-5.439586689692021970e-03	-8.158697298191410763e-01	-1.047897287132269595e+00
nan	2.125976501523641815e+00	3.583542780768707581e-01	1.435703802997556622e-01
nan	1.620333157472779062e+00	-1.475655913418657539e-01	8.070121221909754006e-01
nan	2.885413238551005621e-01	2.363083553413088289e+00	8.311134024011628263e-01
nan	6.060185191259825910e-01	2.591861971285841726e+00	8.983603781639706298e-01
nan	-1.205287404869239465e+00	-6.372884069379136651e-01	6.924254686253581426e-01
nan	-5.695250718016925395e-01	1.866120060258529945e+00	1.686279751715565878e+00
nan	2.515091610761932550e-01	2.583739009636163431e+00	2.273661239276449919e-01
nan	1.143125139482196628e+00	1.470938066684980283e-01	-6.492103279333740762e-01
nan	-7.749998853037067814e-01	2.193169850136555965e-02	-7.341649087334124468e-01
nan	5.874618232328901457e-02	9.040134146956958494e-01	-8.449117328969922847e-01
nan	-1.372732615140548340e-02	1.328029696926440462e+00	3.539837338664186817e-01
nan	-8.545509462181326565e-01	1.967384753559642263e-01	-2.647475321330855502e-01
nan	-3.025424529710824539e-01	-7.405750908711363767e-01	-4.487495838929376202e-01
nan	-1.053707116010556888e+00	-5.291682273607373199e-01	-4.560687669403107880e-01
nan	-4.612588408554200159e-01	-7.215312099283146541e-01	7.645832704210673292e-01
nan	7.728672059796681815e-01	-2.015332172680797562e+00	1.778573053539600268e+00
nan	4.907210134519092160e-01	-1.128655785473457129e+00	4.032851469439516778e-01
nan	-8.824837642702447749e-01	1.225502689135166579e+00	4.220524946208965567e-01
nan	1.212357475329193024e+00	1.524407740115596710e-01	-4.587233435738542475e-01
nan	-1.449927790018181173e-01	2.469393074026190460e-01	1.966388011321842655e-01
nan	-3.393742712367024961e-01	7.910701256075211019e-01	2.652321309387430937e-01
nan	-1.338118253286074699e+00	4.379498925993067227e-01	-2.665935803025971107e-01
nan	3.008167995045417875e+00	-6.110473548602224358e-01	-2.685743884308788854e-01
nan	-3.976644014031180951e-01	-2.350627683599264550e-01	1.683800991659578639e-02
nan	-1.145999109192488596e+00	-1.332503657076252068e+00	-1.215590203254166779e+00
nan	-1.194307367618273830e+00	-2.421264456837493917e+00	-1.111332952288901499e+00
nan	-3.543327964727834845e-01	-3.111738527614839045e-01	-1.719081911063395918e-01
nan	-1.531798154063810147e+00	3.574004386959733770e-03	-1.908358396066898721e-01
nan	-1.789639020610021669e+00	-9.636710510542529917e-01	1.435123227961806469e+00
nan	-1.080531541662917983e+00	-1.377832198763904614e+00	-1.099559922134750733e+00
nan	-2.434069515481299684e-01	-1.385285360579096681e+00	-2.517254445162921073e+00
nan	-1.148087564064464994e+00	-1.251164201783909746e+00	-2.586916313748830021e+00
nan	-1.577528821028182593e+00	-1.248069938924102340e-01	-1.847453919925533761e+00
nan	-8.564853615734623338e-01	-6.676403721562729210e-01	-1.986111425707057121e+00
nan	-1.764336185860830408e+00	2.853085894386199750e-01	1.169245270755690846e+00
nan	-4.511679154924475577e-01	-1.528974721540325543e+00	2.157616782233677366e+00
nan	8.005461136737880290e-01	-1.139478903904823648e-01	-3.797970148523200917e-01
nan	-1.930508590153428572e-01	2.614073182011622976e+00	-7.954199913696962110e-01
nan	1.342457487872878108e+00	1.044446742434814279e+00	1.061208549430047388e+00
nan	3.916957852136677687e-01	-1.192696363946458282e-01	-2.250164920805264313e-02
nan	5.161212062470695860e-01	1.080254075211659837e+00	3.071527351564314057e-02
nan	-5.274813466259804517e-01	1.668987058766278730e+00	-8.938046838915153502e-02
nan	1.164481900376394874e+00	1.478436355046811035e-01	1.692915405769759296e+00
nan	-5.228754091514994373e-01	7.187084273036230542e-01	8.140407526076270939e-01
nan	1.393483449275176311e-01	3.623313279967136369e-01	7.726244851128116764e-02
nan	-5.849672621772362691e-01	-1.189026419977345927e+00	4.445525361222310012e-01
nan	1.676119269780959931e+00	5.841897076738051808e-01	-4.644294764632109773e-01
nan	1.514787484898240777e+00	-2.061531930076955232e-01	4.182539227167434426e-01
nan	8.846448346393662732e-01	1.422811598717111270e+00	3.549738026572892835e-01
nan	1.709107231943640004e+00	2.496297606626741938e+00	1.376485551903319671e+00
nan	2.382585310458266825e+00	1.635801434287474931e+00	2.558169952817863635e-01
nan	1.980198558735559722e+00	3.074370166419052586e-01	3.346099787744877818e-01
nan	-1.228078234367129262e-01	2.657586024685579140e+00	2.633406045104107474e-01
nan	-5.566189320550318786e-01	-1.583248127352394619e-01	4.651727632175921001e-01
nan	-4.828224633798908760e-01	-4.683307269519543237e-01	-1.511375463201359570e-01
nan	5.563081003821470638e-01	8.573809174859048365e-01	-6.922324601973827152e-01
nan	1.183841598283987162e+00	1.992549594644442423e-01	3.740178981831586702e-01
nan	-8.636131669691828883e-01	-1.517608814917045912e+00	-3.748242633380258759e-01
nan	2.236575133633116330e-01	-1.676075918905211015e+00	-8.049919745618949740e-01
nan	-4.796797043128242510e-01	-1.445650657081755552e+00	-1.127181415198429626e+00
nan	-2.914861249358639550e-01	1.779792137981128786e-01	-1.110989374359682369e+00
nan	-3.275483823216225332e-01	-1.478342706644890203e+00	-4.263632488209823101e-01
nan	-1.314471196084724403e+00	8.547884893776452886e-01	1.537794645074588296e-01
nan	9.426949153677344206e-02	6.623071710325627581e-01	-8.525169259093702268e-01
nan	-3.915868152810926817e-01	-4.333293368955125069e-01	-3.623250851969000430e-01
nan	-1.602113552766631033e+00	1.029149854425721045e-01	-1.429906845289621864e-01
nan	8.349275771077917518e-01	-1.430190229032841653e-01	5.073038239792679871e-01
nan	-1.673474078797804188e+00	1.488835109808625212e+00	5.979549463864447523e-01
nan	-3.705686541345252216e-01	-2.273877900151431763e+00	-1.625156375392566410e+00
nan	-4.240344258349193485e-02	-4.797999452028017253e-01	-1.662199719762812666e+00
nan	1.929911397886639568e+00	-9.603865345063695991e-02	-1.740894246235796250e-01
nan	-1.417149597693237562e+00	3.088682117525651805e+00	-1.591679603786968933e+00
nan	-1.683083147188820794e-01	1.951394479394285453e+00	3.318286773861988670e-01
nan	9.568903808517139620e-01	-1.183167643097607913e-01	3.139068374594438104e+00
nan	1.653618010443437925e+00	4.687636472807982235e-01	2.351212281379438940e-01
nan	1.928890308711808665e-01	1.498594965005848767e+00	-7.171013240857206927e-01
nan	-7.578928305992452819e-01	4.972528409015504192e-01	-3.314802966488154534e-01
nan	-6.775177383027521927e-01	-9.025150637547384447e-01	4.549909864602306175e-01
nan	8.155784977519880963e-01	1.864168743870885381e-01	8.373630047225809614e-01
nan	-7.837413732063411853e-01	4.492735231473865554e-02	-5.391687011932204676e-01
nan	7.955836741033907034e-01	-5.120406357056311863e-01	-2.894866610313524824e-02
nan	6.241026977718826529e-01	-1.799282143227960151e-01	2.421190429201918182e+00
nan	1.625308051606161097e+00	3.878402536481627139e-01	-2.961740413656743787e-02
nan	3.840921684120967572e-01	1.051246268881233181e+00	7.584723550183783969e-01
nan	9.504698236559397939e-01	2.003865624332791917e+00	1.125977479445930740e+00
nan	2.255201791966682245e-01	7.769198681055121680e-01	1.077463146243843983e+00
nan	-1.769352593847619004e-01	7.286692732923365501e-01	1.431637662584358317e+00
nan	3.787885333629402718e-01	9.519397793512702766e-01	-1.088208154834003905e-01
nan	-2.163740928371546413e-01	-2.645024457213189240e-01	3.398089478329495150e-01
nan	1.658540916841825696e+00	7.231573109705519142e-01	9.283017414269140177e-01
nan	2.586736983611507279e-01	-3.820401830084119155e-02	4.157513052170658252e-03
nan	2.608490421702134299e-01	-9.494839136640242927e-01	-1.568531866916555106e+00
nan	-1.605777699436588268e-01	9.807890361889324282e-01	-1.902936855069085720e+00
nan	4.993702315399730640e-01	-6.169277350882781397e-01	2.819094138099518254e-01
nan	-1.036561402369536866e+00	-5.041578905485782913e-01	-2.311270769264272551e-01
nan	4.308571968045465939e-02	-1.246010352481877304e+00	-1.214868938580938806e+00
nan	-1.324377728044031421e+00	-8.936891957955814814e-01	-1.281584498128400362e+00
nan	-1.913483482870403041e+00	-6.912995206227733336e-01	-2.646898614299273422e+00
nan	-2.313260735217899544e+00	-4.248097709373555020e-02	-1.125268308256800021e+00
nan	-1.080646252081510550e+00	-1.028264571817768536e+00	-7.907853455363864636e-01
nan	-1.484529853829308799e+00	1.122873825568228012e-01	-6.938906673087654742e-01
nan	1.075509904096371705e-01	-2.694853225336696911e-01	-1.349407586765515310e-01
nan	-5.888752514467870958e-01	4.919269247314542737e-01	-1.720224078531245593e-01
nan	-5.515385978278888324e-01	6.451405028807059017e-01	5.766071903166375412e-01
nan	1.897405598572863006e-01	6.192997316760739945e-02	2.183970315638554816e-01
nan	-1.861651180269255357e-02	1.098167389981720143e+00	5.167716838207379870e-02
nan	-8.443081257425242292e-01	1.273313919705639563e+00	2.418338436055067486e-01
nan	-6.273685777775315220e-01	1.416111896570702910e+00	3.124052657753508377e+00
nan	1.221968955146488511e+00	-1.105429209904063903e+00	1.332648885086648916e+00
nan	7.961807299821662687e-01	3.795089865096192283e-01	4.135422690909108523e-01
nan	-1.529006667189643509e-01	1.907849359980541559e-01	1.320720334527803130e+00
nan	4.245675395704029964e-01	3.029351079585528850e-01	1.665102624305901280e+00
nan	-1.123199276057422313e+00	2.384721091441943663e+00	6.567441152377637703e-01
nan	9.538801057622308122e-01	2.408752807201599289e-01	1.517924461135500502e+00
nan	-7.483941953607682329e-01	3.918969836059683631e-01	-9.106750580942932771e-01
nan	7.314598972700823154e-01	5.099085212987977123e-01	1.356138970979546832e-01
nan	2.114886683698035785e+00	-4.563363848654654609e-01	-2.139122841539031761e+00
nan	2.804542809237114964e-01	8.522531291825333755e-01	-9.349444513749092245e-01
nan	-2.906203073209425169e-01	-1.637110372604793529e+00	1.760447401752784025e+00
nan	-2.563194464622915003e+00	2.941017791315643226e-01	2.891555041199946885e-01
nan	-3.111073595740877495e-01	5.957086520179785127e-01	-7.500169585385313420e-01
nan	-2.403052567346807555e-01	8.447063014011170490e-02	-8.916497230191450241e-01
nan	1.239844641813951043e+00	6.097299934532129928e-01	-6.943033294007496803e-01
nan	-1.761909212808093761e-01	6.747207968310122705e-01	-2.614796154933456962e-01
nan	-1.728088861473723759e+00	2.194618233973375077e+00	6.987092991164632616e-02
nan	5.691098695511978001e-01	5.176287169087887552e-01	9.201385232089009936e-01
nan	-2.202657711985476219e+00	8.044257984427187758e-01	5.021445671024982182e-01
nan	-1.515985208013910235e+00	-9.183534049149428835e-01	2.733425687087887024e-02
nan	7.913043892743754082e-02	-8.510438150563975901e-01	5.407697385839183024e-03
nan	-7.521463206899099418e-01	-2.409666094416222926e+00	-3.067300251712300474e-01
nan	-1.915961110954308433e-01	-1.188109498174096945e-01	-1.232258731204208146e+00
nan	-8.174413233909922916e-01	8.257011728082063184e-01	-7.430423577756366527e-01
nan	1.125544778886160335e+00	-1.733810632756478676e-01	-1.330423389595509764e+00
nan	6.949486847377457366e-01	-6.218911769751291896e-01	4.984650210907640155e-01
nan	1.239693270512621348e+00	5.071138903783682650e-03	7.856292338577151035e-01
nan	-4.036804877077063702e-01	-1.602927911889471257e-01	2.203550935413747247e+00
nan	1.173124510504213625e+00	1.850776532415602527e-01	2.911012226961546268e-01
nan	1.718376490197220718e+00	1.838351506326100782e-01	4.065729745761034741e-01
nan	2.366368582861306247e-01	-2.064169010863665221e+00	6.596363437454218215e-02
nan	-8.438670553670684082e-01	-1.058099584742166588e+00	1.691065994273429629e+00
nan	-2.057894029871786490e+00	-7.727648689130613979e-01	3.977406231757725785e-01
nan	7.206062644695289121e-01	-5.716079055293439293e-01	5.924720659512339171e-01
nan	9.583453366826699682e-01	-5.086134764217475901e-01	2.461880613068337720e+00
nan	1.362963736861488862e+00	-6.201193848513628648e-01	-1.715450554923249049e-01
nan	4.455995626863269443e-01	3.113730987115637117e-01	8.944922895813913755e-01
nan	4.067574513179779139e-01	1.177662627578388355e+00	5.818602155349886784e-01
nan	-1.895656458994563920e+00	-2.924602363518411519e-01	1.872194525356540851e-02
nan	-1.581294668900626199e+00	-6.374539900580795670e-01	1.190784655252029589e+00
nan	5.479211216915780280e-02	-3.918137901667050893e-01	1.913146333159197132e+00
nan	-1.774528394944093090e+00	1.492498615059918654e+00	-7.987167061106936750e-01
nan	-2.850278990121163591e+00	6.233448926472058282e-01	-1.575586925250461512e+00
nan	3.686285133938065339e-01	1.975293066184504287e+00	-5.661415490253796090e-01
nan	-7.408361177598029590e-01	1.136387521695776393e+00	2.149227940011413929e-01
nan	-2.800790215435185471e-01	-3.235644321910908783e-01	1.228043918077127206e+00
nan	2.205493797079325358e+00	5.140173555276600359e-01	1.358852982403848220e+00
nan	-5.889345423630332199e-01	2.130935661826148575e+00	1.442929380582065879e-01
nan	1.039135838908863629e+00	1.655864945162788926e+00	5.448369107944871503e-01
nan	1.018301020760516318e+00	1.281258966511832353e-01	1.083259092014827951e+00
nan	-4.095549500679068200e-01	9.699860119747441001e-01	8.145684864593288887e-02
nan	2.497093961852753230e-02	2.290994855907621641e+00	1.630409384969784048e+00
nan	4.265099980961908344e-01	-1.966428089997963591e-01	2.033245961677074831e+00
nan	-6.098465505208385817e-01	2.313772168203277746e-01	8.858220373636274125e-01
nan	-1.082362105259671026e+00	-1.512418396671904475e+00	-1.500427039238758864e+00
nan	-9.512553592870510721e-01	8.196991206222096205e-01	-1.098128686571214097e+00
nan	-3.535490693153365838e-01	-3.030321742081832914e-01	-9.003995350922411323e-02
nan	-5.439022169404101881e-01	-2.835556716621805973e-01	-7.236266765701093728e-01
nan	8.772644448806665718e-02	1.383458219106328713e+00	-1.182000411828100450e+00
nan	2.526421033614398848e+00	7.269590958168030692e-01	8.994680378427866163e-02
nan	2.653570676020485131e+00	2.593650936076577374e+00	-1.500237912400041118e+00
nan	1.029417391096065781e-01	1.384562479678217883e+00	-1.109858041152514740e+00
nan	8.548557366934608215e-01	-5.769767194612585026e-02	1.492836912631079427e+00
nan	6.841103673380508621e-01	1.360629051430239655e-01	1.038327722632586880e+00
nan	1.901369031582549329e+00	9.410833015090841469e-01	1.606505345708202137e+00
nan	1.661880484915447820e-01	2.163600139755933682e+00	9.259628929589787116e-01
nan	1.890807783077586679e+00	2.766826137156321863e-01	7.648768885107531945e-01
nan	1.118683209477165708e+00	1.423124579776826604e+00	1.180768524548239939e-01
nan	-6.573535947247088895e-01	9.398581146807853948e-01	2.476956615890699986e-01
nan	-3.936045104386061144e-01	-8.617428582299714590e-02	9.872062597631665604e-01
nan	-4.874226354547185891e-01	8.826680222920121333e-01	1.092075469265328058e+00
nan	-2.513434274450430661e-01	9.848658379696917375e-01	-3.794363217656649967e-01
nan	-3.123498431157455957e-01	2.995203388215374463e-01	5.791771850328829574e-01
nan	4.481594446832328771e-01	7.519509177639294162e-01	1.762732459390610185e+00
nan	3.037890172446844339e-01	1.629955449269375967e+00	2.579185348261864963e+00
nan	-1.118915744088321729e+00	2.521072007635838830e+00	3.138798254634551643e-01
nan	-2.471065338362975483e-01	5.856446203161758124e-01	1.151338752279242872e+00
nan	1.101149699372352853e+00	-9.249233501778750810e-01	7.674709114272295629e-01
nan	5.093323788095112103e-01	8.112228987283764958e-01	7.846306743129864980e-01
nan	4.823938080229810410e-01	4.572727948773713802e-02	9.148416533170666831e-02
nan	5.286490929829699148e-01	1.889496300609655677e+00	9.546044764070301669e-01
nan	1.746639323893492746e+00	1.030698089142243479e-01	1.330006682898149606e+00
nan	-9.135658728399111972e-01	1.803260041342778508e-01	7.387925371933583563e-01
nan	-1.026687292095548543e+00	-2.843254043312610224e-01	1.012790095727364115e+00
nan	-1.152004929769674391e+00	-2.141401382604482428e+00	8.155226062805690512e-01
nan	-7.193917101168818551e-01	-1.470734793245479066e+00	7.732867692118577940e-01
nan	1.372145297248952289e-01	-1.001618956331617571e+00	1.513365151709087364e+00
nan	1.420711923009901678e+00	-2.831871572471401088e-01	1.171811719597217527e+00
nan	1.054093877317800187e-01	-1.305023773086959049e-01	-8.801915312812703673e-01
nan	1.911287148956079207e+00	4.737528857089375878e-01	-4.143278655673583444e-01
nan	1.751568199697428607e-01	-2.143841897139587616e+00	1.804940451491834352e+00
nan	1.629047991678602259e+00	-9.654244313176965075e-01	9.684414992450952886e-02
nan	9.927479982160629657e-01	-5.927211012387152422e-01	-4.368416472947421192e-01
nan	-8.022606694096393043e-02	3.612431625282293002e-01	5.747160109894595692e-01
nan	-8.118372368986457310e-01	-5.700374448471723365e-01	1.543695772444265479e+00
nan	7.992239243254902759e-01	-1.203354007181533181e+00	-1.606788118625470219e+00
nan	7.441198509370464120e-02	-2.028663672812015317e+00	5.102326408989099615e-01
nan	-1.017414120545725442e+00	1.139380234691148575e+00	-1.000183279567349537e+00
nan	2.641871712996547994e-01	2.103440551915855217e+00	3.485179096207873251e-01
nan	3.149563548910508382e-01	1.154023857335069181e+00	4.021398506587186006e-01
nan	2.786674736621415072e-01	-1.169497838845136584e-01	2.952158276301203310e-02
nan	-3.030042564761099566e-01	9.642815704581629843e-01	-5.091186501250685170e-01
nan	1.276212333686162381e+00	-1.056534117553537877e+00	4.714658438259738404e-01
nan	-8.381814928137780729e-01	-4.667816843423792106e-01	3.185708826421139728e-01
nan	-4.161380497524243549e-01	-9.778130807393902169e-01	5.467954328615937110e-01
nan	3.797336991170388587e-01	4.410485693793133044e-01	-4.537953489344569158e-02
nan	-1.920824035435042765e+00	2.141919566795682517e-01	-5.398603942136757095e-01
nan	4.238044037418156051e-01	-2.168083031610768430e+00	1.904199704353860545e+00
nan	-1.314743680744116627e+00	-2.397563201024698887e-01	-8.587853306149695332e-02
nan	3.098488342276417007e-01	9.854537924793358439e-01	-6.310448836774953385e-01
nan	6.542040464772047592e-02	4.823103347098360860e-01	2.433274047169141419e+00
nan	-4.534865410015210818e-01	9.971821219701981764e-02	1.234399356405378123e+00
nan	-1.084494123173566305e+00	-2.091013584207528364e+00	-1.524153565406648481e-01
nan	-6.583620655687050238e-01	-3.307479588014942129e-01	4.588378362104874597e-01
nan	-1.723817138397366389e+00	-1.652981232460393191e+00	-8.224091873828695554e-02
nan	-8.365307804766125566e-01	-8.325636302063160743e-01	8.558252649940856216e-02
nan	1.042958652817874698e-01	-1.125619424999477758e+00	-9.036498834937668478e-01
nan	-1.978621367782359641e+00	-1.417580794960544566e+00	-6.679307477916520686e-01
nan	-1.719085319700755843e+00	-1.506943290099312049e+00	-1.887294510972956196e+00
nan	-5.643966214557587513e-01	-6.741965833502512329e-01	-8.773023812286933065e-01
nan	-1.796018463260196096e+00	3.584997229654163231e-02	-1.895314297805653858e+00
nan	6.756880546677181965e-01	-1.847994962092810001e+00	-3.093445183030871237e-01
nan	1.006078104941524387e+00	-1.370219355182006993e+00	-8.019828261836781103e-03
nan	2.485768654534888711e+00	-3.565233654620557635e-01	-1.868380697596206064e+00
nan	-6.606105889605333736e-01	1.768024170897602998e-01	-1.905979139674324863e+00
nan	8.442635108241441921e-01	-3.987795666798819028e-01	-1.848651602893347512e-02
nan	1.824526815416071424e+00	7.891819095300920406e-01	1.228116705907247308e+00
nan	1.156692667693181020e+00	1.521182430527314722e+00	8.836021309542807511e-02
nan	8.800976777444582400e-01	1.674860563806649383e+00	-3.316167349718783242e-01
nan	-9.548079253856575077e-01	2.309413201984888975e-01	3.313081912503343385e-01
nan	-1.266378636430379068e+00	8.720549382287434703e-02	-5.701939158600269897e-01
nan	1.530682250888272922e+00	1.004973223147756833e+00	1.715487689727828446e-01
nan	2.180985700256290905e+00	1.739113724101496894e+00	7.420182498998941778e-01
nan	8.376549502003389769e-01	1.651697275578032365e+00	1.456918771392234024e+00
nan	1.403889054166806316e+00	-1.278503113332578600e+00	1.336227467610414665e-01
nan	7.984602795413583420e-01	-3.057819257036575866e-01	7.289779772168464289e-01
nan	9.119642859775461963e-01	7.821312762089911719e-02	1.141828953609010489e+00
nan	6.386508105997026341e-01	1.379269304434266985e+00	8.005418819370030414e-02
nan	4.993181136337344062e-01	-3.077073121893060259e-01	-7.805086073768447985e-01
nan	-6.818735656153618319e-01	1.593153052509377887e-01	3.796643175695260108e-01
nan	-6.481335473790753032e-02	-8.847979186267654894e-01	-1.539694965632617263e-01
nan	1.248653109464314959e+00	5.588809593859010993e-01	2.210522920789775192e+00
nan	5.244997030504835456e-01	9.934739558809035920e-02	5.902285740071212539e-01
nan	-9.709873178031001029e-01	4.743500523965521465e-03	-7.967942503111145047e-01
nan	-5.860189050107794673e-02	-1.462864969773366663e+00	-4.106499284791959026e-01
nan	-2.215080609939539258e+00	-2.583746105011931471e-01	-2.025483915754944242e-01
nan	-2.351893039888517833e+00	-1.862227517381145114e+00	3.499709183917978916e-02
nan	-2.046636299033479656e-01	-1.322525977223037108e+00	-1.393617984717896663e+00
nan	6.279697893804730979e-01	-2.125117588358977017e+00	1.324024256191794979e+00
nan	-1.633995282944492033e-01	-1.771469228943359564e+00	2.039681539621812867e+00
nan	5.536989089359354299e-01	9.579141329779521374e-01	-4.715275583244052382e-01
nan	7.767574907358201219e-01	1.420150134539820641e+00	1.376550939913586458e+00
nan	1.297282509250591076e+00	1.404258672628726279e+00	1.786308521882937761e+00
nan	3.842818992737486172e-01	3.694255898906382285e-01	2.704723840572254456e+00
nan	-1.006530140367188686e+00	-4.174827950231937979e-02	5.854012571154165734e-02
nan	-7.112864456433602989e-01	-7.572682698849276806e-01	6.309773004051464351e-01
nan	5.111964054245783373e-01	-2.487745658198245113e+00	-2.717922406991637452e-01
nan	-1.345890128293466770e+00	1.952453666541886790e-02	-1.382517784555559182e+00
nan	-1.251553986105528038e-01	-7.629195430432618164e-01	8.500445745623839144e-01
nan	-5.211617274543446365e-01	-7.942321980783171309e-01	-1.725036102026088036e+00
nan	-1.610255801514792751e+00	2.792517135563286623e-01	1.450152931090221031e+00
nan	6.049338994827373472e-01	-3.895398963654755353e-01	7.410961051498355934e-01
nan	-9.584636306482852142e-02	8.515457847282470460e-01	-8.978740347799162302e-01
nan	8.747150416006370666e-01	1.217693833602396136e+00	9.815674422026364754e-01
nan	-4.177693255448983178e-01	-8.558659738330199884e-01	8.237126251127746546e-02
nan	4.788501085412573688e-01	9.287758620726294101e-01	2.459907214528334052e-01
nan	2.075162934041598906e+00	9.452384099373851711e-01	-4.041879075102237096e-01
nan	1.196160694892995924e+00	1.083147182606932768e+00	1.747092548179153049e+00
nan	7.978266340413142643e-02	1.305552235846172637e+00	4.186968074558450326e-01
nan	-4.602310875753158892e-01	-6.770058559582221580e-01	-8.996854994111236348e-02
nan	-1.198352996657531033e+00	-9.122070843655072370e-01	6.083135248744123702e-01
nan	9.562993783004084536e-01	6.112165177369152103e-01	-1.243659832844638213e+00
nan	1.110246387503083243e-02	4.125652471578480363e-01	-1.644466292878280500e+00
nan	2.129340029447391314e-01	5.308690117806017517e-01	-2.053235771033131152e-01
nan	5.841074901223948235e-01	7.645760649339512494e-01	-8.508212336903769879e-01
nan	-1.264896429539521083e+00	-1.639466098741939382e+00	1.447689664527366249e+00
nan	-5.244558326031394380e-01	-2.006710257407008591e+00	-1.571022926012473619e-01
nan	-8.194084311503899709e-01	1.372288491641199260e-01	-2.784100930006363939e+00
nan	-1.652880461554413483e-01	-2.687685427208181821e-01	-4.097207472488317848e-02
nan	1.905529251249634126e-01	1.462260198337134165e+00	5.044718810262291964e-01
nan	7.813944379125103978e-01	7.499726347998789677e-01	1.771329769503333429e+00
nan	-3.074396550966910779e-01	8.850594385876164871e-01	-6.059874778984243315e-01
nan	1.769918585891075313e+00	1.442375291426244210e+00	-7.467732931943654728e-02
nan	-1.072159649079048593e-01	-4.920325562642261508e-01	2.995802960207658572e+00
nan	-1.132117461659895019e-01	-1.633508971982396307e+00	-2.124890795407117228e-01
nan	-8.923512794438486218e-01	-6.447481880681315003e-01	-8.804818577179018835e-02
nan	5.160001813939236737e-01	4.144444800933388406e-01	4.618278332496347782e-02
nan	-3.150594150745216759e-01	1.204595724410835622e+00	-6.768794410565686093e-01
nan	-3.982844848058237353e-01	-2.646290396645737952e-01	-1.517801685643705101e+00
nan	7.810740661596796697e-01	6.149298530906076587e-01	3.793373910969173313e-01
nan	4.241472468515425920e-01	-1.066493262500096462e+00	9.264573960427298083e-01
nan	-1.056705301662947072e+00	1.550319081071517835e-01	-1.386265410771955475e-01
nan	-4.977411544502776675e-01	-2.278949356201831200e-01	-5.266169904229430765e-01
nan	6.443479174194899350e-01	1.312723894732768515e-01	-1.362487982556930710e+00
nan	2.438564458262059420e-01	-2.457831869181560935e-01	-1.375818524598216186e+00
nan	1.533033031264467716e-01	1.022133821450784463e+00	2.917153241032572342e-01
nan	1.165872196779133008e+00	2.313327024071818894e+00	-1.855501032045595355e+00
nan	1.476992118342254301e+00	1.828469133221842124e+00	-1.083537619647060746e+00
nan	2.104491183340017280e+00	1.833572631031056943e+00	3.723511609511542808e-02
nan	-2.153968596192927798e-01	-4.422941507828912489e-01	1.217315749173888406e+00
nan	2.226092720330723473e-01	1.454667157970973790e+00	5.625577114990176764e-01
nan	-7.234895296090558814e-01	9.313740055277648366e-01	1.208467514191230441e+00
nan	-6.315637497708127546e-01	4.750440684153077742e-01	-1.127981656552267786e+00
nan	-5.225823252526060614e-01	-4.952663607326945883e-01	-5.454944823264964437e-01
nan	-2.932569605711440319e-01	-1.517153115212948045e+00	1.413755881174784124e+00
nan	-1.701325854431191553e-01	-5.527173031963361627e-01	1.150695987834415179e+00
nan	-3.691760616715259458e-01	-1.246777712154642170e+00	9.913897353797248568e-01
nan	4.959600158186163177e-01	-6.487480883677592125e-01	8.281410230781209858e-01
nan	1.693991371051176142e-01	3.826690763970214681e-01	-2.057711915788175139e-01
nan	1.514904973130601240e+00	-4.455411137987947967e-01	9.538138702110410261e-01
nan	-5.544151709825529961e-01	1.418597546797876863e+00	2.284625279549835852e+00
nan	3.578475157782436966e-01	4.957840865886794512e-01	7.691191540870914167e-01
nan	8.250557377145570914e-01	-3.892883029103211823e-01	-2.270507632435939005e+00
nan	1.536287720992280503e+00	-2.634329031660203047e-01	8.204047313117366347e-01
nan	6.388624952348003205e-01	2.123201471293359788e+00	6.994871288814250576e-01
nan	-7.125308207146247019e-01	1.557955930854789450e+00	-1.772980543597876490e+00
nan	2.796955469425736585e+00	8.066706619274557344e-01	-2.241826989616071408e-01
nan	-1.108133613158276187e+00	8.433047708792489328e-01	-5.153910776032899488e-01
nan	3.699505119736216097e-01	-8.964761334666707659e-01	-8.489939133353642253e-01
nan	-5.250066126947803280e-01	8.364787021350655882e-03	-1.954311665381098129e+00
nan	8.439956542884649027e-01	3.469429940728027129e-01	1.685084483801300159e-01
nan	-5.008430990059786758e-02	2.194125901073959162e-01	-2.433397922403622293e-01
nan	1.219017952260293303e+00	-5.820895005889237250e-01	6.923207823934962590e-01
nan	-1.176015038867080253e+00	-5.438120299760323961e-01	1.111799909960192068e+00
nan	-2.471987365829602545e+00	-3.705864016512069870e-01	-1.005043715186333397e+00
nan	-1.517368980894671537e+00	-1.629909500347415552e+00	-2.858556994364463977e-02
nan	-1.900254602487203570e+00	1.186941389389450929e-01	-1.296168132411752882e+00
nan	8.066186685458350825e-01	6.017688306170946300e-01	7.644663419019417372e-01
nan	-2.317227104621293332e+00	3.625290538734382562e-01	-1.171010345705349120e+00
nan	-1.177260263846904853e-01	-1.293176216592478056e+00	-1.541957280853922141e+00
nan	1.426632803453843579e+00	8.010843081215364148e-01	-6.328844381556463228e-01
nan	1.349271775335871393e+00	-1.478340662299471031e-01	1.225798178717867892e-01
nan	7.009690071693345237e-01	-9.118889116292769881e-01	2.513308824476743197e+00
nan	1.421743332018582384e+00	-2.521589581368853139e+00	6.679466023013258535e-01
nan	-4.299672191126515108e-01	4.287341394517707460e-02	-1.303540456435920092e+00
nan	-7.997116234546136626e-02	4.564071340210171246e-02	-2.936951345391729529e+00
nan	6.171025735811532797e-01	-5.504247111557259986e-01	-1.279889401210147160e+00
nan	-2.085985782205330263e+00	-1.559979661250984750e-02	-9.972107854803258231e-01
nan	-6.772174250517065675e-01	1.077338051263433849e+00	-1.008534677229643739e+00
nan	-1.563383830482436565e-01	-4.456377088871043557e-01	8.031610832187240367e-01
nan	1.423987732867314782e-01	2.258476183876289289e-01	4.283925258514748036e-01
nan	8.966724169570833292e-02	2.089760319431347213e+00	-6.646747392709889679e-01
nan	1.658781234606611754e+00	-4.547793892818985384e-01	2.207825693035513570e+00
nan	-6.988262265738948154e-02	-1.042872227200531965e+00	-3.473904550362121313e-01
nan	-1.915666165945369426e-01	-5.571863101990982559e-01	6.131967117041847715e-01
nan	-7.137519253340270931e-01	-4.978989433336551418e-01	-8.887029885378109340e-01
nan	-1.287886898816192227e+00	-8.595855015330733373e-01	-9.341739785329072898e-01
nan	4.477521086709732590e-01	-2.453926329196253420e+00	-9.208203706221702589e-01
nan	-2.366394623206398706e-01	4.553606741940552372e-02	-1.235174222138700539e+00
nan	-6.452507814848793544e-01	-5.553031013604836641e-01	-6.522259359385067512e-01
nan	1.333835473164998175e-01	-2.275830122199197003e+00	-9.859005385183513548e-01
nan	-5.795922045644331666e-01	-1.259714115380547117e+00	-9.228195635111335893e-01
nan	-1.370661504117486773e+00	2.456695263042277810e-01	-8.003048483316943518e-01
nan	-2.745269885623283557e+00	9.321094567479204507e-01	1.585070227151777589e+00
nan	-9.761819771711035543e-01	-1.251184148586744205e-01	1.759594340924744316e+00
nan	-7.155445950192341753e-01	1.608964286593739690e+00	9.552163486010397664e-01
nan	6.579701284976652298e-02	-8.399797633536543184e-01	1.908070554145208098e-01
nan	-1.014431638710905803e+00	7.091077256835021103e-01	-2.271739790107002999e-01
nan	1.001739479914884434e+00	-1.338530027430518410e-01	9.090354934455722180e-01
nan	1.037107638210783112e+00	-2.304842519730823658e-01	-3.866263551285095135e-01
nan	5.929700032402717147e-01	-2.202913083561024721e-01	-2.103896070145597985e+00
nan	-9.468941858491828345e-01	-6.545993026285619187e-01	-3.158983904473107729e-01
nan	-7.528585421112484743e-01	9.327486525595407585e-02	-7.025544124173862537e-01
nan	6.265742204025593898e-01	-3.759916028395455800e-01	5.041479441479093659e-02
nan	-9.518009881696727348e-01	2.774910002803609999e-01	-3.798903137586071566e-01
nan	1.979115151048020049e+00	2.280043340216514336e-02	7.154643007580282488e-01
nan	3.953732613972466559e-01	7.964692149438494795e-01	8.293277890943560049e-01
nan	5.997332878292207514e-01	2.328135774592266394e+00	1.430898427926109995e-01
nan	1.961663473181873840e+00	8.522009498926929050e-01	4.232380988750563677e-01
nan	-9.824829299571226082e-01	5.072671400355204252e-01	1.486955297850022006e+00
nan	5.712111899079347355e-01	-5.850274014161561675e-01	-2.677663096012359301e-01
nan	2.482317856935565559e-01	-2.830346120665506171e-01	3.008508593756252236e-01
nan	-4.230451337695617098e-01	1.900508725729290749e-01	2.415598395435681056e-01
nan	6.476550454541711577e-02	-2.124137170641324235e-01	6.603890442988191722e-01
nan	-1.712715358020018730e+00	1.274047650125800457e+00	-6.528907416867554270e-01
nan	-1.386565060249673298e+00	-5.752676491166366368e-01	-1.019619397140636430e+00
nan	-2.205643820796287180e+00	-5.501401097372249360e-02	-6.629941053249308602e-01
nan	-1.531588236954869675e+00	-2.376005908511750420e+00	-1.324527094608145328e+00
nan	-5.050857930036037891e-01	-1.737092618611381756e+00	-1.967508192401674627e-01
nan	-1.933055644659756656e+00	2.990655111817560607e-01	-8.705137333100437802e-02
nan	-3.589678513061623777e-01	-6.012926849466470047e-01	9.292307230786740480e-01
nan	5.929128796493003950e-01	-6.213875118270554276e-01	-1.149699689428808291e+00
nan	1.009526506765372700e+00	3.314104029673413110e-01	-2.048567289857890494e-01
nan	8.878364457553384881e-01	8.468991452301192213e-01	1.392502946580100653e+00
nan	-2.298089878280600296e-01	5.494576981851363451e-01	2.679982907455714880e+00
nan	1.477584397567775820e+00	7.135428063316172631e-01	9.667726339038205108e-01
nan	1.783350359593387946e+00	-1.437039990442247062e-01	9.778905289192368899e-01
nan	-5.171861675880934373e-02	1.602583253563173882e+00	1.542744022628745437e+00
nan	1.182720317705735491e+00	3.991396117996616755e-01	7.545320843449965231e-01
nan	7.375806418523023211e-01	-2.959160712763749257e-01	-1.693025949425125409e+00
nan	-5.896251629643757264e-01	3.060857597915798145e-01	-1.289086777807333384e-01
nan	-1.707195257124871635e-04	-1.830637667686945136e-01	-8.546632659151313094e-01
nan	8.740839449053293408e-02	4.492350655593399522e-01	2.649862874745162467e-01
nan	-5.877461440811404536e-01	-6.178784939553900735e-01	-1.142430416716499753e-01
nan	-2.114363428862464644e+00	5.679434201718913666e-01	-1.050433435124922044e+00
nan	-2.083539819103497948e+00	-2.345380030074191158e+00	4.803894237216533858e-01
nan	-3.036322738641861196e-01	-3.963076917149380707e-01	-7.537355426818402870e-01
nan	1.820141105944498017e-01	-1.692961530707912443e+00	-2.502480654051675302e-03
nan	-3.121610959042071531e-01	-2.104113545958661291e-01	4.844256255445512638e-01
nan	1.121380846846551649e-01	-1.353009033334667544e-01	-5.760312470461369516e-01
nan	-1.615800837059478412e-01	1.384300848020089569e+00	1.287085690751185174e-01
nan	-5.264594071195807246e-01	2.794605413287397644e-01	1.860651707213152983e+00
nan	-7.337922538221287594e-01	-2.522364329639566471e-01	-1.126264131383095446e+00
nan	-1.850621311104900801e+00	-1.136662497700326346e+00	3.135991781815199442e-01
nan	-1.937546155541879589e+00	-1.276577346485703757e+00	1.243580595724539106e-01
nan	2.821881301694391109e-01	-1.200206437222986144e+00	-2.478872989936823368e-01
nan	-1.151480932575883687e+00	-2.577301707522619445e+00	-9.049422170406535848e-01
nan	-1.972838427887473323e+00	-9.150095838946806781e-01	-1.345813023720702217e+00
nan	-1.555807064881382651e+00	-1.666117595451036548e-01	4.633512804506833005e-01
nan	-2.590880255529354192e-01	5.225358997298948927e-01	-7.578937878187989030e-01
nan	1.368683017490510911e+00	3.168774270031183421e-02	-3.884425123930273505e-01
nan	1.106354181545171844e+00	6.928409156573295258e-01	1.400055853983521947e+00
nan	-3.591794248993054328e-01	5.385335388696566028e-02	3.901764011119494002e-01
nan	9.032485231825365668e-01	-9.506190464090878978e-01	-5.430067821893803659e-01
nan	6.831635066668688763e-03	-1.985384357751339701e+00	6.838572472564236060e-02
nan	-2.536547375903824841e-01	1.613655509555575573e+00	3.529950053810795296e-01
nan	4.322807085032603913e-01	1.602516710764541275e+00	3.821135181589932484e-01
nan	-7.142659249344002204e-01	1.281965689011953513e+00	-7.953043703074624826e-02
nan	-1.426144523020315413e-01	1.912825775682301721e+00	9.008207026834997855e-01
nan	-3.640218943494036852e-01	5.726289155710603263e-01	2.568539052530117717e-01
nan	7.146185716974572111e-02	-8.921967293869150772e-01	-5.634810309655211014e-02
nan	6.219032138202962301e-01	-5.841207304543974965e-01	1.662811645953558570e-01
nan	-8.450376073002573429e-01	1.476132233929696169e-01	-6.638881561203181514e-01
nan	7.609796168476482547e-01	1.190284165385726012e-01	6.390728742040610033e-01
nan	1.741263182989632785e+00	1.363627443955714780e+00	8.138840941474907442e-01
nan	-1.705211746951095231e-01	1.323629859538703935e+00	5.356603814587546086e-01
nan	8.768520666193755364e-01	1.554698369044105466e-01	1.139026468542764459e+00
nan	-1.169584181506081899e+00	2.885360975082980062e-01	-5.584081055160392548e-01
nan	2.164832616744009619e-01	7.317436763417044521e-01	-8.030565551611253128e-02
nan	5.312049317881453181e-01	-2.131097616638784054e+00	2.525909401843680513e+00
nan	-4.198416456144113962e-01	-2.137300665034922886e+00	5.739337671363107241e-01
nan	1.083240661187719667e+00	-1.888942193201550213e+00	-1.687019884866170605e+00
nan	1.617580363887840822e-01	-3.242872374507917765e+00	-5.922275336341131791e-02
nan	2.756480449040865643e-02	2.135843750780006545e+00	-6.119346050434097961e-01
nan	2.256894196793401086e+00	7.489226846399846815e-01	7.278579831539935263e-01
nan	7.993295256478103461e-01	1.888778102009192938e+00	1.338437949024365858e-01
nan	3.166155967492483736e+00	-1.537305653058227417e+00	1.023427610999011472e-01
nan	3.812640002790324001e-02	4.536911174453099882e-01	-7.907315308775960672e-01
nan	-1.109911360838359062e+00	1.205074558740033552e+00	-2.452903214628672224e-01
nan	6.579013935791936385e-01	-3.675406291294047723e-02	2.046407409907101127e-01
nan	-4.691748823216547737e-01	5.639682734647541995e-01	1.147004277638359326e+00
nan	-7.647230477786157721e-01	-4.463320887767745493e-01	3.052083769980958317e-01
nan	-8.986902847780395831e-01	-7.439021707210031753e-01	1.825775744374519838e-01
nan	-3.399099793876320108e-02	-8.722063475477361827e-01	-3.116663826540820859e-01
nan	-3.975974512766607405e-01	4.470309775316982925e-02	-1.026555281354655014e+00
nan	1.677637176532506658e+00	-2.234827092782498692e-02	-1.504974930494944019e+00
nan	-3.652206515053670333e-01	8.380318285373283826e-01	1.708079777147993639e+00
nan	5.155643520479757935e-01	-1.170240176461177173e+00	1.655991748950363718e+00
nan	-3.601348211298462942e-01	5.976334064006851854e-01	1.742521107363462773e+00
nan	2.214742661980429461e-01	8.896762860435256659e-01	9.128575485523029442e-01
nan	-1.561494473642537351e-01	1.480251255802686350e+00	1.917087754951257494e+00
nan	-1.433183453926030193e-01	-5.326327664830075026e-01	1.460026126312645056e+00
nan	1.312534014170922692e-01	-3.265861264947567122e-01	6.078080505253755095e-02
nan	-2.168532886533472426e-02	6.640729641878450051e-01	-1.382133338772909559e+00
nan	9.122980897010669610e-01	6.342277954929390060e-02	-2.367978950987175979e-01
nan	8.586580926577001005e-01	5.071938283760000221e-01	-9.073539486099190254e-01
nan	2.426867906543592746e+00	-1.283316751679549395e+00	2.784568801719551900e-01
nan	6.386516713188478134e-01	8.196608448359194998e-01	-7.276134181218459895e-01
nan	-4.997958897955069313e-01	-9.173634482130221812e-02	-1.044829024291991371e-01
nan	1.388443244661897058e+00	-1.793147578120860341e+00	-8.217743503713098585e-02
nan	1.191168770346370698e+00	-1.769960927114217764e-01	2.103182465232013243e+00
nan	5.004304401389153556e-02	1.735522566352676543e+00	2.353110774842312125e+00
nan	-2.387237921199234503e-01	1.769510216231006794e+00	1.407159761406130638e+00
nan	2.463535362591386946e+00	7.253209656594220567e-01	2.511357645703693464e-01
nan	1.788742930324740632e+00	1.526504548373192494e+00	6.285428394828437293e-01
nan	7.110622533523662803e-01	1.458179799490987305e-01	1.222192839611790927e+00
nan	1.618998073068247390e+00	2.375958340301105309e-01	8.769231303474201988e-01
nan	1.972274663170528464e-01	1.649080857051798077e+00	4.548577604953220610e-01
nan	-7.460343146197386810e-01	6.781729436883220385e-01	2.068684846055298010e+00
nan	5.425246278760641194e-02	-1.217863779922616851e+00	4.871093611298466519e-01
nan	-1.672156650128770128e+00	-4.182515255228058670e-02	9.519000181744292632e-01
nan	-5.279059743319128861e-01	3.266585835970741147e-01	1.886638905839372216e+00
nan	-9.669352782207015773e-01	1.448832260915942916e-01	-1.838855920367442609e-01
nan	1.664733030078642817e-01	-3.616349810320565461e-01	-2.933348739132882188e-01
nan	1.505398672688498474e+00	-3.705713567864042934e-01	4.919977038049336282e-01
nan	1.793921710503866951e+00	1.151733603043174403e+00	-1.753038395383688108e+00
nan	1.873824714609106934e+00	1.504826344235924873e+00	7.190947482062673424e-02
nan	-3.684341344027302068e-01	1.321010244216300089e+00	-4.127553528223572576e-01
nan	-6.782624088600174295e-01	-1.351157833014517307e+00	1.588815882055190309e+00
nan	-8.831033259931004853e-01	-6.075968481517859399e-01	-5.373928885886829487e-01
nan	-6.075962328469833862e-01	-7.382390106368124094e-01	-5.616158042410164253e-01
nan	7.342856609444430305e-01	-5.718955361340376520e-01	-8.266338015740257728e-01
nan	-3.407269090621555252e-01	-3.518968546486001547e-01	9.288412917811081915e-01
nan	3.037192068563373537e-01	5.549039337027251717e-01	1.294719184680598767e+00
nan	-9.541833499487144543e-01	-1.799124291768996908e+00	1.742360490027715869e+00
nan	-6.029902096704642389e-02	2.022235621694066232e-01	-1.593530656513662214e+00
nan	-2.823653564729534104e-01	-5.318493987906908194e-01	-1.872192684063437973e+00
nan	1.146590105909186974e+00	-6.150093949253929715e-01	-1.395021101076313386e+00
nan	-4.996569920830113976e-01	-2.083565881623571647e-01	-1.490855848329684097e+00
nan	-5.969756137738702062e-02	-1.476293808076446945e+00	-2.603192416503747886e+00
nan	1.917068945876844732e-01	-4.994851942080416607e-01	-1.358681903899763288e+00
nan	-5.855740925803509800e-01	-9.501065769182797105e-01	-7.278084200306361717e-02
nan	-7.487685171257421057e-01	-1.942370474691281768e+00	3.938157847490628694e-01
nan	-9.214843765546796295e-01	-9.597203577767039473e-01	1.370525103411933232e+00
nan	-1.864963669851170458e+00	5.017079264301028685e-01	1.332420751581971041e+00
nan	-2.057679887932897245e+00	-2.977659192406643118e-01	-8.165308267325821490e-02
nan	-1.249592277523413841e+00	-6.801540402423377207e-01	-1.281270924400137179e-01
nan	-2.338990247309032267e+00	-3.958115975836056233e-01	3.481293772714427748e-01
nan	-1.307471833838758535e+00	-2.515367919956331910e+00	-5.386684517079857182e-01
nan	-8.806949195726381241e-01	-1.528718320368936956e+00	-8.831743850728295264e-01
nan	-6.380321499074521618e-01	-5.516407725079744973e-01	-1.736081558641864753e+00
nan	-7.503106273947279803e-01	-1.972321472296078848e-01	-8.905687829718154092e-01
nan	-1.860373645969104761e-01	6.357808679136215391e-01	6.400907427956297191e-01
nan	-5.139866340403906886e-01	9.760124416266635627e-01	7.469109865989527197e-01
nan	1.482374606786854565e-01	3.931493265297204553e-01	2.247731397782442464e+00
nan	1.131146627084683720e-02	3.409855258096711195e-01	1.252742660176667133e+00
nan	-1.368834591973629777e+00	-3.325690114320448143e-03	1.326825340312050461e+00
nan	7.474900825801972237e-02	-4.533268288305608018e-01	-1.133068369181909674e+00
nan	-4.038860390069479722e-01	-2.092377473088876672e-01	-5.746211731504222708e-01
nan	-6.061688222891936650e-01	3.662727144810777880e-01	-1.142352329231316688e+00
nan	3.506460335574199116e-02	1.078500745209202583e+00	-6.079177130727412282e-01
nan	-5.322690488531427455e-01	1.333152236021318604e+00	-2.065221123903890066e-01
nan	1.406263566661988929e+00	-3.879146628982426126e-01	8.680796319070327449e-01
nan	-1.298960808731527194e+00	-1.865192973515306107e+00	-2.900258329473613950e-01
nan	-7.188410117323746906e-01	-1.965640215266208690e+00	1.010335931618214111e+00
nan	-3.871586981412650230e-01	-1.575893353345830805e-01	-1.150357124238472029e+00
nan	1.095289305654773671e+00	-1.287008847990171123e+00	-1.922337312853376334e-01
nan	-6.134239563339745072e-01	2.780575835096463222e-01	-1.264674993171387873e+00
nan	-3.097645273259085064e-02	-1.955599263828254220e+00	3.890852976715098999e-01
nan	-2.082325294374345326e+00	-8.446172773967253189e-01	-1.580516208764033981e-01
nan	-2.028124546621729030e-01	-7.450763225671691581e-01	-1.082632984315113456e+00
nan	-1.299668921698303503e+00	-5.689362534492561907e-02	-2.370344741010723677e+00
nan	-9.117071116952342180e-01	-1.586174792161474167e+00	-1.037412537979581995e+00
nan	1.286528702735215690e-01	-1.295553317342381661e+00	-8.660063079115448703e-01
nan	-1.643203275201192137e-01	1.316039802972573947e-02	-2.455981370894195770e+00
nan	-2.440275429441072508e-01	7.846110984136266397e-01	-1.901949724899217875e+00
nan	2.172862252876358036e-01	7.131564802411265447e-01	1.320641962163484395e+00
nan	-9.073876416617085994e-01	1.561454717989400609e-01	5.965239218412026201e-01
nan	8.155232047260807526e-01	-3.054886949420693831e+00	4.471572488327205108e-02
nan	-5.363997212183069241e-02	-4.762157858724097026e-01	-1.827331318681017391e+00
nan	1.060456608997710548e+00	-6.441962002563059730e-01	-2.353490263122657744e+00
nan	-1.009105727924728857e+00	-9.296576988572933242e-01	-3.348599099076726704e-01
nan	-1.981898012448386703e+00	-1.646321886276823188e+00	-8.591664495348535491e-01
nan	-1.088797582643410200e+00	5.294690126870746916e-01	-9.597253047012292981e-01
nan	4.300886617648305155e-01	-5.179799018820219203e-01	1.042815344155472168e+00
nan	-4.274564214435645770e-02	-1.281812681699038947e+00	-3.023312971685445660e-01
nan	-1.400133540023137169e+00	-2.083716756022618188e+00	1.369299871255557077e-01
nan	-8.445901744582409165e-01	-2.296696840192373745e+00	2.468494154294379461e-01
nan	3.721369236499648681e-01	1.606005113685232688e-01	-5.711620104394030673e-01
nan	1.854746300550592863e+00	2.363786040164281288e-01	-5.719337004106169742e-01
nan	7.107330726840752622e-01	9.106254600036407520e-01	-2.332045220247051631e+00
nan	-1.102605172771608633e+00	-1.081602585193913946e+00	-1.874918126565079946e-01
nan	-1.048788854808220261e+00	-3.576270129609987469e-01	1.737708162208285168e-01
nan	2.065450211271088854e+00	-3.076451934173174418e-01	1.586161209167770147e+00
nan	5.670799220870965662e-01	-6.595739464977921074e-01	-5.589389698312901000e-01
nan	2.928991014182779073e-01	-3.319486198824747603e-01	2.161299749419773319e-01
nan	-9.556582862289029201e-01	-1.232889532467561361e-01	-4.316874209805997009e-01
nan	-1.634846616607977809e+00	-7.326955619447058643e-01	6.574695727622673624e-01
