nan	-9.455828833342754258e-01	1.388305823117238713e+00	9.611340873439715438e-01
nan	-5.285090501782377936e-01	-1.020581540790090225e+00	3.076096530874294466e+00
nan	-1.030689389451248772e+00	-2.208357741753967041e+00	-9.049548249266188282e-01
nan	-5.760886196376064916e-01	-6.763319723360380342e-01	-5.187903436555629799e-01
nan	1.048110863203239429e+00	-5.917822486423618411e-01	8.218324265023911890e-01
nan	1.453240212452686864e+00	7.088284789691041698e-01	2.040143654720383282e-01
nan	-8.149407659656393577e-02	1.579137166521432434e+00	1.716173411909012403e+00
nan	1.679880983470411815e+00	-1.983565531069260701e-01	1.377556523749553063e+00
nan	-4.717700032343808969e-01	1.745867087437149801e+00	-7.957819818607854145e-01
nan	-1.351903264370153401e+00	-7.254416804718860634e-01	6.933996297651777718e-01
nan	-3.231063027723390935e-01	-2.074910824005543386e+00	-2.454645816356189503e+00
nan	2.217580732472250737e-01	-2.841301647686090281e-01	-4.352190752908769333e+00
nan	-2.191414488610298195e-01	-6.936450194971603977e-01	-2.876000771775911069e+00
nan	-2.504219309023177686e+00	-5.198231610267867175e-02	-1.066489756634945163e+00
nan	1.319412750032903370e-01	6.040254912554768874e-01	-1.259209279230621981e-02
nan	-1.520716660259218977e-01	-5.453954641151606553e-02	-8.485915766894122081e-01
nan	-3.776350013757106550e-01	6.576534814988529432e-01	-1.370287682312593791e+00
nan	-5.815798175192372632e-01	3.423010924146082656e-01	-9.854031059457792896e-01
nan	1.474644841892986280e+00	-2.557679379968141209e+00	1.427228933720271487e+00
nan	1.234780687844359015e+00	4.045270242759614332e-01	1.448817655740409216e-01
nan	2.393875410487836142e+00	1.363782991458958538e+00	-6.864783348573746391e-01
nan	1.124977694048714838e+00	4.353998168628262500e-01	1.221211387132715931e+00
nan	1.427592301479617909e+00	3.173467355878596963e-01	2.240594173348279927e+00
nan	4.963634830873677184e-01	7.455156755552032610e-01	2.243603218805226174e+00
nan	-1.088137281404223611e+00	2.604595903310884530e-01	-3.523569052635188159e-01
nan	-2.296264122894572157e+00	1.455401650335539088e-01	-2.022610031443913492e+00
nan	-3.948825417938202631e-01	8.167429886761374824e-01	9.644372009440793647e-02
nan	1.141005847350595043e-01	1.430364528627352305e+00	1.664116163968806905e+00
nan	3.433150406232753915e-01	4.675048969295261814e-01	2.090436471753231995e-01
nan	5.383054082687654951e-01	-1.497813577690391806e+00	-1.761467100095151395e+00
nan	-1.157378359944631063e-01	-1.926112021666040119e+00	2.962672940468238370e-01
nan	-3.839353289710735195e-01	1.935428706986701552e-01	-3.194933330605125299e-01
nan	8.321310055690614993e-01	-2.802058351985550755e-01	-5.082542615892132742e-01
nan	-1.111956271388988116e+00	4.799063683805268599e-01	-9.957893261783330452e-01
nan	-2.280652041492038928e-01	1.604854551011574593e+00	1.379196963670323850e+00
nan	-6.169049893592168932e-01	1.375492491358869307e+00	-2.020940005802206452e-01
nan	1.090152052869303834e+00	-5.422431018174868056e-01	5.841221300325902810e-01
nan	3.701908724882271851e-01	1.484225792025485546e+00	1.905271137704392270e+00
nan	1.677646776910632465e+00	3.588630063923180513e-01	2.327707601030950979e+00
nan	8.769524219496804829e-01	2.388020482807395428e+00	3.085327077881431235e-01
nan	3.568851912774364532e-01	7.563246550705139404e-01	2.093361414978109902e-01
nan	3.144887612747350181e-01	4.327828059880202138e-01	-1.126450032089282960e+00
nan	-1.613434339291778041e+00	4.385446733398138952e-01	1.442952163788074893e+00
nan	1.749465869660546069e+00	-5.773468888861045256e-01	1.297929582543920102e+00
nan	1.789438906389048567e+00	-8.327675456191705461e-01	6.831236147594053065e-01
nan	-3.259189311263235855e-01	-1.190604176625899679e+00	1.367374177467410856e-01
nan	-5.368683894548482716e-01	5.897821308791819650e-01	-4.619346145385984648e-01
nan	1.169405447333393966e-01	5.646285566591472405e-01	6.963985585425688241e-01
nan	-1.468760061780610027e+00	-9.853571665624281106e-01	-7.807488087110829866e-01
nan	-1.691982416235016995e+00	-2.367865865031862249e+00	-1.458761772861056238e+00
nan	-9.357335683653411618e-01	-1.016603441499328575e-01	-1.224512504802576451e+00
nan	-1.360259358394017015e-02	-4.133264636993794205e-02	1.571887281256889368e+00
nan	3.503092766642286748e-01	5.355553000023148824e-01	-6.701182945852286466e-01
nan	-1.218431374356791497e-01	-6.679032136535150155e-01	2.927292338114917403e-01
nan	3.975606304561199345e+00	-3.219161787873636715e-02	-1.663907333720075210e-01
nan	5.228211321050429961e-01	7.962773704391059582e-01	-6.839932029602715513e-01
nan	1.316122977031909613e+00	2.157244885271512036e+00	6.991349754669796690e-01
nan	8.368028296397056476e-01	2.155514742899939051e+00	3.098560990940767201e+00
nan	1.592123394407621850e-01	1.708029367615429450e+00	-1.611834531511808777e-01
nan	1.113841732147572428e+00	1.697414046566046997e+00	-1.240524583507162104e-01
nan	-1.446697752365330158e+00	7.768064617046074316e-01	1.694337641162811492e+00
nan	-8.483449390366725185e-01	-2.145156676330153001e-01	3.125782579792256710e-01
nan	-1.364057023414530168e+00	-1.121293905438925043e+00	-1.386128679019280163e+00
nan	-6.502586857356204009e-01	-1.651495936693023303e+00	1.730207245330114496e+00
nan	-1.635069566190789914e+00	4.290586059725154389e-01	-5.316947129174253162e-01
nan	1.897697212100233344e-01	-1.754827243906224687e+00	2.227768968647527992e-01
nan	-9.046505507665346668e-01	-1.209009036332316711e+00	-1.462461903096698101e+00
nan	-8.263818002638813054e-01	-1.844344122442395317e+00	-1.711776812113417812e+00
nan	-3.048768099970757373e+00	-5.829694663273288224e-02	-8.043546260992010533e-01
nan	-2.825430379056747654e+00	-2.340983098065064549e+00	4.322599031756302335e-01
nan	-9.086895062116888688e-01	-1.195171329814678440e+00	1.770888242486220454e-01
nan	4.553702197662490292e-03	-1.764193124514469968e+00	-4.247152427209613390e-01
nan	5.169819296567629285e-01	1.081017914400995927e+00	-6.209576568320573919e-01
nan	2.883448435471298588e-01	-1.099635544238332097e+00	6.662230819938474990e-01
nan	-1.219049130613617082e+00	-3.192117246617595328e+00	-1.255556103565399484e+00
nan	-1.825506705285894871e+00	-2.089846407474501344e+00	-1.689744996412738898e+00
nan	-2.843327861187426642e+00	-1.727922985617792673e+00	-2.509523903601224681e+00
nan	-1.673968076563952190e+00	-3.068657971617420266e+00	-7.960094223535374436e-01
nan	-2.086080682671124897e+00	-2.080456578856034078e+00	-1.243793038065287515e+00
nan	-1.662378183934317688e+00	-2.790185528299006457e+00	-8.474113817175131791e-01
nan	-1.345244804657950599e+00	-4.467620444685027614e+00	-1.726498372965446171e+00
nan	-1.540553137367299374e+00	-1.181583301703966082e+00	3.260126731813268730e-01
nan	-2.998492224686606811e+00	-1.768389910314575930e+00	1.137377596842658045e-01
nan	-2.038502957936058291e+00	-5.204891972918743726e-01	-3.041739893284974849e-01
nan	-3.315883875137546344e-01	-1.911147517085255210e+00	-2.369391491027040164e+00
nan	-9.929471389524597846e-01	-1.454236427318342351e+00	-2.539379437694020858e+00
nan	-1.583844845041377791e+00	-9.671806501961016655e-01	-1.280758688027355374e+00
nan	-1.557480312656818189e-01	-9.342324307277670714e-01	1.044751935829904443e+00
nan	-1.578422512154461055e+00	-1.607739887098722509e+00	1.381538316281538115e-01
nan	-2.250616952450866570e+00	-1.588123697673099910e+00	1.214068854923037177e+00
nan	-8.204914090720787367e-01	-1.391358643277004203e+00	2.833675817998456137e-01
nan	-7.122232767344205406e-02	8.303100266752917458e-01	2.781418690703248986e-01
nan	1.891396875673994948e+00	1.745403932794224122e+00	-3.922054915615526549e-01
nan	2.177409040920664118e+00	2.512410925603559164e+00	1.203141119993465402e+00
nan	1.242892903675762106e+00	1.008554813125138505e+00	-1.126062976418640282e-02
nan	1.731847753469117457e+00	2.531511020071941953e+00	-2.746979061664325816e-01
nan	5.545552530503629063e-01	2.231281104681078986e+00	-1.831897367478175775e-01
nan	7.679340039308940602e-01	5.422068383882716613e-01	1.076615656443617119e+00
nan	4.604646900059677916e-01	7.190071595560796336e-01	4.733701968124613413e-01
nan	-9.102411388843756335e-01	3.873646908629342356e-01	-7.917313444039620896e-01
nan	-1.634216881396105769e+00	-5.059830408470470386e-01	1.086545503083758746e+00
nan	-1.250632879745552151e+00	7.082394322495113581e-01	4.624536332359845403e-01
nan	-1.425331833108551827e+00	4.969549040391738615e-01	2.464760510425010320e-01
nan	2.081697328486479925e+00	-5.557056200185204187e-01	8.005766078841874966e-01
nan	-3.986504098893502435e-01	-3.455904339057218055e-01	-4.015280840876770396e-01
nan	7.843089450093798654e-01	4.349611871241535477e-01	-1.102383941137257795e+00
nan	1.117236641577085576e+00	1.552841905813545864e+00	1.483031061598515610e+00
nan	-1.738367353731327114e-01	2.800295364126994535e-01	-2.205978221450767274e-01
nan	5.218727821872281014e-01	6.464847039803545137e-01	-9.550645005284976730e-01
nan	4.313841220741979621e-01	1.211341629963237354e-01	-2.875235289343663903e-04
nan	4.977488248032646001e-01	1.641947462463818397e+00	-3.401742253874829869e-01
nan	1.973321671896919760e+00	1.288222903934465480e+00	4.912414314561380779e-01
nan	2.095753517882926520e+00	1.721002922819076408e+00	1.084829497969403089e+00
nan	9.473933251074080353e-01	1.501037489190330421e+00	1.773093882119160636e+00
nan	-7.959124320405700503e-01	-2.100261667261584808e-01	-8.132012612666142948e-01
nan	-7.558773685825647126e-01	-1.182949228348385340e+00	-2.771863205597503432e-01
nan	4.633232373089641865e-01	-8.859299545430289191e-01	2.087571264698464546e-01
nan	1.253331877704496056e-01	-1.670592530560580213e+00	4.249366698859355362e-01
nan	-1.137138374876336622e+00	-1.805899443929653847e-01	-4.443550546537654022e-01
nan	-1.978499523648729941e+00	-7.766979554159542110e-01	8.997549949989510631e-01
nan	-3.431420784462319018e-01	-6.536783222467541510e-01	8.806789595181652164e-02
nan	5.832488958439658866e-01	1.738001673338401165e+00	9.789075155258172289e-01
nan	2.933132864518733784e-01	1.077423957514104691e+00	7.061272246326965041e-01
nan	3.319891487821508003e-01	4.373382504098453638e-01	1.110620091620457828e+00
nan	1.242869501412046995e+00	-1.890684225738660462e+00	-7.629066702382665266e-01
nan	-1.071816755603154814e+00	-1.416225351813536371e+00	-1.035420242554813797e+00
nan	-1.187611013325628129e+00	-7.938388995556889816e-01	-6.137884167839230409e-01
nan	1.415545338274071696e+00	-7.734848478995262067e-01	2.987632061566214969e-01
nan	8.150426472602893824e-02	2.286795586713500139e+00	3.210748173973038133e-02
nan	6.416938830751304224e-01	-4.221621714200141096e-01	1.165569438656556045e+00
nan	-9.434948473924981149e-01	-5.746008847695592836e-01	5.021794903685056211e-01
nan	-9.754579547859371091e-02	-1.972771063713706585e+00	7.598758104826797144e-01
nan	-9.781789371901251640e-01	-1.038446126068628850e+00	-3.904920219875333554e-01
nan	-1.191155657370756238e+00	-1.751536089927441253e+00	2.959751199479602191e-01
nan	-1.102867612589693902e+00	-1.677330510592502932e+00	2.851115049058569051e-01
nan	5.818350327109522713e-02	-8.283622694887622373e-01	-1.005314471559461076e+00
nan	-3.119362335946417875e-01	7.366315454302790888e-02	-7.974191437064808152e-01
nan	8.708246113348626360e-02	4.375813694035672330e-01	-3.407059334658423255e-01
nan	8.909703788206047026e-01	-1.135420018259665653e+00	-6.112600029903796361e-01
nan	3.410302629475995828e-01	-4.527188400655077216e-02	-3.491381816229859325e-01
nan	5.823039492401149708e-01	-1.125374154054135795e-01	-1.067163105482846097e+00
nan	-5.992927917996484499e-01	-3.212282823981305602e-01	-1.819829281488961614e+00
nan	-1.149617082279262403e+00	-5.379953797038982133e-01	9.935749211877240583e-01
nan	8.476556122476555100e-01	-7.039546826921611045e-01	3.948913117017976981e-01
nan	-3.117477430409285738e-02	9.015716659544800171e-01	7.336750937028158059e-02
nan	1.484608149088485263e+00	-1.083053417336075075e+00	3.716291192364413742e-01
nan	1.367630064741507612e+00	-2.655202049663123454e-01	7.254695666451395075e-01
nan	-1.467581938350764004e+00	4.986471540740488595e-01	-1.069155568028245629e+00
nan	-1.129772624770677192e+00	3.597217545752383061e-01	3.041456719665664443e-01
nan	-1.924609294149230543e+00	-2.163485217545495498e+00	9.217831231478900156e-01
nan	-3.407674747883260302e-02	-6.851361615301903019e-01	-1.094283858418802380e+00
nan	2.784006654020083071e-01	-5.726844545329745628e-01	-1.047288982019988879e+00
nan	5.231086407481528866e-01	6.199092011784493872e-01	-3.362201200553322500e-01
nan	7.904549469524807526e-02	-1.408695629006872507e-01	-2.481711868650015695e+00
nan	-8.466418722451169998e-01	-8.153572299618133679e-02	-1.658168287031731136e+00
nan	-2.303146680795657431e-01	2.682028468452667402e-01	-6.158169767679235740e-01
nan	1.831232441320866045e+00	7.391035434593499209e-01	-2.663613540627925991e-01
nan	2.192746731404255911e+00	1.133321221526042200e+00	1.657987857842716239e-01
nan	8.152123501431702834e-01	-6.001140313615819233e-01	2.071845612142309001e-02
nan	8.655993041963684353e-01	2.100529454480549951e+00	6.300548436350991155e-01
nan	1.691758312258779373e+00	1.025833400649549088e+00	2.461341618369735418e+00
nan	2.628837878500103642e+00	9.259981463676583147e-01	1.106578596694783867e-01
nan	1.347815628062407622e+00	5.050703473072226668e-01	1.321241455249200669e+00
nan	2.003990348732604954e+00	1.286049910585062905e+00	2.265592327345008705e+00
nan	1.876148139819337146e+00	7.797984247069877917e-01	5.150061200525821725e-01
nan	1.329724481548145487e+00	1.002859737886658831e+00	4.070992916853427568e-01
nan	8.432304476917971137e-01	2.426011142952474664e+00	1.760980891647251079e-01
nan	1.252049734659399061e+00	9.171629346982567155e-01	2.851659662385413796e+00
nan	6.020262173111384785e-01	-3.860704329242614641e-01	5.847952259772737360e-01
nan	1.293413752274221062e+00	7.715896659686061199e-01	-5.086922251287492314e-01
nan	4.261527713327217803e-02	1.643411803572017771e+00	-3.179393454856588863e-01
nan	1.921180730245824364e+00	6.497031590345991869e-01	1.561815710500984222e+00
nan	6.108533202477584023e-02	-1.238780322353306040e+00	-8.176832743836792705e-01
nan	-2.139320691629293947e+00	-1.693773255440216285e+00	3.373295971758205614e-01
nan	-9.661215678462578005e-01	1.506719627323337418e+00	-1.522166726502565570e+00
nan	-4.583241868904902594e-02	2.809110951621823560e+00	-1.655289852702431119e+00
nan	-5.201203424351914517e-01	9.376012693369883966e-02	-8.930414376265199961e-01
nan	-2.859484553012217600e-01	-8.669385881664795068e-01	4.968209843870591835e-01
nan	1.461203152356116974e-01	-4.584857256668589676e-01	4.996380926845060966e-01
nan	8.754346467742055715e-01	-2.644876190995877896e-01	1.921320935212905145e-01
nan	4.050901262476382936e-01	-4.145183426074629529e-01	-1.816960724403232363e-01
nan	6.262872938154844249e-01	-3.819479794865563438e-01	-1.280798754163332775e+00
nan	6.121615782260338978e-01	9.717279323068670482e-01	6.384896025614550386e-02
nan	1.366321879568422215e+00	-1.098551872358747961e+00	1.234442509355959450e+00
nan	1.594405424199317967e+00	-4.075954223569541179e-01	2.053824940553394818e+00
nan	5.180055739619178201e-01	1.642096347408174895e+00	1.740194108679969376e-01
nan	-1.358300443837771043e-01	6.942474514247425343e-01	1.137067727123703520e+00
nan	7.152667785306940917e-01	1.161297831825627069e+00	5.843964091966936669e-01
nan	1.937705932384404806e-01	2.206391164204223321e-01	8.697326521815418321e-01
nan	-1.915333306759255505e+00	2.947748216130609000e-01	-2.239053821638048447e-02
nan	-3.308165691446425249e-01	-4.721650027132162641e-01	-1.785039628719837346e+00
nan	-7.821783027476822969e-01	-1.176645024233243797e+00	9.644691312633202340e-02
nan	-2.075825065184303764e+00	-6.886582994651758716e-01	2.040630084976149394e+00
nan	-1.029738305570700119e+00	-9.693950947103515681e-01	6.084298888490865531e-01
nan	-1.893557043432125608e+00	6.839316242534938528e-01	6.880614633829024163e-03
nan	-1.120689075357313769e+00	-2.643039968424156783e-01	-4.497361875074301629e-01
nan	-7.245869214233361388e-01	-9.487284789059354795e-01	-1.014140663254660790e+00
nan	-1.427467625990179512e+00	-1.844684882183611485e+00	-1.140767295422498995e-01
nan	1.517147520852960341e+00	-1.119669131207796209e+00	-5.896285763955602111e-01
nan	-1.342431591158040227e+00	-4.557343695876954204e-01	-2.046988274646349915e+00
nan	-8.568437116276959031e-01	-4.309158839730746204e-01	-1.631662198946592479e+00
nan	-9.544675065980674500e-01	1.430054996308637860e-01	-4.231008556215352656e-01
nan	-1.705754356025510621e-01	1.653805650095280910e+00	-1.460252361825005840e+00
nan	-2.456084568375072053e+00	-1.248971154455571497e+00	1.896086107722441350e+00
nan	-2.404690767393207196e+00	-1.490034385456386223e+00	-3.211689638528144042e-01
nan	-7.195043030883032653e-01	-2.463985009514104707e+00	-1.926566181526220278e+00
nan	-1.516625192404730704e+00	-1.242491234308819248e+00	-2.946995212509184281e+00
nan	-2.037188178598124288e+00	-1.839230983484017257e+00	-1.471603300355569743e+00
nan	-4.960193244754630415e-01	-1.192194145252897464e+00	-1.362627908855905456e+00
nan	7.338102698132533686e-01	-1.780457933090475731e+00	-2.383825386386522194e-01
nan	3.642438654340918736e-01	5.409517213967838245e-01	5.768439068081190335e-01
nan	-1.649120950266656616e+00	9.096856323696940194e-01	-1.210623636657830460e+00
nan	-1.069709297025740247e+00	-1.056745654858464833e+00	-3.867591425762965662e-01
nan	-2.371005483726427721e-01	1.352508850244559913e+00	7.217200600326509896e-01
nan	3.103233494501262402e-01	-1.043301586889823440e+00	2.452945197227998086e-01
nan	7.429272109541565916e-01	-4.081861009828322562e-01	-2.122801639385235029e-01
nan	5.698173539560590362e-01	-1.472085467835272388e-01	-9.034438836505165327e-01
nan	-4.432490188544972454e-01	-6.276508587778537596e-01	3.419451662391792546e-01
nan	1.611851723063276176e-01	-2.243400811091019964e+00	2.322998512701715812e-01
nan	-4.005476796259980765e-01	-7.546899507472826230e-01	-1.142084832139101058e+00
nan	1.506750269789636221e-04	-5.248235084659911287e-01	-6.800022250006126923e-01
nan	3.477477781943384971e-01	-1.065195012302810662e+00	-4.741200674880466370e-01
nan	4.418589521444196144e-01	-1.110848269899697704e-01	-4.136083999924603516e-01
nan	-9.932646112612418809e-01	1.668887035082702863e-01	-9.290827855177805628e-01
nan	-2.139901989881652700e+00	-3.749224916297351218e-01	-3.186063215093889234e+00
nan	-6.365814644412582934e-01	-1.521863305909015196e+00	-6.196707483743574274e-01
nan	-6.761631359463948776e-03	-2.232143669894086635e+00	-1.343691744654804676e-01
nan	-9.648913591357576314e-01	-1.640944582073682767e+00	-1.156995543334911503e+00
nan	-6.207655148033577319e-01	-4.824732364577105082e-01	-1.036210447584667849e+00
nan	9.436149209488752243e-01	-1.452263462601232291e+00	-2.001351041187293678e+00
nan	-5.868904975824362769e-01	-1.307347790147561639e-02	-9.363111530310981312e-01
nan	-6.674242135716272895e-01	-1.041184553022398429e+00	8.057145935724295827e-01
nan	-1.124413167332491525e+00	1.134933492150642653e-01	-8.578475000659854244e-01
nan	-1.084958114277228436e+00	4.671690743192146722e-01	7.524125370483927266e-01
nan	-5.765851411656048864e-01	-2.455148895457917591e-01	-1.096957500562550702e+00
nan	-1.151374547856753416e+00	7.522945320250882251e-01	1.963965451441238574e-01
nan	-3.272270251065605984e-01	8.807112687980666044e-01	1.967915077672030000e-01
nan	2.530921463061901466e-01	2.641852403410102634e-02	-2.999664892915601677e-01
nan	-1.372457857956762117e+00	-5.885967304710995052e-01	-1.433323170449628092e+00
nan	9.834565165866748782e-02	-4.698919066736844674e-01	-1.014054526317918592e+00
nan	2.794223226734645626e-01	-8.079083966667157668e-01	1.685637404282315899e+00
nan	-1.653934057602499119e-01	5.302212544199007560e-01	-4.600341477622266195e-02
nan	6.949379806554053518e-01	-1.563326342743716291e+00	1.380776656008356085e+00
nan	1.591675741712234027e-01	6.179711143694464059e-01	5.320105297426191981e-01
nan	-1.231249673230368769e-01	-1.818507706711239846e+00	-3.553439690340787216e-02
nan	-6.033237006214224873e-01	1.937670115456932018e-01	-3.085190088344985648e-01
nan	-8.930403692068425436e-02	-2.012966549740231148e+00	-1.655303146961243144e+00
nan	-1.213061067548262262e+00	8.176265052288044233e-01	-1.053313694485454866e+00
nan	-1.578342731427308521e-01	1.029867049172249194e-02	9.339798740598439508e-01
nan	-3.871062628274091200e-01	1.721879458119557116e+00	1.371921286016484665e+00
nan	1.163271997195727048e+00	-2.136090036787551272e-01	1.866923679103782430e-01
nan	-1.208282425020951401e+00	1.972933969936451426e+00	3.787217902295579308e-01
nan	8.928236658748194277e-01	5.225936324557018953e-01	-1.004985306142944790e-01
nan	4.309890167633350089e-01	-4.941900218253765797e-01	1.350777144247006900e+00
nan	7.911526510420039404e-01	-1.496791680457594476e+00	1.161521975360781944e+00
nan	-1.635634626529464786e+00	1.558738159574024396e+00	8.180344456286074983e-01
nan	-1.201516504390412049e-01	2.470948810820548791e-01	-4.070765134809387620e-01
nan	-5.465375256002819038e-02	-7.585777447761198333e-01	1.363807867658003437e-01
nan	6.309666190968387101e-01	-7.974300407678688307e-01	-2.617169141965166035e-01
nan	2.647619013739663241e-02	1.196295709029030041e+00	-1.113278927201367008e+00
nan	2.417753440841445278e-01	5.420681438634356031e-01	-3.049848933225236536e-01
nan	7.881337206997924838e-01	-1.993738581258858167e-02	2.564707867698821087e+00
nan	4.563981089769147959e-01	1.188394086031608454e+00	-8.389260781045899673e-01
nan	2.375990195477330480e-01	6.967998968865488640e-01	1.310314071592967977e+00
nan	-6.145314248928772649e-01	3.318187278413214369e-01	-5.266990010786701815e-01
nan	-1.171729771037086865e+00	1.904662698496062401e-01	-1.109727957785786145e+00
nan	-1.495518749072593634e+00	-1.070228106076853702e+00	-1.869099630951101654e+00
nan	1.053979263405002254e+00	-1.432677522884770571e+00	3.115564037876203951e-01
nan	1.050440145873417080e-01	2.831522712233770778e-02	2.226333004982833375e-02
nan	8.250996646468471418e-01	8.096805693732875842e-01	-5.739225856231027212e-01
nan	7.908740649678172030e-01	1.758455888866990779e+00	1.362823102409443710e+00
nan	2.151312580159819854e-01	2.231099782487374839e+00	-1.283346875339981263e+00
nan	8.513792171479690474e-01	-1.260763088227087048e-01	-6.024848703059053623e-01
nan	7.241375759207033802e-01	9.125475654290357563e-02	7.481674918489518156e-01
nan	-3.423925448805369420e-01	-9.010177571876629710e-01	8.432000627612021848e-01
nan	7.513718105340011499e-02	1.450406945761281152e+00	-1.155457712519595281e+00
nan	1.777872258488755186e-01	3.628629860353784209e-01	-6.965275644661579335e-01
nan	-5.950380996586792648e-01	-8.214746714288243545e-01	5.898095986956757020e-02
nan	-3.052868593486885995e-01	-1.951213574263542139e+00	2.574201890298416506e-03
nan	-9.765431838160906208e-01	-1.319541750182518403e+00	-2.486554905300170315e+00
nan	8.391341223738214561e-01	-2.016461896652658403e+00	-1.192602317489936947e+00
nan	-2.179613394565464546e+00	-5.823138298874277474e-01	4.212896062358895133e-02
nan	-1.022794203728558671e+00	-3.436527782793072361e-01	-1.718556055175044284e+00
nan	-1.240629555994630095e+00	1.677418563745832758e-01	-3.136021913564012831e+00
nan	-2.764659263069263462e-02	1.552568836893316817e+00	-4.184061750666120405e-01
nan	-4.227325037265916574e-02	8.814159951745927923e-01	-3.861296248166410927e-01
nan	3.080687654218243199e-01	6.801921822979559717e-01	-8.550701113119569818e-01
nan	-1.050520815215144399e+00	-2.875112110628697537e-01	-4.665153093001541129e-01
nan	-1.911102927521168171e+00	-2.497613212898741608e-02	8.039257667487069714e-01
nan	-8.228617527563414358e-01	1.990825187159273035e-02	-1.142460854302166373e+00
nan	7.055953592116439577e-01	-6.448906654539418026e-01	4.144296217981168207e-01
nan	-1.805928639364854593e+00	-6.424784657453855852e-01	-5.760693388467683640e-01
nan	-1.599804341597627078e-01	-1.997536862653412459e+00	-1.927499509784745380e+00
nan	-9.147621715385902963e-01	-5.581393975354779213e-01	-1.558507158481314825e-02
nan	-3.213197559393424108e+00	-5.119318497281545310e-01	3.650340637112210462e-01
nan	-5.092149467562687715e-01	-2.029297424951120643e+00	1.058683645518150307e+00
nan	9.940341748912958630e-01	-1.903433498513159350e+00	-2.001788223889339191e-02
nan	-5.853461743103396397e-01	-5.066718037022079901e-01	6.392993337802410636e-02
nan	-7.544384458367645596e-01	-1.656653362133664764e+00	-1.048789647316781926e+00
nan	-2.094288952514013147e+00	-3.152672128946087393e-01	-1.672067387260144589e+00
nan	5.085527952276014396e-01	-1.616823092478433477e+00	-2.703553309471268484e+00
nan	1.153160989112240964e+00	-1.000405183198945336e+00	-2.009180839758672121e+00
nan	-1.307242992503296453e+00	6.212334297166534069e-01	1.765846679438288991e+00
nan	2.022144951645200861e-01	-2.078021413726950373e-01	2.329914353765739410e+00
nan	-2.313567167092578925e-01	-1.094670266014449833e+00	-8.805341891217490780e-01
nan	-8.984695057600767809e-01	1.645938304465379254e+00	-1.171890808214576696e+00
nan	1.469140360796812761e+00	4.205583878921453911e-02	1.263369975549407664e+00
nan	-3.514837879632464190e-01	1.861200114105762804e+00	-1.210217498430448124e-01
nan	2.674908620551947003e+00	1.277544579658713708e+00	1.284547100365827088e+00
nan	2.094601111586518183e+00	1.505727079487902742e+00	2.379851683877157065e+00
nan	2.698193381244040623e-01	7.806824167708008577e-01	1.008668490504177395e+00
nan	-5.846314175228517485e-02	8.885896238969021033e-01	1.702532751239644870e+00
nan	9.037980892479807737e-02	2.598198235442572002e-01	6.368940969665813912e-01
nan	-1.446603244847318281e+00	2.627394111761284012e+00	9.786485194549969791e-01
nan	8.377075513152082431e-01	2.101218007768437812e-01	1.877165075908690195e+00
nan	3.628190434029673894e-01	-6.958152928745422461e-01	1.532222067978885605e+00
nan	1.899447507576908389e+00	-1.604865958720375074e+00	7.161447675915394440e-01
nan	1.202158949706823687e+00	1.413595504631555588e+00	-1.113528726413678838e+00
nan	5.282283137753847058e-01	1.212815441634286229e+00	-4.413580434434977162e-01
nan	1.371511056998903744e+00	8.862114306995261259e-02	1.201756969338279912e+00
nan	1.005375022937009311e+00	-6.733051359029984528e-02	2.613730258693103270e-03
nan	4.092552810312352074e-01	1.629350722425415565e-02	-2.225251868210602335e-01
nan	-5.279879774716479401e-01	1.183003887665159626e+00	-2.776831223304558338e-01
nan	8.936327281984393078e-01	1.909017855199701685e+00	2.384108197775134386e-01
nan	-4.083186994729981478e-02	2.779238499164199183e+00	2.337536102323938714e+00
nan	4.283345300550380763e-01	2.173990812086226576e+00	-9.008136776637409859e-02
nan	1.422265808363093909e+00	-1.498550966646799987e-01	-2.602788006980538693e-01
nan	1.238112832063896773e+00	-8.562586880276528145e-01	-5.594425625969762228e-01
nan	7.106771348932732213e-01	-6.205382001787308754e-02	-1.413450682057160623e+00
nan	5.129411219054532678e-01	5.346834080328929373e-01	-9.483385638120096495e-01
nan	8.315869626043306262e-01	1.148640685954650298e+00	-3.937078011240811026e-01
nan	2.444972745766197164e+00	-2.141399392178742644e+00	8.695080010977573881e-01
nan	-8.597166461098616486e-01	2.784996298091880207e-01	-6.991251764004087210e-01
nan	1.316346835595955111e-02	2.376731926933097205e-01	-4.967096422363967423e-01
nan	4.407260811347702978e-01	-4.715545732420832747e-01	1.361473352231292511e+00
nan	-7.355821412618206434e-01	1.352475666112872010e-01	-2.385275681791168556e-01
nan	6.917165004966681074e-01	-1.787103346532722681e-01	-4.676750298251403093e-01
nan	-9.087819139926489598e-01	-1.340797474026367286e+00	3.451995870240011088e-01
nan	1.881570693506047220e-01	-1.815610655729200440e+00	-6.838054462513140086e-01
nan	-1.773476208404283883e+00	-1.171534143335827505e+00	-5.211249041787342495e-01
nan	-7.544104860775427968e-01	2.846085344220007363e-01	4.909605586423869683e-01
nan	-1.035115587826457295e-03	-1.031382275937308801e+00	9.568669334931148573e-02
nan	1.853986483021327292e+00	-7.177220605267283782e-01	-5.306747839258805222e-01
nan	2.856971339678096578e-01	9.580372660075084923e-01	-1.631070963389930073e-01
nan	5.079783925167644654e-01	3.374579165911458234e-01	-1.949735297468258022e+00
nan	3.719123074857659250e-01	-9.841135526263268263e-01	2.125893281851413352e+00
nan	1.334632881127180593e+00	-1.710190344364855564e-01	-2.511344665615877769e-02
nan	1.958750953703425335e+00	-6.001155019958289705e-01	-1.389461408760759076e+00
nan	5.111443076087063275e-01	-6.475912529022516129e-01	-1.418500809879530422e+00
nan	-1.318302720805990536e-01	-1.672548519381630072e+00	-2.152629193865540635e-02
nan	-7.772872809695471341e-01	-1.757078220032594063e+00	4.513281304567103858e-01
nan	-1.926354786003847908e+00	-1.551296194677068030e+00	-1.404712228054387335e+00
nan	-3.099207431627085674e-01	-1.711958568978245498e+00	2.440665907199253137e-01
nan	-2.600694362588912512e+00	9.040738847554419255e-02	-1.657616951808969619e+00
nan	-1.358296379691068978e+00	-7.418792298699149468e-01	4.962860838770089544e-01
nan	-1.992831563367603032e+00	1.023119723556293881e+00	-1.830783875094727176e+00
nan	2.399749199914991138e-02	-4.272303561239688685e-01	2.343436337654315693e+00
nan	-5.175233388632921594e-01	-1.806256857264847415e+00	2.948247977252734242e-01
nan	-2.169617994868843880e+00	3.840119164320272560e-01	-2.204608387920539148e-01
nan	-7.174678744347460224e-01	9.086825135759830641e-01	-1.387038778461257560e-01
nan	9.510971708999572671e-01	1.585586495206263935e+00	1.437836253273200304e+00
nan	5.566098723993718744e-01	-1.456328529793726290e+00	1.466157108114516827e+00
nan	2.267085887714947456e-01	-5.674509056315335531e-01	-8.235080664402563144e-01
nan	-3.689744178752628612e-01	-3.777301398441600122e-02	-1.630772096298720664e+00
nan	5.319694696067933659e-01	-6.499370483725375180e-01	5.930916898975679974e-01
nan	4.838175807640484605e-01	-1.977136202186821068e-01	-2.335296268064625258e-01
nan	1.316312708001382115e+00	-7.144855908105871567e-01	1.667093219127660508e-02
nan	-5.846287371936514932e-03	1.374584604391006604e+00	6.173349687606151104e-01
nan	1.062198908181494872e+00	9.822841656143255218e-01	6.183149176489061150e-01
nan	-3.888074329885543579e-01	2.855913355472251336e+00	3.445419119034517363e-01
nan	1.323403279752668915e+00	2.370147245109627931e+00	3.953540906460129012e-01
nan	-6.197746066672471521e-01	1.370246708988635653e+00	4.323319356333183427e-01
nan	-1.180468336833711440e+00	3.309763953880269782e-01	-1.133348332204747511e+00
nan	1.689834392018443321e+00	-2.439821001612902940e+00	-3.141152866918789366e-01
nan	6.889897980445730541e-01	8.400944502759857269e-01	-2.894597911254770395e-01
nan	-9.558879579858710063e-01	5.177659530897447127e-01	3.578657333548027064e-02
nan	-6.227890508810982606e-01	-1.245185372478026242e-02	2.718354533719131161e-01
nan	-5.311298198662628423e-02	-1.679342505691933995e+00	5.275562700063239907e-01
nan	-7.573799807971977049e-01	8.575127231348900203e-03	3.592886673251411422e-01
nan	-1.472453115643036714e+00	-5.771995578568663854e-01	-3.727185885746254201e-01
nan	1.485251097431144363e+00	1.800279391933063078e+00	-8.963789278637684932e-01
nan	4.760193145940604387e-01	1.381164800422158390e+00	6.455194610406007616e-01
nan	2.980798850101440411e-01	3.279654232826146321e-01	2.522132528529089646e-01
nan	8.155376137779397627e-01	3.559580094756875090e-01	-1.031143816583982353e+00
nan	-7.925733384238020651e-01	2.988539907895710890e-01	-1.214904181304810038e+00
nan	7.178923457443093792e-01	-6.369544677656876486e-01	-1.040497867631878792e-01
nan	6.258292352390990021e-02	2.637295918332807076e-01	9.653836155150041787e-02
nan	-7.689346456484174031e-01	1.107656021252892087e+00	-5.459554414839142833e-01
nan	-9.885603534675382331e-01	3.604311093584361414e-01	1.278238552221424351e+00
nan	6.033686406832490245e-01	-6.240355437796563098e-01	-7.088012251690791743e-01
nan	1.298104669225558006e+00	1.648272557118461157e-01	-1.509487294902539800e-01
nan	9.121275844195348981e-01	-3.705883534902581489e-01	2.118717664337110146e-02
nan	-5.646256799745902333e-02	9.858950914498005869e-01	-1.516423228057362627e+00
nan	-3.634885895804462752e-01	4.777049043751683266e-01	2.080526734350704565e+00
nan	1.504518700935058684e+00	-1.850297931314059952e+00	1.343756006460013586e+00
nan	-2.084488555237460905e-01	-1.226601053441199185e-01	-1.504710353877233953e+00
nan	6.057532246108082719e-01	6.126172618056032748e-01	-1.782263320883177737e+00
nan	1.088451925150982769e-01	9.254810623719422757e-01	-1.046838622229686155e+00
nan	7.657942674170734598e-01	2.316810095263582558e-01	-8.893324441539526282e-01
nan	-6.961915076752569487e-01	8.848425681940508269e-01	-2.283032905954036351e-01
nan	-2.210553386840768297e+00	-1.514749487707089670e-01	-9.638316377537202717e-01
nan	-7.838640276206969570e-01	5.367764312291293249e-01	5.714555939392860218e-01
nan	8.568889872414562348e-01	-4.543079705176606975e-01	1.501467336493991223e+00
nan	-7.410746370860843424e-01	1.143776712285919928e+00	2.237414723010524575e+00
nan	-1.008045031037995282e-01	-1.662376742405520913e+00	5.789081439389476280e-01
nan	1.727610781425010789e-01	-7.630668957209072456e-01	-1.238753975811202279e+00
nan	-4.592130278257753884e-01	-1.356144692628235893e+00	-1.419946944244466991e+00
nan	3.117003861258499375e-01	-8.949590225656348652e-01	-2.309693303957691235e+00
nan	-7.631560392844151108e-01	-1.103532571693528697e+00	-1.151819400696985074e+00
nan	-7.212399784206623421e-01	-1.319657612925313472e+00	-2.340940553682707703e-01
nan	-6.570565872771045868e-01	3.340214455984169550e-01	6.056692994839043553e-01
nan	1.489231803991194258e+00	-4.149034623068188488e-01	1.755610530103369316e+00
nan	-1.523588357235483026e-01	7.424266795179194078e-01	1.629758866770087966e+00
nan	-1.726610662464507673e+00	-1.499369771627574899e+00	2.449305031996779625e-01
nan	-1.598513578501346455e+00	8.633793713947390813e-02	1.280126813203054659e-01
nan	1.186104303426338547e-02	-1.877476180761421531e-01	-2.445190763243262344e-01
nan	4.173603047588259063e-01	5.268496611344797298e-01	-1.235370229642734463e+00
nan	3.575965825231121054e-01	-6.580001249686263654e-01	-2.455118468753273220e+00
nan	4.295724504030096202e-01	-3.047035347260710347e-01	-1.255548297261060986e-01
nan	2.520975480985631623e-01	-4.322094153982844467e-01	-4.519203604749610914e-01
nan	8.812301410913593314e-01	1.764114149317600466e-01	-5.474074278592387932e-01
nan	4.959822507828058891e-01	2.288483901653119157e-01	-6.799999691278817149e-02
nan	7.371386174691840765e-01	-4.450998967299675257e-01	-7.980162844058102944e-01
nan	-9.030822603343103827e-01	-4.532600074703122539e-01	-1.323088949003646819e+00
nan	-1.104953252848863698e+00	-2.022436832095194870e+00	-1.346253228632998677e-02
nan	-8.602460032361876063e-01	-2.352952606196948571e-01	-2.045097567793452420e-02
nan	1.338003185605662004e+00	-8.640915218973075351e-01	-8.181465930961810962e-01
nan	8.077837772586159426e-01	3.241028261637682317e-01	6.829901679833284556e-01
nan	1.523786241371400507e+00	7.181481485421119526e-01	9.169865535700526538e-01
nan	1.692853549984320249e+00	9.220721666756258594e-01	1.453279578150259432e+00
nan	-3.306456242663786682e-01	7.144351736640121020e-01	1.445227857051816667e+00
nan	-1.899410502362288700e-01	-2.223063954734573744e-01	9.708939896894799304e-01
nan	-8.394379310919239945e-01	-7.937012895299913051e-01	9.938291920908738364e-01
nan	4.145263208417172551e-01	-9.196704840688350036e-01	1.206224590919788842e+00
nan	1.160830675147001667e+00	-4.154003283799526658e-01	-1.721242332987825474e+00
nan	9.762016444359177259e-01	8.471348560786438053e-01	4.160397344625768046e-01
nan	-5.589114930406258175e-03	2.198223705145015749e+00	-3.489762427546111434e-01
nan	2.821282603507443976e-01	-1.955548696003555076e-01	6.204344684423095391e-01
nan	1.585663943048265079e+00	8.870181330697300970e-01	8.783980965067316182e-01
nan	6.377788322818433997e-02	1.488396736885262417e-01	-2.389979810608175992e-01
nan	8.772128118807621666e-01	2.963749282835406174e-01	-1.394273187900786637e-01
nan	1.120900825286403224e+00	9.096334327416928378e-01	7.062197392536234686e-02
nan	-1.082201016801078275e+00	1.083514810106781745e+00	8.903128125278584326e-01
nan	1.562641320972414816e+00	-2.119374169852274725e-01	1.151647824378966956e+00
nan	1.514166593646600667e+00	5.615927264440230271e-01	1.019026060074552653e-01
nan	4.631352326937687724e-02	1.451285623816723103e+00	-2.679432490920433674e-01
nan	2.198828420956327356e+00	3.322124167993366628e-01	4.717546600104295385e-01
nan	-3.540766575294216345e-01	-1.263279203105765136e+00	1.043506144331526331e+00
nan	-1.145850149738375734e+00	2.920121672177093952e-01	2.359026857362376717e+00
nan	3.958584931885166802e-01	-9.095464194670186409e-01	1.501159935882792063e+00
nan	-2.265715905306701750e+00	7.295185181310619438e-01	1.380242351156516500e+00
nan	-5.996453891863735564e-01	-1.185374888012366679e+00	-1.744043047844601180e-02
nan	-1.191776489469529521e+00	5.608332583486241862e-02	-1.609484921128888857e+00
nan	-1.296820999385019102e-01	-1.742154232579376849e+00	-2.084373727409595922e+00
nan	-9.399500620385592420e-01	-6.589993780504688203e-02	-2.007045523553705912e+00
nan	-1.636911353389568724e+00	1.814049031613989893e+00	-1.064161643693062320e+00
nan	4.570971066175543163e-01	-1.416368372660861796e+00	-1.015838951215976893e+00
nan	-1.090724796834625199e+00	3.504669792950072527e-01	-4.810236223825687940e-01
nan	8.574216307388562996e-02	-6.495376128389289683e-01	2.346804834391296168e+00
nan	-9.929675568672233776e-01	6.536606827208640835e-02	9.091649426307341075e-01
nan	-2.536151133959149817e+00	3.171193276128490002e-01	-8.913956281589585640e-03
nan	-1.335123379967029233e-01	-6.936575420446166040e-01	1.006427099255581270e+00
nan	-4.642048485976133509e-01	-1.069922710612007721e+00	-1.105286216910280839e+00
nan	-5.382814107859708042e-01	-3.778452038045243544e-01	-9.251163785308142984e-01
nan	-1.679710804048861750e-02	-2.226418868313627453e+00	9.131516183824510691e-01
nan	-9.383337635734143589e-01	5.771044558630944454e-01	-8.959794201610479236e-01
nan	6.410460614132005297e-01	5.141505209717658342e-01	-1.565712428402197487e+00
nan	-8.527547046697238065e-01	-9.725743020187672672e-01	-9.905616545356595859e-01
nan	-7.560739682789499039e-01	-9.371100399015259708e-01	1.411997830291452649e-01
nan	-2.640170544276047693e+00	-1.017952340717894089e+00	-1.604801429579456595e-01
nan	-1.371289529364646764e+00	-2.383661033672481722e-01	1.048850017560041037e+00
nan	-8.993271739491763839e-01	-1.297816704181314451e+00	-1.004061671190030092e+00
nan	4.127632342721873071e-01	-1.495187124288681169e+00	-1.614276892538919927e+00
nan	-2.297007311354104520e-01	-1.384800197730505777e-01	-2.600372015902515876e+00
nan	8.530112902883674186e-01	4.901893469983319984e-01	-7.435074125371895493e-01
nan	4.835806896582915959e-01	-2.633437854000135192e-01	1.642969894251691931e+00
nan	8.445543611257164685e-01	1.927935207918727967e+00	-3.903892598127874369e-01
nan	-4.654749299277687324e-01	2.378627993575294752e+00	6.715166246919537230e-01
nan	9.494379052258647977e-01	-3.638502968929500092e-01	1.113291193410739677e+00
nan	-8.241722095783777791e-01	6.056858555082755835e-01	-5.712800841571539223e-01
nan	-9.167793718890338006e-01	8.245417255556981573e-01	-5.324877474970595159e-01
nan	5.187473180289151609e-01	-6.405705645563812556e-02	7.282846513511758157e-01
nan	6.450869361789224321e-01	-2.656693249243450516e+00	9.946641541221032945e-01
nan	-1.306349734547655128e+00	-1.857308833813507309e+00	-1.183742307464415333e+00
nan	-2.173177240510503871e+00	-4.744604947681041462e-01	-1.745964680008918579e+00
nan	-6.922418130000925762e-01	8.436444542644485622e-01	-1.601618329702747534e+00
nan	-1.110731010483977155e+00	3.293467921912853202e-01	6.617472214931880981e-01
nan	-7.638969102253524435e-01	-8.991454494651494045e-01	-5.773490723704647332e-01
nan	-3.613628542593129711e-01	4.508081387444156651e-01	-1.047034282942214345e+00
nan	-1.454426882403617172e-01	1.662104796035705823e+00	-1.485029451434424441e+00
nan	1.569194610603818374e+00	5.898776960851539464e-01	-4.748443477902133947e-01
nan	1.819101300227649043e+00	1.585420073745435587e+00	-7.857431081667204387e-01
nan	-6.017788120500271454e-01	2.734389083590186509e+00	5.108323635125234796e-01
nan	1.890351857225960552e+00	9.680282558248565206e-02	2.189758869881460734e-01
nan	1.088980051765244372e+00	1.011585884232139243e+00	3.491925097227853159e-01
nan	-9.122470486450673377e-01	1.234493911538761868e+00	-7.035797790968358889e-01
nan	-8.299014171535100681e-01	1.314406596250887738e+00	6.763736689340518193e-01
nan	-1.387146435934619948e+00	4.649546882391865088e-01	1.007819088660334206e+00
nan	-1.329301715588383948e+00	1.543225066597264661e-01	1.494337476275477972e-01
nan	1.623486853160329257e+00	-7.441170514484588550e-01	-5.487655795099694034e-01
nan	9.977316172157049134e-01	2.172838272535986270e-01	-2.076986708834615225e+00
nan	2.444857357565953571e+00	3.554467901124518381e-01	-9.050190370636164161e-01
nan	2.526301458438749314e+00	1.027051503387816478e+00	-9.453421328213866826e-01
nan	3.036752593243690068e-01	6.085726392624437597e-01	-1.181616260418729247e+00
nan	-6.170157141737118156e-01	5.181824320693184660e-01	-1.735352789749827207e-01
nan	-1.546486611685276569e-01	-1.349393672472411820e+00	1.278027952324770899e-01
nan	-1.811190785334226172e+00	-1.809027606541467659e+00	-1.058241097162065714e+00
nan	-8.068882134487187496e-01	-1.997694911111061788e+00	-1.578580210297393815e+00
nan	-1.291731469798121701e+00	-1.309259688927034926e+00	-4.510039412599816666e-01
nan	-1.745513216242853272e+00	-1.079154015442369108e+00	-2.237864733340915180e-01
nan	-2.504230928074352214e+00	5.081869538682716181e-01	-1.353638800873135928e+00
nan	-1.868699065649293889e+00	-6.945209275974468799e-01	1.909530013738759857e+00
nan	-7.018590261179639134e-01	1.809346260364287362e-01	-1.818884471213590426e-01
nan	1.169398503465023165e+00	1.018879484873562946e+00	-2.642387050841704110e-01
nan	8.302491311167922161e-01	1.005582076992983076e+00	8.401008425038420935e-01
nan	2.329612391211255962e-01	1.297154541632745017e+00	1.645117330373680353e+00
nan	1.124588204593873986e+00	1.598575689158007407e+00	1.002011622828606452e+00
nan	1.856992352751299924e-01	3.703632778361987121e-01	-4.791022343166255748e-01
nan	1.007237057238447253e+00	-1.048535361676304234e+00	1.085822448502872239e+00
nan	-5.978830217674185876e-01	3.636795563620339733e-01	1.384229913342683194e+00
nan	5.052749739320500089e-01	1.977383354453156494e+00	5.136015750590061657e-02
nan	2.293606191530960459e+00	8.519779779103195949e-01	3.152336859886913367e-01
nan	2.892154758317369012e-01	8.336425867617150987e-01	4.732170405255358703e-01
nan	1.266822912342337570e+00	1.418420203630331278e+00	1.407826923652921280e+00
nan	1.923502745478811615e+00	1.422392353142372112e+00	5.201351304810986065e-01
nan	2.639111406333397580e-01	6.463339628764386280e-01	1.453163610912318937e+00
nan	-7.913696795462754618e-01	1.973209377605414927e-01	-1.568889454185443899e+00
nan	9.553483290075475143e-01	-8.678998027050602859e-01	-6.324122031947649880e-01
nan	-3.980531863647690516e-01	1.170891481057783623e-01	-2.034902279095244459e+00
nan	2.935251270100260046e-02	-6.463616535912989347e-01	-1.722974054760427975e+00
nan	-8.298992274447625217e-01	1.844228781613976298e-01	-1.959511890938556489e+00
nan	-5.814573144005987793e-01	7.757121683731527106e-01	-5.323523585698655136e-01
nan	-1.408666560518798239e+00	1.204544985914207889e+00	4.284887792186881095e-02
nan	2.306474942511687054e-01	1.113818127954400161e+00	-1.404378651193406435e-01
nan	1.231722793333227539e+00	1.768180126542335806e+00	1.888765216641370426e+00
nan	3.466629815631965261e-01	9.880006356572865744e-01	1.837806036616984606e-02
nan	8.825399837327929653e-01	1.967849459049918204e-01	2.587369116831375493e+00
nan	1.291582071603245785e+00	2.726490934800965826e-01	-7.952767624333245688e-02
nan	1.662105492019656516e+00	2.425189738325133959e+00	9.807851457820859764e-01
nan	1.252039356437727680e+00	1.069899442718495797e+00	9.762199517063971932e-01
nan	-1.095810424848441933e+00	2.060237584935667443e-01	7.237030845576414295e-01
nan	1.251368636751170049e-01	3.950229403133358463e-01	1.180967089488575983e-01
nan	1.178010390448670064e+00	5.458889165314773084e-01	-3.356154850437161885e-01
nan	1.331752041477128223e+00	1.218047619113218794e+00	-2.159483741534971024e-01
nan	9.332793668562553435e-01	4.697768946803182466e-02	2.672487544431908502e-01
nan	8.468299019087396906e-02	4.112266193950005477e-01	-3.904067149735120923e-01
nan	1.812078727608977813e+00	1.626240031947699949e+00	-6.144356236386492309e-01
nan	1.846934545364949720e+00	6.719951015533531802e-02	1.125367578917136013e+00
nan	-5.019016039518319205e-01	1.190252424681165877e+00	4.710911225082775045e-01
nan	-1.792164419511131368e-01	1.392505685012048522e+00	6.974990491162924577e-01
nan	4.505325162293984387e-01	4.586924777099946615e-01	-3.019171618715268401e-01
nan	-7.637967929260363054e-01	-2.587959374235306309e-01	-1.608179323727153109e+00
nan	8.420585629894148383e-01	7.183892992751901296e-01	-3.297351120518047796e-01
nan	7.235492625842905312e-01	-1.832813456712353073e+00	5.027319226017329390e-01
nan	1.865969814133829341e-01	-3.331513643309937378e-01	-1.323238117150294935e+00
nan	1.430716930207660997e+00	-1.036738465357220695e+00	1.088032513148619040e+00
nan	3.862066894866049704e-01	4.057808006449715732e-01	-8.763165890252599954e-01
nan	2.117679433328837901e-01	-7.234511866062482977e-01	-2.670630333218427577e+00
nan	-1.069183212775630887e+00	8.130489155317812688e-01	-7.026918245090132409e-01
nan	1.265456530702524063e+00	-6.189079283134978349e-01	3.236769232956343001e-01
nan	-1.644998919853715380e+00	-1.305242378419369798e-01	1.540373234421895221e+00
nan	-1.198892525810409393e-01	3.438709027301158905e-01	1.619417276370302972e-01
nan	-1.129899395063103523e-01	2.175579029604335357e-01	1.971287533833984584e+00
nan	3.424841215647886350e-03	-6.764931067910924245e-01	1.998225864076251135e+00
nan	-1.567871642019820655e+00	-2.452512112745589834e-01	1.081803531015002484e+00
nan	-1.015333733418606776e+00	-1.717326204441315340e+00	1.956809896894252387e-01
nan	-8.431040282933800478e-01	-1.158706208573824226e-01	-4.979040538352400014e-01
nan	1.451534977523257997e+00	-5.854090347506429870e-01	-1.135138979474079601e+00
nan	-6.513435490781172010e-02	-8.313081073219285022e-01	1.218490358364007431e+00
nan	1.028493443253826189e-01	-1.049443939399157255e+00	-1.467897869007981360e-01
nan	-2.506907899567458742e+00	5.270867788097058915e-01	7.329283916876883076e-01
nan	-4.717112275289403467e-02	-1.334707609909311810e+00	8.563097020694289130e-01
nan	-2.803421614292857633e+00	-4.882217191023681124e-01	-2.797601662605546657e+00
nan	5.402325334944486634e-01	-1.460163893826306625e+00	3.109881700975674068e-01
nan	-1.006890317361261777e+00	-8.364987245293418194e-01	-5.676616579302353749e-01
nan	2.667862849287547800e-01	2.032485965259324123e-01	-1.063367668440164948e+00
nan	7.623538894179324732e-01	2.681836357890446942e-01	1.542815247383714783e-01
nan	5.459335534004499113e-01	-4.807825280469588680e-01	3.464682607482362231e-01
nan	-1.979210114428982648e+00	1.365055211675242353e+00	-2.853261809644433988e-01
nan	4.871022860944674848e-01	1.410891560348091212e-01	1.070832545401494196e+00
nan	-1.273349320044727895e+00	1.278232783452044607e+00	-2.388721659776131268e-01
nan	-4.517989298947630017e-01	1.077365536856598416e+00	6.932098324935803690e-01
nan	5.709926883883562621e-01	2.068313304341382053e-02	2.075868172624807939e-01
nan	1.197721861692317091e+00	-6.054133973669049151e-01	-9.937434195467961251e-01
nan	-1.158732808387325175e+00	-5.182083751311658548e-02	-3.672017495505305318e-01
nan	-6.199734628742079590e-01	-2.474355682042535864e+00	5.144109475888012373e-01
nan	-8.069006836496088741e-01	-1.362722434069562061e+00	-1.386504643254880653e+00
nan	6.280600584125645147e-01	3.587490901835509449e-01	-1.004880763624261375e+00
nan	1.408838838083814604e-02	-8.883482205554960043e-03	-6.761716091576416288e-01
nan	4.571154282028810356e-01	6.724850195764513483e-01	-6.739568660242046816e-01
nan	8.532635121090121899e-01	-1.109936933196572717e+00	6.939971493201888553e-01
nan	-3.835786635490370244e-01	-3.928459513210657006e-01	-1.348261189160814943e+00
nan	-1.360690228980221628e+00	8.194123411688832848e-01	6.052762776183240323e-02
nan	-2.136234978285312724e+00	-1.347643160183484179e+00	-9.461079124027116372e-01
nan	-2.013709748135088518e-01	4.728677571921813261e-02	-3.567459794720853616e-01
nan	-1.065483612563652205e+00	-3.671196151887722858e-01	1.980810577308075859e-02
nan	-1.294692436643737565e+00	5.644436094551270600e-01	2.328266993858429668e-01
nan	3.823696866178941667e-01	3.056421761199551446e-01	1.885717745634214459e-01
nan	6.581315630080002421e-01	5.247279821066250793e-01	-1.135065882873232512e+00
nan	-2.463342981040987367e-01	4.037796091005806387e-01	-4.765953529037764147e-01
nan	-7.087797421344466109e-01	9.033974657119733243e-01	-1.112227529836331552e+00
nan	1.319153830847317632e+00	2.774343397226056496e+00	-1.080106500008811032e+00
nan	3.773223023479286287e-01	1.156143736632325059e+00	8.742498994727119221e-01
nan	9.655777491847208349e-01	-7.976247000610328097e-01	2.390602769160506735e+00
nan	-1.671810319112301269e+00	-2.523993023425112447e+00	1.921161711697622620e-01
nan	-1.149029124362768162e+00	2.949388917741151417e-01	-1.341367138237099521e+00
nan	-6.544283037098919120e-03	-2.606987633869626730e+00	-6.148558098079802692e-01
nan	-5.678839322433848480e-01	8.909069530512792046e-02	-2.031297333988859588e-01
nan	-6.757932845045986348e-01	-9.096264483143525759e-01	-1.254582765804864233e-02
nan	-1.310718813152845552e+00	-3.363765963281688531e-01	6.505582324301347752e-01
nan	-1.029532986439353204e+00	9.844860591772039982e-01	1.774917303678800407e+00
nan	-4.241950491779947208e-01	1.949869401743084263e-01	2.220056307289938413e+00
nan	6.992393549597840652e-01	7.301610138666676519e-01	-5.253771593900835590e-03
nan	1.674006075164748752e+00	-3.193591264301687271e-03	1.216612330997252744e+00
nan	1.322639054944862558e+00	7.742167469359826359e-01	-6.243230338315007844e-01
nan	-6.669306559822352209e-01	3.959843901675291766e-01	5.989026365614296132e-01
nan	1.285487269856902870e+00	-4.126427448831090361e-01	1.300279125225476617e+00
nan	5.394480025426185987e-01	7.412869864563915723e-01	-2.278688266574123711e-01
nan	-3.363760266116594400e-01	5.300524231843878331e-01	2.341069436531671433e-01
nan	8.090402079715911521e-01	7.035940099343040988e-01	1.200164002387863693e+00
nan	5.565254654104093701e-01	1.845184195072902433e+00	5.956838755251606665e-01
nan	2.625783994082809603e+00	-2.374953277365485782e-01	1.880947038513672176e+00
nan	3.894207736254537977e-01	2.549230584176850556e+00	-2.607932061876562790e-01
nan	6.434264379541156931e-01	1.402740312030023695e+00	1.187569239306974334e+00
nan	-9.721298353995763142e-01	1.066536951205784067e+00	-6.182666982139917167e-02
nan	-6.535884663796568406e-01	-2.204634834175058511e-01	1.102632801883060232e+00
nan	-5.345252846596456608e-01	1.796789613421588272e-01	4.870053899650915730e-01
nan	-8.612149239442796755e-01	-6.426081103992973276e-01	6.199131703176947727e-01
nan	7.248839930677474230e-01	-5.555156829780539818e-01	1.295521322387183538e+00
nan	-7.720730923551393232e-01	-6.889358652187418386e-01	-5.243723034061943400e-01
nan	-3.025767383962026935e-01	-2.430561034490386074e-01	-3.181907450169731977e-01
nan	-8.517757022665876088e-01	-4.913112914226002159e-01	2.843016600633893609e-02
nan	7.776537160800720550e-01	5.078304911047732961e-01	-5.281201075632108166e-01
nan	2.092483811835772478e-01	8.845816287132830524e-01	-1.337779482088849559e+00
nan	1.236623591740812822e+00	2.714659996068957692e-03	-2.516532594092274477e-02
nan	6.997264528981250731e-01	1.766690085034694491e-02	1.999064810689723304e+00
nan	8.293163924842912316e-01	1.569923911060276678e-01	-1.232891981883118326e+00
nan	7.564298954634720573e-01	7.624896585566158791e-01	4.252612584200447521e-01
nan	-7.209107196050419386e-01	2.701308880157428760e+00	1.891549741126451023e+00
nan	-1.037593496158911499e+00	2.286064638804442328e+00	9.103335473503904041e-01
nan	-7.222248242457214307e-01	6.504855312200510387e-01	1.506360681447493910e+00
nan	7.609303556907883737e-01	1.976182136060728733e-01	1.465563495112179204e+00
nan	1.328436838300437461e+00	-8.628146568796662974e-02	4.164500025318113030e-01
nan	4.336411814699887568e-01	-9.610424645444981540e-03	1.458383076891501540e-01
nan	3.957292667196672387e-01	1.068075196845164054e+00	-2.626468603685997438e-01
nan	-1.184893070933209502e+00	9.960470872629290096e-01	-1.144342456103829786e+00
nan	4.616878994167400441e-01	8.527471913639020906e-01	-2.552526197432247290e+00
nan	3.189286360464385961e+00	1.822442401035067272e+00	2.374593339709530682e+00
nan	2.469567315173240019e+00	2.983547709684374993e+00	1.282552058344732293e+00
nan	3.838020835462129909e+00	1.399430482682124222e+00	7.090089737416608306e-01
nan	1.338616511314594471e+00	8.801211904766811367e-01	1.741670110131426363e-01
nan	2.890783140796106654e+00	9.187761077607181637e-02	8.977649378365983868e-01
nan	7.175572947146238167e-01	9.266546851206719504e-01	-3.178914192579105902e-01
nan	-7.418574378840536721e-01	1.832421372517706537e+00	8.135647124890228454e-01
nan	3.220619204240325884e-01	7.522387839071817961e-01	1.842673656168181351e+00
nan	-5.825635992910837002e-01	-5.796339706496014266e-01	1.618741466430538622e+00
nan	-1.784869847613611282e-01	-1.083692983221529849e+00	-2.574335031897865833e-01
nan	1.359002548420391032e-01	-1.375476691358523018e+00	3.414450951996815808e-01
nan	7.521730995870534731e-02	1.326692218229267861e-01	-1.436201232624571222e+00
nan	2.805637625418366810e-01	-8.829543085067538266e-01	-6.217028035156357824e-01
nan	6.359817068205632085e-01	2.675650850773715339e-01	5.050603328519497337e-01
nan	-4.725569126168830958e-01	-6.363197077587334771e-01	-1.829807637251847918e-01
nan	-2.879503748072636427e+00	5.031370979245334274e-01	1.173947851265793596e-01
nan	-3.529345037772234628e-01	-1.250265602355578043e+00	1.975369760506792971e-01
nan	1.819628017936994469e-01	-2.714682292170720324e-01	-1.458121769632926279e+00
nan	9.002586494229513070e-01	8.688514695939936194e-01	-1.927233881263480941e-01
nan	1.252150374705537139e+00	-9.680741518706696969e-01	-1.283498649134660274e+00
nan	1.009282985427549351e+00	1.355147318162893910e+00	-4.932526677841587159e-01
nan	-2.115108237184978313e-01	-4.729937016766768698e-01	-6.454724209577795691e-01
nan	-1.500233977039767130e-01	6.923735826899143908e-02	-3.210791427421455513e-01
nan	-5.918363276316646049e-01	-2.398368564364406375e+00	7.536127534333312283e-01
nan	-1.502862112192859811e-03	-2.003017684103246321e+00	-7.475210797182696432e-01
nan	-1.141628910012629783e+00	-2.626939649606915839e-01	-6.075958311162186209e-01
nan	-3.542142777768499395e-01	3.676048411197505583e-01	-1.133987904215642217e+00
nan	-1.244890503531084880e+00	8.830742040108839896e-01	1.104964766699291223e+00
nan	-7.868028630845737004e-01	-5.867799508982649570e-01	-8.853927998462688409e-01
nan	-1.999530500210251471e+00	-1.835222117023955768e+00	2.129142864650057643e-01
nan	-3.177467706034658335e+00	2.418163559230128712e-01	-3.855071012833705124e-01
nan	-1.800357813476738400e+00	-5.190962220559213192e-01	1.759128545567632651e+00
nan	-2.120786195793959550e+00	-9.625350046305936047e-03	-6.353121873132994146e-02
nan	-1.553045096548798742e+00	-2.113753583761835753e+00	8.880281740197397689e-01
nan	-2.346957772145488175e-01	-1.332117105974605087e-01	6.491310714509058721e-01
nan	8.176745303986701074e-01	1.470968853287086819e+00	2.877092766510224164e-01
nan	-3.933491965315302208e-01	-4.416809826371056458e-01	2.481289169572905018e-01
nan	-3.560671703645775232e-01	-7.111298791447409062e-01	-2.614495360935794044e-01
nan	-9.140444718009415048e-01	5.793843310304431782e-01	-1.546775142030639483e+00
nan	1.103177572535124051e+00	5.252343336553522146e-02	-2.191329429419096031e-01
nan	-7.285266083473013188e-02	-3.520300210755359926e-01	-2.609052191664767317e+00
nan	6.765719618915251310e-01	-5.409971592369121618e-01	-1.589496925335389665e-01
nan	-7.985059121141283578e-01	9.054227813523416657e-01	-2.402053333382799527e-01
nan	2.055285507552661872e-01	-6.645792257081930554e-01	-3.557993654251552784e-01
nan	6.311320783913360044e-03	-1.724964467003813784e+00	-7.317535584159351458e-01
nan	-8.014119587508187204e-01	-1.379237413430573600e+00	-1.070008800533237769e+00
nan	-7.932880648813430691e-01	-8.984632635564178127e-01	-1.051365181664130510e+00
nan	-1.100639077019162748e+00	-2.017696197857916096e-01	-2.111576133771006614e+00
nan	-2.664878654485137721e-01	-1.324055461209864060e+00	9.080969484903268496e-01
nan	7.812456810129684293e-01	-1.295408354656510941e+00	-9.363534754417079942e-02
nan	-1.436344188275691547e+00	-9.492954501717094651e-01	-5.946442852819765479e-01
nan	-2.959388614043956256e-01	2.638475530553466175e+00	-7.886579674678455554e-01
nan	-2.390687164801453823e-01	1.398738444747159360e+00	7.872101272079490286e-01
nan	1.125423107385451260e+00	5.422524478842585260e-01	2.624778348728784572e-02
nan	2.706726769349079298e-01	2.036704238695746128e+00	-5.842396863202329316e-01
nan	1.096974527266677768e+00	2.268280589205267095e-01	1.476705724852252821e+00
nan	1.562564158430726768e-01	9.982905692107574280e-02	1.916921895729783332e+00
nan	-4.879020938726952861e-01	4.796768527258155612e-01	1.195151668342675499e-02
nan	-4.516883517112232349e-01	-6.198958691194172976e-01	-1.040523657056633133e-01
nan	-5.253005489472964973e-01	6.898994285325181774e-01	-2.299743395344260311e+00
nan	-1.733296485936721698e-01	-2.133359700632133094e-01	-2.742827295567662471e+00
nan	1.603600773111659161e-01	-4.952694081309619856e-01	-4.239021483845175076e-01
nan	-5.012549237875615349e-01	-1.733088581656520910e+00	-1.198663698884744555e+00
nan	-1.084121517530821865e+00	-1.932592331881681780e+00	-1.543532976683520186e+00
nan	-1.112444005393035340e+00	-8.005121221911751794e-01	-2.408421816519850100e-01
nan	2.646125915918507987e-01	5.010826598357160933e-01	4.781852417118211962e-01
nan	2.528978788918423981e-01	2.451179818346676864e+00	-1.461927187277515916e+00
nan	-4.360713220741692098e-01	3.220224217970725000e+00	1.420111253370577309e+00
nan	5.943948289675952124e-01	9.505905973557106092e-01	9.266881469682732853e-01
nan	1.041130527071694623e+00	2.745989802593201135e-01	6.193373188332594870e-01
nan	-1.524203210132934472e-01	5.755173924593171009e-02	1.189134444452921990e-01
nan	9.853563798768804061e-01	3.356777389206443973e-01	-1.378224229058516714e-01
nan	8.174871571277406712e-01	6.939581855708133462e-01	2.135527820247387965e+00
nan	3.185820802871625057e-01	-3.130987058024425895e-02	1.369479682065584791e+00
nan	7.613598503682480478e-01	-9.555492810353215238e-02	1.828336167527911726e+00
nan	-1.374185202798861860e-01	-1.145552598465801708e+00	8.700080317602643110e-01
nan	-1.121739776986842019e-01	-1.080247559956694303e+00	-4.267087452918317814e-01
nan	-3.043934082380733153e-01	-1.327116785091441375e+00	-3.976486228329590422e-01
nan	-2.444759555925128058e+00	-1.561328225890755483e+00	-8.979062614430841638e-01
nan	-8.032490281841100366e-01	7.508702904496684649e-01	5.911896620897438837e-02
nan	-2.366606166724961047e-01	1.467303041154672735e-02	-1.163463207261149934e+00
nan	-1.006857938509009065e+00	-4.537366190702010749e-01	-7.766522684749699312e-03
nan	-5.110033780299261252e-01	4.004884595116458001e-01	3.847923051793153415e-02
nan	2.586890290481138610e+00	9.229801300897023664e-01	-1.326873857296687387e+00
nan	1.359478193079881159e+00	2.626572231516566269e-02	1.158362108806277879e+00
nan	-6.413164837369953464e-01	-5.482423719821778452e-01	8.123029036989976026e-02
nan	-3.782153500014580061e-01	-6.262082747714778908e-01	1.714709713721506157e-01
nan	2.886630510567511632e-01	1.661913462956603693e+00	-6.454328135163571734e-01
nan	9.676125710860038476e-01	1.136646490316575719e-01	-4.961719046050515058e-01
nan	1.731182893441573167e+00	1.829168558433431624e+00	3.232494982194612509e-01
nan	5.237212568066929030e-01	1.584679817656583722e+00	7.881039024217453282e-01
nan	1.998248066356266950e+00	-5.394981830527257882e-01	6.589779324443839625e-01
nan	1.611118969201718709e+00	-2.035850220738295580e-01	-3.748128022295649231e-01
nan	7.617475364864283449e-01	8.223008484598886003e-01	-1.171128333526954890e+00
nan	-2.812221847381325412e-01	1.400595015494792817e+00	-1.154958169713870442e+00
nan	1.615077020536060948e-01	1.188861623284687141e+00	-3.571948822291370895e-01
nan	-1.287336369547839698e+00	9.948026814417872954e-01	-1.417720062070619291e-01
nan	9.677215697775560788e-01	2.636391411369585769e-01	2.036676792215915022e+00
nan	6.589931864041700393e-01	-7.416261486224056121e-01	1.634403846761266710e+00
nan	5.242268655273111255e-01	1.360291303276515706e-01	3.716783088172855853e-01
nan	-8.487024055231152664e-01	-2.214217534681509336e-01	2.017598604509835414e-01
nan	9.084303425322136638e-01	5.193163903774973278e-01	1.035068738423498447e+00
nan	1.152159319117386671e+00	6.646093018131620234e-01	-2.024931560995730795e-01
nan	2.145793031206512325e+00	2.256052723124479797e+00	-1.384727458538061118e+00
nan	9.894375419310786901e-01	2.919098095175730379e+00	8.752508161106529183e-01
nan	1.898579298815094463e+00	2.399969474230410960e+00	1.579860455688304244e+00
nan	2.344861289998025455e+00	3.022730424861462151e+00	7.538454513303779470e-01
nan	2.306086803909821903e+00	7.697972643595710762e-01	1.671440074707867929e+00
nan	1.494560581376618291e+00	1.558986035602598630e+00	1.013135314608636817e+00
nan	1.685420116183936390e+00	2.245015373028610206e+00	1.387723350298122771e+00
nan	9.577068327968543127e-01	1.264505332969624307e+00	1.383848225009710387e+00
nan	1.456305666458448389e+00	9.939627090141174293e-01	1.451868204523488526e+00
nan	-1.296520050770273880e+00	-5.712268505971743737e-01	2.789349647484290706e+00
nan	-1.037225853855822999e+00	-1.200397401794282448e+00	9.404488642644841523e-01
nan	-1.491872405857594952e-01	-1.250952145179513586e+00	-5.182515079414874021e-02
nan	8.143911044655768317e-01	1.210174708502512742e-01	-1.173325610498166416e+00
nan	1.373674797264971659e+00	1.485527956874691080e+00	-2.097275733707992806e-01
nan	-1.911878239556661363e-01	6.375826838112697015e-02	2.467591428587003199e-01
nan	-8.611668163725321179e-01	1.470094165911759010e+00	1.694616324170552524e+00
nan	3.073545911439265477e-02	-2.929510449252606397e-02	-7.035909721849662457e-01
nan	1.330230620435857603e+00	-1.643963804984177601e+00	5.442696292622168919e-01
nan	3.715761950244288458e-01	-1.551913427332147766e+00	5.735994890971135574e-02
nan	-2.176609178149193635e+00	2.627666226043442466e-01	-6.588368225727179173e-01
nan	-7.288214776951862373e-02	-1.847528552683455061e+00	9.350746124918196678e-02
nan	-3.519604135570258974e-01	5.108684827874087064e-01	-4.121712839946012896e-01
nan	3.217229112323826135e-01	1.370618747653105318e+00	7.973940403447342673e-01
nan	1.099058301474908461e+00	1.174686907645903222e+00	-5.729945957394217970e-01
nan	1.416571421283924437e+00	1.013727445474875921e+00	3.665761141283138125e-01
nan	5.918669646689219688e-01	1.010463099828181388e+00	3.945428900426676821e-01
nan	6.303653245181215503e-01	2.563391596128101191e-01	6.106886179421622263e-01
nan	2.469990257001454914e+00	-6.435807347024385949e-01	-9.243228206473657060e-01
nan	1.001598475123217646e+00	9.620180910794259299e-01	-1.065917990230929480e+00
nan	-5.599330116458017814e-01	2.152989465192853835e+00	3.410775814606230583e-01
nan	1.083405271746793463e-01	4.612015576729155408e-01	1.109488396898685281e+00
nan	4.444198989332093230e-01	4.433619854251407144e-01	1.923331952131295042e+00
nan	-1.395132909483925987e-01	4.794247877851912087e-02	-1.681004672985451087e-01
nan	4.698006421275305877e-01	-1.507047136403476983e+00	-6.776056514714109413e-01
nan	-2.500371774327677876e+00	1.104888938851543490e+00	-8.106606279514816382e-01
nan	-5.557341160396409574e-01	2.299465532515811428e-01	-1.074485969508110150e+00
nan	-1.189116045321736981e-01	-1.075435474722371831e-01	-6.088021113372243942e-01
nan	1.736962689775273461e+00	5.297560467358082281e-01	1.180357163908541285e+00
nan	-4.706503722974476611e-01	1.419423667276589196e+00	-1.122216607340162930e+00
nan	1.911432063917990476e+00	1.368026160673605940e+00	1.227728974789968674e+00
nan	2.327809666338431338e+00	7.355214667374355697e-01	7.075282748241561448e-01
nan	1.573334211093087909e+00	-1.567031109766565677e-01	2.478601069960574499e+00
nan	1.760509124979014572e+00	-2.394425024107057487e-01	1.710862203755036948e+00
nan	2.026618030251468583e-01	3.453359141008769395e+00	-1.669462288819667739e+00
nan	1.256299262413644646e+00	2.086258598846582935e+00	1.454147593846229380e+00
nan	2.443077854760771661e+00	3.227499418148224164e-01	-1.325349213023310213e-01
nan	1.798101058765894322e+00	2.821312582109986034e-01	-4.798763750424109298e-01
nan	-1.558257216005765278e+00	1.991803194529946142e+00	-2.436524458246937530e-01
nan	8.136156890848634804e-01	-4.842822265743285115e-03	-2.992151616361355959e-01
nan	9.635835910121770542e-01	-3.240715251684346820e-01	-2.878591107978441532e-01
nan	1.840103763625865196e-01	1.330697993198294959e+00	-2.438568971232433658e+00
nan	1.836974710291599533e-01	-2.933699766050112956e-02	1.138367421651729439e+00
nan	-2.593435778503245248e-01	1.205291471731387010e-01	-1.056268996727611986e+00
nan	-1.242765625112811856e+00	-1.130725057830259672e+00	7.714122785477859345e-01
nan	1.803673985997570339e-01	-1.125088793179801039e+00	2.186927475162523948e-01
nan	2.619142859316474503e-01	-6.657295680100079327e-01	-9.899434074447663323e-02
nan	-5.237861647638915041e-01	1.670366192699918928e+00	-4.669122497695148422e-01
nan	8.620667837021256386e-02	3.458864255263524590e-01	2.816997417699528050e+00
nan	-4.461385575495800948e-01	-9.535169163309139551e-01	9.810939276154281297e-01
nan	-2.247305173466270234e-01	-1.055201773478060545e+00	-7.818944091700908983e-01
nan	-1.916336611227391629e+00	-7.846979392902161399e-01	-2.382196867037095878e+00
nan	-1.569232612687117001e+00	-6.900446846335671625e-01	3.855338440181269588e-01
nan	-4.854281317186784905e-01	2.971964077681289451e-01	-7.154819165584227481e-01
nan	2.440306523053276111e-01	-9.734938284400900255e-01	9.388829625420204161e-01
nan	8.956902340966945708e-01	-1.290930570419154488e+00	-2.709220591867592121e-01
nan	-7.226574782254032714e-01	-6.022298387879267967e-01	-2.911626486766652477e-01
nan	-1.714640983078172143e+00	-2.013849142704784878e+00	-4.902706725591687853e-01
nan	1.307500751265499916e+00	-3.098323890196142294e+00	-2.401106977036798096e+00
nan	-1.421271406123166825e-01	-1.799694739089424123e-01	-2.063880546978238417e+00
nan	7.387142879190351508e-01	-1.368282443832044892e+00	-3.467230167569370081e-01
nan	-8.274165034353686554e-01	1.201975165530947631e+00	6.086623517255477234e-01
nan	-7.231300125387116751e-01	1.469661977727335422e+00	2.694556411049718325e-01
nan	6.678060345145600540e-02	1.005764135340289356e-01	2.388473442012300829e+00
nan	4.003217781255192370e-02	-1.726997401561675693e-01	-9.646263333519751182e-01
nan	-9.455678119824698080e-02	5.846293616463376502e-02	1.095227657488407891e+00
nan	4.572745157668877125e-01	9.604796104066396500e-01	2.873389530015002524e-01
nan	4.745696064532158309e-01	6.594395845139182644e-01	-1.453277303395866582e+00
nan	-1.643159745380573744e+00	-1.306476280786700861e-01	-1.257702097092542548e+00
nan	1.014231617163695587e-01	-2.145826917259474609e-02	9.148756812170266706e-01
nan	-1.045718763578247890e+00	1.931707818161888524e+00	-1.937429671576280654e-01
nan	-3.203660945897762180e-01	-6.326302739193481184e-01	-8.101439486552197700e-02
nan	-9.859055652980011630e-02	1.074293151726040563e+00	-7.129712581186382625e-01
nan	-5.589379084509127349e-01	1.360417001338707799e+00	-5.125069779889521726e-01
nan	1.301763443122167185e+00	1.485467034038241652e+00	2.704968996550439542e+00
nan	3.410701538272943867e-01	-8.887341341320558197e-01	1.247530106475204237e+00
nan	-1.740446676902505929e-01	5.488648137987823805e-01	-6.775185819358993111e-01
nan	-1.563379435363982939e-01	5.296808016152754206e-01	-1.182826354893232734e-01
nan	-5.825874865740364728e-01	5.825619791728661179e-01	-1.428056728270166609e+00
nan	7.324064315090706989e-01	2.055146172395855286e-01	4.979492916216617937e-01
nan	8.305974769978574646e-01	1.347691462631805948e+00	1.377361827408128070e+00
nan	1.133083073816013808e+00	-3.604949390409243337e-01	5.782029432461355256e-01
nan	6.288618867488426911e-01	-6.184595276125448571e-01	1.224647077201952428e-01
nan	-1.587986305319124325e+00	-2.599070771771608168e+00	-4.992036184083088468e-01
nan	-3.639117019154978205e+00	-2.994278758561722320e+00	-4.392833574423585241e-01
nan	1.409152231018535595e-01	-1.075254663930665266e+00	1.140932172869838057e+00
nan	-5.052186228379369481e-01	7.690770119373129265e-01	-3.637990938242746108e-01
nan	1.260255722493949515e-01	1.832831819076821578e+00	-3.958677017530407016e-01
nan	1.243172581799243392e+00	2.181356333366502032e-02	1.964798212002146771e+00
nan	4.527735805863588037e-01	1.811466675556160366e-01	5.385569998954317095e-01
nan	1.940827244580518363e+00	8.745787412694489005e-01	1.252005633169536836e+00
nan	-1.779555709430937327e+00	4.027112655464943902e-01	9.498027050975721419e-01
nan	-1.494419839120689097e+00	-1.758212438930541133e+00	2.284978277808770164e-01
nan	-7.517794773284188770e-01	6.320374387199449995e-01	1.352512783885386094e+00
nan	-1.014865110040666263e+00	-7.376938181867833677e-01	-2.265734809201349620e-01
nan	-2.971013407425346919e-01	5.649221500576241395e-01	-2.577665457562118956e+00
nan	-7.163813855612459480e-02	-2.282684790529904806e+00	-1.506450185930417796e+00
nan	-1.563507556939215171e+00	-1.492148866557913900e+00	-2.585867650210268209e+00
nan	6.494661027581402069e-01	4.592485488431296003e-01	-1.217717468946705850e+00
nan	-1.153789491422891667e+00	-3.505432057640895382e-01	-1.529514614174471099e+00
nan	-1.059766040963990630e+00	-8.078832707818667247e-02	-1.116364153195854803e+00
nan	3.045489705543642511e-01	9.286657645452933707e-02	5.191128714098999231e-01
nan	-5.824020259618187811e-01	6.087262258505004020e-01	1.486684896155473057e+00
nan	-1.394272760394170696e-01	5.274107845033183528e-01	-4.442171349808489156e-01
nan	-3.188677840934761587e-02	2.701553148223883039e-01	-1.030512176159732007e+00
nan	1.032893690867695113e+00	3.660385372659680225e-01	-4.654342880910943281e-01
nan	5.029052080407991898e-01	2.926720790656249349e+00	-2.608885997096241471e+00
nan	2.014252804509991890e+00	7.786738982459113778e-01	-6.845580308374659140e-01
nan	8.676655800258528117e-01	1.018150909665621384e+00	-1.704801742249956731e-01
nan	-2.043120892570658986e-01	-5.507956648360003982e-01	-5.291607193617979821e-01
nan	6.603570937489384729e-01	1.108443331851212355e+00	-3.298934755619480352e-01
nan	2.181047545248428143e+00	1.341155814466648444e+00	3.216375249057234487e-01
nan	3.525532232376791253e-01	2.534743174450748704e+00	7.183930988975230081e-01
nan	1.395827378539499897e+00	4.933396328576643008e-01	5.727646393914480605e-01
nan	2.052239035963153047e+00	2.149345002890480583e+00	9.079637319176443455e-01
nan	5.084309132654947216e-01	-5.565451455457246510e-01	1.458995140572036497e+00
nan	-6.034681517784207250e-01	2.903085030546656009e-01	1.875969178398901649e+00
nan	2.792428037584149259e-02	2.515259056726503184e-01	1.535158421707311760e+00
nan	1.712282764231786603e+00	-1.015167779835987938e+00	-3.984527921882730084e-02
nan	1.515034369295458427e+00	-1.334782142363620583e+00	1.922026596106123364e+00
nan	-7.242035947827617504e-01	-5.907478271661525948e-01	-2.772853170173789072e-01
nan	1.627861180987748013e-01	-1.582358529753175480e+00	9.163727274326067818e-01
nan	1.988799750028964475e-01	-4.272383193600234330e-01	5.040156349170374361e-02
nan	-7.702744644944697905e-02	2.697011961183775064e-01	6.496525786864922047e-02
nan	6.197044841127026249e-01	-1.303217969003811927e+00	-1.128802872805732660e+00
nan	7.207240041721693635e-02	6.594533674525367983e-01	1.040258024606500742e-01
nan	-4.027115267028034129e-01	1.365103688963128059e+00	3.393813253660355467e-01
nan	1.179012441602713235e+00	-2.121640453928977377e-01	-6.552850558149224680e-01
nan	-1.197180999725320216e+00	-4.858199869923512937e-02	9.882355769600614792e-02
nan	-1.151275272919808135e+00	-2.889076561631764850e-02	7.899175774173690101e-01
nan	1.308362476074811931e-01	-6.052166700470691385e-01	-9.482476852230076192e-01
nan	-3.599726070089487862e-01	1.219803902287429187e+00	5.584690815487108884e-01
nan	-3.957856946553589550e-02	-2.276595943018614232e+00	6.226474789249176744e-01
nan	-6.113777897872790801e-01	-1.406897134942658889e+00	1.886505429434082726e-01
nan	-3.106358875642797557e+00	-2.651967447144603085e+00	-1.679036367360024595e+00
nan	-2.785311608614102319e+00	-2.431710080929641471e+00	-1.704757357160290532e+00
nan	-2.483211929234082849e+00	-3.613697200764825812e+00	-2.668677625368385264e+00
nan	-7.086586226960851498e-01	-9.770109300029000687e-01	-1.817980027931525910e+00
nan	-2.321339016121675702e-01	-1.676126482410241092e+00	-8.930657026840279622e-01
nan	9.005963715417975024e-02	1.014694214001236272e+00	-1.990667195266951683e+00
nan	1.653660409423841404e+00	1.688646293666588694e+00	-1.984914947112073613e-01
nan	1.619076873586934306e+00	1.785287940003013052e+00	3.143584429333190489e-01
nan	-3.077967156668077742e-01	-4.822982781079712122e-01	1.291443920751803809e+00
nan	1.209086984157291822e-01	-9.428408888485509953e-01	-3.532429261442846524e-01
nan	-1.698499983412986580e+00	1.978248571901892738e+00	-2.157977653463919177e-01
nan	-5.498174246909215412e-01	1.595754770122813859e+00	8.697175958354930181e-02
nan	1.151081064313691726e+00	6.943127230198817834e-01	1.508945938340723991e+00
nan	1.401123093823628540e+00	-3.940102585485358855e-01	3.503938373530911754e+00
nan	4.964166335192303214e-01	8.894281437623299258e-01	1.204825371706132575e+00
nan	2.347471440784975716e+00	-3.617228523514764427e-01	9.460934932706950296e-01
nan	1.177019271614229368e+00	3.794614802196402126e-01	-8.216694911401731805e-01
nan	-2.427792715749599872e-01	1.959839178584500186e+00	-1.501678129354477642e+00
nan	8.454936385110571884e-01	-1.348806603782379820e-01	9.667321370996797558e-01
nan	-3.583763525886599077e-01	-1.095356227808653715e-01	5.779693077366188092e-02
nan	6.646567402157655957e-01	-6.712318963991757981e-01	-1.120823543987303550e+00
nan	-4.240027312230544854e-01	1.312586454512511547e-01	-2.531909990227626528e-01
nan	1.045847332415038300e-02	1.813795621730979635e+00	-6.564853413059771325e-01
nan	1.060824324874588775e+00	1.406255910366527750e+00	1.991007703638794091e+00
nan	6.292723305160708991e-01	-3.179631198193232366e-01	2.259189600570324918e-01
nan	-2.756148834182703400e-02	-1.896609624896352098e-01	3.876218461048718256e-01
nan	-1.376695746535252285e+00	-4.201468625073426222e-02	1.176098689393786090e-01
nan	2.243647416187988242e-04	1.083785893569409464e-01	-1.299564975745202966e-01
nan	1.619536291893847180e-03	1.266948499289489938e+00	-9.570155008380367700e-01
nan	6.776965025829584377e-01	8.542719608669926412e-01	5.257487382455644509e-01
nan	-6.404704353703427611e-01	2.826171315326305722e-01	-1.860443381333997115e-01
nan	-1.028162408870192390e-02	1.749171826998821011e-01	1.538767089557438794e+00
nan	3.733572109805048389e-01	8.390070269705244277e-01	-6.141174123865549284e-01
nan	7.110515832677960502e-01	5.706119707432115717e-01	1.158580134520440730e+00
nan	2.254226534665916493e+00	-1.642873050864034901e-01	-6.301768769277563687e-01
nan	2.822528414053609325e+00	1.067594762460369884e+00	-1.208529875986698920e+00
nan	1.401517979592121543e+00	1.700595889894281454e+00	-8.180190333429190330e-01
nan	1.970542580948979161e+00	5.236539286063491838e-01	-4.389802055863323282e-01
nan	2.106650597193383323e+00	3.048466825453464701e-01	-3.463189451345238812e-01
nan	9.347908715795666401e-01	1.095113062338899379e+00	-5.373273552793429442e-01
nan	-7.158133739646133087e-03	-3.525080444807690006e-01	1.150755138989477122e-01
nan	1.373714876874707835e+00	-1.164163633880318516e+00	2.057901912315487358e+00
nan	8.435410206283884271e-01	1.421406428380168618e+00	-1.037874458194068539e-01
nan	-3.595173134761325828e-01	2.866885440113420280e+00	-5.177374547707800367e-01
nan	1.106545951045447396e+00	7.884245143897772312e-01	4.360699441806883958e-01
nan	9.722672493191399923e-01	-4.648534033171957125e-01	-4.241544924381925319e-01
nan	8.882586093914038861e-01	-4.736196178602652962e-01	7.524097885889128312e-01
nan	5.416766139683155679e-01	-2.301430273522402925e-01	5.857543552771183881e-01
nan	-4.901633734091339067e-01	1.262090427790574787e-01	-1.398132412946925252e+00
nan	-1.058226715635063098e+00	-1.387081077575356425e-01	6.372934331448361078e-01
nan	8.706420117968949324e-02	-1.302535273147163775e+00	3.045622044233839976e-01
nan	4.441109700460308951e-01	-1.402687877607814437e+00	-6.114153531799949581e-01
nan	-1.806951575063542093e+00	9.495386696923482361e-01	-1.074204108243401290e+00
nan	3.091086181027817847e+00	1.282937563037245265e-01	-3.910362005229369720e-01
nan	3.117276262903084572e+00	1.258478484472427716e+00	-7.986397622333809565e-01
nan	2.307099591000858041e+00	3.701601703160602996e-01	8.943367339064296484e-01
nan	-7.644945517361361187e-01	-3.585427017223752344e-01	2.008668635025840921e+00
nan	3.319198703226807767e-01	-6.942862489945273996e-01	5.904733075026658007e-01
nan	-2.938973695482164361e-01	1.271668573029604454e+00	-4.773344471745549766e-01
nan	-4.575656134742182024e-01	-1.645744306108838928e-01	4.505681196735173977e-01
nan	-3.841932162495109715e-01	-1.244611531696735218e+00	1.350449906587426918e+00
nan	-5.770955740553511681e-01	-9.399701413056869015e-01	-1.319135695521197471e+00
nan	-1.887179668028518553e-01	1.013108322411981899e+00	-9.618024638603828169e-01
nan	1.669561214627943491e+00	-2.053467340312939426e-02	-9.364871693475735892e-01
nan	-2.815510086861294781e-01	1.438912683111530200e+00	4.548275166525496682e-01
nan	8.972730313090866439e-01	-8.801177252877308010e-01	6.236695725640110100e-01
nan	-2.206207411284378583e+00	-1.044635919216424513e+00	-8.841620887634844550e-01
nan	-2.781638090812038833e+00	-9.144778235641285447e-01	-6.839355199732484181e-01
nan	-4.300258124565001783e-01	7.189407175676436612e-01	-5.045298754998495117e-01
nan	-2.545956107075633135e+00	1.489286004325591772e+00	7.567046335799071377e-01
nan	6.433057225461037421e-01	6.925104345423536145e-01	2.127875903855862560e+00
nan	-8.991108811548045310e-01	-1.239665573047553093e-01	1.500491677370891619e+00
nan	-1.429001457322753577e-01	-1.925711691041287477e+00	9.626354699920250946e-01
nan	-1.078776630950851745e+00	1.574641851043288021e+00	-3.065386000989225868e-01
nan	7.826408149050473329e-01	3.907151459199194321e-02	-1.109509878879151090e+00
nan	1.612973550520935273e+00	-2.510723248242435535e+00	-1.399580079117520137e+00
nan	-9.417378949668896437e-01	-4.270087166984299909e-01	-1.602256780629461197e+00
nan	-4.170875626772611588e-01	1.204523797700164822e+00	-6.183553525025089481e-01
nan	9.337808591873436592e-01	1.494798541970177475e+00	1.677129719229419669e+00
nan	2.076470540615546589e+00	-3.975224419730759573e-01	-5.627798673479487146e-01
nan	-1.942853937152433375e-04	-1.375638270190058465e+00	-1.479061811155132800e+00
nan	1.379354599904292655e+00	-3.963695131553020556e-01	-1.153769881590293700e+00
nan	-2.012126419010912493e+00	1.050194831170798704e+00	-1.287218502273235421e+00
nan	-3.438258471477175782e+00	9.165993243395886836e-02	1.741156583506579814e-02
nan	-4.596629584189982909e-01	-1.103063166297624242e+00	-1.328546260445719218e+00
nan	-3.315536134738561458e-01	-9.507368243878692171e-01	7.091019865164729374e-01
nan	6.676441713413006074e-01	-1.410883105930680115e+00	-9.324318296059108668e-01
nan	2.645464722191559481e-01	-1.262407878770876790e+00	2.300752816248819999e-01
nan	-6.672283203338746915e-01	-2.154010944128539329e+00	3.038879247009296236e-01
nan	-5.377558773311704732e-01	-1.013569430351249245e+00	-1.142808518734690360e+00
nan	-5.595465018419956138e-01	2.894930195985000454e-01	-9.278529070534248246e-01
nan	2.058045901313185211e-01	-3.115544618915749159e-02	-1.294478798452649349e+00
nan	-8.720436635448864937e-01	-1.347371650380705832e+00	-6.893582493655407983e-01
nan	-1.248158572741127514e+00	-1.633392058563367888e+00	7.510670918948694208e-01
nan	-2.466027907434586552e+00	1.666451017310790927e+00	-5.432090158514617517e-01
nan	3.991865876772373589e-01	-8.209019750557571271e-01	1.677422320827557933e-01
nan	-1.461285828985981361e+00	-1.650774610580110657e+00	3.798745702966028204e-01
nan	-2.652212990104573009e+00	-1.808586424607126597e+00	1.197299697072658153e+00
nan	-5.295757719470778335e-01	-2.308560350960511709e+00	-7.394491244999050750e-01
nan	1.563321739279193823e+00	-4.006091343195403165e-01	3.959325279905072659e-01
nan	-1.266945833656959453e-01	-7.131855254091805651e-01	-1.393794302037914878e+00
nan	1.464338048683448079e+00	6.272193800385469364e-01	-2.573333522784004845e+00
nan	1.049064361265671819e+00	1.599636703067818466e+00	-3.966872096873705900e-01
nan	5.715988092811246091e-01	1.536790167222166215e-01	-4.702249572927317267e-01
nan	1.173657155399168817e+00	1.390380090192704921e-01	-3.216911605323146683e-01
nan	1.132451297641387189e+00	3.241378216657599065e+00	1.192476722850851933e+00
nan	1.853074988087795250e+00	5.792449022417552884e-01	7.747245516238504548e-01
nan	-7.931788434340704130e-01	1.149411107598925508e+00	2.244419141342697266e+00
nan	1.006883351955026429e+00	-1.157822424755942770e+00	1.447080164325379226e+00
nan	1.738158060806362093e-01	-1.345884370048955336e+00	-1.989750863045997686e+00
nan	-1.454189722176448152e+00	-6.949191015069355881e-01	-5.538604954715700135e-01
nan	1.250087708632734440e-01	2.490900430111625541e-01	-1.262994296537175876e+00
nan	-5.300379091315934876e-03	-2.188531939292599926e+00	6.966886187065175484e-01
nan	-3.461818764146881389e+00	-1.060505336355528794e+00	-1.893193746737008576e+00
nan	-8.501439775737847926e-01	-6.580606398186725770e-01	-2.334069889397078157e+00
nan	8.413823671194928799e-01	5.433071278078747124e-01	-8.792629277973917912e-02
nan	4.792548511500338004e-01	1.381626545408545681e+00	-5.647169498661344100e-01
nan	1.251081436281288983e+00	-8.780898305118156610e-02	1.921765437261545140e+00
nan	4.479092086882422441e-01	-6.658952219843690123e-01	-2.158412995256320244e-02
nan	1.988111053434687414e-01	-1.037070007635080504e+00	-2.143930785626094182e-02
nan	-7.540643308799745981e-01	3.334519389877075302e-01	-9.899467544896118909e-01
nan	9.666774595472442666e-01	7.182491691521829535e-01	-4.297272532827438596e-01
nan	1.106836615411943003e-01	1.305514654278632225e+00	2.717393969169963341e-01
nan	-5.754048971852796512e-01	1.361077632619616340e+00	-1.499362403286744749e-01
nan	-3.111965958684870248e-01	-1.188157513966753287e+00	-9.475272034848072344e-01
nan	9.460706778400085337e-02	-7.588609663783562054e-01	2.717539544832525689e-01
nan	-1.407232193839119461e+00	-3.396807217117611688e-01	-1.645009266673998383e+00
nan	4.009933789613314703e-01	1.876864116352561229e+00	5.258590995439922366e-01
nan	3.638248703367428782e-01	1.484375579966747960e+00	1.628011319292264059e+00
nan	1.294073564814381516e+00	5.366880034258192378e-01	7.091745435419782861e-01
nan	1.135402280683210918e-01	7.642065601718517343e-01	7.079160770100680899e-01
nan	4.492889358665689281e-01	-2.367441011010070762e-01	8.647447284349356611e-01
nan	8.109850209830029577e-01	5.518576952405132019e-01	5.199662605161432527e-01
nan	-9.358835451436350317e-01	2.896428128715609618e-01	3.939220318198964343e-01
nan	-7.900063893891615674e-01	5.189730064455957415e-01	-8.055522484304095121e-01
nan	5.650108730668057522e-01	2.204426907321755280e+00	-2.473927755522928873e-01
nan	3.407142301489157754e-01	3.860297079059827330e-01	8.014669138600180043e-01
nan	2.944496072112364748e-01	-1.051164074473058374e+00	-1.222415509210338369e-01
nan	1.049517817240282147e+00	-2.196447950395824800e-01	-1.260733166332939303e+00
nan	-1.356074896529265161e-01	2.103264279873914955e+00	2.518873482718278822e+00
nan	2.069536289029863418e+00	2.506075822694196376e+00	-4.506760179992024273e-01
nan	7.678954937796610425e-01	1.358851084393498887e+00	9.849688958548246109e-01
nan	1.348857494375081512e+00	-2.900270087908660699e-01	6.476514745986474697e-01
nan	1.589322464994905815e+00	-1.381147149177167410e+00	5.092872825994553265e-01
nan	7.078078427840356346e-01	-8.249667050396518597e-01	1.613749476127984694e-02
nan	9.937031198895817097e-01	1.803140636603984603e+00	-6.624782739271887211e-01
nan	4.419615350212295901e-01	7.082753754228745535e-01	-1.857045454355155112e-01
nan	6.371341034605704223e-01	1.008915916263199541e+00	3.932324190325603430e-03
nan	1.275800358192570538e+00	8.821301467305161514e-01	2.609721661768771295e-02
nan	9.065972546307519142e-01	2.012350576310592665e+00	8.341879191362908674e-01
nan	-2.913832102605919960e-01	-1.410908484188453160e+00	-3.676264888411000520e-01
nan	-7.554098216424224299e-01	4.143865414219228827e-01	-2.791658666887078533e-01
nan	5.993554737024784362e-01	-6.733427491498253370e-02	9.026411589038046968e-02
nan	8.227258119641567280e-01	3.739581543714696199e-01	-8.086139558914462455e-02
nan	2.339769694090555463e-01	-1.342404435521980521e-01	1.271769928622511481e+00
nan	-6.003125053325162330e-01	-1.415082147949788538e-01	-4.513198488966028710e-01
nan	-8.749323812652282095e-02	-1.278566108372390708e+00	-4.810946144243737899e-01
nan	-6.777251710312642841e-02	3.821214310493983302e-01	3.790020192701473167e-01
nan	7.906189316106942977e-01	-5.226430234595985658e-01	-1.723586048139171822e+00
nan	1.668462410947863239e-01	1.330596344464701986e+00	-2.114997323656606643e+00
nan	7.995467107294070841e-01	-5.072623675319758441e-01	-8.091277852634888301e-01
nan	-8.260380147824345487e-01	6.646495768361212475e-01	-1.832952237361280545e+00
nan	-1.785724112039109412e+00	1.302790021991804714e+00	-6.161914098105011339e-01
nan	-1.541760639890493501e+00	-3.504921957344647732e-01	-4.449770858802463147e-01
nan	-8.308393011155303931e-01	-1.443709745114904575e+00	2.984399505834753330e-02
nan	-8.224298919727035528e-01	-8.558046651790388593e-01	-8.860839807970682935e-02
nan	-2.091745368426219720e+00	-1.482047608623765722e+00	-8.598753951594142464e-01
nan	-1.168805634007170191e+00	-8.824987458667923335e-01	-8.980394507660073300e-01
nan	-7.412002990356469923e-02	-1.458979141687751113e+00	-6.178913122311648909e-01
nan	-8.592005808945581968e-01	-1.113004362974399974e+00	-1.657964473166567032e+00
nan	2.249425534399482896e-01	-2.287621720513345336e-01	-2.593414536489144773e+00
nan	-3.319880229911089109e-01	-8.044894263975614912e-01	-2.144937442552855345e+00
nan	5.435655304008790711e-01	2.733211176542706400e-01	-1.864619903235449794e+00
nan	3.244475766864324484e+00	3.375103862105781616e-01	5.890351914893360297e-02
nan	1.213914132286395109e+00	1.583999554867304038e+00	2.247674606326218072e+00
nan	2.968266315787168708e+00	1.438755013736262800e+00	-1.040927732000644923e-01
nan	2.307460107329612597e+00	3.052999198118400592e+00	5.924541020742769559e-01
nan	2.982766458645673691e-01	1.593146787303171052e+00	1.654381181355152997e+00
nan	4.385875579621857367e-01	7.822277817400908884e-01	1.732731769616424611e-02
nan	2.620296264301952505e+00	2.020119865799366310e-01	-2.773743380518596702e+00
nan	1.361272197712055210e+00	-2.386084307930654846e-01	-1.397043013619289065e+00
nan	-8.977109506283833529e-01	-6.453408620538136908e-01	-1.243262201101074105e+00
nan	-1.297712138318627861e+00	-3.472510335415844307e-01	-6.829552154773370631e-01
nan	5.171135191046758450e-01	-1.314147534463933287e+00	-1.729074541716493219e+00
nan	7.954288559640639855e-01	8.876742411783042352e-02	-1.626261541159991886e+00
nan	6.711060562493931236e-01	1.392195074776024111e+00	-1.440087997712584666e-01
nan	7.299706812238914155e-01	2.059973769946529032e+00	1.387773674699228854e+00
