nan	3.932712809049131453e-01	-2.058133901286461342e-01	1.185007063530642002e+00
nan	-1.889916057710657460e-01	2.301845973569338899e-01	4.558873626229431042e-01
nan	1.903208077534771281e+00	1.686943947593840143e+00	1.213904635758874750e+00
nan	9.587632877803533571e-01	1.158046982825852611e+00	3.153383457776553378e+00
nan	9.366253672759801141e-01	1.890628297194104634e-01	2.452769432135588179e+00
nan	5.642079050367216908e-01	1.130863693340968146e+00	-3.505405217347721258e-01
nan	-1.428747223892577356e+00	3.787634556153217646e-01	4.412289344552256520e-01
nan	5.751809695988041593e-01	-9.524943177927294724e-02	-9.641272572148205100e-01
nan	-3.546211220826547827e-02	7.832044363928855057e-01	-1.995003495077007916e-02
nan	1.191865188864804637e+00	-2.181134148727769118e-01	2.507562155961766126e-01
nan	-3.216269113685152337e-01	1.129737097824622616e+00	-2.031716539001690691e+00
nan	1.097778171916435896e+00	5.931070153678271728e-01	3.267005984436250898e-01
nan	8.100899316654546212e-01	-4.010547972000352290e-01	1.856744248145172638e-01
nan	3.746027001756361829e-01	-2.258992851068446939e+00	-5.864661818692756823e-01
nan	-1.567260545968418017e-01	2.210723924418812603e-01	-1.936097655380225380e+00
nan	2.111055739592651914e+00	4.397280951366818180e-01	-2.888776812637684488e-01
nan	1.204310083591819902e+00	1.673689124778580339e+00	4.625092649987727622e-01
nan	2.408992914214529879e+00	1.568219866587184264e+00	1.661467832413867862e+00
nan	1.887942860574427506e+00	1.363455674744773249e+00	9.233944530303078713e-01
nan	6.795703735083431507e-01	1.500452092826984440e+00	1.748335102753288517e+00
nan	1.619317078044181013e+00	-4.921085255392056990e-01	7.724850945424893700e-01
nan	-1.378274166962128788e+00	1.896641736343195106e+00	-1.085506078301240684e+00
nan	1.382365859533241537e+00	2.390505828013992140e+00	2.273623739163379120e+00
nan	2.893676340517161272e+00	2.411306409825664243e+00	3.681003354355109281e+00
nan	1.002421038468663372e+00	4.146699570632168541e-01	1.573871521474254687e+00
nan	1.925013183371332870e+00	1.050655177306939025e+00	6.512928040289778231e-01
nan	-6.269744672099821781e-01	5.674478408618555125e-02	-7.387003936824224626e-01
nan	-5.336749713743198231e-02	-1.881860653877794332e-01	2.903692763112050157e-01
nan	3.819690655225863596e-01	-8.569993933896988825e-01	1.696467257053084099e+00
nan	-6.466921259935385358e-01	-8.935803338668277807e-01	8.818322115759458235e-01
nan	2.028529055217024979e+00	2.104275736727074242e-01	3.698870871360031010e-01
nan	1.073263554308599321e+00	3.329287992174661537e-01	2.185549784863372924e+00
nan	2.738100259984709517e+00	9.975405039300953014e-01	4.928256819779599507e-01
nan	1.606104213805321645e+00	1.065589292525271237e+00	6.008549890127020676e-01
nan	-1.617089063272181271e-01	1.614703507619102307e+00	-1.700347419857496822e+00
nan	-1.351558655712320256e+00	1.317505497952449645e+00	-1.945227267926216697e-01
nan	1.305069555645551160e+00	1.592123763674997194e+00	3.452133878389841426e-01
nan	1.784343317821774910e+00	4.950612161469855055e-01	1.598411766373552201e+00
nan	5.678972734864546901e-01	-4.275523922086591488e-01	8.241662263345610473e-01
nan	-9.764946486722161367e-01	-5.282538881346868775e-01	1.604208338930591671e-01
nan	-2.190621489131333810e+00	-1.417783204013400633e+00	9.841507497176644748e-01
nan	-2.932462511598200594e-01	-3.716659034216412305e+00	8.587248622074965532e-01
nan	-2.060600905255600690e+00	-3.950238563958885507e-01	-1.823932038316662396e+00
nan	-1.718428871466887164e-01	1.489112319354665592e+00	-1.049753217184236087e-01
nan	-5.875564446292552701e-02	5.176446461427233192e-01	-3.354108693337876090e-02
nan	9.875457080352951778e-01	-8.045308154575770976e-01	-1.834164704160554105e-02
nan	-2.869639813215278945e-01	-7.128422100471477618e-01	2.065759234573839309e-01
nan	1.854098685680449776e-01	9.487672737039121174e-02	1.255172624241518431e+00
nan	4.687024529535299133e-01	-9.517199512220761992e-01	-2.192765996528230232e+00
nan	-8.446332035398216309e-01	3.595908763614047987e-01	-2.812457993092842834e+00
nan	-6.382921587417410558e-01	9.670942190354150370e-01	-1.677610763696806284e+00
nan	1.848936134878426341e+00	-1.733520908276379391e+00	-6.535506013289964500e-01
nan	1.306831325919213693e+00	1.303834108371724421e+00	1.903690388151468849e-02
nan	7.957111144646807910e-01	3.608831447951221238e-01	1.051275494759332130e+00
nan	2.223485263739690243e+00	-8.061624720736155769e-01	-7.567111530597794289e-01
nan	1.123184383127472152e+00	1.007693134547400060e+00	3.159228673369277041e-01
nan	9.160127448940248440e-01	1.815474416623171550e+00	-1.706993953151540344e+00
nan	9.100095942040781205e-01	1.026376948112994292e+00	-4.680029054845977754e-01
nan	1.635190120443785755e+00	-2.575311559313782084e-01	8.019056346554590542e-01
nan	8.813387729740815857e-01	-2.507948950478487982e-01	2.446521192178530590e+00
nan	-1.010178753785228312e-01	1.623971069894500019e+00	1.415641321440020306e+00
nan	-3.174012018699783888e-01	-4.615388793513152677e-01	1.016913554728394287e+00
nan	8.705707386692508321e-01	-1.042750871649165578e+00	1.537773879835193869e+00
nan	1.011726525273719091e+00	-2.349879537257099749e+00	7.940049529667006500e-02
nan	-2.766455187522502968e+00	-6.013553183996507290e-01	-1.015128066216489877e+00
nan	-6.379425193365269031e-01	1.199649946829703051e+00	1.969642639309777676e-01
nan	-5.269162805120296555e-01	5.134230659462694080e-01	3.911257318976197883e-01
nan	-1.343494517019750534e+00	-1.921825468777092150e+00	5.392610035555693848e-01
nan	-7.684256092649196512e-01	-3.073996606537952925e+00	-1.106464844412435866e+00
nan	-1.700453390306730928e+00	-1.334963332526095225e+00	-2.421334947993098119e+00
nan	-7.591971678499165321e-02	-8.403671744562560830e-01	-1.473494651871593231e+00
nan	-7.344414275865611685e-01	-8.422377435490094877e-01	2.744707541446401722e-01
nan	-4.109655212992307516e-01	5.165271001987258304e-01	-3.600898729578397295e-01
nan	-6.126450554349452959e-01	3.345233037665245046e-01	4.241232228226446410e-01
nan	-8.949378316191819449e-01	-1.093611763812955273e-01	4.957006739952951602e-02
nan	3.354033339339980713e-01	1.090319863969603675e+00	2.507811392845055165e-01
nan	-9.940902027710070143e-01	-2.490924586219341319e-01	6.737741064846836103e-02
nan	-7.818507321070627958e-02	1.164336733989155270e+00	1.260376720996670419e-01
nan	-2.053740910495996719e+00	1.558553115768035902e+00	-7.241236245443771757e-02
nan	4.046214657598026787e-02	-1.292721404189030032e+00	-7.550348449022034059e-01
nan	5.024136839185127101e-01	3.025570242866930659e-01	-1.286373006084290171e+00
nan	-1.879985274777996151e+00	-7.207324353686284102e-01	-3.130635232116811828e-01
nan	-5.567995233279583456e-01	-9.190948950627977343e-01	6.943219590839488919e-01
nan	-9.438398268202365937e-01	-2.115475989387380018e+00	2.254086095135550583e+00
nan	-1.543478258278742743e+00	-1.459514582266708160e+00	3.398286716773956523e-02
nan	-1.504790309441456309e+00	-1.406023403866896837e+00	-1.095395393216140434e+00
nan	6.575102297719149780e-01	1.303078224498966931e-01	-1.578775282021616544e+00
nan	-4.683854107055091531e-01	-8.758118982955409582e-01	1.345638688136819638e+00
nan	-2.902626910948108430e-01	2.248525584622452222e-01	2.948235865428174007e-02
nan	4.341258865781040255e-01	6.228462005047173677e-02	-2.586988819474151380e-01
nan	1.310422807108422294e-01	5.578257301623795739e-01	1.788227549219767454e+00
nan	-4.190915991202869284e-01	-1.972394583740729734e+00	1.452008149157985706e+00
nan	-3.430092441846754880e-01	-2.156877097881090055e+00	-8.152447296972319402e-01
nan	-3.149595354197155306e+00	-1.222414756016587445e+00	-2.774997047071054102e+00
nan	-1.130367018747373775e+00	-2.443467390647533488e+00	-9.175134096114622162e-01
nan	-7.599428720912098090e-01	-1.803847826062747961e+00	-1.305976784571332372e+00
nan	2.514784395647680082e-01	-2.120782918083721214e+00	-1.077256609463611570e-01
nan	-7.874657641517873730e-01	2.231892564927336897e-01	-8.106263465966546677e-01
nan	8.295948576002492025e-01	-1.096676701830545220e+00	-9.805861565187867779e-01
nan	4.018929455470977574e-01	1.227312856626571413e+00	-5.991911712291499992e-01
nan	1.214468497580966533e+00	9.868685004843443798e-01	-2.073938003651520923e+00
nan	-5.547556831129574206e-02	8.432558627868997903e-01	1.143530885371311756e+00
nan	1.723987707059584151e+00	1.892166064566375150e-01	-4.473327109793294731e-01
nan	8.366539061777114039e-01	5.608444575930929821e-01	-8.908811604382724791e-01
nan	9.150183317691216178e-01	3.590866459969988544e-01	-2.053133971490626319e-01
nan	-6.407550225457083748e-01	3.255283239883013380e-01	6.846911595057147970e-01
nan	3.742584014245778357e-01	5.310146613236610413e-01	6.030726960193948383e-01
nan	-4.288254370247473468e-01	-3.576805063395543383e-01	6.110354289584616350e-01
nan	-1.409760413068545493e+00	-8.412961923117889818e-01	-3.081720110092618647e-02
nan	1.104420614857216654e-01	2.286027034307655192e+00	9.722829512510582362e-01
nan	2.057103215631884474e+00	-1.606148187918349013e+00	-6.808097168308140379e-01
nan	7.912484635082512874e-01	1.053247419951519465e-01	-1.034936011712512594e+00
nan	3.878889380542061005e-01	1.172970021154628784e+00	7.445047883878566086e-01
nan	1.154150136868087539e+00	3.327302595389333706e-01	5.132552586358911650e-01
nan	6.001113990792539266e-01	4.322421995927290816e-01	-2.674184332393551577e-01
nan	1.921953159676777378e+00	-2.167255422016844957e-02	5.204779471265619240e-01
nan	-1.181301413165178449e+00	1.219076660031112258e+00	-1.185975711786639297e-01
nan	-5.504011361425871218e-01	6.299314377847721191e-01	-8.517774922144587535e-01
nan	-5.738472809380428669e-03	2.815886657826065953e+00	8.804616422081784632e-01
nan	3.249337094402895421e-01	2.118558487551562841e+00	1.792590350346354500e+00
nan	1.024350398424810349e-01	2.431036103990482644e-01	1.096196068063151285e+00
nan	-6.210781503396599623e-01	-1.035151262893569513e+00	7.975409878220190985e-02
nan	-1.703183788742641314e+00	3.767030214502174457e-01	-1.070885844089447980e+00
nan	-9.104320553752542899e-03	1.054525681639202794e+00	1.480766889209273796e+00
nan	1.015026079332423725e+00	9.116583235215121039e-01	2.354498571819285679e+00
nan	2.451102830131252741e+00	1.425993567190710909e+00	3.930331190651180640e-01
nan	2.487491875068021052e+00	2.253383407430785024e+00	3.920444072875162167e-02
nan	2.811738389563165352e+00	8.224389435253649516e-01	1.381271065933060482e+00
nan	7.638131427820658015e-01	1.246503347616728874e+00	2.641560720992992550e-01
nan	1.092852321277567818e+00	9.556601350829398989e-01	2.980748106389452534e-01
nan	3.229087171151364677e-01	1.091930933563961537e+00	3.153450394061971807e-01
nan	1.932471506615302204e+00	1.675709400612234834e+00	4.556742332542546015e-02
nan	1.663553130109341582e+00	2.029078657421468090e+00	2.681490847389359278e+00
nan	-5.822251198140941941e-01	-4.495507131009879309e-02	1.510311158790859087e+00
nan	-3.663149642009211338e-01	-3.457793383794022235e-01	4.222717940192145525e-01
nan	-3.019194022466014093e-01	1.302273872352823991e+00	-3.470360600751268843e-01
nan	9.607469699002328944e-01	-1.599200202947656413e+00	7.777166759420115483e-01
nan	4.324696037474121679e-01	1.031585891601199290e+00	1.202384502331546035e+00
nan	6.193925025664950290e-01	1.058433525328502878e+00	1.528638960739387986e+00
nan	3.094335775812305789e-01	1.069935461932007836e+00	1.652823272125822474e+00
nan	1.278694332407124268e-01	1.364246266584785428e+00	1.722005133936392429e+00
nan	-2.150137984192892482e-01	-2.303976147191032275e+00	2.267846394764596596e+00
nan	5.575085992754558184e-02	4.588284645864970646e-02	1.539944713612286797e-01
nan	-3.175649296829621271e-01	4.014208345973337422e-01	-2.148548351926524158e-01
nan	5.482715355728403628e-01	7.607237468525684942e-01	-2.510715650445146108e-01
nan	1.594069097872569118e-01	1.200326628096019865e+00	1.713987862665583783e+00
nan	-2.434074199079827583e-01	1.822615655429131287e+00	1.398426792258566254e+00
nan	9.771812671215283075e-01	-9.355372497682994393e-01	1.075491444854851153e+00
nan	8.560581382061835942e-01	1.881837141843898109e-01	-6.325792022526625091e-01
nan	-8.815165782513245674e-01	2.338520732143721803e-01	1.680005006189692507e+00
nan	4.405997058483380746e-01	1.016871758309066731e+00	9.025860444458602139e-01
nan	2.146807395382700712e+00	-6.162422303142962576e-01	-1.581344247475618303e+00
nan	3.120405978286991289e+00	3.042447248242127755e-01	4.155690036865702375e-01
nan	1.094710832902827224e+00	1.233272941497306263e+00	-5.102541850205596918e-02
nan	3.374978102514203382e-02	-1.583686716627901614e+00	-8.733240383464667689e-01
nan	-1.157271638408705616e+00	3.759598597228963057e-01	-1.212926156863159521e+00
nan	-1.172003086751869788e-01	-1.042792227028048524e+00	9.765085390555039435e-01
nan	6.117093280399641397e-01	-4.863606313758751520e-01	1.844955135374740929e-01
nan	-5.186428368753762674e-01	-1.044605321421104183e+00	-1.339203189264406735e+00
nan	3.139763663090975321e-01	5.509433745222804824e-01	-3.809045708749678738e-01
nan	-5.123432345906956398e-01	-8.040955660007580441e-01	9.654399745496192731e-01
nan	-6.603899766631267099e-01	-1.306994119929961062e+00	5.423359746552378624e-01
nan	-4.279396139657509757e-01	-3.597039972720091905e-01	-4.366180638470382736e-01
nan	1.657796468246488963e+00	1.006075812497178923e+00	1.021197470485550651e+00
nan	1.177178040378003221e+00	4.751048154699594739e-01	7.224771555625243424e-01
nan	2.272005300995457944e+00	6.904293683154461014e-01	1.436675169494284310e+00
nan	-3.430157590226793340e-01	4.866765485621742937e-01	1.715229944444473520e-01
nan	4.002691173342445841e-01	3.474686754595911475e-01	-1.908759981707571773e-01
nan	-1.053943053072624814e+00	2.192147501608210369e-01	-3.926131641052491572e-01
nan	-1.900935680870443067e-01	-1.838799947209869723e+00	5.613821781402944522e-01
nan	-2.029762683259625167e+00	-1.401472890585226949e+00	-1.508830850037014004e+00
nan	-4.240057023347691967e-01	1.851678998922301478e-01	-1.561804163053774674e+00
nan	8.034522880113488252e-01	1.624295913439647077e+00	-5.754638849666274814e-01
nan	1.335819174309557988e+00	2.025975957788224147e-01	6.698967870666141522e-01
nan	1.174552409533398567e+00	4.078578478943307162e-01	3.015183778542694371e-01
nan	1.233434869669598033e+00	2.110744727782677188e+00	5.687314251571548018e-01
nan	2.542227210691764938e+00	1.360778447391876700e+00	5.673840502005995656e-01
nan	9.474271658409927355e-01	7.545576763528043518e-01	6.725255982598423721e-01
nan	1.757771308536003607e+00	-1.254923609419298369e-01	9.659523370185818525e-02
nan	9.153274947165150888e-01	1.162349374536465696e+00	7.524533828401624991e-01
nan	-2.932821862796943790e-01	1.226543464530159611e+00	1.144514362628340276e+00
nan	9.206656700832940299e-01	5.012835210692569987e-01	-2.329010448960244783e-02
nan	-8.455095120692373012e-01	-4.438175813358666844e-01	-3.898448293540162646e-01
nan	-1.344593190745883016e+00	-5.838071100784196776e-01	1.169513909691426656e+00
nan	5.007179357151422261e-01	2.934375803237512237e-01	-7.116023818377160692e-01
nan	6.188387155027513797e-01	1.062814777727573379e+00	3.481663003511799026e-01
nan	2.854404206172256875e-01	5.827697406838689975e-01	-6.393560442247414599e-01
nan	-3.520284225036206527e-01	4.847786958038087235e-01	6.432635190130034930e-01
nan	3.955624309065691735e-01	-4.115822112908909536e-01	-6.252361151448164733e-01
nan	6.946302036834911542e-01	2.465876410236747807e-01	1.041444577159159612e-01
nan	-1.174893622715454056e+00	1.180498742865513151e+00	7.091746938946930090e-01
nan	9.761470940876345592e-01	-3.273546315158937237e-01	6.629648830250675084e-01
nan	1.903742675318461419e+00	-1.152440698666448160e+00	8.771336699530860592e-01
nan	-1.115233632874991887e+00	-1.179881082055425079e+00	-1.502830515558779778e+00
nan	-2.115771975716903008e-01	8.006737962525065644e-01	-7.854986066517948284e-01
nan	-9.166788628026805164e-01	-1.499499842477644451e+00	1.152837537787084088e+00
nan	-7.800612430364096683e-01	-1.318980639724848469e+00	3.787299774115667206e-01
nan	7.678692122679466880e-01	2.124929982089197811e+00	-4.585988103612742561e-01
nan	8.789158375821992664e-01	-3.094288949529082622e-01	1.602272859350338141e+00
nan	2.696949265354981473e-01	-5.872793170002015284e-01	-6.825783988190508023e-01
nan	-1.265883715454009018e+00	-1.295370888886909100e+00	-1.193258634331344048e+00
nan	-7.285000593058662544e-01	-2.876080495647204138e-02	-1.083649399018602244e+00
nan	-1.182834700490449503e-01	-7.172949750340350539e-01	-8.586338693549873113e-01
nan	-1.354290120545325271e+00	-5.259458342358196425e-01	9.958436958552380203e-02
nan	7.671349623207506241e-01	-4.968036823082629949e-01	8.403367423572251083e-01
nan	-4.986854973225647303e-01	4.224162553244786844e-02	1.070958699446411810e-01
nan	2.449079155503435246e+00	-2.906421936118555593e-01	5.191508249637595274e-01
nan	-1.197456337122001502e-01	1.376152560295573757e+00	-1.432738950786848764e-01
nan	1.074068041872656476e+00	-1.253133940091823550e+00	-7.996263231536994143e-01
nan	-1.083435406519321242e+00	-7.066287574284195738e-01	-1.815420964665872106e+00
nan	-1.568698815664286483e+00	-9.314663093365693758e-01	-1.848447720899902613e+00
nan	7.901113640847214903e-01	-1.118609195724681982e+00	-2.740436817292753346e+00
nan	-5.830934883809796299e-01	7.349437585385425464e-01	1.178541471738772106e-01
nan	3.197878139654468099e-01	-7.436584165217233755e-01	7.638939507303571519e-01
nan	-7.992089295978943575e-04	-1.839838146234476224e-01	-5.730042129073067425e-01
nan	1.189357604583724415e+00	-1.684202603243200036e+00	4.190229230054949294e-01
nan	-1.284630751136015270e-01	-1.716235822402596201e+00	-9.463972762485890478e-01
nan	-1.561416643733405940e-01	-1.328779302950302554e+00	-1.271557580736071724e+00
nan	-2.385012496860326792e+00	-1.577182461169760019e+00	-3.790869393345045468e-01
nan	-1.605923662789233042e+00	-7.328209940858025906e-01	-2.177073953581535548e+00
nan	6.007362687734618678e-02	-1.679371924581412712e+00	-3.521617757064181564e-01
nan	-1.548173785278882608e+00	3.231556438626542738e-02	-1.118501168885233543e+00
nan	3.223157716471565237e-01	-8.324068901493231198e-02	-3.039646991432207734e-01
nan	8.409275234937066967e-01	1.299298695223919387e-01	-1.138209986473037505e+00
nan	7.351047274736250969e-01	-1.160401596926351253e+00	-2.578420896724488820e+00
nan	1.899028488504622691e+00	9.304144894804280419e-01	-1.943916837798859376e+00
nan	-7.355618195429519668e-01	2.954140736268232592e-01	-2.656318037084449024e+00
nan	1.546623262969404777e+00	-7.529826364024128083e-02	-1.255994358627638752e+00
nan	1.697314557599070683e+00	6.716445897974334667e-01	2.428709183765797031e-01
nan	5.075306725379680195e-01	-1.839624751442422212e+00	5.275779588111522145e-01
nan	-6.491825978212021342e-01	-1.925608248939108202e+00	-9.048564934043755725e-01
nan	-2.056944608161940247e-01	-1.656993963414606919e-01	-1.601575480183602185e+00
nan	-2.812101946479783621e-01	1.314968127383436602e+00	6.917196514694933240e-01
nan	1.224068208949561809e+00	2.123676239572331426e+00	1.192544642651496289e+00
nan	-5.673856249439130917e-01	1.717854279651880756e+00	1.913416418149729292e+00
nan	-7.295704245955436651e-02	-2.193478123971066562e+00	2.155030817327133086e+00
nan	8.639809846362452861e-01	-1.762263929791130224e+00	-8.073687882470538257e-01
nan	2.702725263610984419e-01	3.025417731862456439e-01	-3.895294957713029693e-01
nan	3.794421273903723080e-01	-1.132743789059575124e-01	-1.396132028417532145e-01
nan	8.462503362948579910e-02	-2.207339695478533592e+00	-6.343215472699479385e-01
nan	5.960683066815841702e-01	-9.707115355609796659e-01	-1.089188230734920104e+00
nan	-2.250386077005462615e-01	1.437078277581249841e+00	-1.211196486267546835e+00
nan	2.548233408977444103e+00	2.080763858437610470e+00	5.195876583167743368e-01
nan	1.827644149843251853e+00	1.066621552417570395e+00	9.632101022139215596e-01
nan	2.311682897872461062e+00	-6.362206474636030729e-01	1.079779367864392547e+00
nan	1.197167996689862512e+00	1.461211297088578775e-01	2.634640190469726972e-01
nan	1.991773659776457928e+00	1.170936488107671147e-02	-3.163197632012549887e-01
nan	8.963946229034807089e-01	-6.229525862496876343e-02	4.109275853179431559e-01
nan	-3.878487691406428128e-01	7.374564805288591485e-01	-2.284102805056995034e-01
nan	1.006145239935927860e+00	-7.535607678063752646e-01	8.747942724414496662e-02
nan	1.384471705335590386e+00	2.833690570059818059e-01	-1.144708512159638980e+00
nan	-1.247169688833866807e+00	-5.099752304520578372e-01	9.027834804227479193e-01
nan	-2.069676322340268548e+00	4.135249743064676187e-01	1.130972894996495004e+00
nan	3.448822327083111983e-02	-3.756695426427197337e-01	2.176951472634705897e+00
nan	7.802491716140509403e-01	-6.329867274207292560e-01	8.986954415196866108e-01
nan	-6.619196831510215651e-02	-8.221982821736241176e-01	-1.445799338758358088e+00
nan	9.670618905353628447e-02	-1.613554091146261360e+00	-2.340371116827479447e+00
nan	1.157382295087510116e+00	1.826865512544045833e-02	5.606307741662690525e-01
nan	1.305808010322045520e+00	2.042247544543918547e+00	6.867078766800434053e-01
nan	4.558090850572542596e-01	1.466181069444347340e+00	6.088315232396446230e-01
nan	3.682783346914469957e-01	3.724892986496193270e-01	1.886918472439017336e+00
nan	1.009761917675631171e+00	2.219503046367265142e+00	-3.978573738711912444e-01
nan	2.068116279766711418e+00	2.525843699462181124e+00	6.273053767606813214e-01
nan	-1.259526205125793830e-01	1.523604343438250019e+00	1.852224999595617483e+00
nan	-9.668560203465687009e-01	6.413007512066094540e-01	-6.847030665551299133e-01
nan	1.232757486917327894e+00	2.434932938773569422e+00	-4.129832972673891933e-01
nan	9.515310853483869291e-01	2.221467308443414890e+00	1.077792424372933766e+00
nan	8.152234062233671974e-01	-9.756917348886524621e-01	8.853980000679326778e-01
nan	2.184584674208414512e+00	-9.807707649215706702e-01	9.910128899206580577e-01
nan	6.160364910033555574e-01	5.322272284904147055e-01	1.602365423723363991e+00
nan	1.020252352421758602e+00	-3.932944108306775099e-01	1.333828878135074225e+00
nan	1.378672730848102157e+00	1.931346820422486510e-01	1.764813344261261019e+00
nan	3.822656753970606891e-01	-7.861397562618011037e-02	1.528340443145879579e+00
nan	2.209828832121899289e+00	1.309772029424616901e+00	1.851887936917664679e-01
nan	-1.831741163965010522e-01	6.445765588602271334e-01	-7.581161268870759695e-01
nan	1.573381783363988262e+00	-1.257190514680605942e+00	1.215662123033664388e+00
nan	2.672116294618673393e+00	-3.314761890472661676e-01	5.448161526114286834e-01
nan	1.118383943139366510e+00	-6.889375600779469311e-01	-1.355400845321215852e+00
nan	-1.444558283521271136e+00	9.435436683465040497e-01	4.774391627756335854e-01
nan	5.576734919568030469e-01	-1.166027638721279569e+00	8.933034947488951438e-01
nan	3.548576869139055678e-01	-1.410509486797889567e+00	-6.209330230302155806e-01
nan	9.803139212007605519e-01	1.051054642149160001e+00	-1.452950775748269141e+00
nan	1.060122945258973104e+00	7.102147175104868149e-01	-7.704734349178842256e-01
nan	-1.118226037123262628e+00	8.103609355502344735e-02	-9.421232199321293299e-01
nan	7.776072447810524757e-01	-1.064869887152339434e+00	-1.302050351308613685e+00
nan	-7.334344337769813649e-01	-5.139069804458928914e-01	-1.372038431481908738e+00
nan	-6.965980147215831142e-01	-1.913662688272107282e+00	-1.000040719799808908e+00
nan	-1.278481962869451039e-01	-4.951001157638143524e-01	-1.873504822091499378e+00
nan	2.015703292281679548e+00	-9.094210756117447891e-01	-6.196051414629218934e-01
nan	4.857904405638198697e-01	1.589618250717023562e+00	-8.602101260777077485e-01
nan	1.599861633742478917e+00	1.240218647835390486e+00	-1.004797114676966530e+00
nan	6.220308671117269483e-02	7.727329647943446123e-01	1.979265160261309831e-01
nan	9.297325905010482838e-01	1.149053627787113507e+00	-6.102175177880125867e-02
nan	1.564410686335295786e-01	1.843465124234045183e+00	-4.833300149145964841e-01
nan	-1.951524095122733060e+00	1.983661584284364565e+00	1.183718924904354708e+00
nan	1.320270036395248203e+00	-9.815132536065283020e-01	1.345284408574089596e+00
nan	1.615726207183157404e-02	-2.618027335266404076e-02	1.865872249949812600e-01
nan	-1.359304887175146748e+00	-4.613649851418291647e-01	-9.785868856318746811e-01
nan	-7.930043662711609986e-01	1.550246364054854720e-01	-2.284634788913276982e+00
nan	8.797925907159087622e-01	-2.556399111546586722e-02	5.715328569903920242e-01
nan	-3.593539815090914802e-01	-4.909670696206722695e-01	-1.206996719206565594e+00
nan	-1.571494507521072226e+00	-1.051584870645521974e+00	-1.628933689937547502e+00
nan	-9.082830793164218264e-01	-2.700996780747061621e+00	4.907850308971428710e-02
nan	3.569052173801039451e-01	7.900061474164290498e-01	7.273175453872244844e-01
nan	1.832661332293172296e-01	-6.272622078114953315e-01	1.366135930905263862e+00
nan	-7.746050637346733048e-01	4.528495543344309704e-01	6.842301159190344872e-01
nan	-1.262559056910675714e+00	-3.579137908081504449e-01	1.056311611532746442e-01
nan	-3.733334854152565718e-01	-5.079728020929861199e-01	2.645544550665346328e-01
nan	-1.686465773629327591e+00	-4.037208845882556130e-01	9.075599523813890901e-01
nan	-1.873731168961290328e+00	-6.482467817614948613e-01	1.913051055255160782e-01
nan	-3.500375145012284417e-01	4.857037578928561361e-01	-2.677338846571011288e+00
nan	-5.348488268410747093e-01	-3.184979732413522058e-01	1.775974083616017607e+00
nan	1.182344146451934419e+00	2.280145867534778548e-01	-3.836702621183368245e-01
nan	1.063761511212486521e+00	-1.163935563048341226e+00	5.159907845452850195e-01
nan	6.590975100286953214e-01	3.319503335185984838e-01	4.781881422152585159e-01
nan	8.311852292357218008e-01	1.121901669654103761e+00	8.859791359640885045e-01
nan	-6.057762847073967505e-01	1.108011346398317665e+00	7.860276003259989430e-01
nan	4.563246649657421994e-01	-4.108388283350602466e-01	-3.270183511148599953e-01
nan	1.056805273219352026e+00	8.321148074848497833e-01	6.824252664331840190e-01
nan	3.749919550356469733e-01	2.104488230134223592e+00	5.751303632466246984e-01
nan	-4.473826603694153192e-02	3.298907763871031795e-01	9.994828769761553433e-01
nan	-5.557270465065653475e-01	-2.707244719570316427e-01	1.352680764335592034e+00
nan	-2.583483839306025542e-01	-9.850049249517576211e-01	-3.406085971087178810e-01
nan	-4.636443034757165571e-01	-1.068752248387882631e+00	-1.008365559803446665e+00
nan	1.470450621426887983e+00	1.539298110253257135e-01	-3.655995388299984605e-01
nan	3.148995272725586325e+00	1.085272622610945037e+00	6.457399883663080820e-01
nan	1.216783295961193945e+00	9.459098714335961722e-01	1.392445638775466454e+00
nan	8.945160173000165083e-01	4.950468284582068001e-01	-7.809755691164428359e-01
nan	-3.844770128705736756e-01	7.152893347699714743e-01	-4.983815512850673368e-01
nan	8.892413397578710077e-01	8.388934963888944329e-01	-1.151259536542106193e-01
nan	9.947688255363726917e-01	1.041829109621744465e+00	2.516558842863095280e-02
nan	6.277944948887439480e-01	-1.090986227469905145e+00	6.107859789029945752e-02
nan	-4.600727044547671118e-01	-6.021685572823711752e-01	-5.745865105006044971e-01
nan	-1.122631722209901151e+00	7.370378594772185599e-01	-1.327414025280084342e+00
nan	-1.733845629983289949e-01	-2.013444293058813894e+00	-1.900269563794367289e-01
nan	-2.456823753125505050e+00	-5.238387862386413296e-01	-3.678405083079008819e-01
nan	-8.275830020979801915e-02	-8.272610669350366486e-02	6.671652882539678142e-01
nan	1.260245651164258573e+00	9.588597183038778393e-01	9.087347561480701996e-01
nan	2.281994481303825317e+00	3.082304609162949127e-01	7.515364088909661788e-01
nan	-4.265272136275610748e-01	1.509816819239632180e+00	-4.067390453482491730e-01
nan	1.731783642838308435e+00	1.032735884674416127e+00	5.234100630795865960e-01
nan	9.458138204203037080e-02	-7.728787329449730015e-01	-6.635024347672293654e-01
nan	-3.622070250501626676e-01	5.296740171495605276e-01	1.348762235563364387e+00
nan	4.335531108597086014e-01	7.248663425253691894e-01	2.955159768689506361e+00
nan	-2.261869741462700922e-01	2.026056371128037270e+00	1.210298259754201577e+00
nan	-1.133658602035969576e+00	1.176972089361041141e+00	-3.667840015109071761e-01
nan	9.694334452556382375e-01	-7.656678890806503102e-01	-4.342216002152727850e-01
nan	-1.218943095770144591e+00	1.381557729714814720e+00	-1.714921622142998592e+00
nan	5.011905348413349115e-01	-7.185040413270333826e-01	-3.339567613676784896e-01
nan	9.766483988691060381e-02	-1.960166606633105824e+00	7.483258074998715426e-01
nan	-5.937757670065774152e-02	-1.860673212898459328e-01	-1.215316676894546699e-01
nan	-8.993976307736907538e-02	5.414529335025684009e-01	-1.041209518920241939e+00
nan	-1.206963154975238206e+00	6.779943251174983532e-01	5.362604762524715296e-01
nan	5.104821584473887564e-01	9.117437523813559652e-01	6.903079996727848888e-01
nan	-8.869816729976699454e-01	2.048711960736776749e+00	4.673775069290359574e-01
nan	3.689829047355763225e-01	2.048668665254925747e-01	3.138812194762238938e+00
nan	-6.993250324442543686e-01	8.790853088468899568e-01	5.149595704863757506e-01
nan	-4.578850165810592898e-01	1.877730364469216151e-01	-1.119402519219953041e-01
nan	-5.366080407510758210e-01	-1.244918559414628589e+00	1.209858917547217694e-01
nan	-1.376941876669022236e+00	-3.030600238057260531e-01	3.022060215611156453e-01
nan	-9.101261634966761882e-01	-2.526077837230196632e+00	-5.286869616943724592e-01
nan	-1.734384340138926284e+00	-7.384323918715218760e-01	-1.855949890741680264e+00
nan	-7.751344480539337223e-01	-1.195611426058422966e+00	-1.246640485369393980e+00
nan	-1.312259520477107699e+00	1.121115210842292598e+00	-1.070130305086668399e+00
nan	2.075214294141101978e-01	3.698420696620716708e-01	-1.888479974924775484e-01
nan	-2.503173879055750062e-01	1.447245254155709038e+00	-2.646458078225966681e-01
nan	4.507734668330863337e-01	2.925542040828663648e-01	-5.574146239843390527e-01
nan	7.806386347291607297e-01	-4.107758380583732549e-01	1.584612886434966783e-01
nan	1.417454602816422549e-01	-4.380078989588996885e-01	-1.028731283111174122e+00
nan	-1.109800560534478286e+00	1.908754661031008437e+00	2.861187730856837863e-01
nan	4.668872167648813187e-01	4.192948945800029081e-01	1.188094636055873732e+00
nan	-1.040445490651686344e-01	4.051185152888124863e-01	-1.255859872182704340e+00
nan	6.401625982465314335e-01	6.761669790130925284e-01	-6.514056748610559389e-01
nan	4.415704700433882302e-01	3.312339234810376398e-01	1.050509920119565149e-01
nan	1.058936619368075371e+00	1.415198114086759995e+00	7.976544840238337652e-01
nan	7.188984094737826958e-01	5.734716807684661077e-01	1.853138710005885370e+00
nan	3.252601620171756691e-01	9.045167392459565470e-01	1.214004624756706896e+00
nan	1.031483141007478066e+00	1.097506029550507911e-01	2.701700623311980021e-01
nan	-4.214918733267123963e-01	5.099566106799195975e-01	-7.113187839766901832e-02
nan	-5.344758427455463812e-01	-1.039523882696116314e-01	9.710024278459343794e-01
nan	-4.020033579297538351e-01	-5.524088011896972628e-01	-4.217740102675356373e-01
nan	-1.754840893868255813e-01	-1.098511776929304462e+00	1.500174497123646367e-01
nan	-1.428768975721716128e+00	3.650475186861986687e-01	-1.633086274830382045e-01
nan	-1.450289719996758375e+00	6.948419378493608800e-01	-3.419781417618757979e-01
nan	-4.554637297284300224e-02	-5.834928407978117182e-01	5.810962827486506610e-01
nan	5.869546758118143748e-01	9.755325887111392369e-01	1.224612067189859710e+00
nan	-1.256249236901773925e+00	1.362735408144009064e+00	1.206269712821704365e+00
nan	5.863912269151768664e-01	-1.878960023599778872e-01	2.962445010780227150e+00
nan	-1.503933261351948714e+00	4.885813827239894325e-01	-6.472760906255261570e-01
nan	-2.170921124229036714e+00	-1.950999414853899772e-01	8.853645860931569356e-02
nan	-9.490918821521242554e-01	-8.466538978929193382e-01	-1.299772663332852130e+00
nan	3.395582845713321918e-01	-1.214285055532579261e+00	-1.276792860673003016e+00
nan	-7.269916181930311527e-01	-2.376224920127857576e+00	-2.681568918767139320e-01
nan	-2.280080099749475231e-01	-2.079179318891427375e+00	-1.037172620877918838e+00
nan	-1.070833708564734588e+00	-1.227641248229891069e+00	-2.034628121289140168e+00
nan	1.467894757319552657e+00	-9.847265324278458021e-01	-1.454163329800324478e+00
nan	7.808871159864467781e-01	1.870739922222695473e+00	-4.478310273502704164e-01
nan	1.273226653089946758e+00	-6.923490931696477668e-01	-6.711274800273316909e-01
nan	-5.885545556081344110e-01	-1.234355904839345319e+00	-2.831694492618213044e-01
nan	-6.652934400659527014e-01	1.434134645146342812e+00	-3.749984016891581007e-01
nan	3.079463071433721777e-02	1.660321501874671979e+00	-1.094408088053119288e+00
nan	-4.122448251329098312e-01	-1.972816272351403111e-01	3.969131189279411220e-01
nan	-1.372200155640396657e+00	-3.973156844528190068e-01	-4.420295478121942512e-03
nan	-1.483521750830260721e+00	-1.206385693013820593e-01	8.319343558153942109e-01
nan	1.705138544107974941e+00	-1.712710222849648467e+00	1.711340606876497583e+00
nan	2.194759270986841315e+00	5.762743668420270415e-01	1.037191853818635101e+00
nan	-1.038581149523711833e-01	1.648765074660335728e+00	7.701865327690942120e-01
nan	6.452605676306689686e-01	-1.007700741298242608e+00	1.302687140059355375e-01
nan	-4.844702188356641015e-01	1.861680822173136018e+00	-1.181706392236777647e+00
nan	2.022610341047100135e+00	-1.232920296843819319e+00	7.911317695650831316e-01
nan	4.837769963324218825e-01	1.449605671400018947e+00	1.051916176222870591e+00
nan	-7.981793055374725165e-01	9.509515568570858779e-01	-8.790073920900520754e-02
nan	2.016790764185070195e-01	1.363572619891979976e+00	-1.288881635658849056e+00
nan	6.536858518632984172e-01	9.080235731216397266e-01	-1.627145885783085832e+00
nan	5.345951882515104225e-02	1.897604267559761748e+00	6.279487599356998739e-01
nan	1.555493889988853184e-01	-1.899783762218809624e-01	1.455417715895508390e+00
nan	-9.811184525955527480e-01	1.336192121674945277e+00	1.014889470958256990e+00
nan	1.168746903024029393e+00	4.168394017623666126e-01	1.020861486581317923e+00
nan	1.718122792885678596e+00	6.237660397568516313e-01	1.426876019384436312e+00
nan	1.075649347738901529e+00	5.538886351878713477e-01	-7.674690977177435203e-01
nan	1.684081748293779324e+00	-3.737156607818362120e-01	1.294986853817414740e+00
nan	-2.227796017410746399e-01	-5.111900771317501313e-02	-4.474341148249644240e-01
nan	-2.578669113446766525e-01	3.185376264906122357e-01	-5.978497881082427412e-01
nan	1.846432381019529778e+00	-1.111297539223998765e+00	-1.644216081178512534e-01
nan	6.531208914851935887e-01	-5.197251258937436447e-01	1.309149781891493225e+00
nan	1.993731795238495197e+00	1.950265061298308344e+00	3.044820580103657082e-01
nan	3.028367841810578387e+00	1.379965327613423831e+00	5.881128805580067009e-01
nan	-1.287257925261930946e-01	1.469251326898575405e+00	-5.502981512332884018e-01
nan	-8.506208459606441341e-01	-1.767126417523468551e-01	1.019830210209515808e+00
nan	-1.297917000607297089e+00	-8.041145191852561158e-01	-5.088766359270867623e-01
nan	-4.321712286320816832e-01	-2.413401264015770487e+00	-1.038735896911152867e+00
nan	-1.328591581455293991e+00	-3.031356592007274919e+00	-2.410225186121455643e+00
nan	-2.017485067426013412e+00	-1.390053922051731838e+00	-2.306811879666455845e+00
nan	-5.648326114292361311e-01	-3.103733803985400108e-01	-1.073519979724740336e+00
nan	-3.315043718846973908e-01	1.212302575938516980e-01	-9.514212123328552595e-02
nan	1.863996043655291590e-02	-8.784029276139967424e-01	7.509117435905227067e-01
nan	2.492119723104332940e-01	-7.407666166403517605e-02	1.298380283922267120e+00
nan	-3.354788219949277894e-01	-2.431714303842606728e-01	2.465372013791045092e+00
nan	-2.004495885574669956e+00	-1.382801931484468394e+00	9.367572659484564301e-01
nan	-2.151887559635245140e+00	-1.001425666511339463e+00	-6.194739852360912069e-01
nan	5.527247166463502559e-01	-3.240855625639129656e+00	-2.485745711144355052e+00
nan	-1.148119641230576526e+00	-2.127900355339181537e+00	-2.555004449581733894e+00
nan	-1.176922303410783188e+00	-1.734028963987179539e+00	-1.678011947070372267e+00
nan	-7.640447433150027168e-01	-2.273672278313721318e+00	-2.263552329479705971e+00
nan	-8.244462398514429413e-02	-1.771834984197907303e+00	-2.098187545627362205e+00
nan	5.574888483696658348e-01	-4.655221320933125018e-01	-9.218579898287112551e-01
nan	8.544580045387406564e-01	2.676993252015668068e-01	2.635766355510112402e-01
nan	-3.578515303947039095e-01	6.853659468355054463e-01	-2.982675033852354995e-01
nan	-9.193598315138418187e-01	-2.504439055218660726e-01	1.508362633380832873e+00
nan	-9.354404952633341708e-01	-8.837764880215683849e-01	1.415752397815082331e+00
nan	-9.912091241887381887e-01	4.840605253397277652e-01	-7.587076593805633373e-02
nan	-5.466650172929827800e-01	-9.324547810942608317e-01	-2.643559192427565874e-01
nan	3.415293868459278182e-01	-2.257188417172873773e+00	-1.364998682636626715e+00
nan	-1.266977648477954688e+00	-3.212513488191713895e-01	-1.238796972308161770e+00
nan	-1.150127594841171996e+00	9.710300591313865137e-01	1.459143641899318666e-02
nan	5.985698774881468426e-02	4.244003696988938867e-01	-1.020231524337115392e+00
nan	1.469269598197690430e+00	2.243852698923275713e-01	-5.065044772816882368e-01
nan	2.243953152517799143e+00	1.568546492588600128e+00	2.832150701578410312e-01
nan	1.836049032631754674e+00	2.633526590980613591e+00	-1.897479789057565647e-01
nan	9.663219485517395846e-01	4.763266110119758201e-01	-3.004309391825610298e-03
nan	1.331579274208087416e+00	1.609275433414575129e+00	-3.089107797134431621e-01
nan	1.377143136257743983e+00	-7.825454424228261985e-02	-2.058617556236838064e-01
nan	9.224274266759108221e-02	3.555595601659901628e-01	2.967823010688104279e-01
nan	-1.231550716846473215e+00	-6.940488925904525486e-01	2.691254391141997826e-02
nan	-1.106983290177196100e+00	2.699196254328822819e-01	2.723681136444597861e+00
nan	-1.097042715270577062e+00	-1.085910367806282917e+00	-6.418032566697994268e-01
nan	-9.143265696668816389e-01	4.945063773664991613e-01	-1.634765112633741913e+00
nan	-5.981188264822088207e-01	-1.940717892461397032e+00	-1.563917564038135977e+00
nan	1.178463473546862428e-01	-4.372503399687306391e-01	-1.456891421923237839e+00
nan	-3.932384337061808205e-02	-9.434390013778557460e-01	2.138271993476081878e-02
nan	-8.633967552526999878e-01	2.222679092257855427e-01	-5.296825275923421339e-01
nan	8.978304424159452291e-01	-5.510074756276162056e-01	7.922837836538174083e-02
nan	1.132210843674512357e-02	1.656012694993430900e-01	1.456147241766378553e+00
nan	3.321672096333445623e-01	-1.477086826056774882e+00	2.148988388169864594e-01
nan	-1.002631668914402585e+00	-1.563984742371791636e+00	-1.415649965245708186e+00
nan	-2.160573927313827802e+00	-2.466772689462962020e+00	-1.351890596319191618e+00
nan	-1.419720394427536947e+00	-1.990930192313106417e+00	-1.969582527926930560e+00
nan	-1.272020097141370876e+00	-5.632445138547190755e-01	-2.006120706940033749e+00
nan	2.564963054378273100e-01	-1.411560565418808366e+00	-1.640824672211760982e+00
nan	1.327749326112730999e-01	-1.529757276689187817e+00	-1.913495374358148426e+00
nan	1.133816642222416071e-01	3.444207026601209254e-01	-1.564146098692258402e-01
nan	1.697133493408863769e+00	3.869923946435283035e-02	4.021159698720885300e-01
nan	1.400530959997613234e+00	-4.911243256968286230e-01	-8.266533503374535741e-01
nan	-1.884141786302612198e-01	-6.992010457836095316e-02	-5.685918296894248991e-01
nan	1.425733248603325842e-01	3.847696710862235636e-01	-1.658167353087980800e+00
nan	9.415264276903625440e-01	1.326065700384160939e+00	-8.922471167311711859e-01
nan	-3.153280108777677393e-01	1.172000233542070502e+00	-5.276946705895650958e-01
nan	-4.183156840708280866e-01	1.472892569748073810e-01	2.110967492032584492e+00
nan	1.473472191495489025e-01	-6.653021985405019878e-01	4.703243720903906300e-01
nan	8.845870563637364681e-03	-1.087379539497423497e+00	-5.066340136659039928e-01
nan	-1.524716196355222930e+00	-4.687233952000944281e-01	5.094671802949521933e-01
nan	8.067567380262632426e-01	-6.558292938989359611e-01	-5.748862037023720895e-01
nan	-2.213625416795946266e-01	-1.872290804880197557e-01	-3.016990843232064679e-02
nan	-2.421479286995961711e-01	1.267868151035849711e-01	1.291735797597328705e+00
nan	4.274674906512082040e-01	-1.767418165106082462e-01	5.564420157406991807e-01
nan	1.055967106017267954e+00	1.160350240920181353e+00	-4.648421353282066182e-01
nan	4.567266641656416715e-01	4.342324071233363281e-01	8.785547718446082843e-01
nan	-5.213554080366300525e-01	1.095727002283099161e+00	-2.904334189930956045e-01
nan	-2.519102265719362355e-01	5.300244606474852072e-02	9.450260834370060037e-01
nan	-7.968148168365216666e-01	-5.662818036819295964e-01	1.897312147262012472e+00
nan	-2.131313050867211789e-02	-7.121410760067781176e-01	-2.117528897218774464e+00
nan	-2.691313654174756209e+00	-5.860030372976033908e-01	-1.851771497901934849e+00
nan	-1.427511905120008251e+00	-1.967410061796063925e+00	-4.449413870888789257e-01
nan	-1.905608685571960059e+00	-7.072602850846386735e-01	-4.951126007590310740e-01
nan	7.564593058389152969e-01	-9.920555921232290242e-01	7.408817611313143203e-01
nan	7.470203034446301071e-01	3.678007419971743852e-01	-2.073433190077206056e+00
nan	9.931219411208893622e-01	3.513527080403868186e-01	-1.206171620958471413e+00
nan	4.302993808797685449e-01	1.592521089226541786e+00	4.157957279223002400e-01
nan	5.796396291707162085e-02	1.398986311338806132e+00	1.045265964628807609e+00
nan	5.539983293490323701e-01	-6.367351801822060953e-01	8.451917405782013448e-01
nan	6.257308716104185986e-03	2.090633979218008698e-01	-1.039147475093815221e+00
nan	1.168968560308220939e+00	7.047445719998657321e-02	3.168325175222787560e-01
nan	5.313074340213258528e-02	1.131954455628071177e+00	1.232227878485392669e-01
nan	2.160537820297661948e+00	9.676458516396859721e-01	7.148429550566861579e-01
nan	-2.289878507689862008e-01	3.367885217617836435e-01	-6.564251829380084446e-01
nan	1.042568896021575653e-01	1.054678843206692695e+00	-2.258102813750850479e-01
nan	3.631683433685908291e-01	-1.722011072301456336e+00	1.006987118308232843e+00
nan	-1.261566134037606757e+00	3.675020259242478549e-02	1.380768333462953912e+00
nan	-2.907495062142770315e-01	-7.841799897518955120e-01	-1.237745984932388521e-01
nan	-1.101122290613219423e+00	-2.118877552182949486e+00	-1.451382393459493159e+00
nan	-4.147773431928084564e-01	-1.290478206959881025e+00	-1.386107265135456679e+00
nan	9.178661146714650609e-02	-7.565170872945632397e-01	-2.519625443406161569e-01
nan	7.252617039901149143e-01	1.256936792426426086e+00	-1.676939914907609186e+00
nan	1.691483321308065335e+00	1.325532706850714781e+00	3.542755040241815090e-01
nan	5.760424084119917243e-01	-9.783108171982511925e-01	-8.184545344094085184e-02
nan	-2.614607034019995058e-01	-1.839057975799525790e+00	-1.657510225650921099e+00
nan	-1.475593813220856587e+00	-1.862197141484148499e+00	-1.803768633197171845e+00
nan	-7.984684192688452642e-01	-2.616878470817138869e+00	-1.855157342135463683e+00
nan	-5.942684892727582158e-01	-7.793491366098846962e-01	5.027945395958077768e-01
nan	-4.398564790809207925e-01	1.740198939883361162e-01	1.344965866248377884e+00
nan	1.098953469958517670e-02	1.070040548084860488e+00	3.332470991924690651e+00
nan	-1.152491569301276053e+00	-3.149987039394359090e-01	3.788028967464852848e+00
nan	-6.122889350061478941e-01	6.721265616251054231e-02	1.468225864641825362e+00
nan	-1.191300458749164015e+00	1.044928928343233032e+00	1.359136073376862264e+00
nan	1.635616445280180520e-01	-4.734433964517292259e-01	1.331789342230695006e+00
nan	1.304302519836180729e-01	-1.148754680178195375e+00	1.065686352084740607e+00
nan	2.913527573891809830e-01	-1.300354463524129311e+00	9.752655400857044299e-01
nan	-6.298374620360434051e-01	2.343545278643772156e-01	-1.551215989491533831e+00
nan	1.493314460397748622e+00	1.794977856328656918e+00	-1.406542979915490266e+00
nan	1.048575594610990480e+00	1.712151849257410152e+00	-7.255513551819873230e-01
nan	3.536234891553778903e-01	1.569048809256643917e+00	-2.892100293856725290e-02
nan	-2.999310720987651280e-01	2.005310133008507911e+00	1.417322029480195367e+00
nan	-2.777963293357605945e-01	5.888666473791174250e-01	1.466746832673433198e+00
nan	6.509301043380257834e-01	-5.823628563519542833e-01	1.617483917633152135e+00
nan	-8.363281586197852668e-01	-1.783251223006895037e-01	1.252316630734833236e+00
nan	-2.036862619491016102e-01	-3.822806702414394131e-01	1.593672771700378743e-01
nan	1.805106192025521250e-01	-4.482044962430158930e-01	-1.903695232419358119e+00
nan	-4.881130163026938251e-01	-1.174478938614442525e+00	-1.353233593652142464e+00
nan	1.008561034401600498e-02	-2.149341593592028588e+00	-1.913758684386719811e+00
nan	-2.105227542447991040e-01	-3.350128093939749307e-01	-2.167260556748866751e-01
nan	3.769090549801809575e-02	-5.004915124768757329e-01	-7.849119377448950940e-01
nan	-7.435851967514708338e-01	1.067970670175003134e+00	5.526664342926804752e-01
nan	-1.011517622946914940e+00	1.500070191774486028e-01	9.382910088335502108e-01
nan	-1.508373706216550314e+00	-1.196352713053167260e+00	2.155376944893363067e+00
nan	7.203303378850746119e-01	2.855180593334937234e-01	5.633066794887536810e-02
nan	-1.201716906483722980e-01	1.646008430954310153e+00	6.593931346612442734e-01
nan	2.578377478992514016e-01	-9.897424285980049863e-02	1.775609258902366872e+00
nan	1.361651010285302166e-01	-5.360215177880248705e-01	3.070657091555626383e-01
nan	3.123170280189081771e-02	-7.910062376820289343e-01	6.521084937510430724e-01
nan	4.555574518733676026e-01	3.876787798705022547e-01	-8.553613265137395283e-01
nan	6.782524554427603602e-01	2.285208307999408994e+00	9.543682022083713745e-01
nan	1.836694515566411834e+00	1.281948564954520808e+00	4.425968302270508747e-01
nan	6.209558448255511065e-01	7.124933709311674912e-01	1.437587913340553580e+00
nan	-4.183534085774234801e-01	8.172747634774484293e-01	6.849871188502296704e-01
nan	1.198229743545067283e+00	1.286082758590035846e+00	-1.034300793479299707e-01
nan	5.310201561653804525e-01	8.837417535189739937e-03	1.676499627268252635e+00
nan	4.765191159604618143e-01	-6.339583269757993467e-01	8.336319767450347529e-01
nan	6.759475673184711653e-01	1.394490761075517504e-01	7.557494949335606949e-01
nan	-4.994136181121059392e-01	2.102540996221359815e-01	-3.558189784117668508e-01
nan	1.215053220283632385e+00	1.205734890340240062e+00	1.596447010078132056e+00
nan	1.415205484137705305e+00	1.280858311715100006e+00	1.441644863304728741e+00
nan	-4.682886990280593631e-01	8.324782853746616196e-01	1.701054819886139713e+00
nan	-3.130537215709054966e-01	1.453393360819524305e-01	-4.110612097478156812e-01
nan	-2.124105224947516746e+00	2.617481272645242329e-01	1.298150660081917707e+00
nan	7.579621339588662465e-01	-1.298254683927206443e+00	-7.565055653723653517e-01
nan	1.517174208280499093e+00	-1.527719159764481693e+00	-1.137258369946323011e+00
nan	-8.880387086727670187e-01	-4.365307133908634674e-01	3.958572471731852671e-01
nan	7.201648271045471006e-01	1.570075246370253308e-01	5.837436589191288272e-01
nan	-1.511551466140388933e-01	7.640994390624422650e-01	-2.068858703808357513e-01
nan	-5.419840004036182712e-01	-1.027331725096921833e+00	8.928076388332242264e-01
nan	-1.647674530023030215e+00	-3.691924875356945024e-01	-1.224327800715115655e-01
nan	-1.567323623035416502e-01	4.286003612201483293e-01	8.116288892520774345e-01
nan	2.033849014780594544e+00	-7.445062070520493958e-01	-1.112861313229961180e+00
nan	8.511040306329022975e-01	3.980530430266303044e-01	-8.731227179057754473e-01
nan	4.581883126752244184e-01	-1.587418492512878698e-01	-3.984218555594363775e-01
nan	1.152260389647551841e+00	-1.414733774362566532e+00	1.183248988486482300e+00
nan	-9.714041684046967329e-02	-5.381976619673668472e-01	1.574971674194925564e+00
nan	-5.097233683968791507e-01	-9.668248677633641819e-01	2.557058739939177539e-01
nan	-2.329630366430424926e-01	-1.138231488990394613e+00	5.005117018574833931e-01
nan	-9.352627386240059959e-01	7.626139579692525761e-01	7.026976585821793631e-01
nan	-5.815818936601067080e-01	-9.518124356734921632e-01	1.768003758394356639e+00
nan	-1.139535980400467219e+00	-7.723777746173604575e-01	7.149145822141366180e-01
nan	-1.224170127571802547e-01	2.045506926599272024e-02	1.008144699611460249e+00
nan	-5.415775940530637156e-01	1.011622435537493925e-01	-5.233881001530752419e-01
nan	7.783250486365779208e-01	-6.303251280083881358e-01	-4.414256126205151065e-01
nan	-1.660187178394484597e+00	2.987286694320835934e-01	-9.831933335747539138e-01
nan	-1.474755226009886178e+00	-9.560332813053238343e-01	1.572968110418048404e+00
nan	2.210747636496952495e-01	1.256233053702588975e-01	-6.392549041720881897e-01
nan	4.926331963728584062e-01	-9.398569631884415299e-02	-7.202458522280259512e-01
nan	1.371114570380753683e+00	1.169574050183352476e+00	6.729157933409894987e-01
nan	8.260593196351584400e-02	2.474611397207025387e+00	5.286082970825344285e-01
nan	1.159851988516066967e+00	2.263011218795495161e+00	9.789243701526560981e-01
nan	8.001904760361275848e-01	2.132771175683425557e-01	2.090127664184231016e+00
nan	7.697141931228793088e-02	2.963604049595309320e+00	1.392562328230384505e+00
nan	4.765350695277317805e-01	9.889803173626734445e-01	2.114070386999278295e+00
nan	5.348473509130734493e-01	1.056292850761813229e+00	6.991222797108082032e-01
nan	-2.377632763337754751e-01	2.017945143727259971e+00	2.372430019538589896e+00
nan	7.899102045490208335e-01	-8.065901301835849413e-01	1.557286987970124104e+00
nan	2.747345090952653113e-01	1.046359574526028180e-01	2.544808064893522292e-01
nan	-1.018301182520984227e+00	-2.490537080605911280e-01	-5.709735820144016261e-01
nan	-3.077416297059940575e-01	2.174689827572469092e+00	8.842174448576040069e-01
nan	1.410989990352495393e+00	1.910984603251279168e+00	2.559124711293930154e+00
nan	2.275978530625835550e+00	1.842700437104803912e+00	1.443714473937528497e+00
nan	1.315938568148472543e+00	-8.719833854778991089e-02	2.349023698638547764e+00
nan	1.867073511347617121e+00	5.154453820366260430e-01	6.299199204229954940e-02
nan	-7.750249544651388600e-01	1.108780540484052501e+00	-1.017279918601903921e+00
nan	1.728110273162241306e+00	-1.143735854883109193e-01	2.800280905798152364e+00
nan	1.802965586858576330e+00	5.106280663679014786e-01	3.186773634553735857e+00
nan	6.538664962985858420e-01	-6.488576153269007829e-01	1.370602243313784552e+00
nan	9.108886228210325564e-01	8.555753422656628970e-01	-7.874027498030562455e-01
nan	4.811313164284836685e-01	8.403445354267888856e-01	4.903299920390476463e-01
nan	9.931704289962248744e-01	4.718505057411609416e-02	2.103033971646051103e-02
nan	6.925525708174677941e-01	9.994517694408239228e-02	9.503414839793072888e-01
nan	1.783723650680135719e-01	7.991802774320461156e-01	-2.072080759407546324e-02
nan	1.190480646520136188e-01	-5.984397539644972230e-01	-1.456595413190846511e+00
nan	8.576769318859414071e-01	3.090091092598480360e-01	-2.874420718623398763e+00
nan	1.859087027352376020e-01	2.815438907427185278e+00	-7.276837503396903495e-01
nan	1.404953853724721924e+00	1.116641731116874148e-02	1.343112555837728594e+00
nan	6.256363535981309676e-01	-2.452790972619179888e-01	6.499199507328540237e-01
nan	-5.378072919449844447e-02	7.972556402227617411e-01	-5.828606495994369530e-01
nan	-4.732036710507590560e-01	3.080104882601702454e-01	-1.257769718204182929e+00
nan	-1.224367320968966277e+00	-5.569565265491399630e-01	2.083542356803833595e-01
nan	2.786901334638615113e-01	-1.220689760431122206e+00	7.896329353803939466e-02
nan	6.024027471874068285e-01	-2.756270043819924354e+00	-6.429378401246494956e-01
nan	-9.682367940726865907e-01	-1.818636328587218909e+00	-2.688394710432191026e+00
nan	-7.024437922753296037e-01	-1.477140784311940624e+00	-5.147796949511842524e-01
nan	3.408566088898912216e-02	3.080596259416557015e-01	-1.860277935334616384e+00
nan	5.404820488556483227e-01	-7.130835741714948162e-01	-8.988346298164140435e-02
nan	5.225862405895403962e-02	1.674466730193310549e-01	-5.846051308643062105e-01
nan	-8.250108664028558136e-01	7.445571487448203463e-02	-2.459016380829002202e+00
nan	8.328064127332988065e-01	-4.334984439096980502e-01	-4.074740516701936266e-01
nan	3.010722470168151199e-01	1.196382133681191728e+00	-9.382677818341598197e-01
nan	1.316644357259607157e+00	1.472698259651654462e+00	-2.003229441287816270e-01
nan	1.953664613051138144e+00	5.039503339249062908e-01	3.732177491325022745e-02
nan	2.680589449742142083e+00	-8.929038304278235083e-01	1.313535176394788673e+00
nan	-1.341950624973910156e+00	-2.150596495229707417e-01	-2.748477064470654652e-01
nan	-1.095453742177162848e+00	-4.093738629844155819e-01	2.658989196137958588e-01
nan	-1.619625012150333943e+00	9.367039875453120334e-01	1.396734105426318706e+00
nan	7.936978348648640047e-01	-3.933842051953434504e-01	1.544463582898681908e-01
nan	1.087826087722381985e+00	1.477757008508527869e+00	-4.927599726912517131e-01
nan	2.879106802082182170e+00	9.685775962896333580e-01	-1.109582317319780520e-01
nan	1.290285328859251290e+00	2.151218129761470976e+00	5.703040235706158256e-01
nan	8.757701828995744231e-01	6.099484600382071298e-01	1.143801262834445165e-01
nan	-1.146947742623004363e+00	1.764800315523037177e+00	6.880679462356380505e-01
nan	-8.521885282978305942e-02	-2.122544979258976561e+00	3.726060456961403755e+00
nan	-1.201010339146618922e+00	-1.487253155478847066e+00	7.836210815982586064e-01
nan	-6.905480109128658839e-01	-2.123275548683360103e+00	5.218728510398193965e-01
nan	1.195320332492648685e+00	-4.507127035991792541e-01	-4.848693141962973074e-02
nan	1.850577472939732848e-01	-1.175951756948302451e+00	-7.545758550384134011e-01
nan	-1.015915155530561220e+00	-1.114904579982896604e-01	-1.937958242150243704e+00
nan	7.737781038068286543e-02	-1.762562733716965813e+00	9.518621328016573235e-01
nan	-1.499456458126428249e+00	-1.103456850309015191e+00	1.076438926820116215e+00
nan	-4.306364358518665059e-01	-4.508044064048464805e-01	-8.861547058184102710e-01
nan	1.276358019773889740e+00	5.336348882866057686e-01	-1.934597334250996337e+00
nan	5.571632027723993907e-01	1.297766566298531377e+00	-3.053860964333969363e+00
nan	-6.567836549947041469e-01	-3.963107428740324512e-01	1.253082694384288764e+00
nan	-1.114166800331152674e+00	-2.838578001422662478e-01	2.279100600905819451e+00
nan	-1.355652509079440238e+00	-1.529476019169873746e+00	-1.141829176701943727e+00
nan	-6.444118103605518399e-01	-1.524050842867006317e+00	-3.434411006467798178e+00
nan	8.574319838751317535e-01	-1.566575174973174667e+00	-1.027469435746325876e+00
nan	-1.582291134538595045e+00	2.915555921591375665e-02	-1.950912530812774826e+00
nan	1.129009999250439877e-01	2.562137257871710538e-02	-7.702891721284705895e-01
nan	-6.608255697840522691e-01	-1.716257053508707608e+00	-1.284771052994952534e+00
nan	-1.135217290845289995e+00	-8.098515649014278450e-01	6.249387501053026428e-01
nan	4.917827685038499430e-01	7.613075252742115273e-01	3.598079171232616835e-02
nan	-1.844611283684729486e-01	1.424871615156803051e+00	-4.663928790618971365e-01
nan	1.771196646857333468e+00	5.241520092637874662e-01	-5.996163029912042752e-01
nan	1.313606292695267186e+00	-4.087628320685460226e-01	7.516991938738444290e-01
nan	3.567967647540409293e-01	-8.635394811474107479e-01	5.700414134013680467e-01
nan	-4.754659778413290461e-01	3.968312562367490304e-02	-1.796999749295650484e-01
nan	-1.071819871495352405e+00	1.624543997235578852e+00	-1.849477473293551499e+00
nan	1.176082607103185351e+00	-6.457238251869511503e-01	6.359356892710890108e-01
nan	3.729973184644181372e-01	4.276522131541248273e-01	1.155926715257247661e+00
nan	2.543512956528767299e-01	5.393506931137553861e-01	8.890822686009596243e-01
nan	1.370540394488745095e-01	3.905387512931913774e-01	8.148963446185887305e-01
nan	1.536652248270910182e+00	-9.091907956099446464e-01	7.563500099213396055e-01
nan	-3.800825854747227339e-01	-4.769297447732118167e-01	-8.183594296186249561e-01
nan	-1.118094093978134751e+00	-7.501545275169101412e-01	1.251079279362646401e+00
nan	-6.553001581642129425e-01	-7.788172822900156778e-01	1.416950392024314553e-01
nan	6.795205105133925727e-01	3.863969112427605435e-01	-1.830451471455615486e+00
nan	9.650498250502723696e-01	4.769612925733189845e-01	2.107241227256363203e+00
nan	5.278300240997497728e-01	-4.241572063962694150e-01	4.840059519035263547e-01
nan	4.729581591859557399e-01	-1.336897293673181331e+00	-1.883956625362629644e+00
nan	-5.964975125222389263e-01	-9.700297486971969363e-01	-8.990204178292138248e-01
nan	-3.103712141807087876e-01	-8.708475411935321375e-01	7.088570135631291347e-01
nan	-1.890622742090902975e+00	-1.830192822521984897e-01	-7.820393312964705190e-01
nan	-9.892961550314161023e-01	-1.154766093286686335e+00	-4.181304781813309224e-01
nan	-9.509024849024378945e-01	-2.760824650365519606e+00	-1.486422734489926678e-01
nan	-8.468388022625550349e-01	-1.858792692796311208e+00	-4.529460981180358226e-01
nan	-3.026835989620305423e+00	2.480424425913866360e-01	-2.118314018524952491e+00
nan	-1.522048906149522374e+00	3.496000590098138350e-01	-3.676433370897927988e-01
nan	-5.009731336557110559e-01	-1.091227887906449645e+00	-2.142519730065056915e+00
nan	-1.495300479839810071e-01	-3.583604790934080131e-01	-1.235282265330081009e-01
nan	-2.527337735774285221e+00	-4.792128865549112882e-01	-2.627503115169937065e+00
nan	-1.008019847032068705e+00	-5.165901175491054431e-01	-1.289420650179045946e+00
nan	3.715794293188827147e-01	-2.563502941560785064e+00	-1.163211386650919721e+00
nan	-2.579323722037843325e+00	-1.646133872012112143e+00	5.087596432520991030e-03
nan	-7.854694814604212816e-01	-1.816494392907094246e+00	-4.199677759683153044e-01
nan	-1.015650793976914823e+00	-7.269019067747509721e-01	-9.495031407012864966e-01
nan	1.016741957755559200e-01	-4.296628026403120915e-01	-5.966080734246282935e-01
nan	-1.385656209394447114e+00	-3.084152990938268113e-01	1.867359503272125743e-01
nan	-2.276190979524020719e+00	-1.619158701639818787e+00	-4.076685797744295514e-01
nan	-5.225768621536652780e-02	-2.324576217100559283e+00	-1.852422681729288811e+00
nan	-1.818856950967298491e+00	-5.957348340659630592e-01	1.003981473426812876e+00
nan	5.423426008514964369e-02	-1.010805197072667250e+00	-9.394211988952099190e-01
nan	3.627778388484661498e-01	-4.018019532441075015e-02	-9.390516613064692208e-01
nan	2.008500030121514346e+00	1.026892446824517746e+00	-2.289308440423370783e+00
nan	-7.624683156904310533e-02	2.152684594491332426e+00	-9.812277648050734546e-01
nan	9.874735477605099954e-01	2.022379758720913578e+00	1.389322512810254207e+00
nan	1.813852701445965998e+00	1.572682135146341587e+00	2.114701425878160457e-01
nan	2.258910903167461903e+00	2.147177204898473413e+00	2.592439298916914936e+00
nan	1.410451655569717966e+00	1.025522762619509587e+00	3.698291897500190828e+00
nan	1.425686913388062971e+00	1.201682909480535244e+00	1.179953526814841780e+00
nan	-2.312058934641445962e+00	1.062386216947606155e+00	-6.883983459038548469e-01
nan	4.806583331626350652e-01	-1.132005301596216595e+00	2.005842457981529492e+00
nan	3.140672917060260971e-02	7.433437073049338206e-01	-1.904134742274989245e+00
nan	-1.301613870359424885e-01	-6.126521592142639694e-01	-1.825396886445301181e+00
nan	7.765290665609770882e-01	-7.391146995840256473e-01	-1.034832477332480627e+00
nan	4.444161907420359769e-01	-2.042734804744552601e+00	-6.956794608285101766e-01
nan	-5.231584035021302759e-02	4.695798180014798540e-02	1.505459286737820257e-02
nan	7.526027191640423386e-02	3.239969121266410013e-01	8.768803390339089399e-01
nan	-8.273213971427711977e-01	1.742029199810549045e+00	-7.826548588713525545e-01
nan	7.428034961834398264e-02	-4.741770876585472139e-01	1.256528530651557674e+00
nan	7.923721489971731202e-01	-1.305814096425531812e+00	-4.987415125309211383e-01
nan	-1.666661184865518286e-01	-1.189212801706057032e+00	-3.790356365629137247e-01
nan	1.890532220559272281e-01	-9.359088542614408812e-01	-1.233385775221051972e+00
nan	-1.055442113652067970e+00	-1.192913983574178660e+00	-1.276019944141856044e+00
nan	-4.778356680736178808e-01	-1.119838081861487478e+00	-1.225540056765833663e+00
nan	-6.390156851617008194e-01	2.540304206024229794e-01	-2.493766173351837367e-01
nan	-9.120262751606348361e-01	2.229712803662911469e+00	5.912673618746584481e-01
nan	1.206463594977220666e+00	8.186302699106808856e-01	2.523189423463146674e+00
nan	1.585813640782048228e+00	-6.404832378067054632e-01	1.337887540750499316e+00
nan	-1.530749181310472995e+00	1.230477724595796796e-01	-3.821083539438533405e-01
nan	-2.378820622384697769e-01	-2.321977679341901968e-01	5.309927084713836898e-01
nan	-3.717008458060859777e-01	4.423277300831593428e-01	1.459487051063972141e+00
nan	-8.464160487673817457e-01	4.406144778453633948e-01	2.451289017924530023e-01
nan	1.226611874178141548e+00	2.128345548043826252e-01	9.035910118697718652e-01
nan	8.850944869250692015e-01	6.333424639175329052e-01	-1.652169076847754381e+00
nan	-1.322949553635102138e+00	9.354001542058043572e-01	-1.027522035714014903e+00
nan	-1.715401490950421715e-02	-2.188496472769029810e-01	4.064375691092369514e-01
nan	-3.733690030815206562e-01	-5.726562227406215566e-01	1.495976782167100616e+00
nan	3.349995462374582567e-01	4.386548769928509395e-01	1.096652441645530995e+00
nan	1.292187265919108707e+00	9.849901048765794531e-01	2.953444843702311973e-01
nan	1.711613158630988840e+00	1.169934186177510327e+00	-1.177322669993009718e+00
nan	-2.742527813615028842e-01	2.246888997187528325e+00	5.178249079617130990e-01
nan	4.106252206987148767e-02	1.821852694106741888e+00	1.927962900295549620e+00
nan	-6.343895791684974750e-01	7.146043005231856871e-01	1.166478629140855094e+00
nan	1.011056133552530767e+00	1.011111970750705247e+00	-1.098826130544213964e+00
nan	1.677546781465280024e+00	-6.371218750037258571e-01	5.111274186727975399e-01
nan	-1.032002014375922538e+00	-7.826708106969274548e-01	1.305069717146918551e+00
nan	5.490997411983306042e-01	-1.119774970386937518e-01	4.145714882498794385e-01
nan	-3.727869725904624509e-01	-9.517683834576057267e-02	2.516002758974004716e-01
nan	-4.115790173359463733e-01	-4.335138476058038037e-01	8.919786947524155352e-02
nan	-1.957746256920920969e+00	-4.720114817705704513e-01	1.896787595908059620e-01
nan	-7.542310219752507150e-01	-4.218416099681263631e-01	-1.047580200680259477e+00
nan	-1.588605055096114160e+00	-7.306330891647955239e-01	1.790238359610601071e+00
nan	-3.310631068036851588e+00	-6.422848471082985844e-01	1.282564375810534285e+00
nan	-9.530307372099758867e-01	-8.040008138982983610e-01	3.612174948334512248e-01
nan	6.222994942245491101e-01	5.610656279210424202e-03	1.732286475462290753e-01
nan	3.820002700945910878e-01	1.223383503207443157e+00	5.508124791683426391e-01
nan	2.785843634095830357e-01	-2.975690697123321016e-01	1.353532348340041214e+00
nan	-8.825999198145347835e-01	-7.232902292149844259e-01	5.880880985722281018e-01
nan	-1.345254745267158158e+00	-7.224974028370131363e-01	6.897053638351130500e-01
nan	-2.352248940784602560e-01	-1.542743486824157184e+00	-6.391210981784219980e-01
nan	1.402494845920699174e+00	1.830377418481234919e-01	-1.231634626590052406e+00
nan	1.385014944066286668e+00	5.165746316632179314e-01	-5.841609753255144755e-01
nan	-6.769480654931001595e-01	-9.155408950647969668e-01	7.913892725270559314e-01
nan	1.012519824744514851e+00	1.034358772823009698e-01	4.794981913327427403e-01
nan	5.551283526834569493e-01	-5.111520205568351738e-01	3.940323820507716235e-01
nan	-6.945519903481566226e-01	1.741794108672318209e-01	-4.588394287541812111e-01
nan	6.694421934071894675e-01	-2.066524009287598496e+00	8.618778930923257642e-01
nan	-2.015988545048007730e+00	-1.975248591406747689e+00	-1.173169595564368617e+00
nan	-3.123251260671159102e+00	-9.890333894039669005e-01	-1.301989216479608524e+00
nan	-2.056850324020723431e+00	-2.336354974080836922e+00	1.172656783734755681e-01
nan	-2.210470405443272668e+00	-7.569467895447999917e-01	-1.074370142953667839e+00
nan	-2.043694573959698335e+00	-2.089355917857922407e-01	-4.576754403904595980e-01
nan	7.008840317591245039e-01	-2.230077400645658958e+00	9.924392561889969766e-01
nan	-8.984306168195299591e-01	-2.641895752183768487e+00	5.791804384330805355e-01
nan	-4.034455751425005676e-01	2.395658646474194686e-01	-3.896538404869280825e-01
nan	4.310157619551462926e-01	-2.273551212690552714e-01	1.146183333515401193e-01
nan	-2.502736360831226414e-01	2.043588606387517631e-02	1.385387851923201685e+00
nan	-1.720295099343617518e-01	-1.281511078751775390e+00	-3.925125646343252672e-01
nan	-5.127549387332149822e-01	-5.482749089371408147e-01	-1.368150529428020068e+00
nan	-1.640232092364268812e-02	5.426199875783304094e-01	6.409236502650460521e-01
nan	-1.865871581556516334e-03	2.409491869708069167e+00	1.577775158831550062e+00
nan	2.396328577324429165e-01	1.546909129652156434e+00	1.738807526897293565e+00
nan	3.051268117078056008e+00	1.111602724836303846e+00	1.471256244222025389e+00
nan	2.575031614075698805e+00	1.772162581080471977e+00	-4.931270091690286295e-01
nan	1.152730622708739938e+00	2.249859555990880722e+00	7.695764584806763509e-01
nan	-7.781166121395097779e-01	1.649839953327254527e+00	9.892606941677015708e-01
nan	1.162937091843724957e+00	3.090816624334898899e-01	4.723208873242626393e-01
nan	1.966579818377843514e-01	8.626035651861971854e-01	-2.666419097713609854e-02
nan	3.625483594694798306e-01	-2.219104566679368506e-01	-1.340754785313119424e+00
nan	1.298511813714908980e+00	6.861607936403747443e-01	-5.524340674134067264e-01
nan	2.126864328619687328e+00	1.286241941911238529e+00	-2.811251882040902705e-01
nan	3.169676201843061758e+00	2.444395265108627591e+00	2.555226150232030147e+00
nan	1.796691340038523377e+00	7.996327274288276277e-01	-8.423486776097874884e-01
nan	-1.386479789954818687e-01	6.756404175887337216e-01	9.815346564138260899e-01
nan	7.088300279623945821e-01	1.337507823153893938e+00	2.308686843741309058e+00
nan	-7.826598303323176742e-01	1.091638801272616366e-01	2.565420918355951763e+00
nan	4.269858817503460191e-01	-1.748983768594196964e-01	1.305746931918956744e+00
nan	1.342376356393945258e+00	5.630145940679052163e-01	2.763209789708739317e-01
nan	9.806032462207210365e-01	-5.138480942654100048e-02	-9.399409050371179131e-01
nan	-1.246661735715320463e+00	-2.933785804491946259e+00	-2.871448586423496208e-01
nan	-1.858271846330433963e+00	-3.708400237300624624e+00	-1.634337780207696600e+00
nan	-1.843731250907622909e+00	-2.569286926831210405e+00	-1.355800540172439783e+00
nan	-1.055897402796123652e+00	-1.370655968011572412e+00	-1.511347259041677216e+00
nan	4.932583948168614008e-01	-3.723854789577105251e+00	-2.581999988578016936e+00
nan	1.023190632521494337e+00	-1.096168933879681173e+00	-6.517812657940498244e-01
nan	5.453178633625831440e-01	2.413853220658110921e-01	-1.136459719875431151e+00
nan	6.576307444835198801e-01	1.891171491179143738e+00	-2.056710246464611647e+00
nan	1.378306989353245360e+00	-1.042511387287015978e+00	-6.061912100456865460e-01
nan	-2.391663127447675841e+00	8.096103148560773732e-01	-2.913167263746604396e-01
nan	1.122783091614949491e+00	-9.746753141202540993e-02	4.377455367484365256e-01
nan	3.428376868763178820e-01	4.993780869636942343e-01	-1.012738675024210666e+00
nan	6.156229382409228457e-01	1.111851528609391904e-01	-1.133242732963375188e+00
nan	-1.188469684736546572e+00	-6.230451829524763507e-01	-2.138070172126692869e-01
nan	3.796716923222122064e-01	-1.684899300868185623e-01	-1.158870070338749336e+00
nan	2.315982226159910562e-01	8.726615445686623784e-02	1.839864374715479256e+00
nan	7.443503827500442815e-01	-8.592643145542767646e-01	6.740379908073481641e-01
nan	5.054987009080292859e-01	-2.156889157947981805e-01	5.896658427179649609e-01
nan	2.139005772786836346e+00	-1.512897194078370866e+00	1.337763639253354842e-01
nan	-5.117904914577322550e-01	8.109099636791406995e-01	7.287405234554977795e-01
nan	1.349501011308755549e+00	-1.307704949280935613e+00	-1.408266937328820356e+00
nan	8.182531524155794989e-01	7.333646042950646704e-01	-4.590595330304191868e-01
nan	-2.844704022024874268e-02	7.323809884581975460e-01	1.894707747987733448e+00
nan	1.162498921263039442e+00	-9.559199415063962535e-01	1.887661499334534643e+00
nan	-7.785896779839186765e-02	-7.999633167167042869e-01	7.217085939586564969e-01
nan	1.519830168901308287e-01	1.103479466706523304e+00	5.359684196895702080e-01
nan	1.432324954735818001e-01	1.893962308243738679e+00	2.195578723219365536e+00
nan	5.509181213850538050e-01	-1.963351463439544364e+00	1.330559336037349993e+00
nan	-5.798337681201910510e-01	-1.183982415882953942e+00	-7.640813284578114040e-01
nan	-1.621190516562631689e-02	-1.571878749794452634e+00	-7.923743812717902735e-01
nan	-1.172867684356990958e+00	-9.218420212213076503e-01	1.359751819038612197e+00
nan	-7.346681040768675564e-01	-2.028304468917005110e+00	5.143176484346313471e-01
nan	-1.516229272339037148e+00	2.279894033044170820e-01	-1.035386759480978469e+00
nan	4.353201892520558447e-01	-5.489056005016582640e-01	-4.775223202292423474e-01
nan	-1.141535632795176308e-01	-5.820627072257343881e-01	-9.403702238191485874e-01
nan	9.288582658471160602e-01	-1.351110234194153437e+00	-1.433122678447598330e+00
nan	-9.039408547405675121e-01	7.708653633287262386e-01	5.912314796586930488e-01
nan	9.933844961879592095e-01	-1.636500194883221404e+00	1.684235248196015000e+00
nan	-1.039313010400153781e+00	-7.607799888097892260e-02	2.833745448148055068e+00
nan	1.000233711673893078e+00	-1.092598445623420123e+00	-6.150618363925781651e-01
nan	-1.036908679535710531e+00	9.521103019730494665e-01	4.574307103298747013e-01
nan	-8.597268788618698254e-01	8.389844942086514823e-02	-1.422957815898809653e+00
nan	-1.425416421930479682e+00	-3.393998375182892824e-01	-1.750621416061010072e+00
nan	-2.874855228241559146e+00	-1.058748524895353649e+00	1.654189986786764877e+00
nan	-2.232254396862015655e-01	-1.157845391135767343e+00	4.144434020683491759e-01
nan	-1.223956744234572014e+00	8.278539009746190835e-01	1.231640288151917062e+00
nan	1.111024820746861486e-03	-1.113844196049339763e-01	2.379877625694056253e-01
nan	-1.604696126501437448e+00	-1.462000380314105730e+00	7.664000670692767692e-01
nan	-1.442623610362292919e+00	1.091439153717398414e-01	-8.836301654754907808e-05
nan	9.049216956018715230e-01	4.059624792371103186e-01	-9.565778941250765444e-01
nan	-2.799680996975512759e+00	9.911665601961537897e-01	-6.089072591901847353e-01
nan	-6.257925275534820253e-02	-8.725849175371899191e-01	8.866536198240504429e-02
nan	-1.591597189098663101e+00	-2.962474120167446490e-02	1.020652347010162497e+00
nan	1.526609930673974658e+00	-1.326495271542075916e+00	-3.801948202087267470e-01
nan	-6.773114356667695457e-01	-1.025539092908533512e+00	-1.579526684690631289e+00
nan	-1.157814780093920692e+00	-1.711776161718085110e+00	-2.766927219912398428e-01
nan	-3.763330251142710248e-01	-1.761887817979383986e-01	-8.976236992881404531e-01
nan	-4.094104194450182699e-01	1.028123838586038508e+00	-1.334657975568648292e+00
nan	1.286698017409624750e+00	-1.019034762158221863e+00	-2.444916796325470876e-01
nan	7.032822982945159396e-01	-6.383201068252450927e-01	-1.057117126730358958e+00
nan	5.772152892736319707e-01	8.354322494398972454e-01	1.913136924532241601e-01
nan	2.407142088879922426e+00	-9.892866970817063565e-01	5.121092017155577381e-01
nan	1.043288831485558621e+00	1.146124109132344859e+00	-1.541154755054985337e+00
nan	8.165506301644278597e-01	-8.212303250449134451e-01	-1.864973359987193158e+00
nan	-1.153719791112563398e+00	3.364674246384220524e-01	-8.555241523365175738e-02
nan	-1.530546870920765246e+00	2.069040418933865977e-01	-9.061867878444878066e-01
nan	2.020933455642519583e-01	4.541671660275476974e-01	-6.889255851632879457e-01
nan	3.799179469095521622e-01	-9.427473423998373736e-01	-2.352360236961780426e+00
nan	-6.138011579298646714e-01	-6.383839953293861669e-01	-2.639608421367493740e+00
nan	3.513454090836665711e-01	-1.384226710784848935e+00	-1.303706692922046217e+00
nan	-4.827150537907021199e-01	-9.675212540690107943e-01	-2.130943748267801308e+00
nan	-7.725338795091654109e-01	3.203489763923544897e-01	-2.672037905689179649e-01
nan	1.137851482749740739e-01	6.460718393152922179e-01	1.784657758057383914e+00
nan	-1.082560548017176050e+00	5.422680453331631956e-01	2.414708508563486733e-01
nan	-1.274430518506164622e+00	1.166051524199894107e+00	-4.906574878909328308e-01
nan	9.226320691127628537e-01	-9.314763091468849510e-01	-2.361155927642179797e-01
nan	2.145828923984600678e+00	2.916301469105665456e-01	-2.361023748248847753e-01
nan	1.031193357385647991e-01	1.072544640759449219e+00	-2.111721673985648362e+00
nan	1.348228464693165041e+00	-1.701537000788197140e+00	-5.439231439915582778e-01
nan	1.267683142907815030e-01	1.837843989284926094e+00	-2.736533485831825541e+00
nan	-2.930804734014728075e-01	-4.646910369519964279e-01	-1.050379736019896981e+00
nan	-4.269726690812859493e-01	-3.284994637217432678e-01	2.242724140478224992e-01
nan	3.438147603376624506e-01	-5.603481449950886706e-01	-3.291891941603772298e-01
nan	-4.248320732521256859e-01	-7.696237475534039030e-01	4.991829427777051409e-01
nan	1.216688513621301704e+00	1.721229172131060747e-01	3.398545765067211288e-01
nan	1.090421771909082072e+00	1.483579891851433574e+00	4.583472614263888745e-01
nan	6.041708834946762918e-01	1.464641755205509988e+00	-1.422779638502745581e+00
nan	3.168064858307662046e-02	1.254582557070387461e+00	-1.147748434467555478e+00
nan	-9.005718758124274803e-01	2.186913944605151650e-01	7.363900813619392860e-01
nan	-1.253154429069852860e+00	1.069313290542760198e-01	-1.894006328721012933e-01
nan	3.430642869237637838e-02	-1.013549499520757013e+00	3.919972228670555170e-01
nan	1.433899878748440049e+00	9.886493548027154299e-01	-1.364786690756006449e+00
nan	3.486116436700492094e-01	1.927210602607313028e+00	-1.407812710548789648e+00
nan	1.044682614192847137e+00	1.995361833150005593e+00	-1.366826200291181292e-01
nan	4.192617821999141126e-01	1.671723173360951664e-01	3.000556059418764132e-01
nan	-2.631924725536959331e-01	3.558903624844725888e-01	2.233747704120879973e+00
nan	-8.216683584080383129e-01	-4.067628405659172719e-01	3.642444585966701509e-01
nan	-2.783229561865465107e-01	-1.845611391671784229e+00	-1.589206840234546059e-01
nan	-1.531295562663238297e+00	6.861513671255342617e-01	-2.573770484317461915e-01
nan	3.113510106371533692e-01	-2.106516190182512460e-01	7.290710386220931039e-01
nan	1.422296404053723928e-01	-2.190819260456463580e-01	-3.516915791502377986e-01
nan	5.015770694652553763e-01	8.142827032707797841e-01	1.730647579001939884e-01
nan	2.021703924391798080e-01	-9.104031511955106293e-01	1.360119901300500089e+00
nan	-1.197045971356690108e+00	-2.262084178177070637e+00	1.863844982890988378e-01
nan	-1.694927499356440048e-01	-2.837302796078492229e+00	-1.402058690522561601e+00
nan	-1.347843714665451831e+00	5.099361504000863299e-01	-1.428208492670426599e+00
nan	2.493910493348813207e-01	-8.405790205680830907e-01	2.617893979237410074e-01
nan	-1.491852207775895778e+00	-7.162647855691262055e-01	2.713399663273129425e-01
nan	-7.695178999239711271e-01	-9.427612830104833419e-01	1.417363860802633546e+00
nan	-3.930966213931142983e-01	-1.106512847988899040e+00	2.753867553298416926e-01
nan	-2.126870538685825984e+00	-1.436979208048845713e+00	-2.208378176212204558e+00
nan	-1.794332431685432327e+00	-6.924238925465280303e-01	-2.284360513627438305e+00
nan	-2.004391427517159263e-01	-2.289120354034059446e+00	-8.344334739824394997e-01
nan	-9.309663384891098126e-01	3.263539488288169643e-03	-1.263603570149590460e+00
nan	2.025834869267809646e-01	-9.051773356452941233e-02	-4.707813818714394749e-01
nan	7.471083273783302170e-01	3.019583646940278698e-01	-3.328519224245073405e-01
nan	7.842486076095982472e-01	2.131479280840904433e+00	-5.277100582666306439e-01
nan	-8.743344944628113069e-01	2.438755731204641286e+00	1.978261704570218882e+00
nan	1.547304408324760017e+00	2.053478902153971219e+00	3.345229184634934683e+00
nan	2.188563895756409305e+00	7.158948106559404057e-01	2.309332749961412468e+00
nan	3.271657565718888883e+00	2.344694431504246168e-01	8.516133519190096646e-01
nan	5.285093799456633823e-01	-1.414481218641771010e+00	-1.037273658818854249e+00
nan	3.181868149341886554e-01	1.707699851018317228e-01	-8.642322848883647879e-01
nan	-6.101881626654525048e-01	4.845040225355366770e-02	-1.479993543287088098e+00
nan	-4.742117530118306057e-01	-8.124362141025704975e-01	-1.113278318129261590e-01
nan	-3.044171769252648208e-01	9.042982682929425753e-01	-1.213527044565015256e+00
nan	-1.563469430654458980e+00	-3.422365135880397480e-01	-1.513933038188422175e+00
nan	-2.688449352378126100e+00	-4.702394448884428257e-03	-1.788121937022910224e+00
nan	4.951156492279854548e-01	-4.720822514382332913e-01	-1.000393377912692228e-01
nan	-1.280916116801008808e+00	-9.847920919844964371e-02	3.517169156070550917e-01
nan	2.225133335077356556e+00	7.035543865772867500e-01	1.835216077902179221e-01
nan	1.898312778636083165e-01	-1.757953290577335403e-01	9.968101792776185022e-03
nan	1.373424603156747636e+00	-2.060376934831544382e+00	-1.623193037570924258e+00
nan	5.365286336487682384e-01	-1.048266199928080011e+00	-1.421953743159205974e+00
nan	-9.081945669068773597e-02	3.365173819225435459e-01	-1.999265432657171271e+00
nan	-1.048030414661164977e+00	-3.607017218715506401e-01	-6.894325424008479475e-01
nan	-1.387669664184270291e+00	-2.447575088608684002e+00	-2.411680011211680408e-01
nan	-1.921260108871599481e+00	-1.184576161763053248e+00	-6.714890455170752226e-01
nan	-2.011911371745782162e+00	-1.958520063001949030e+00	-1.275680317341467251e+00
nan	-2.238623579493829174e-01	-1.420553566091680819e+00	-1.767774298566787250e+00
nan	-1.864761198070253423e+00	-1.476118645636209092e-01	-7.178844327940189229e-01
nan	1.160852874642031685e+00	6.830916000904130314e-01	-1.304024512273010750e+00
nan	-2.721513487948357124e+00	2.543560643699834811e-01	1.400675479949007762e+00
nan	-3.224919107398751983e+00	-4.518167040244687183e-01	5.320613786267991419e-01
nan	-5.969597577249358133e-01	-2.879420329178259408e+00	4.722712232374096653e-01
nan	-1.610683668477873143e+00	-5.294779060511298763e-01	-5.949802244698032538e-01
nan	-2.023772806726406248e+00	-1.156194810556378405e+00	-4.881629571339408669e-01
nan	-1.499311165633331333e+00	2.674517067415921323e-01	4.671855320024330127e-01
nan	5.959475607739421754e-01	-5.483551523643289682e-01	6.082311053472000406e-01
nan	1.928909230707470113e-01	-4.599378510229862882e-01	2.332542298697422301e-01
nan	-5.992017856276814491e-01	-7.361996193796022103e-02	-8.896564279098821970e-01
nan	-3.746890184421592940e-01	-5.802851271989997173e-01	2.105542249098644181e-01
nan	-8.670644890837960750e-01	-9.304287383278189161e-01	-4.892383124644963249e-02
nan	-8.875421958848501713e-01	-1.800458636698750170e-01	-2.770384751706395088e-02
nan	-6.505957445365213587e-01	3.096564740727856813e-01	1.093770381064377517e+00
nan	1.613324438469034394e+00	-2.362880902679454775e-01	-4.486044358681168243e-02
nan	9.661301483643394139e-01	1.917186621766989063e+00	1.322230163652244883e-01
nan	2.528907437351126219e+00	4.895779738983940810e-02	1.442698997279045381e+00
nan	3.095530611330376658e+00	1.004868701792565489e+00	1.739057657311758875e+00
nan	2.898341150019113854e+00	2.396188708986547677e+00	1.760784566056536882e+00
nan	-8.815830159963096158e-01	8.623788759505409685e-01	1.065846892455976525e+00
nan	1.665095829648169712e+00	-2.131856784440600450e+00	1.082010349627425150e+00
nan	-1.746975624295089791e+00	-3.576635501993114530e-01	5.528205816133481276e-01
nan	9.079964806168718816e-01	-3.653538760875561509e-01	-9.716145315797669602e-01
nan	4.000850416506187557e-01	-1.164702149458527014e+00	-6.527253915359139125e-01
nan	1.746655734740083954e+00	-5.252270908554353968e-01	1.067988325641037628e+00
nan	-1.452719973583683766e+00	8.606907385675006683e-01	4.355016808663600414e-01
nan	-1.535299106110813661e+00	-1.117619385681025979e-01	-1.601718934144734652e+00
nan	-1.013671916311376098e+00	1.992254890529915334e-01	-1.775191896579280115e+00
nan	-3.597890791194755522e-01	3.939307307448153828e-01	-2.658489163548113376e-01
nan	-1.720297693417039531e+00	-8.031661501047921981e-01	-1.866868048210341691e+00
nan	-7.796651648092205455e-01	8.694155164604288055e-01	-1.786746542364905821e+00
nan	1.218381157914618873e+00	-2.056595571934501931e-01	1.742988550828719618e-01
nan	3.338056417975422407e-01	-7.994771887350129447e-01	-2.472420101365460532e+00
nan	-1.115360289959717477e+00	9.042791384613843020e-01	-1.356265605683004027e+00
nan	5.975044645344954608e-01	-5.111372725530659578e-01	-8.434728314526737103e-01
nan	-2.195324904135941502e+00	-1.590102900666758856e+00	4.978090705156348328e-01
nan	-1.045509429625288700e-01	-1.461548271502360441e+00	-1.056296670948107863e+00
nan	2.371708456411265598e-01	8.130408721241736414e-01	2.353921022160069265e-01
nan	1.446650216348506213e+00	5.847867646414193210e-01	1.587174564739027183e+00
nan	1.011700044242256347e+00	8.311202111040244533e-01	5.278316393399644646e-01
nan	2.465971544859470566e+00	9.903445140347740816e-01	6.247782758369462286e-01
nan	1.913114967384004439e+00	4.434991228842131150e-01	1.345805197190572677e+00
nan	-2.632286858199895940e-01	-4.990500457651394495e-01	3.832829996631361702e-01
nan	1.935194843132659770e+00	-4.589168536886076843e-01	-4.295498696370017577e-02
nan	1.809633676825567195e-01	-3.669088855409032290e-01	-9.200602151222397884e-02
nan	-7.328052425552172844e-01	1.219201448132150034e+00	-4.693495542528938747e-01
nan	-1.032438436341112098e+00	1.780379890768933437e+00	1.709317868608722257e+00
nan	1.795383476305720150e+00	1.266965432351218501e+00	2.140753095525955718e+00
nan	1.801327001324207311e+00	1.968477966998967821e+00	-1.876991386295607800e-01
nan	1.589214501934028467e+00	1.572967410621328721e+00	-3.438614901027950976e-01
nan	1.761143213392512674e+00	1.764329598952984579e+00	2.583857120094205095e-01
nan	1.095343886764627239e+00	2.074177984268334995e-01	6.511945769271489937e-01
nan	5.536083676895660055e-01	2.995174935731234611e-01	9.507593519110782432e-02
nan	7.213597058353056202e-01	2.019312746292195371e+00	-9.939998385647642598e-01
nan	8.154751481752965381e-01	1.214727378440997541e+00	-2.045619819904437531e+00
nan	1.743684586180492824e-01	6.143079203673155186e-01	7.145711787893724853e-01
nan	-1.303921715185121788e-01	1.629528525424150942e+00	-3.143121089231931675e-01
nan	1.943366892814806790e-01	-1.354061731086526610e-01	-2.121498659981136403e-01
nan	7.590668047712748612e-01	-1.869664251189756321e+00	-1.121553279743126463e+00
nan	-2.591056662307908987e-01	-6.694181051080333456e-02	-2.715043630039198908e-01
nan	4.837089790600129224e-01	-1.259542972968080710e-01	-3.611863714837554307e-01
nan	-1.715471117794930889e+00	-1.036591925628310484e+00	-4.180719026851124065e-01
nan	-9.148570690906496772e-01	4.628751686956246170e-01	1.603237949120911443e+00
nan	-4.901130548284948762e-01	-5.364940876145427584e-01	8.668489404186451308e-01
nan	9.765865141106311320e-01	-5.724571055143399256e-01	1.078997927816361280e+00
nan	-1.375990685326269891e-01	1.627580530416831983e-01	1.484039542078320784e+00
nan	-8.739974783418613669e-01	1.593726532108339367e+00	-8.476839314228924449e-01
nan	-5.634069413544570692e-02	-5.869861859317639929e-01	1.873052547959760394e+00
nan	-1.130359280917869524e+00	4.523435657343691241e-01	6.329402763200191462e-01
nan	5.538725375983211130e-01	-9.223943371665754842e-01	9.403939851559013352e-01
nan	-1.223604657063277479e+00	4.764868885431051970e-02	-9.502262146042842472e-01
nan	-1.811345092809324875e+00	-1.207948800949437462e+00	5.948887427322904209e-01
nan	-3.814620942248351243e-01	-5.434566108043086263e-01	2.596618440266341699e-01
nan	4.009008132336217001e-02	-1.039851866349923881e+00	-3.129347728679894303e-01
nan	-1.648887661418507289e+00	1.801334888409124702e+00	-1.082529569366905142e-01
nan	3.101346250466289756e-01	7.721463193374264455e-02	6.020992662757391756e-01
nan	-9.357711385581710672e-01	1.265676353548976341e+00	3.170163035764256287e-02
nan	-8.460404824761760256e-01	1.348111857435001060e+00	9.836719962463059685e-01
nan	-1.036231255439133303e+00	8.236715746323769460e-01	-2.816824569517459853e-01
nan	6.422421879815101153e-01	-2.215452174560600396e-01	-5.606463286455890538e-01
nan	2.273697003405184269e-01	6.149109263761290967e-01	-6.059249593787812138e-01
nan	-7.377371601962495751e-01	1.192134786268392199e+00	3.294689638507407037e-01
nan	-1.586960290967319942e+00	-2.140624472877625362e+00	3.625165258709578953e-01
nan	-9.428179104059452031e-01	-6.703450614578805311e-01	-7.506380224648988575e-01
nan	-1.440002120352825710e+00	1.009264248623171545e+00	-4.945556768936048009e-01
nan	-1.713859955479828834e+00	-5.414693369562849634e-01	-1.310151124186082594e+00
nan	-1.159451477981839007e+00	1.364986635961633610e+00	-1.103075096100427199e+00
nan	-1.059655308345846120e-01	5.319537739728474879e-01	-9.987485634014220404e-01
nan	1.358555682456064340e-01	-9.723463219243597133e-02	2.988355170150279183e-01
nan	1.443420827410414997e+00	7.625661251984302558e-01	-1.076238124472634006e+00
nan	-1.521690094264204207e-01	1.088627912169415346e-02	-1.704875376017889632e+00
nan	2.623506385375503402e+00	3.815949513917075708e-01	-2.309927831230233153e+00
nan	1.052141310709429289e+00	-7.268511884941388779e-01	-1.339867746219474132e-01
nan	1.701631658156591342e+00	8.579629227920040346e-01	3.315509469095391792e-01
nan	1.601240824509884808e+00	1.687461322182470580e+00	5.525154686532531834e-01
nan	1.323300704127224225e+00	-1.177744000727051432e+00	-4.913933228180754620e-01
nan	8.213716566923336959e-01	3.838492542357203607e-01	-1.543132407181551313e+00
nan	1.225478075226662300e+00	1.144627384096682743e+00	-1.322633688695342979e-01
nan	4.336678580179028630e-01	2.982791382074364339e+00	-3.700560036136615327e-01
nan	6.312748423209590953e-01	7.549780329615431995e-01	5.596397534390106232e-01
nan	9.092606720053594271e-01	1.807037013666393799e-01	9.205799200880085964e-01
nan	1.757636571855761554e-01	1.051420990876240413e+00	1.147726828518862430e+00
nan	-8.299207795753931194e-01	1.331408665996672624e+00	-5.491546765726558199e-01
nan	-8.728261467968166931e-01	-1.830070716949192988e+00	-7.342587477017453734e-01
nan	-3.218933052761908886e+00	-1.111985531025495577e-01	-7.348825765512112529e-01
nan	-1.745403615240993966e+00	-1.691972890540222041e+00	-2.006704147965218787e+00
nan	-5.012722559214872753e-01	-1.944948408183682087e-01	5.894386457656537459e-01
nan	1.277137767691364445e+00	1.236224623293084690e+00	-2.975145908420422924e-01
nan	1.425194730435658919e+00	-1.005239313005549473e+00	-1.487693177479285644e-01
nan	-4.917206058749631348e-01	-1.726318781894964793e+00	-5.934973704413248896e-02
nan	-1.024203696669331531e+00	1.241107311242680700e-01	-2.230660343924872002e+00
nan	8.357290227090823365e-01	-1.687659337321563591e+00	-7.628198207126499764e-01
nan	-7.764829121745506768e-01	2.393247838463167243e-01	-1.102515652753369269e+00
nan	1.090623685958400424e+00	-2.911395938248616533e-01	2.564255496625027497e-01
nan	8.724099041146596845e-01	-1.195940210088523914e+00	4.009399613630985626e-01
nan	-1.164015983619770989e+00	1.148400648116158773e-02	-1.566151719394878628e+00
nan	-2.077915514509075745e+00	-5.263083692106944600e-01	-1.648500674215088946e+00
nan	1.064513960694641437e+00	-2.731508322016524826e-01	9.110522491465611328e-02
nan	1.232555010545481444e+00	-3.777006876128006230e-01	2.708742200172504222e-01
nan	1.742401032131047356e-01	-4.478035689108690320e-01	-8.280442830313340385e-01
nan	3.217867860081086162e-01	-8.402551525367704111e-01	-8.143346875049621847e-01
nan	-1.186507646035932728e+00	7.693786844064454122e-01	-4.082860539452357607e-01
nan	4.564581833542426526e-01	2.203196044299539080e-01	1.625102310020116736e+00
nan	-1.072871060073993021e+00	-2.101228890290222917e-01	1.355123454268512440e+00
nan	1.048711719656552299e+00	-8.310255545606320959e-01	1.127853414593777082e+00
nan	7.392498814612690206e-01	-1.182282129952480165e+00	5.923748380746350906e-01
