nan	5.160779582597688764e-01	1.002959037676220827e-01	-1.079144357643819774e+00
nan	-4.893664926617928290e-01	-8.011347755985489538e-01	1.494256882419979338e+00
nan	-5.446167798504047974e-01	-1.099949370224943879e+00	1.272695490227692794e+00
nan	-1.883637630553679720e+00	4.834229713474402779e-02	1.795303277322017443e+00
nan	-4.804384336165527514e-01	-8.477378792290846121e-01	2.233375189982174991e+00
nan	-4.236227607163658426e-01	-6.023493586102111053e-01	-1.137898197717952309e+00
nan	-1.413936615260275032e-02	3.713108623752677806e-01	-1.609496659368670368e+00
nan	-1.034847623397423755e+00	1.310025705499860527e+00	-1.321063924301735248e-01
nan	-4.350003699965039328e-01	1.034583426852145438e+00	-8.966639171792987195e-01
nan	2.025355676125920823e+00	-1.154720787442128360e+00	2.385769605874641097e-01
nan	1.704543222352329801e+00	-1.650314206996201571e+00	1.866461533987518351e+00
nan	-1.779522991870840787e-01	1.632722359436376891e+00	4.391034767407892003e-01
nan	1.009383881314669384e+00	2.069922175757078264e+00	1.059377636010228052e-01
nan	2.593722207547544567e+00	8.836313861937110659e-01	4.973046905490082215e-01
nan	8.595073424940774531e-01	3.152774117066573512e-01	1.209783871867702754e+00
nan	1.425145169720062110e+00	4.068463185826192707e-01	2.899766890305531808e-01
nan	1.324158924416495853e-01	9.120562659222604118e-01	9.161123527282779566e-01
nan	4.098910058117364308e-01	-1.396848330815729233e-01	4.074626644329648606e-02
nan	9.513940770612833164e-01	1.110360682340371330e+00	7.115130578705778364e-01
nan	-7.601000018979214845e-01	1.475037081778271419e+00	5.748089928893672651e-01
nan	1.130094465064948484e+00	-2.746258192521588426e-01	1.128580296410118367e+00
nan	-1.266948123542452898e+00	4.788817127848887800e-01	6.639420420718525340e-02
nan	-3.425170107139596798e-01	-3.955613362212970774e-01	-2.597388700297219799e+00
nan	1.379283793882653264e-01	-1.911119139746151774e+00	-1.934086379397847111e+00
nan	-1.232300824253234284e+00	-1.048213713304467998e+00	-8.336716356635103242e-01
nan	-2.578357616834348609e-01	-2.588634157261239910e+00	1.398377609921530595e-01
nan	-2.820688112013673976e-01	-1.051752698683127152e+00	9.382431247318137046e-01
nan	-1.363169768068746457e+00	-9.238056534330458813e-01	7.868338131955361359e-01
nan	-2.169680325795204645e-01	-1.624564914915884728e-01	-3.266018172860344349e-01
nan	1.589880908386729907e-01	-2.739784028591005782e-01	-1.557817071522586971e+00
nan	-5.155924845268579082e-01	3.473831242865481062e-01	-1.792590787171129407e-01
nan	-4.790706984172806715e-01	-8.378082611991105599e-01	5.907230687284902304e-01
nan	-6.693900282556879411e-01	-7.563697985118577050e-01	2.811255059600021866e+00
nan	-6.157103503954306500e-01	4.511310963312498146e-01	3.205942876561046706e+00
nan	-6.260460216678889189e-01	7.059815931887157836e-01	1.142444011810578974e+00
nan	-2.549610218403920991e-01	2.517820651732458614e-01	9.618881481538377187e-01
nan	3.800447696187021496e-01	9.109053110682553689e-02	-6.621449043006579771e-01
nan	5.828383242174470236e-02	-1.172366358115699336e+00	1.494053458576677151e+00
nan	-1.292160156556962924e+00	1.630741361994875183e-01	-7.546724616396247587e-01
nan	1.548883683985937121e-01	-5.344874560407484321e-01	1.153357373242978323e-01
nan	-3.422272978179446423e-01	-1.673431112643774199e+00	-3.671240828557572611e-01
nan	2.295001381069219359e-01	7.641811474506532420e-01	1.420576165571642013e-01
nan	1.260862570799971660e+00	-7.366513725802192880e-02	9.159538345284217176e-01
nan	-7.695701123045534109e-02	-2.652664766665610019e-01	-2.584589643675178627e-01
nan	-3.073581543256733162e-01	-5.564497854076313477e-01	1.620765000253951149e-01
nan	-3.531724470521244164e-02	1.614881682586846390e+00	4.773030648034952417e-02
nan	6.253907329848653607e-01	-5.120099876836156083e-01	4.522190243786333719e-01
nan	-6.816452130028115564e-01	7.519417990543182384e-01	-1.950017316456635896e-01
nan	-1.169166891458786606e-01	8.167287215626131136e-01	-2.382348550697840350e-01
nan	-3.725670114182999537e-01	1.040199115594135693e+00	1.369217427016386157e+00
nan	-1.498884802025820528e+00	-6.250158187773885432e-03	-6.433808465685578737e-01
nan	-5.706008091314552777e-01	-3.622703910935761717e-01	-6.051106298219778301e-01
nan	8.747723367065485256e-01	-3.555466107551241706e-01	9.861181753297818542e-01
nan	2.314316742127761617e-02	6.776967863612567422e-01	8.972865859542122902e-02
nan	-7.573723534080291087e-01	-5.193478135417032293e-01	1.442829407082720561e+00
nan	-1.413499518494616414e+00	-1.607210692844823541e+00	6.001623678557440611e-01
nan	-5.424602021067617130e-01	-1.475512060038605799e+00	-1.947654612288824971e+00
nan	-1.207308219338296906e+00	-4.891407825991553882e-01	-1.016344036885572510e+00
nan	1.362423281619163928e-01	-5.808368156514449598e-01	-1.314747861167905540e+00
nan	-2.487236042116765522e-01	2.336543021771434470e-01	1.329836877315507815e-01
nan	1.634429079299607235e+00	-1.076561094982999345e+00	1.449082976606266282e+00
nan	1.613744377627171822e+00	2.388492447825490972e-03	2.212283584897058120e+00
nan	1.179476749713759487e+00	1.512393983462934521e+00	1.116208085418070706e+00
nan	-2.468188571145752963e-01	5.160056655679556847e-02	1.393745179967639025e+00
nan	-1.186517830949344932e+00	-1.543344022270259908e-02	-5.067208732022632223e-01
nan	-2.140601424049274559e+00	1.405728634624964890e+00	-7.145634060686711919e-01
nan	8.270919460716879001e-01	2.769703102383637150e-01	-1.169323822778325805e+00
nan	1.069823696189676321e+00	-1.316811322989022592e+00	6.605615964370101789e-01
nan	3.616284193202815023e-01	2.344815787631168824e+00	-3.029342103711911705e-01
nan	4.036421733437988713e-01	-3.347015592488326030e-01	9.146567681499941926e-01
nan	-7.890250133989267223e-01	-2.569825942528752627e+00	6.174313536086114551e-01
nan	-1.641840760948464650e+00	-8.550304439678579893e-01	-2.675747963027390597e+00
nan	-5.532901791818440884e-01	-8.791251837069160580e-01	-1.039209895721193266e+00
nan	-1.114653821050923366e+00	-1.059934736517097242e+00	-2.126063597474545652e+00
nan	2.450477742832793959e-01	-3.338467594882538192e-01	-2.279846011503573688e+00
nan	5.502012250225962742e-01	-1.028268555768336423e+00	9.881477209943423379e-02
nan	-1.606291510138624368e-01	1.521205528146567065e+00	-6.564614663632685199e-01
nan	1.101097663335697030e+00	7.294020345963831975e-01	1.696058390984900854e-01
nan	3.053766697021461418e+00	2.286810520253950152e-01	3.939907378145199313e-01
nan	2.771705861195544074e+00	9.027744524850289665e-02	-4.215635004634854521e-01
nan	6.742001764303934275e-01	5.362735318248503802e-01	-2.158032562805464405e+00
nan	5.257150489081653388e-01	2.364079863889636979e+00	-1.020855290402296278e+00
nan	6.852196693087064805e-01	5.796086351479791121e-01	6.512298872749140433e-01
nan	3.185415513110578800e+00	-7.754515415318855576e-01	7.549351353853888114e-01
nan	1.276975736237856429e+00	-9.709760866744183705e-01	-9.159838386439278501e-02
nan	-2.808628019620007521e-01	1.150032026212971736e+00	-1.219363844276510900e+00
nan	1.538749912101733675e-01	-1.565060700280621386e+00	-2.469789362692219603e-01
nan	-3.810694070621351015e-02	-2.544680097391326390e-01	-7.339276493732340700e-01
nan	-1.657698368170503755e+00	-1.538464708776380752e+00	5.773814985171150660e-01
nan	-2.378847707591251304e+00	9.887989124406626473e-01	-1.114866589030324873e+00
nan	5.315960124021704702e-01	-3.561576561190842871e-01	-2.584525443333862693e-01
nan	9.256671429273871654e-01	5.501562362837053577e-01	1.251519710215920567e+00
nan	2.992722441728210558e-01	2.519239956808163594e+00	5.989647626627593313e-01
nan	1.577118760287536725e+00	5.729753009001052888e-01	1.176986419232889380e+00
nan	-8.563665072109638565e-02	1.847645617024645581e+00	-7.799229286579900666e-01
nan	1.121843085375028970e+00	1.803887390473433827e+00	5.355280450896655609e-01
nan	-1.965596150369184336e-01	1.615346369622774336e-01	-5.729968591833617397e-01
nan	2.958950394894183655e-01	-8.126178973058539867e-01	-2.059957471386923977e+00
nan	-1.284371322681147287e+00	4.588580815472085295e-01	-1.895049735885304232e+00
nan	-1.825495147980172650e+00	9.118451393579425357e-01	-8.290990137222646883e-01
nan	-1.608339383870616146e-02	-8.179753493323418390e-01	-1.315825088553653099e+00
nan	-2.010282728925293139e+00	4.190963472804956624e-01	9.193938339043572494e-02
nan	5.518339597511484618e-02	6.486593253528525338e-01	-3.483636751450694402e-02
nan	1.838227766570013522e+00	1.036616832774892721e-01	-6.357467907174038646e-02
nan	2.151067745994216907e+00	8.767650208712546300e-02	-1.910396510292613925e+00
nan	1.469208519349597841e+00	-1.815074375122402550e+00	-6.169628123905851469e-01
nan	3.063083615581848052e-01	1.063466545160270810e-01	-6.842531886369640493e-01
nan	-1.333718194695521775e-01	1.462931748575471147e+00	-3.515148669794500025e-01
nan	-8.318562748500393234e-01	1.668033872873311063e+00	8.937975503119244269e-01
nan	1.706059659105584325e+00	4.880191318573191550e-01	-4.466074452515182980e-01
nan	4.592836661163811618e-01	4.285921958910539065e-01	1.640773695984611535e+00
nan	1.281244894181066574e+00	2.949598917370521156e-01	1.445249905140711721e+00
nan	6.611941988993854658e-01	5.992601294336642459e-01	8.512909883607933104e-02
nan	-1.048879977582004352e+00	4.586902613447954580e-01	1.306048923877226819e+00
nan	-1.167578581671335103e+00	-1.853843129831747483e+00	-9.127342480689007997e-01
nan	-2.109742004871148158e+00	-7.050398723797846046e-01	-7.071601125838787860e-01
nan	-9.127399060157572741e-01	1.029473952707887774e-01	4.633850451414371352e-01
nan	-1.369744328452303428e+00	-2.049940344695922734e-01	-8.488430638786292892e-01
nan	1.367037031967610616e-02	8.130635563563020085e-01	-1.705112866655673631e+00
nan	-1.876976266149529060e+00	-1.591438007059699178e+00	-2.996336299111215240e+00
nan	-8.349293778184760928e-01	-3.618080664496627907e-01	-2.305240724520889906e+00
nan	1.276887752591895797e+00	1.372619459188646474e-01	-1.486626960804874997e+00
nan	-6.499536787623838574e-02	-9.736497137018167436e-01	-1.459162766790327082e+00
nan	-2.228611263344447702e-01	-4.812353056696051512e-01	-2.389239981555753567e-01
nan	9.413803705578632774e-01	-1.775909453523655257e-01	-5.596017732747690099e-01
nan	-7.679202842124471795e-01	9.909267334877863709e-01	1.503968891510158445e-01
nan	1.188520950677487420e+00	1.280368653415146385e+00	2.077056821984633483e+00
nan	-5.715015813406087997e-02	-7.456233147794975036e-01	2.050996639504625740e+00
nan	-2.045756608619558659e+00	9.857874884651158798e-01	1.667088859513499166e+00
nan	3.998515717197649866e-01	8.827910255528470529e-01	-3.106072458808428749e-02
nan	-5.416000461522831877e-01	1.352633853121542717e+00	-8.133134124971936885e-01
nan	6.010316451408648231e-01	1.286997935006113591e+00	-1.894386904362503676e+00
nan	-1.997587500281944317e-01	-5.557244084985307753e-01	1.622427949134406022e+00
nan	-1.213166749923167753e+00	-8.024838669322910123e-01	-9.275391418460443571e-01
nan	5.215619209640721676e-01	-1.021186664735072469e+00	-1.512740258866462906e+00
nan	-7.893766276899589762e-01	-6.979967321449236373e-01	-7.826200550818001034e-01
nan	-7.212126821576866353e-01	-1.942063855158671526e+00	1.328027998931876397e+00
nan	-2.858727082286584231e+00	-8.310561365961202096e-01	-5.153163318538189763e-01
nan	-2.426761018318512875e-02	-8.971658219541613910e-01	-3.866749775029710845e-01
nan	-5.025374095965567944e-01	-3.440666529951291186e-01	-9.332212802647055216e-01
nan	-7.584523543809031931e-01	1.446492895213964847e+00	-1.961865030227502249e+00
nan	8.274850872850865180e-01	1.207224787488253348e+00	-1.293415717118332475e+00
nan	7.005941565492905809e-01	-8.556741374616395612e-01	-9.461658843526681295e-01
nan	6.707493394981647317e-01	-1.852314881329093055e+00	5.217209099394689575e-01
nan	-1.213860559736112732e+00	-1.736847421867426244e-01	-6.360390062420848700e-01
nan	1.299294949087426154e-03	-1.105402586655052311e+00	-1.350911201932725736e-01
nan	-1.137573004563741996e+00	-1.071194537893005172e-01	-2.842679074811185203e+00
nan	-7.353728937811858657e-01	-7.478041104004009565e-01	-9.350414828549531432e-01
nan	-2.321755466995902850e-01	-5.574427887942099424e-01	-9.440814736385862993e-01
nan	2.951696491126739597e-01	-7.586440101118566148e-02	-1.554380941439409969e-01
nan	-1.143676570593470831e+00	-2.543204838543705049e-01	-1.242259350289782294e+00
nan	-1.860333981224676358e-01	1.981442882733913113e-01	-6.588541744461251515e-02
nan	-7.580256296487727363e-01	-6.146403945504623767e-01	8.586714473359073896e-01
nan	-1.722397324029707022e+00	-3.859315991880674646e-01	-7.184859025320058379e-01
nan	-1.091482921816370188e-01	-3.769692626853560213e-02	-1.283760482160158645e-01
nan	4.531949129368655071e-03	2.034675346229388282e+00	-1.093021778390021737e-01
nan	9.168639091582371226e-01	-2.910466610326406522e-01	1.742695722046032625e+00
nan	3.751228310808466526e-01	2.125747794316663608e+00	2.263512406542910416e+00
nan	4.912619225809402024e-01	6.610074601634885472e-01	4.440030164927358802e-01
nan	2.998412119202096826e-01	1.914417389588421337e+00	7.006550941560405477e-01
nan	1.296589082984455965e+00	1.686066925599532196e+00	7.438147966860597649e-03
nan	1.081145947544569941e+00	-3.303743689212372825e-01	6.436210546595311222e-01
nan	4.461293595178302263e-01	9.204222866759081967e-01	1.383338305728031958e+00
nan	1.254827414674556607e+00	1.544421375429691157e+00	6.025270267959292880e-01
nan	-3.923019068870211568e-01	1.525909252371282943e+00	1.467356505925059063e+00
nan	-5.001852342984738353e-01	1.310870723683396355e-01	2.954961140667103914e-01
nan	1.015554730488344326e+00	-2.356917057945537297e-01	1.086098161798047634e+00
nan	4.087355141669806735e-01	3.879576612233007760e-01	7.801789211323648665e-01
nan	-8.367887913125390265e-01	8.988968186088279744e-01	2.050408333279381878e+00
nan	2.795188044864331256e-01	1.047027316187919832e-01	-6.226629642249704721e-01
nan	-9.829312882941242391e-01	1.299140964511989793e+00	-8.499967558146792612e-01
nan	9.983140691329903116e-02	6.314932338146264090e-01	1.246514564332696362e-01
nan	-3.537799146249858140e-01	3.294045093240950406e-01	-7.895646463351010946e-02
nan	2.898431561074429896e-01	4.321271774522877362e-01	-1.764202760989922236e+00
nan	6.721725272464882384e-01	5.712190437644576457e-02	7.622662805660540553e-01
nan	3.249032629082251877e-01	-2.418116233856436315e-01	-3.093388266444578316e-01
nan	1.664231462751024626e+00	7.066735255140494942e-01	1.810240275312994918e+00
nan	1.315534427714990962e+00	5.461608595211859818e-01	-6.200055638765955557e-02
nan	9.233026395833736633e-01	-1.077821916944023517e+00	-2.148637658793474126e-01
nan	1.134583393402821994e+00	9.010800726803147587e-01	-3.296890302208673740e-01
nan	1.700541538780058204e+00	4.353625993917586978e-01	8.824945299154093314e-01
nan	1.674127170961094535e+00	7.136093509287217973e-01	3.259542076287811896e-01
nan	2.444457383534459183e+00	3.841566986587437449e-01	2.073873588431781601e-01
nan	-5.525818972541027829e-01	2.372483133837265612e+00	1.561268420930437273e+00
nan	-4.558688781876198970e-01	2.198980949439884314e-01	1.974849258170629174e+00
nan	4.464340378960902078e-01	5.116851439154671555e-01	1.525208189932831360e+00
nan	-2.729664855777854116e-01	1.466934712847913491e-01	2.429173490205255304e-01
nan	3.842132159096370847e-01	2.129831350321961803e-01	-7.532509165655503214e-01
nan	-7.077978363809930284e-01	1.745410395987893715e+00	1.496102679506337019e+00
nan	6.967592713902768242e-01	1.072818070329838891e+00	8.349355752185370072e-01
nan	9.421205813864435008e-01	1.134158340661563180e+00	8.690790959647294311e-01
nan	2.970304242372672654e+00	7.755323710811403704e-01	2.618211801489232382e+00
nan	2.332453517040546487e+00	6.779194653965072703e-01	1.619516388640398930e+00
nan	3.188364327457468228e+00	1.087528715971161075e-01	8.355368120208310767e-01
nan	1.196098220638334819e+00	4.879675174270149407e-01	6.789575683817801188e-01
nan	-5.900253782940928504e-01	4.399109806229812847e-01	7.747664729856942323e-01
nan	-8.662602883568717438e-01	3.519035788233777051e+00	-2.631657870378831809e+00
nan	5.855592416106211173e-01	1.243783720776798107e+00	-1.385347725089256743e+00
nan	-3.113043523749443597e-01	8.359793065559588676e-01	1.119379039815748822e+00
nan	6.382634780306455091e-02	-3.806145060179655371e-02	-6.657067115875803243e-02
nan	2.700552196306175823e+00	-1.001861178075095449e+00	-9.684981513811533743e-03
nan	1.240492579975991161e+00	-3.664411940838366855e-01	-1.086195730890027189e-02
nan	8.402404469280593258e-01	7.139181788568580433e-01	-6.189891746791937877e-01
nan	1.219494843780661419e+00	-1.971235833084894473e-03	-8.436730368849663098e-01
nan	8.956197783282338065e-01	-1.281491487153125330e+00	-1.926704423018604340e+00
nan	1.255231107348853348e+00	2.137598580584929575e-01	-3.346263508697083111e+00
nan	5.041101881429311815e-01	-1.399563434828339448e+00	-1.210326769809423109e+00
nan	-1.214968248440899234e+00	-4.401893952045247138e-01	-1.972764813809119389e+00
nan	1.310352835284773199e-01	2.849878765504021971e-01	4.988242322094522674e-01
nan	1.571806455048294415e+00	-5.253260197131101039e-01	1.168850252199466810e+00
nan	2.010760136753502181e+00	7.851146750360193938e-01	1.655414345041106294e+00
nan	1.662231754696847252e+00	1.270954302459278651e+00	8.675366007236134935e-01
nan	-4.582210870153847759e-01	-2.107276630240134674e-01	9.386246211912299131e-01
nan	-8.592490475742488032e-01	3.116685641451424349e-01	2.947547932721241271e+00
nan	-4.093291057127146360e-01	1.543365864498199569e+00	-2.571845615827406117e-02
nan	5.129300041197106808e-01	3.752600409646649759e-01	-1.513676669425584098e+00
nan	9.057965488601731341e-01	-1.730817565029589389e+00	-1.399194733512375333e+00
nan	-3.365654516885022152e-01	-2.187366193803520487e-01	2.312463675032320198e-01
nan	1.662107613657832772e+00	-6.734315492232642031e-01	9.320418132370849040e-01
nan	-1.312693995889202103e+00	1.314223310061847005e+00	-2.270159024524592284e-01
nan	5.202393070388289242e-01	-1.472722827935567080e+00	6.523438291154792790e-01
nan	-2.748541760775949361e-01	-1.391139311046784677e+00	-1.599850898040536373e+00
nan	-1.867402614643354886e+00	-2.966657143552885456e-01	-1.204969000143890412e+00
nan	-1.324423794527205267e+00	-1.235552465842889802e+00	-1.213064591264033654e-01
nan	5.367390508973389762e-01	-2.189838932463223031e+00	-1.894053203412298547e+00
nan	-6.076332180112362646e-01	5.884997404389851194e-01	-3.521553519580188585e+00
nan	2.184381983373499536e-01	1.726687127936598898e-01	-9.614116514898333188e-01
nan	1.525714101788828048e+00	1.636760450281355972e+00	1.133212576710466823e+00
nan	1.756875386126140581e+00	4.609941189782972848e-01	1.342758922304459368e+00
nan	8.073439788683096641e-01	2.034419223524355225e-01	1.045313723596986488e+00
nan	-5.428932835232302967e-01	-8.834366234119533923e-02	1.038325488562187537e+00
nan	-5.526873421203142289e-01	-1.331241933988181581e+00	5.879731208379933571e-01
nan	-1.760305920117876344e+00	-1.296175683796668698e+00	4.886373765513200018e-01
nan	-8.842288903963213542e-02	-1.113985010151903543e+00	-7.391683676827209837e-01
nan	-3.094951477900885095e+00	-4.281303005235134185e-01	-8.440073871659128368e-01
nan	-1.510315150736805778e+00	-2.313505061505605198e+00	-8.461545826532588244e-01
nan	-1.808858789448259730e+00	-1.328646781964130552e+00	-1.367711177715477788e+00
nan	1.309541228617860931e+00	-8.020626163106858719e-01	-1.531558010973783190e+00
nan	3.630457872867385305e-01	-1.164550505489706067e+00	-5.413284596967765649e-01
nan	-3.737674119193877820e-01	1.064380529668797148e+00	-2.145124269208681156e+00
nan	-5.852773116674317988e-01	3.012300411051317406e-01	6.646926462083755371e-01
nan	-4.451810080572063955e-01	1.267983364556378445e-01	-1.114402036836043441e+00
nan	-1.626528217847974078e+00	1.186451893153920162e-01	-9.753128264534898229e-01
nan	2.875950609381814904e-01	2.286815484208177374e+00	-1.379249732965958541e+00
nan	2.706047224643449711e-01	5.477465053133658834e-01	-4.082909916902586200e-01
nan	1.080393167602618609e+00	4.384453983509954966e-01	-2.241492303208267312e-02
nan	-1.029376047681629824e+00	1.676254102366014465e+00	-1.068400756152998676e+00
nan	6.775819140933864171e-01	1.169178517457110988e+00	-1.118448010283899841e+00
nan	-1.550693659931601465e+00	-2.161635512029295159e-01	5.638785714386481684e-01
nan	9.719431289737126001e-01	-4.352881472282423281e-01	-3.391616251842150542e-01
nan	5.497931403146362472e-02	3.892246484786349159e-02	1.431165626846635508e+00
nan	4.205342349787443146e-01	1.650384845318701110e+00	5.120718300137483414e-01
nan	1.007878482638309148e+00	2.189655579212197445e+00	6.621486037284907145e-01
nan	-2.580986801915867712e-01	2.032109571061781139e+00	1.332984961399184431e+00
nan	1.160249332590548299e+00	1.758132615515395347e+00	6.152258980235758568e-01
nan	3.304565478441243265e+00	2.095699712726335040e+00	4.665736638106329770e-01
nan	2.736565108717924577e+00	2.947982479593160399e+00	5.952966442839999761e-01
nan	1.338344899175649472e+00	4.745010865838295011e-01	9.061162671585487605e-01
nan	9.776272578001357072e-01	1.060731171071318979e+00	9.694451082680374254e-01
nan	5.263337599280237811e-01	1.099718407930113218e+00	8.323461290264300150e-01
nan	-1.451176026777759032e-01	1.238838028693030502e+00	-3.178620790365556115e-01
nan	6.674427613098008472e-01	1.147676462241359774e+00	8.914134344522365305e-01
nan	9.478095509937706220e-02	5.369964485678865307e-01	-5.655545094625982205e-01
nan	1.118304217262129807e+00	-4.331257389245026235e-01	1.415159313011663811e-01
nan	-1.772165018883989474e+00	6.417183204496021975e-01	5.507109490536776786e-01
nan	1.359091704511501852e+00	4.779786775054975512e-01	-7.897760962378739258e-01
nan	5.184771026737304833e-01	5.464409392496324402e-01	9.395792503137521123e-01
nan	2.792873697069167882e+00	-8.171585226222104481e-01	4.609508411405216499e-02
nan	6.322631987169804457e-01	3.185343991605325553e-01	-4.866764922515829372e-01
nan	7.213797388799911281e-02	1.324493224102665678e+00	1.186091705548449005e+00
nan	9.735062271169472314e-01	-3.076832359782402659e-01	1.770120410117870247e+00
nan	-3.970068667854297351e-01	1.525110861903653525e+00	-4.268118145545243269e-01
nan	7.654706087473608367e-01	2.060466124671992638e+00	1.367939902769533145e+00
nan	1.789782557610225533e-01	7.147671485083688658e-01	7.029436301530054276e-01
nan	7.927360853410811981e-01	4.633302521468849466e-01	1.389877341270174149e+00
nan	1.622604589950549236e-01	3.406803180243190843e-01	1.309927375737233834e+00
nan	3.831868361816787028e-03	-2.428565791204928548e+00	1.500568927931415830e+00
nan	-1.475948397057289529e+00	7.921581065679158540e-01	8.036071451812537569e-01
nan	1.396313106706995044e-02	-4.875194409673606066e-01	1.636829900166275609e-01
nan	1.140970385651741137e-01	-1.556333804882395144e+00	-7.308932664016591918e-01
nan	-6.346010464080620306e-02	-2.712781857988648682e+00	-9.655440802123700372e-01
nan	-5.211928293082184194e-01	1.483755460274569504e-01	-6.075398777037304132e-01
nan	-2.734075329234302854e-01	-1.198848213583536548e+00	1.341002502754882864e+00
nan	1.045159499944902648e-01	3.044867790406617369e-01	-5.407594703007937431e-01
nan	-1.207687546790733535e+00	-8.829929234111539849e-01	-6.100892395669436086e-01
nan	-1.871755916181206292e+00	3.008711048086275541e-01	-1.107988465151206636e+00
nan	-8.596118606414339114e-01	-1.102326844158768582e+00	-2.201873468463154904e+00
nan	-1.175126053167424023e-01	-4.881359032138447018e-01	-2.726809848033625805e+00
nan	1.397721704358558525e-01	6.154626075940246022e-01	-9.370215119032220263e-01
nan	1.655919599588388191e+00	8.644965502384569511e-01	-5.382949624201400773e-01
nan	-2.214415025864338027e-01	1.320385153346989027e-01	-1.502698866204336792e+00
nan	-8.479340644343897893e-01	-2.263679538344377795e-01	-2.620332761357551110e-01
nan	-1.178724101556847259e+00	-1.548453952811792711e-01	2.550445099859774412e-02
nan	-1.074482200816568644e+00	3.149287496930030517e-01	1.692303549902884896e+00
nan	-6.177595806286326763e-01	1.600840294574347844e+00	2.961833610396908401e-01
nan	-1.158338217909938184e+00	6.200572703449542811e-01	2.454243683858812197e+00
nan	-1.935844558052355557e+00	3.784658712206089293e-01	3.355652947796142760e-01
nan	-9.096256595353576779e-01	1.716234218542448176e+00	-7.822476749916082994e-01
nan	-6.952551814403526986e-01	-8.600673418115746260e-01	9.974791086290455411e-01
nan	-9.317427842101415614e-01	-1.345418825725872014e-01	7.490994126954809706e-01
nan	7.643106533844712391e-01	4.893889183591878522e-01	1.727572919511587701e-01
nan	-8.123748152482508367e-01	1.285404198895017558e+00	1.920599381621582058e+00
nan	8.265267674151614008e-01	-2.236309346202988990e-01	-4.862277547707649639e-02
nan	-1.220469681796362948e+00	5.233784746396636933e-01	5.757888015473975329e-01
nan	1.076044916601654744e-01	4.247687751644231291e-01	1.631369996040669401e-01
nan	-6.877152536004580430e-01	2.354683963878421160e+00	-5.910437756041033719e-01
nan	3.647722138695118632e-01	3.327417507567491661e-01	6.064847643968974689e-01
nan	1.084190202726899255e+00	1.689893663671078183e+00	8.807058612376985618e-01
nan	-1.173038977495363122e-01	2.432995891344602146e+00	1.139753558972586900e+00
nan	-1.102987129912915254e+00	1.813210621523446697e+00	2.651913025723238171e+00
nan	-1.013348545306515414e+00	8.586686189638857991e-01	2.959149717177034233e-02
nan	1.892308288819813389e-02	-2.778733247198058448e-02	1.230240575786024637e+00
nan	1.350455985772187339e-01	-3.803449056771232017e-01	2.180951261384710183e+00
nan	-5.320070999006871748e-01	-1.248742437995659982e+00	1.801226223315438801e+00
nan	-6.226559993169602514e-01	-2.509806386848122406e-01	2.218303541486442931e+00
nan	1.531065545852327014e-01	5.414601539682017961e-02	1.749831603963115212e+00
nan	-1.527523602647814727e+00	7.498629171852476405e-02	4.769187237651471012e-01
nan	4.526032394278112769e-01	-1.157442865048764480e+00	7.610238096739090352e-01
nan	-3.701185899908007171e-01	9.382400394672377741e-01	-1.073080238645149898e+00
nan	1.240999800621616744e+00	3.293372492381997363e-01	-2.161687843901947126e+00
nan	1.968494453147911161e+00	-1.475519682567245638e-01	-1.635985677048520381e+00
nan	-6.437755783111877017e-01	9.990054318950997159e-01	5.335884556254211208e-01
nan	-6.125513559171043010e-01	-1.669613209209986238e+00	-2.242733000439346980e-01
nan	-4.457467004347057671e-01	-1.380731857710141508e+00	4.306478954924117808e-01
nan	-8.362573500301051510e-01	-7.882634915616232307e-02	-1.557990264903100996e+00
nan	4.410705171758933507e-01	-8.256882941698433509e-01	5.468646201770210880e-02
nan	9.651075719578120493e-01	-9.840451652404879068e-01	-1.541641021982958493e-01
nan	3.834918378103785996e-01	-2.607318922233181180e+00	-1.425800818894088773e-01
nan	5.860280976136191811e-01	1.674901536863446783e-01	-1.774226814410317266e+00
nan	1.250076302780471771e+00	-2.390120860170864003e-01	-6.099225950213945646e-01
nan	-3.805522270119826578e-01	5.125064906496673567e-02	-2.183447200374618036e-01
nan	7.273889013441066365e-02	-4.806353671897310720e-02	4.724456265108248898e-01
nan	-4.962819980111177198e-01	-1.063238717615205831e-02	5.385828822164400176e-01
nan	1.206067664052499211e+00	-5.061775598343959404e-01	-6.904062289861060409e-01
nan	-9.936174643148767416e-01	1.959782492713168511e-01	-9.951502298983134764e-01
nan	4.378170897536601824e-01	-2.128964216402690901e-01	-4.460973936469871948e-01
nan	2.501407381465688973e-01	-7.173809992214268405e-01	8.497584325409491823e-01
nan	7.320133304103010330e-01	-1.166404463179051276e-01	7.455154375496431118e-01
nan	-6.638183537118723665e-01	-2.859211463095029937e-01	1.795126921905985773e+00
nan	1.070357284341477255e+00	3.051972197677926268e-01	8.341073745956861796e-01
nan	-8.985886946997200253e-01	1.582249782326502707e+00	-4.770022734860996372e-01
nan	-8.699199502725996069e-01	1.044251118636018383e+00	-7.676416545670937674e-01
nan	6.557653575761346332e-01	3.477963349946448512e-01	7.836038710029405996e-01
nan	-5.918121504650372122e-01	3.374369228134057597e-01	1.051524222836397016e+00
nan	-2.158391224253643603e+00	-4.795902725443107473e-01	5.907166351795218873e-01
nan	1.792812246102370999e-01	-5.875530474840502393e-01	-9.621687332097619283e-01
nan	-1.583761089764071706e+00	-1.643987227734668766e+00	3.659303506775725690e-01
nan	-8.136356874371384329e-01	-1.743273370165307590e+00	2.392303233411963159e-02
nan	-1.686306221409413775e-01	-4.668752323046995167e-01	-8.038150728696100700e-01
nan	-1.550124266648960747e+00	2.712300521987147661e+00	-1.185173746533906058e+00
nan	3.204708827488781386e-01	-2.703009657286601364e-01	7.635974168791654915e-01
nan	8.429817210343091283e-01	-8.088936689266792435e-01	9.355707834426064684e-01
nan	3.675318087193337191e-01	-1.103403590029957249e+00	4.128260758998207325e-01
nan	4.848396056834406442e-01	-1.216079261586096028e+00	-2.107032002898398815e-01
nan	-1.866206110989258038e-01	-4.003012140219469606e-01	-1.859353348998963762e+00
nan	7.460816060804864591e-01	-3.856124753539087457e-01	-1.901873209517811247e+00
nan	-1.373974199355847636e+00	-2.022844982663544455e-01	-1.716519476743641359e+00
nan	1.291291147561754116e+00	-1.131261005606978953e+00	-1.879029041689723512e+00
nan	-7.204631974129035443e-01	4.347496535042876253e-01	3.808426815374058583e-01
nan	2.835496417794020618e-01	9.655527122308507071e-01	5.032823642528208019e-01
nan	1.691112943125828938e+00	2.815452673228185931e-02	6.094702722456989408e-01
nan	-2.907414172275483155e-01	3.466643122737173011e-01	-1.526624229231356100e+00
nan	-5.088918690130691536e-01	-1.766080161575532159e+00	-1.773953930420581138e+00
nan	-9.684506499938378976e-01	-8.183808276116644187e-01	-2.088869607884923596e+00
nan	1.888973218640341845e-01	-5.529671894560587164e-01	-3.220093794654458330e-01
nan	-1.867031982435727544e+00	4.863468170562063597e-01	-7.441551414996911973e-01
nan	5.774293893178963355e-01	-5.878025280902525740e-01	5.434972787459785293e-01
nan	1.107573011591963252e-01	-1.274325289409713680e+00	-3.646895882786231335e-01
nan	-1.127592010189273353e-01	1.311360349622431865e-01	-2.035706009981414155e+00
nan	-1.291619046389512193e-01	-4.194814440689064172e-01	1.098986795814155926e+00
nan	1.172184306176911495e+00	2.191873460497839321e-01	6.574678630358540277e-01
nan	5.311099907977038237e-01	-1.075997654921781344e+00	-1.323896782933964955e+00
nan	1.188337889955393800e+00	6.396036414355251720e-01	-1.143414837655790661e+00
nan	8.090562411384600860e-01	1.977636097832841333e+00	1.437552520870824413e+00
nan	-6.923648200615518666e-01	7.850204682284414037e-01	9.996737060610314529e-01
nan	-3.213460939316414855e-02	6.930275130624882207e-01	-1.396084097072981756e+00
nan	1.248274915110372252e+00	1.332770846656519792e+00	-4.821326369791207878e-01
nan	-2.122334461154425922e-01	1.247000462731196802e+00	-3.690517215641567206e-01
nan	-1.784170208773762090e-01	-4.404162544259531131e-01	1.917792089288629098e-01
nan	2.514093042456653770e-01	4.381278681331802205e-01	1.093678950629628499e+00
nan	-6.159928911050220890e-01	-7.764540737500125189e-01	1.269865494982346910e+00
nan	5.296436888977548163e-01	-1.449937067952080660e+00	-5.252604344765057220e-01
nan	-2.363177805699450573e+00	-5.489147642723672949e-01	-1.674085665416644497e+00
nan	1.764376720428278977e-01	7.653053380188645782e-02	-8.918058095501620874e-01
nan	9.831208817889889318e-01	-6.657263198975675589e-02	1.820238296608679640e+00
nan	2.433372226152641815e+00	2.395353493762718555e-01	1.668806917099882714e+00
nan	1.102803006554544663e+00	1.228975543525072656e-01	-1.256657477275060497e-01
nan	7.483032089989863911e-01	-5.125864940670010750e-01	1.976828592759177106e+00
nan	-4.156045045430710738e-01	-4.575673941256345190e-01	9.423417708217455280e-01
nan	-1.601667313825748229e+00	-7.546973638665244177e-01	8.964415540280995520e-02
nan	-1.994076225731977736e-02	3.661476590954409360e+00	-3.839273787036789898e-01
nan	7.517573769227644531e-01	6.979764522925820946e-01	8.787716216941967584e-01
nan	4.414039788985427704e-01	6.087524871049151409e-01	-1.407470502460012707e+00
nan	1.664846148064531295e-01	1.594579972854550387e-01	8.159276510289498185e-03
nan	1.520937039984387562e+00	2.956556065852417037e-01	-3.499116849273881114e-01
nan	8.324005021129071702e-01	1.041103630504496280e-01	6.109569611623284491e-01
nan	1.651945724915074021e-01	1.622723228894416558e-01	-5.810521522295017949e-01
nan	4.732340447565496211e-01	2.056243730490556199e-01	-6.345918940452454082e-01
nan	-1.003185044863416309e+00	-4.762689696114352778e-02	-6.254560942325266826e-01
nan	2.399903881162479102e+00	-1.120699259135318204e+00	4.385413365601262270e-02
nan	1.539912199468025378e+00	1.180859426941700985e+00	-4.355924191422299030e-01
nan	9.610781988147116817e-01	3.247270849134749060e-01	-9.246730967160107229e-01
nan	1.715787824088080005e-01	1.360949243002990805e+00	-1.900002886108776989e+00
nan	-1.609660196930144949e+00	-4.843998330070050096e-01	-6.780433082712915560e-01
nan	-1.178880309796989323e+00	-6.309098107590993543e-01	-2.554079115250444953e+00
nan	-8.824949359330807042e-01	-2.776471437893288652e+00	-6.392807589905482590e-01
nan	-5.627148735881362107e-01	-6.051021881481705167e-01	-1.037129218498270333e+00
nan	-2.278603205033313817e-02	-1.953873233168618384e+00	-4.751073240747945570e-01
nan	-1.411003536315056817e+00	-1.318758976863071419e-01	1.641856447179240508e+00
nan	-8.138956349379447008e-01	-9.542408590747628594e-01	1.324424530336160144e+00
nan	3.941496316769113051e-01	-5.779983568013303818e-01	-8.461337416778569320e-01
nan	1.033757959567512597e+00	2.553528596419292196e-01	-5.931195467454787318e-01
nan	1.377559856586759279e+00	-3.419151201303855525e-01	9.974616009938652716e-01
nan	6.098381224733744332e-01	-1.134750901022542946e+00	-4.404378069699955711e-01
nan	3.582542982994624259e-01	-4.388365081978695681e-02	-3.197451426392270424e-01
nan	7.571564916052468674e-02	-4.948764658418306484e-01	-8.310084676366064071e-01
nan	-3.948250850972904180e-01	-1.279848530975922882e+00	-1.109213295540746991e+00
nan	-5.477839888817415126e-02	-1.557892628291266401e+00	-1.487231317922498519e+00
nan	-6.569428219068786934e-01	-1.065150029595974379e+00	-1.957844461005192382e+00
nan	-1.163416133501204985e+00	-2.708180678937490704e-01	-1.099275922737104061e+00
nan	2.456849281801001816e-01	-1.053601418949082102e+00	-3.897470646157709107e-01
nan	-2.578968984823657440e-01	1.057259071390838079e+00	2.932993652084670888e+00
nan	2.032423784290585012e+00	-3.848341769843801052e-01	1.642371104608735699e+00
nan	1.630098523859770498e+00	-3.982854664491591312e-01	1.310754064340946323e+00
nan	-3.212582799000240907e+00	-1.655241889558018986e-01	-3.948984735243163957e-01
nan	-2.662928980163242976e+00	-2.031260071156585134e+00	-1.024891603428104592e+00
nan	-1.280469276147937485e+00	-3.024112318506679387e+00	-1.831639178177193905e+00
nan	2.297101016279545771e-01	-1.939972095422229259e+00	-2.231012917092046965e+00
nan	-3.448567364081677189e-01	-6.231562365475048493e-01	-1.182192425863962448e+00
nan	-1.723881547115118540e+00	-8.532220487886965632e-01	5.421011247841966973e-02
nan	4.332468154732345145e-01	1.277958733063244701e-01	-1.123261966445766591e+00
nan	1.962708865353358645e+00	-1.963464501386801286e+00	-1.215988948343669662e+00
nan	-8.210595118224374156e-01	9.419015254077365285e-01	-1.802185139544726145e+00
nan	-8.186638916528113930e-01	-2.081611821508741134e+00	-1.387989545210090991e+00
nan	8.618267660920677642e-01	-1.625038786599216190e+00	-6.283861975413085332e-03
nan	-1.382153330365167188e+00	-4.757053484699114154e-01	-1.216635266653265379e+00
nan	-3.268417995541476606e-01	-7.305247827654125503e-01	-5.548252369243382720e-01
nan	6.837035851570943956e-02	-2.204538026589438093e+00	-8.761152943018136741e-01
nan	-1.047955606707851928e+00	-1.505562689532125020e+00	-2.996367620545794530e-01
nan	-2.852424485771781981e+00	-2.140998872723944846e-01	-1.697781001026564152e+00
nan	7.267694294505964159e-01	-8.724193081940831984e-01	-4.998166613888316845e-01
nan	-2.879679908533292032e+00	-9.859783745626109486e-01	-1.148850908785655545e+00
nan	5.187502832183237267e-01	-3.064640544962007773e+00	1.306844979062524725e-01
nan	-9.735235354017888199e-01	-2.227334489699297038e+00	-1.366522211303192069e+00
nan	-1.758757956779540832e-01	1.872832623929842066e-01	2.605342100097589597e-01
nan	4.484882520853429866e-01	5.757347624741703251e-01	-3.375983609535488927e-01
nan	1.900309551965881916e-01	9.480795937566485754e-02	1.466673432129901755e+00
nan	3.306976339837066070e-01	1.020985859381081884e+00	1.137699765488358605e-01
nan	4.480891469161218943e-02	3.048249044516304629e-02	1.170807175719770221e+00
nan	8.513409989956395307e-01	-3.560069026574581019e-01	1.136178508427738432e-01
nan	6.173381478745112450e-01	1.316793483974354917e+00	1.001492179552590844e+00
nan	7.125913353892074920e-01	1.670468664154207250e+00	1.407787773743097048e+00
nan	1.271832389629434568e+00	9.465250832424800809e-01	8.214538170025621477e-01
nan	4.082797371932492259e-01	1.375943851736971091e+00	1.696643111375935042e-01
nan	-1.157080356423164869e+00	-1.404625936191389535e+00	2.856173130589744757e-01
nan	-2.186061390826611550e+00	-5.872239353315644728e-02	-2.827407836941091546e+00
nan	-2.049957303904181849e+00	1.007290307814428854e+00	-1.752026450647650835e+00
nan	5.621692071583404005e-01	-2.731421138956843242e-01	-3.435168711056028057e-01
nan	-2.650864725951155854e-01	1.353226037677279336e+00	1.267664573315887111e+00
nan	-2.682367957261631575e-01	6.578752241078045238e-02	2.025349958483746438e+00
nan	2.780099089174289384e-01	1.317382025500120957e+00	7.040932564025607077e-01
nan	9.835941527407747742e-01	6.574629308781946291e-01	-1.039256187559039368e+00
nan	6.669241374899014252e-01	6.440537238170911394e-01	-6.160833562688371456e-01
nan	6.859052687389787240e-01	4.801088460409344005e-01	-3.101491026822626451e-01
nan	5.607090590104945038e-01	1.177777281526370956e+00	-1.319257432036317956e+00
nan	4.251180285946201121e-01	-1.416481640584300372e+00	9.826427203419080270e-02
nan	7.020010065274141509e-01	-8.252708135905253983e-02	-1.523125565882207155e+00
nan	-1.182777589323638079e+00	-2.701233851764275884e-01	-1.346094715716024126e+00
nan	-1.595175205420982234e-01	3.775169507712702877e-01	-6.914646866560314464e-01
nan	-1.454872326264998295e+00	4.101440720486520530e-01	-1.981881539746803700e-01
nan	-1.701258775210585661e+00	2.311489437775140487e-01	5.178526039564673722e-01
nan	-3.401987021975960146e-01	-8.566701466944182108e-01	-1.117399072265199855e+00
nan	-3.165905243651993550e-01	-1.083971112547787996e+00	-2.823646102475178665e+00
nan	-1.221658049986357186e-01	-1.050318563674277117e+00	8.330197921498672109e-01
nan	7.116718454482323652e-01	-2.595162038701613660e+00	2.921381633166011960e-01
nan	5.163585974678897017e-02	8.042853257548910895e-01	-1.304431759181732930e+00
nan	-1.066527332319909149e+00	9.426072645227665525e-01	-1.458234008300912432e+00
nan	-2.070182196660699248e+00	4.689008887543302806e-01	6.494548671513694638e-03
nan	-1.541274980217941959e+00	1.001660961715773457e+00	-2.146123582710619981e+00
nan	-5.706291274075794284e-01	-8.997772985752121588e-01	8.140217737581633139e-01
nan	-3.082730482826117502e+00	-1.973245302677289148e+00	3.385103833809501306e-01
nan	1.645324258992451050e-01	-1.920638684219524439e+00	8.480027195056893952e-01
nan	-2.134026850553285115e+00	-3.861830433501208804e-01	-2.826213001480296638e-01
nan	-1.629527133987476173e+00	1.452599109017369772e+00	1.448701615558619649e+00
nan	-3.630775541452604394e-01	-4.905617066636195900e-01	-5.876335175122738841e-01
nan	-2.122901401593057624e+00	8.793563652235292238e-02	1.063534519372989706e+00
nan	-9.957563761999865815e-01	-5.230834252198296452e-01	1.091498671451745617e+00
nan	-3.308246821259656634e-01	-1.574079186103637173e+00	7.432133307324996219e-01
nan	-2.287363515433941785e+00	-2.668067993677289418e-01	1.369981587251797528e+00
nan	-9.912366472727576205e-01	-2.131784148445680760e+00	1.867109433502434357e-01
nan	-1.875117254888839957e+00	-1.800301925271619030e+00	-1.608182911275199523e+00
nan	-6.847954480460378690e-01	-1.166200720488408837e+00	9.208752695823707590e-01
nan	-6.653625671293763588e-01	-4.788811867014751700e-01	-3.375796164743959799e-02
nan	-1.019302375015934903e+00	6.893126692855433557e-02	1.084039266643360921e+00
nan	1.998280402876266848e+00	-1.030164352554554297e+00	8.610310429127108200e-01
nan	1.459743433668900803e+00	-1.393237529633530869e-01	-1.367835577968214533e+00
nan	2.545708544720722610e+00	1.957524576774904435e-01	-3.465241926633345626e-01
nan	1.158711019968393208e+00	2.459403454093104457e+00	-6.644051844054243983e-01
nan	-1.782330308376511852e-01	1.530357964496448675e+00	-7.403634090373245602e-02
nan	1.465130166606570139e+00	1.359907420903807118e+00	-3.477565347883478375e-01
nan	1.491697077146576733e+00	-4.689866837562077784e-01	1.772482043888234937e+00
nan	8.658944181091683401e-01	1.837445400274688279e+00	1.174696864004234120e+00
nan	1.618208535877044163e+00	1.190476848453115855e+00	2.714174686679635684e+00
nan	4.435131479514339836e-01	-3.184057081353264262e-02	2.175882876369853447e-01
nan	-6.805861312253174145e-01	-3.843147295747019743e-01	1.161499410512196323e-02
nan	4.250220626750582098e-01	-1.770502886372097295e+00	-7.478140790625125156e-01
nan	-1.206943796423179727e+00	-8.656820464301339113e-01	-1.041692300930180171e+00
nan	3.324993329407913700e-01	-5.073970129598648349e-03	-8.270455229148045984e-01
nan	1.484267292442961850e+00	1.017986881068600580e+00	9.048033126581662700e-01
nan	1.922735344251575551e+00	-1.248276692621192341e+00	-5.070529072886520439e-02
nan	6.827737107639454406e-01	-9.306425041455136382e-01	-1.051145568507979022e-01
nan	-1.854016170057849744e-01	-2.746580859971896604e+00	1.422270382220613971e-02
nan	1.035294265551394144e+00	-1.187601662198800145e+00	-1.981333986064273578e+00
nan	8.032658623831283595e-01	5.321806899049240647e-01	-1.157232673191556094e+00
nan	9.047813309737315901e-01	1.548853218287685074e+00	-1.219991310789073857e+00
nan	-3.397107460645302224e-01	1.053009251646410682e+00	5.302084164124526433e-01
nan	-1.071422472311639229e+00	2.662045915137961072e-01	1.178552004018680321e+00
nan	1.313810576756954396e-01	-9.899827061846164789e-01	-1.222983100102511989e+00
nan	-2.155411292459829264e-01	-3.621527574987722375e-01	-2.050914498784382811e+00
nan	1.310601467718500446e-01	2.768695680599070119e+00	-7.067572410834744856e-01
nan	2.482523162580690945e-01	1.764120536499099945e+00	-5.984458667741076043e-01
nan	1.773682863937223075e+00	-1.763747295328165210e-01	7.820629508295848797e-01
nan	1.470147784062936891e+00	8.469820043946624244e-01	-5.440899183179310761e-01
nan	2.393707722779955804e-01	1.924249495205953009e+00	-2.371742247287521865e-01
nan	8.965257097867547209e-01	2.160135769286744001e+00	4.909787146693172510e-01
nan	1.608945218886594475e+00	4.517461321951776188e-01	5.006488465149558920e-01
nan	2.281397296445494827e-01	-1.395040659263060423e+00	3.375512418702339978e-01
nan	-7.212273074306259080e-01	-2.171959043925999033e+00	-1.107666943474725052e+00
nan	-2.878084046623262671e-01	-1.232584271215669602e+00	-1.173441742511965202e+00
nan	-6.897607790026587526e-01	1.124950862027825904e-01	-2.776354340564008982e-01
nan	-1.072179247432285099e+00	-1.890176998570008315e+00	-3.404108304405522034e-01
nan	-3.013807936561622824e+00	-1.894233110093656691e+00	-6.428461554786167875e-01
nan	-2.724722904027886194e+00	-5.581820899956425608e-01	-9.532597978229558899e-01
nan	-7.204898207557512979e-01	-1.409376471402552067e+00	-1.674493284189808140e+00
nan	2.312550300741653686e-01	-1.709009723701981898e+00	-3.144111950307829639e-01
nan	4.364690525072059679e-01	-5.212479702283893124e-01	-5.791729748833550628e-01
nan	-6.329967487399504877e-01	2.009017946482622718e-01	3.647782854708125355e-01
nan	-1.630082959700109413e+00	-2.060896042943303641e+00	-1.187156306604892242e+00
nan	-1.157046204645847398e+00	2.986806114505671239e-01	-9.767787161774427185e-01
nan	-6.888348803660859776e-01	-4.021614069286667537e-01	-7.138772636088953627e-01
nan	-1.448855638324700212e+00	5.660288738023433464e-03	-1.010747848729300458e+00
nan	-1.090390854251010122e+00	-1.407537378956954965e+00	-7.607850293629316862e-01
nan	-3.333651321808641654e-01	-9.059149678859401700e-01	-2.016964160124492089e+00
nan	-2.415906032753698973e+00	-1.401358530506735534e+00	-9.934216613264013063e-02
nan	-3.843707171777225318e-01	-2.087019380070667118e-01	1.188452564762289665e+00
nan	1.575075238595146976e+00	-3.274381902114148479e-02	7.688982055177080444e-01
nan	2.382418165157550227e+00	1.957782652524518330e+00	-1.303185471267597428e+00
nan	2.164274113175453707e+00	1.118721480227803378e+00	1.293015423054039603e+00
nan	4.593106772989532516e-01	-1.089537802173523584e-02	-3.077401614884646142e-01
nan	-1.979428615765163713e+00	-6.930522704167336734e-01	2.023174217540566922e+00
nan	-1.184969724248924994e+00	-1.511750764307303374e+00	2.070906190326742724e+00
nan	-5.774374709732285060e-01	-9.447309912642362084e-01	7.993057547705304522e-01
nan	-2.164889187234352974e+00	-4.164687608964235954e-01	5.310383497304387024e-03
nan	-7.683012194740604928e-01	-7.239663928148654115e-01	3.720400046662580285e-01
nan	8.342960709860776092e-01	-1.605857417213151450e+00	-1.004625098952256712e+00
nan	8.340551310269394003e-01	2.046988221453118761e+00	-5.174065485078120918e-01
nan	1.681137126253372527e-01	8.112136046117651711e-01	1.545425468322462415e+00
nan	1.215751387841639830e-01	4.761183398312129889e-01	-8.269057979083834775e-01
nan	2.045446290927364963e+00	6.505656477878409838e-01	-8.766575673535071944e-01
nan	1.989039701186452014e+00	2.345331799181983090e+00	-2.424339419730585365e-01
nan	-4.960591212891822810e-01	1.089136618475573082e+00	7.489734955136850836e-02
nan	1.323722595347814002e+00	1.000920366402616501e+00	-2.263811370423313152e-01
nan	-3.352859634525379162e-01	1.333149872226206734e+00	-1.659265150475707773e-01
nan	6.829406647053145596e-01	1.197810092327211029e+00	1.468295777857866025e+00
nan	-9.692470841059903641e-01	-1.011871069298430958e+00	6.852840028425347674e-01
nan	6.002501380849019075e-01	-2.924768447466468579e+00	4.529536273211855479e-01
nan	-8.686467726686111224e-01	-1.568555652507028109e+00	-2.128953652398106744e+00
nan	-1.986816211061274817e+00	-8.814045085205682861e-01	7.401745820013894139e-02
nan	7.411489023828928824e-01	-1.574385864732396723e+00	-7.768346615219089424e-01
nan	-7.874117651207745983e-01	1.091924598534539159e+00	4.916894454779300316e-01
nan	-1.382551264176923089e+00	-2.384869469912437534e+00	2.371084265129180801e-01
nan	-1.372788817433821862e+00	-1.055694574493631022e+00	-3.836519054850893173e-01
nan	-1.046776334163341815e-01	-5.238336095768236778e-01	8.368083123010041646e-01
nan	-4.928735602289213702e-01	-1.292237442989866647e+00	5.789835199287413081e-03
nan	-4.584770499425100954e-01	-1.320604970376880960e+00	-1.260745186600966461e+00
nan	-3.749828006638091793e-01	-1.929203880240857760e+00	-9.407837900314071078e-01
nan	-8.435438316362394717e-01	-2.244871190132488703e+00	-7.523711097299952133e-01
nan	-2.404170905266219682e-01	-1.802412403188853318e-01	-1.026536578233119945e+00
nan	2.148616219797305216e-01	-1.051584881377545910e+00	7.611211848056953500e-01
nan	-7.091764588854374551e-01	1.035522216398644613e+00	6.360393390699121685e-01
nan	5.957233599675157976e-01	3.665853538057375349e-01	1.392505356879809142e+00
nan	-1.247505460129623600e+00	1.562846546800394698e+00	7.976256444224563147e-01
nan	5.994100912628724798e-01	1.916236859570291218e+00	1.915492211150705337e+00
nan	6.736255728848307145e-01	2.214561752693777752e-01	2.542074165947641795e+00
nan	-2.104737944516205106e-02	6.065745786327226829e-01	9.049421013675914560e-01
nan	-5.659394153149561735e-01	-3.801483639263233405e-01	-5.210089046423984627e-01
nan	6.193976982291511391e-01	-4.212506563777070889e-01	5.864431353968611038e-01
nan	-1.175091523646033975e+00	1.579506362545969100e+00	1.021997895528395928e+00
nan	-4.961194054289401745e-01	8.062902695705218559e-01	6.289559042782264520e-01
nan	-1.270178903416833149e+00	-1.541104967127009395e+00	5.339656629492033346e-01
nan	-2.004179505594672062e+00	-7.341531805670751254e-01	-1.178907346545666757e+00
nan	-1.213984273215446441e+00	-3.811513428600608044e-01	-9.016965490319068799e-01
nan	-7.714273052994586877e-01	4.581721383844302165e-01	5.888591007373318309e-01
nan	-3.697661148569513778e-01	-1.105630177739302722e+00	-8.976314592025830263e-02
nan	-3.433378259782104980e-01	-1.552546320960083825e+00	3.566928239869414097e-01
nan	1.612458518482695613e-02	-1.008086645547961457e-01	1.151413445691239490e-01
nan	-2.832001817564290813e-01	3.744047250864610543e-01	1.444731345526635957e+00
nan	-1.373051111621830689e+00	8.736739372960191652e-01	1.138279782850443178e+00
nan	4.695508084322210229e-01	1.642868260117602563e-01	1.922558624619886913e+00
nan	1.397857065280176059e+00	4.726262613600205609e-01	-6.875441980511844964e-01
nan	1.282386940140448628e+00	-1.197076956441190942e-01	-3.778441142508821571e-01
nan	1.186282460808988137e+00	2.013221644386784526e+00	2.427018939311793022e-01
nan	3.016711747551493739e-01	6.309112281789217569e-01	-1.190455353361139279e+00
nan	9.597177153886558010e-01	6.412615964754098119e-01	-3.461570884261962466e-01
nan	7.599708862989931202e-01	2.567374977797925339e+00	-4.950495472499706340e-01
nan	3.603634387046874554e-01	1.986226219590557562e+00	-3.565460333647206825e-01
nan	4.226828204823809276e-01	4.586252630424613175e-01	1.586846380488304398e+00
nan	4.801117324509683870e-01	-1.215978796304133525e+00	6.431816002558691237e-01
nan	8.460075804386691933e-01	8.690391296837595148e-01	1.493781455443623507e+00
nan	-5.994193712394667584e-01	-2.631836940629304955e+00	1.248259863564349370e+00
nan	-7.219480178837223150e-04	-1.625714009915896430e+00	-6.699083413945934318e-01
nan	-1.775096053588101519e+00	-1.185120003709307923e+00	1.438386952755568826e+00
nan	-9.039262960447653761e-01	-1.663041336693759087e-01	6.553883536911622176e-01
nan	1.211186098431211278e+00	-4.514810180789435301e-01	8.858252779214296213e-01
nan	1.036379512582203288e+00	-7.608488351326241350e-01	-4.018604681833973236e-01
nan	2.271135136392718468e-01	1.208386941557425320e+00	-6.587437115946993549e-01
nan	7.806165281016825830e-01	-7.024421009513326375e-01	-2.113457064501789440e-01
nan	4.895916009423351145e-01	9.255730794813900042e-01	6.311595952907100848e-02
nan	6.701702446130062274e-01	1.013003300015592245e+00	-3.188016653824781721e-01
nan	-2.026073651050647184e-01	4.489830602185575503e-01	-2.128309417045975760e+00
nan	-6.003652108321060332e-01	-9.298518089934220132e-01	9.755474013221741014e-01
nan	8.384350967974694147e-01	-2.174056348279115092e+00	-1.321615528618604873e+00
nan	-1.629899716085155825e+00	4.635337683649139451e-01	-7.974751029867994667e-01
nan	-4.245451381403543278e-01	-1.038704436323739377e-01	9.033451130999392564e-01
nan	-1.375810375170138267e+00	3.561638629459978889e-01	-2.435109332959129458e-01
nan	9.706658351904406956e-01	3.328553587822108972e-01	3.815220789950731217e-01
nan	1.651722769367336419e-01	1.708502011238481444e+00	1.378999263276715626e+00
nan	2.534814489677334137e+00	7.184991211737141725e-01	2.027257898907250500e+00
nan	3.914114303686290208e-01	-3.955755527171198604e-01	2.072372352634793469e+00
nan	-9.012257680920496838e-01	1.353361558565514544e+00	1.307582734468211161e+00
nan	-1.361147989022092608e-01	-9.617721843493740597e-01	1.017515482986371733e+00
nan	-2.083265350483599399e+00	7.952543834082496099e-01	-5.460685679162069484e-01
nan	-1.308712188286878630e+00	-3.332343453111766829e-01	-1.651017362902679420e+00
nan	-2.847623799293428348e-01	-2.329908287318160909e-01	7.939553667664173142e-01
nan	-1.170968360907121530e+00	3.454105961853165541e-01	-3.271879029494778601e-01
nan	2.987215732094892218e-01	-1.343189371485098649e+00	2.488274710600155842e-02
nan	2.192978245864475317e-01	1.060255439619054219e+00	-1.001672393491409352e+00
nan	-1.154769256909948805e+00	6.879551787591624556e-01	1.557932782646048731e+00
nan	-7.391697118168225056e-02	-6.941928820519203125e-01	8.659838573079543522e-01
nan	9.034665613922553407e-01	-3.952020179206795492e-01	6.612939012746748002e-01
nan	-7.401250573806527067e-01	-2.443311480602320673e-01	-1.633718256225555443e+00
nan	-8.597370291747479243e-01	-4.332049259954966480e-01	-2.272907937698444680e+00
nan	3.495000966796448783e-01	1.161626088471206630e+00	-2.185216602549399312e+00
nan	6.279945036957318427e-01	1.346129243395039365e+00	-5.958568439102428504e-01
nan	1.919444886766458414e+00	-8.728397852369204069e-01	-2.722588367821142663e-01
nan	-5.658010005404837672e-01	2.394085604875388018e+00	3.221473757146552930e-01
nan	1.389374520559642501e-01	1.104646796730748504e+00	-6.963010020216597873e-03
nan	-2.159365997530039660e+00	-7.359554027166936852e-01	1.270014898921207891e+00
nan	-2.055380022167200282e-01	-8.252726748989693828e-01	9.212867211370865395e-01
nan	1.069167805942806915e+00	-4.149150364372837796e-01	6.406111285449892501e-01
nan	-7.552138158250017996e-01	4.471976305861892209e-01	1.450917762177251991e+00
nan	-9.574644932372553541e-01	1.511954949597801856e-02	-1.020457043131804298e+00
nan	-4.153840599464441730e-01	3.784090753092743120e-01	9.399889899333204735e-01
nan	5.050250031827399066e-01	-2.326559022168032675e-01	-5.520324495039772295e-01
nan	-2.203387507989002514e-01	1.923254165985137210e+00	-1.354530690176854568e+00
nan	5.771565267934664067e-02	-7.614139566415445426e-02	-3.046399965127519760e-01
nan	4.301052784835663334e-01	1.655226161278709140e+00	-1.072021567403716791e+00
nan	-5.268427315646917464e-02	9.736084821627958297e-01	-1.193565588695324753e-01
nan	-2.553137964526748238e-01	-3.229177003475015573e-01	-1.057934886506392891e+00
nan	1.622304633108698768e-01	3.911094093550494533e-01	-1.950690126233046939e+00
nan	1.148456642607488920e+00	2.367717460333841561e+00	1.056339092416177516e+00
nan	1.445208358870920584e+00	4.539230400258408293e-01	6.223194956061590677e-01
nan	8.633327325218267401e-01	9.055462054135903216e-01	-1.127155722451518294e-01
nan	1.496797069158319893e+00	-4.284747286045087478e-01	-5.522379940012186461e-01
nan	3.154227828201194295e-01	7.808148086246398112e-01	1.291010375927945208e+00
nan	-5.832911107638636405e-01	-3.133667875806636638e-01	1.169197782645407191e+00
nan	1.348650202258132036e-01	1.900987853795012006e-01	5.496108546381439641e-01
nan	-8.458694528388972511e-01	2.477281802669193400e+00	-1.760279551888602079e+00
nan	8.500071189061719767e-01	-3.486874017831954053e-01	4.206398702177397420e-01
nan	-1.454622569876848348e-02	-1.034782756310760887e-01	4.772837072693442151e-01
nan	-6.580939029127517159e-01	-9.406183943255045365e-01	-2.302068057617616237e+00
nan	5.370951701199730977e-01	-1.666343493957747057e+00	-1.736298780017546672e-01
nan	2.140890686842925050e-01	2.140018296348661919e-01	-1.303008314045410732e+00
nan	5.185048403624001878e-01	-1.307313433812190562e+00	7.924420022415336051e-01
nan	-1.455418606224882172e+00	-1.317942397898882234e+00	5.376005385115308899e-01
nan	-8.804223398488350005e-01	-1.606606183639578411e+00	-7.459032249451051921e-01
nan	-3.386785366665565622e+00	-1.345784951390937234e+00	-1.634857319693169053e+00
nan	-2.766281118945449258e+00	-3.140724288737521963e+00	-1.309504032979132315e+00
nan	-1.653773725646289439e+00	-2.744489432272816831e+00	1.221650967288059331e-01
nan	1.045332307311959141e-01	-1.321437604866621651e+00	2.572593351152301366e-01
nan	1.367629584215473093e+00	-1.141153582153661139e-01	-7.446910437507257008e-01
nan	1.282153928980836466e-01	7.033224008880911704e-02	1.713061317673902906e-01
nan	1.409605321917214438e+00	5.663270161730342700e-01	-8.239660518793276434e-02
nan	2.910779245944787319e-01	2.946303568977914900e+00	3.264373945671513177e-01
nan	3.099934221303601856e+00	2.917593466645259426e+00	3.965132522571757079e-01
nan	2.158306943094583374e+00	2.842790892726162255e+00	-6.290011753609496825e-01
nan	2.249013115801979712e+00	1.668719835485202196e+00	-3.137670277759164739e-01
nan	2.027753635386733144e+00	1.232767285562001325e+00	1.731063198281884485e+00
nan	5.122254005149691203e-01	-1.058938531526174565e-01	9.918318497209075435e-01
nan	7.090605579744790887e-01	1.209246017413071694e+00	9.396071052488944031e-02
nan	1.600401334969836054e+00	-9.632347333811887014e-01	-9.662259700431831133e-01
nan	2.126733669561763573e+00	2.048123046133134117e+00	-1.747868207296390253e+00
nan	2.127642865361410784e+00	1.264798179834156100e+00	-8.776357624589897766e-01
nan	6.798438343206780754e-01	9.725103246958091141e-01	1.910640869147881560e+00
nan	1.177882451028088751e+00	5.201665025248216612e-01	3.497442317473675732e-01
nan	7.276880925061639527e-01	-8.189223254444876199e-01	5.084869361775657959e-01
nan	-1.428109283861549894e+00	-3.047411949205257597e-01	-2.914624085218074645e-02
nan	-3.218513635456515809e-02	7.828570822771984128e-01	-1.809589668809950536e-01
nan	1.790070179495447666e+00	3.726151709745612051e-02	-1.200616059949675685e-01
nan	5.137249235870626762e-01	9.908738179152146719e-01	-1.429021792713728756e+00
nan	1.507912291706528518e-01	-3.549690695414478014e-01	-8.518982220770464631e-01
nan	1.424011037384892653e+00	2.339977248572308322e-01	5.329024552472493292e-01
nan	9.169194839787628837e-01	1.090074011327429426e+00	-1.100421095158075901e-01
nan	1.602875821590814098e+00	1.730755879298084832e-02	5.064618509171588956e-01
nan	-1.266194067482493857e+00	1.580875982580531303e-01	-1.087438561234255197e+00
nan	1.398933466883655941e+00	-6.592158488211945500e-01	-9.649966740145640154e-01
nan	-1.513182525903891795e+00	1.007956582948097007e-01	-7.218856804345256117e-01
nan	7.511459496149713866e-02	2.045121783438190732e+00	1.323037904848310076e+00
nan	7.994915693238966448e-01	-4.381441175939302379e-01	1.969806862746233955e+00
nan	-6.166451737156845025e-01	2.015564955923373480e-01	7.682349869340918680e-01
nan	7.217558812193293205e-01	-7.125685660455640669e-01	-7.622762189673898403e-02
nan	-6.475981336162357493e-01	3.351525062502511698e-01	7.278203816681811933e-01
nan	-1.623964290838154190e+00	2.454616112191210231e-01	1.899978284685495122e-01
nan	1.300170194743857088e+00	5.579832982628935012e-02	3.202352299499107435e-02
nan	-5.735303629265895431e-01	5.828952894851903155e-01	-1.491194003460246664e+00
nan	-7.209895234010019194e-02	-2.130507753544032268e-01	-3.015847166718033545e+00
nan	3.535016558018352906e-01	3.999880169327847401e-01	-4.057728202809027351e+00
nan	-1.374519846423955638e+00	-2.064078476350896252e-01	-9.688972832803234292e-01
nan	-6.657237695789859355e-01	-1.625684930339761580e+00	-1.393082669762119696e+00
nan	-1.458248515600633288e+00	-1.044721976820434328e+00	-1.199321527068333282e+00
nan	-8.320686466353059973e-01	-1.790027096899582615e+00	2.611579452459705797e-01
nan	-1.443771084471486388e+00	-1.949251535723802276e+00	-3.953295827072320079e-01
nan	-1.312697734311002895e+00	-7.202060388412804270e-01	-6.538793360082769679e-01
nan	-1.172230667236303647e-01	7.598829597284617599e-02	8.807776712284577370e-01
nan	-2.714845050725616660e-01	4.401208687994201951e-01	-1.019437842013530826e+00
nan	-8.044091032426182730e-01	-5.071170116932854910e-01	-6.567806540787215486e-01
nan	-6.496137355729711960e-01	-3.887646985962107671e-01	1.188514091894085634e-01
nan	-9.690203990468175821e-01	5.307411761287645913e-01	1.905080843185105732e-02
nan	-1.628825438470180798e+00	-2.137560010726534954e-01	1.833170988712619298e+00
nan	1.252070206133049979e+00	8.298311673886118456e-01	3.259697971126725768e+00
nan	9.041940284638952940e-01	8.471158737350424905e-01	-2.845854240430456539e-01
nan	-7.560959391973132160e-02	3.150396742621147106e-01	3.078518107266220438e-01
nan	-1.492356983388754221e+00	-1.111671919588164803e+00	1.782375743595256412e-01
nan	-1.094443280108624794e+00	-8.355311648562065985e-01	-1.044759913244446725e+00
nan	9.937228963769051404e-02	-1.419112791463870593e+00	6.186487673657949937e-01
nan	1.101061126526044487e-01	-1.521039917999596147e+00	-2.503273945695468350e-01
nan	3.713438885730939165e-01	-1.920087540609205945e+00	4.060199196369169705e-01
nan	-1.649947862575176227e+00	1.174026821216066274e+00	-1.573141218964742905e+00
nan	4.024056134215378000e-01	-6.937062536777981459e-01	-2.082141423826658233e+00
nan	-4.843703106150046289e-01	-1.217593159501220379e+00	-2.205810043125646214e+00
nan	-8.401248647727062036e-01	7.314257349239581263e-01	-4.819406137228434694e-01
nan	5.483207482376673686e-02	1.014754434332382660e+00	-3.152488593817991402e-01
nan	-8.827408001831464901e-01	4.797019356805242718e-01	-5.151761720634056019e-01
nan	-2.276224106251666102e-01	-2.576092094575354041e-01	8.648283679974730909e-01
nan	-3.619419809889967254e+00	-7.779061796375486004e-01	-6.406851068107659586e-01
nan	-1.886804033178142159e-01	-1.469100423472102346e+00	1.381624765531522581e+00
nan	-9.549239620087697222e-01	-6.522765208170437923e-01	9.568885114534106950e-01
nan	-8.347297391347088258e-01	-1.808757241719338493e+00	-5.294631736105903652e-01
nan	-2.439714988988614053e+00	-1.122501246809822772e+00	-1.544649741562064804e+00
nan	-1.951236295208792937e+00	8.851700699030518038e-03	-1.136508464085663750e+00
nan	1.881537322158552961e-01	-1.051533167941312019e+00	-1.393108640243574115e-01
nan	-1.048687776189162202e+00	1.503964680013199828e+00	-1.742964119218060048e-01
nan	-1.338326379643564046e+00	3.488898594893254101e-02	1.337594767230262383e+00
nan	-6.874863890649558495e-01	-5.662863416937576888e-01	9.537792890132449353e-01
nan	-9.886591950343127655e-01	-1.108651646374836597e+00	1.215891346315260968e+00
nan	1.745582325967622861e-01	-5.931110351933033265e-02	-1.028408726498850845e+00
nan	9.735735471092247240e-01	-1.617055498973156480e+00	-6.594043912792066919e-01
nan	-6.539860966686148469e-01	-1.654588749930148706e-01	6.073544475208828564e-01
nan	3.007630047894623848e-01	-2.352165312307011036e-01	1.111960833940562665e+00
nan	1.615760682572560392e-01	-2.496068740507916273e-01	6.921703171392827869e-01
nan	6.037026448724416294e-01	-9.608349068392824099e-02	-5.023175102609467313e-02
nan	8.624266965827444009e-01	-3.470444231440614757e-01	7.989986063499351365e-01
nan	6.920026530963335754e-01	-1.152646353944928759e+00	-1.177281953394986314e+00
nan	-3.890219319389511266e-01	-5.268718542657000459e-01	-1.602490245321153139e+00
nan	1.821910081934712267e+00	-3.225050819790749590e-01	-2.154203526952141345e+00
nan	7.667777444849300794e-01	1.159949947225172862e-01	-1.380215166892195811e+00
nan	-6.803220692490495880e-01	1.543459013474165253e+00	2.712496495970051491e-01
nan	1.407536794309010686e+00	6.072083052767068834e-02	1.649205440361291686e+00
nan	1.824561412039706676e+00	-5.094146309356255564e-01	-1.672449294840269163e-01
nan	-1.195895660480841949e+00	-7.120555385321647446e-02	2.484494140461998291e-01
nan	1.790396919442569512e-01	-2.649359273028078388e+00	-6.319953538457998565e-01
nan	-2.701037711790246654e+00	-1.267027533521313476e+00	-8.690447424983728242e-01
nan	-4.054779397066887725e-04	-9.698285342961412425e-01	-1.468256732462815961e+00
nan	-8.544559456464992930e-01	-2.312744562968517270e-01	-1.210297759295699382e+00
nan	9.950868384942623823e-02	-1.541521390571974681e+00	-1.216301954353626646e+00
nan	-2.456608940236802430e-01	8.493670313204142452e-01	-2.692713876771175574e+00
nan	-4.437962100904083163e-01	-1.598096349058623078e-01	5.587577927971909553e-02
nan	1.279512957176053567e-01	1.824820185012895613e-01	-1.531183662510897658e+00
nan	-8.530996286462255718e-01	2.535402501518492779e-01	9.807594670109716084e-01
nan	8.070069895656906134e-01	1.479803533282857408e-01	-6.162758695709140699e-01
nan	1.290650032656259327e+00	1.131347237250916571e+00	1.377337292907483413e+00
nan	9.969890570865460599e-01	2.143698204348662983e+00	3.463140143806900939e-01
nan	4.089643723827979249e-01	1.584240263570446450e+00	-1.076136175720668886e-01
nan	-4.503573331674526337e-02	1.589220808758407433e+00	5.591855451973869462e-01
nan	1.372413832787964916e+00	-9.453491245122597197e-02	2.840376133860947672e+00
nan	-4.201487770903089558e-02	9.901995418992359799e-02	1.217921548773047036e+00
nan	6.660593688844579363e-01	1.536187148183969751e-02	5.088071640375929627e-01
nan	-3.016270460600393721e-01	-5.672491234522127890e-01	2.730544203867412700e-01
nan	-1.744033095556985824e+00	-9.688468100573814912e-01	-3.359191996651192391e-01
nan	1.330306290101864741e+00	-8.217192826738701772e-01	2.356356144982610368e-01
nan	3.290187890212239452e-01	1.008018924708576680e+00	6.266709976691071660e-01
nan	-5.127232928638637555e-01	-7.649445359096158636e-01	-2.093707343292852130e-01
nan	-1.350586369460788028e+00	-7.891208016715356433e-02	-1.659918409340985557e+00
nan	-1.365031418860511270e+00	3.036392798201008048e-01	-9.597357965894103282e-01
nan	1.464346274930274694e+00	-1.185441484079178487e+00	-1.938166811095926867e-01
nan	-6.894295105387030498e-01	7.292669851762615396e-01	5.397445031692054140e-01
nan	4.451524181486336551e-01	-7.314476244164217489e-01	2.654461867527266872e-01
nan	6.284172881148321066e-01	6.222262531932259977e-01	-1.552150120169875525e+00
nan	1.776949221818436842e-01	3.007606093245944190e-01	7.700213330490595087e-01
nan	9.105782944777887078e-01	6.629444412395459896e-01	3.261145551672916532e-01
nan	3.961638885295667434e-01	-1.035480215667279325e+00	8.437726813661767800e-01
nan	2.455218256750744121e-01	6.507756677341722806e-01	4.090277881929156867e-01
nan	1.724905705075951978e-02	2.042593289151657387e+00	1.087694090760816579e+00
nan	-4.772225806281547023e-01	1.311791698124135763e+00	1.239296980778042734e+00
nan	-8.603274223632724205e-01	-5.059745195658871264e-01	-1.641564792089315716e+00
nan	4.318084947990312172e-01	-8.527153618393392698e-01	-1.029565843983879292e+00
nan	-4.580396374632841883e-01	-7.419066808643486333e-01	-2.955599291584304344e-01
nan	-4.567287089953501189e-01	1.532923683940239590e+00	1.297365795134229227e+00
nan	1.763208179796950770e+00	-1.537534278844133739e+00	1.233402691675249185e+00
nan	1.495885739834268868e+00	-1.003119985617031196e+00	-5.786731027446516684e-01
nan	1.844509588227478458e+00	-5.473336899351094464e-01	-1.549477964971258226e+00
nan	8.372679181285213046e-01	3.747078161803123475e-01	-2.589496586310998105e-01
nan	1.512103805751719765e+00	5.747096678080274579e-01	1.551792940705529977e+00
nan	1.191638630673387045e+00	-2.145427465731828409e+00	1.201345668288632762e+00
nan	-2.873474271813556413e-01	-2.423271208056696768e-01	-3.121383376112346619e-02
nan	1.918323688201263588e-01	4.922003313037291994e-01	-5.685917980019730145e-01
nan	2.885548553200965038e+00	-5.525474645770148685e-01	2.919249353028217087e-01
nan	8.103296377243325299e-01	-2.700274556988513375e-02	-2.221133850769430040e+00
nan	9.309625436957539302e-01	-3.850192217493696445e-01	-1.121911482769447188e+00
nan	5.756326129754676391e-01	1.007304698498014517e+00	-1.144586957348562861e-01
nan	5.154079721324620333e-01	1.333866747447252088e+00	-6.088356742679450484e-01
nan	5.327005566704623440e-03	4.474291466613952717e-01	-1.013769764155432185e+00
nan	7.558698154590751672e-01	1.644341345100660323e+00	-6.817169392296498209e-01
nan	-2.347426852864177294e-01	2.296158985523649498e+00	-1.248761821991877019e+00
nan	-1.412528927833265335e-01	1.032331456696517380e+00	3.006133722452077328e-01
nan	8.809776117321626021e-01	-1.344074182463367961e+00	3.945850452355000315e-01
nan	-2.689048899699953421e-01	-2.196289250043105545e-02	-1.743798411131213699e+00
nan	-4.802681124551991254e-02	5.305224329037457887e-01	-2.406789053186413341e+00
nan	-5.419926193610399290e-01	-9.972630987265173053e-01	-9.204918635666109461e-01
nan	-1.352844421804121899e-01	2.078179941017068155e-01	-7.072294573138082630e-01
nan	1.323510623593105562e+00	4.013639230276903613e-01	-5.100597245701172788e-01
nan	3.243991359858556800e-01	-6.354190523319966921e-01	-1.937546348439292521e+00
nan	-1.124498630139519895e-02	-2.860834040217286045e+00	1.106264218076776329e+00
nan	-1.477658122242138328e+00	-5.280381113693504158e-01	-6.226983941989024940e-01
nan	-3.605674861597215619e-01	-1.482538957487407050e+00	7.251880021229990536e-01
nan	-1.374714706680215670e+00	8.522316280592034943e-02	-2.561367485758767049e-02
nan	8.739703783926840996e-01	-1.445706462221076016e+00	8.224630551642549137e-02
nan	1.593627611684041767e+00	2.031965204100091960e+00	-6.501384193563941594e-02
nan	4.651762963260381856e-01	-1.587436309654293387e+00	-8.965340463718914910e-01
nan	-9.011121363300669262e-01	-2.858340931794126072e-01	4.390170454799623423e-01
nan	-1.291391613905804370e+00	4.861577879847764905e-01	2.630659363276706686e-01
nan	4.961559073434202993e-01	-1.186154120468470241e+00	-8.317501968181274519e-01
nan	-1.684456589245242331e-01	-1.312350474032884184e+00	9.223024036938258785e-01
nan	1.841548657149864932e+00	-1.123082518221390824e+00	-5.971008054596407266e-01
nan	-7.188011146098356452e-01	9.084323566289327356e-01	-1.440676228489020660e+00
nan	5.642432557068784993e-01	3.239441257950930186e-01	-1.734005580544457636e-01
nan	1.426842201962848833e+00	1.516338591626409382e-02	-2.173032688883321129e+00
nan	1.595152931128360985e+00	1.754277441430546203e-01	8.874199992745988030e-01
nan	5.429184562087828736e-01	3.436492903982760083e+00	8.159863495080327267e-01
nan	1.690699971203635021e+00	1.311348661222041523e+00	1.263796070805812022e+00
nan	2.194889555930322977e+00	2.025620085793714331e+00	-3.786948763506678972e-01
nan	5.886839720418808319e-01	1.665879253684403594e+00	1.404763288684508726e+00
nan	4.026176285040207192e-01	-3.001498162204749853e-01	2.464523631373156665e-01
nan	7.483050823510911664e-01	-2.668313678221589380e-01	-5.384014310178178997e-01
nan	-1.309823167665528532e+00	1.408960269669826404e-01	-1.108325481327716577e+00
nan	-1.023531873771747369e+00	-2.060015370154417991e-01	-1.196010081228283950e-01
nan	8.154395079461602691e-01	-1.342157571484760226e+00	-1.335060626129426886e+00
nan	-1.667970562521023492e+00	1.807924375846583775e-01	-2.073484733660164281e+00
nan	-3.349038486927141678e-01	-6.526421147238355980e-01	-7.985422398404991018e-01
nan	4.821557588335447231e-01	-2.636713783770425201e-01	-1.667140756855636674e+00
nan	-7.003184703024066815e-01	-4.652728704982066477e-01	-8.818690306353854647e-02
nan	-2.169867137673923363e+00	4.190874775751640136e-01	-1.904327462228535772e+00
nan	-1.861385171535282268e+00	-1.479267370156490013e+00	-6.021491808432988257e-02
nan	-5.493920996274118673e-01	-2.410267241985893705e+00	-1.622524719539958915e-01
nan	-1.823689156002930911e+00	-9.003066761618346847e-01	-1.338552687803442387e+00
nan	-2.443658740803083873e+00	-1.109300438132707622e-01	-1.461357219288461851e+00
nan	7.072208010389907651e-01	1.326707277303666555e+00	-2.192298510792850319e+00
nan	1.114166984951806771e+00	1.173929715977591215e+00	-2.160660397456769244e-01
nan	1.784627081976725815e+00	1.373259120478776296e+00	5.595693213607197958e-01
nan	1.621653454378012560e+00	-3.446529721196445184e-02	-6.899019388233380567e-01
nan	6.157243274677076661e-01	1.529580823098497966e+00	6.004617794946434106e-01
nan	1.291867082488910468e+00	1.600187184370880367e+00	-4.370113848572376725e-01
nan	2.413860512711797357e-01	-3.327417689679419421e-01	1.371113728172443702e+00
nan	-3.964225361024919514e-01	-7.200202734208657751e-02	-9.360672576586894778e-01
nan	4.954950283561442848e-01	-1.303185148852893827e+00	1.726986949570429752e+00
nan	-1.238267037524867220e+00	-9.243031526724428959e-01	9.503943278299180619e-01
nan	4.343787954008856422e-01	2.894486052543604471e-01	4.465478688998973655e-02
nan	1.696115894490999310e+00	9.485773838234188293e-01	-1.221504512598488690e+00
nan	1.657739493523495700e+00	7.784952065648108599e-01	-4.790164857430931344e-01
nan	1.742797199810292463e+00	1.308526419961379972e-01	8.620406255302638376e-01
nan	2.126042847944669578e+00	3.699002908144740087e-01	-1.269464491219291169e+00
nan	1.784227830061368980e+00	2.559081632622642877e-01	3.118484333371402406e-01
nan	7.585568628737138219e-02	1.071962961813235360e+00	-5.544283911779468443e-01
nan	3.807099899625556727e-01	-8.594410472793887479e-01	1.960574968350396574e+00
nan	3.229392933554680045e-01	-1.295827962133155653e+00	2.430950882926289580e+00
nan	1.990584408204978395e+00	-2.902502097930592218e+00	-3.976025458034021520e-01
nan	-2.995429324582596364e-01	-8.541688030012466459e-01	-2.467144377875071459e+00
nan	-1.919094253471767209e+00	1.209857016961362719e+00	-1.189091127235081924e+00
nan	7.126222036867571608e-02	-1.531908088154936287e-01	1.463306067720397730e+00
nan	2.635022234959543130e-01	-6.541854008789500519e-01	7.009646669635727356e-01
nan	-5.562853493319032394e-02	2.263674321179185989e-01	1.146612356529135512e+00
nan	1.729917935590997435e-01	-1.674708343578128478e+00	-7.538432312092196996e-01
nan	-1.234936250475614061e+00	9.820496323060701194e-01	-1.009141295706084351e+00
nan	-1.287339734971757910e+00	-1.326706797338411958e-01	9.183147827003483865e-01
nan	-3.126611875622605785e-01	-8.568524374761377072e-02	-8.155998616423215664e-03
nan	-1.164318479362460357e+00	-6.087506071542421182e-01	-5.594685208276027888e-01
nan	-7.449441350731522693e-02	-1.925049682455935440e-01	-2.492719455401347872e+00
nan	-3.426715540719958319e+00	-5.214688839223981243e-02	-1.215044689163375713e+00
nan	-5.625835527125341295e-01	-2.173858821671255548e+00	-8.925449451862987882e-01
nan	2.335124320790583852e+00	-2.154308818017375948e+00	3.483226023419219164e-01
nan	1.954226729582999367e+00	8.379328889905187649e-01	8.217735480954790894e-02
nan	8.324226628117228355e-01	1.565339988298516172e+00	-3.756667688507167036e-01
nan	1.610566321988287086e+00	2.181186105347854731e+00	1.929595238341305308e+00
nan	1.995513890392011103e+00	1.122162703563167385e+00	3.280511702464883772e+00
nan	9.658130946710696829e-01	1.279592602701311588e-01	6.026532326501747860e-01
nan	2.160988157662610210e+00	-8.205207681379821372e-01	9.493656636742747734e-01
nan	-1.076178318688076008e+00	2.272059849509943330e+00	6.717453839156464768e-02
nan	2.652344978968467215e-01	2.793067498196249443e-01	1.433746539067874748e+00
nan	1.595460774767906154e-01	2.163996321164533221e+00	1.916794171823314574e+00
nan	2.080344671604636986e+00	-9.744904939894234452e-01	4.982403969539203059e-01
nan	9.623910970523248398e-01	-2.912754460496785325e-01	-1.275683911572880747e-02
nan	-9.673917418579339733e-01	8.044998568976016173e-01	-1.306917661099265437e+00
nan	4.228564740671751643e-02	-9.926598160619497513e-01	1.715240775559830677e+00
nan	-1.359810921765935710e-01	2.053340210954981870e+00	-6.359286230340012169e-01
nan	6.071873451167546509e-01	4.796772846434170789e-01	2.549124853836166160e+00
nan	-3.455920964656764571e-01	2.490213623037873525e-02	-1.379670795163072228e+00
nan	1.627541182567715072e+00	-7.168988491281472752e-01	1.864671572650900000e-02
nan	1.019377262531254713e+00	-6.934099172587976367e-02	-2.280539144791895456e+00
nan	6.694450624592025445e-01	1.252447745273499002e+00	-1.138224303692490169e+00
nan	-3.260545907616912986e-01	3.320707726692421757e-01	-1.574646178141040131e+00
nan	9.762343905379681219e-01	-2.960666537525725173e-01	-8.327081182909261692e-01
nan	-1.866954726345261273e-01	-2.737900147854935851e-01	-3.297599387299630647e-01
nan	7.448126037900136831e-01	5.693571283401991368e-01	3.388068546262937297e-01
nan	1.227411967893879297e+00	1.565304465286604385e-02	3.765559776804874859e-01
nan	4.647601118750072091e-01	4.052878153484978374e-01	1.207409642023416385e+00
nan	9.293250099157633892e-01	-6.768952858250892879e-02	-1.111423548418981055e-01
nan	7.060820916689336535e-01	7.289432458822249217e-01	-6.661480597709416029e-01
nan	3.616130990760103581e-01	4.056837276214653176e-02	-6.933933776096645740e-01
nan	3.736624683583398832e-01	-6.097087058370069812e-01	-1.049072504716900056e+00
nan	9.561195561179192115e-01	5.749053110091257857e-01	-1.516942825467141542e+00
nan	6.619772287813922018e-01	2.570162225371966924e-01	7.219497643608001614e-01
nan	7.738048786271038981e-01	7.904032410750023718e-01	-9.313503715478471667e-02
nan	-2.319827093623590408e-01	2.100791694764274187e+00	4.376613676787995955e-01
nan	2.339046755471983374e+00	1.332037108565217842e+00	8.437758936029710055e-01
nan	3.776950391446125543e+00	1.690380967145910684e+00	-4.837563797814686817e-01
nan	1.399006325052967181e+00	7.924609953312072852e-01	-7.982271612857361198e-03
nan	-2.525041625287568481e-01	2.885630145920459189e+00	1.528566958804617570e+00
nan	-2.042757619745345199e+00	-5.334013182606870407e-01	2.040644321422973473e+00
nan	-2.595997682001938145e-01	-7.860700998900238545e-03	-8.674597718156611403e-01
nan	1.283282802400099731e+00	4.558223571939549190e-01	1.334843044277299828e+00
nan	1.955717987730006158e+00	1.841841550470457278e+00	8.494443592921787634e-01
nan	2.645079184594071986e+00	2.541536257528892229e+00	6.845595629832944562e-01
nan	2.211073636512026042e+00	7.545326225854788182e-01	1.761447166641754380e+00
nan	1.528125839550787735e+00	1.932538013338367611e+00	5.213064117638750439e-01
nan	1.089470593890794481e+00	-8.756161667770596679e-01	1.082561356029626554e+00
nan	1.647457230374727577e-01	1.128900150111365353e+00	1.321287423012476592e-01
nan	3.376190059147902822e+00	9.091719130171780350e-01	1.391629131796461583e-01
nan	9.907173290911766017e-01	2.135319961437605052e+00	4.616616585117873095e-01
nan	8.378577331545272733e-01	4.618526344548624096e-01	1.802599788969005079e+00
nan	6.135882909129602991e-02	-8.365002792403025689e-02	-5.518364152931898303e-02
nan	2.072816758983478280e+00	-1.730679932369291463e-01	1.444407991795462198e-01
nan	-1.555818613874159873e+00	5.858152819450996862e-01	4.364244959091755915e-01
nan	-5.481389222500979708e-01	-8.896603978115406042e-01	1.039657716716292646e-01
nan	5.101987517713717502e-01	-2.621006614068822405e+00	2.708354432549175961e-01
nan	5.247973740397130493e-01	-8.903758068037459505e-02	8.632026383455300156e-01
nan	-2.660808339159181912e-01	-4.440818662281479923e-01	1.869789238359627292e+00
nan	1.142582119819349984e+00	-1.623949017033988973e+00	1.036391676885919599e+00
nan	2.947088527783545686e-01	-9.045614345305971749e-02	1.173492332873062316e-01
nan	1.792918277623097301e-01	-1.265516949519926548e+00	1.626614648297818544e+00
nan	-1.467065856274325508e+00	1.295095456024679126e-01	3.698863213051980514e-01
nan	-9.403785727596599697e-01	8.758934938476592436e-02	2.915302161022287564e+00
nan	1.515564500832666139e+00	-1.327450692387830977e-01	2.406011882538719782e+00
nan	9.877315017425534194e-01	1.039292226007742848e+00	1.825247291583032672e+00
nan	-9.013475596004304480e-01	1.164872043864616735e+00	4.815299542891382512e-02
nan	-5.087801203385848847e-01	3.157859292359359582e-01	1.243950636494222772e+00
nan	-1.641123164065165341e+00	-6.894955166238514455e-01	-2.206487664783745029e-01
nan	-1.321638900353501400e+00	-2.362998549345248112e+00	-1.187410686570806728e+00
nan	-2.205486605058036620e+00	-1.728909635861556993e+00	-2.359525227241781931e+00
nan	-9.547404244175705657e-01	-1.604542225165786373e+00	-8.017104246908794973e-01
nan	-3.620430933192880230e-01	-5.029469072448603528e-01	1.443373453288188557e+00
nan	-1.284064457142841897e+00	-1.406167310344433319e-02	7.455237228211908374e-01
nan	5.885913199111502125e-01	6.691841326860440420e-01	3.922642053425424713e-01
nan	1.089225753134748231e+00	7.569828656938826228e-01	6.641613631830907138e-01
nan	-6.316186095825864211e-01	1.697594122980601861e-01	2.401814798317944089e+00
nan	-2.222951778392741495e+00	-4.722311813504513900e-01	1.740910796581290887e+00
nan	-6.813729811423361316e-01	7.095472530568636138e-03	1.796977492508400776e+00
nan	-1.357013701396196481e+00	-1.737978692712329742e+00	1.196364858486733129e-01
nan	-4.328996949871893873e-01	-1.276401461662875825e+00	-4.088756524744373011e-01
nan	1.136417818921036105e+00	1.925027849576721461e-02	-4.165646358971632490e-01
nan	-2.149680820057289776e-01	1.205749649827050574e+00	-2.787277736575545228e-01
nan	1.782688362027598505e-01	-4.087295652130103485e-01	1.626045294318926304e+00
nan	7.508956251588382313e-01	5.863826590413181439e-01	-4.301140787820832978e-01
nan	1.231885588708596213e+00	8.417503903091555495e-01	2.428558403293683277e-01
nan	4.342933740283165256e-01	1.172279281921201566e+00	1.333401752365891979e-01
nan	1.249746005029787277e+00	-3.736200199378049702e-01	5.401327104402822155e-01
nan	4.809939567232434099e-01	-2.670570490457190305e-01	2.812692963188806461e-01
nan	9.401230086993777046e-01	1.470236836952498738e-01	-3.012586513697546597e-01
nan	2.205701597792994462e-01	-5.145432870948423165e-01	4.739485670876415757e-02
nan	-5.242794461967543729e-01	1.041213561342055893e+00	-1.786921038617571789e+00
nan	-2.427423978179698849e-01	-1.277759646789629333e-01	1.774202351690114199e+00
nan	-1.462399356876917134e+00	-4.852545154916020342e-01	3.867245616625050175e-01
nan	-1.312166188185388771e+00	2.856652119398310763e-01	1.164800959044930695e-01
nan	8.478636981315099685e-01	-8.306057976607681415e-01	7.193870467965139681e-02
nan	-7.262692244864270286e-02	-1.320067684175515232e+00	-1.658334710911516074e+00
nan	-8.986616116738563864e-01	-1.298896753687304617e+00	-1.844671037101865085e+00
nan	1.023234370227540602e+00	-4.549741670263308668e-01	1.391656151975230182e+00
nan	-2.221604816247101155e+00	1.560166837080369184e+00	-1.077134244590618462e-01
nan	-2.126144410927738537e+00	3.439174948004042331e-02	-3.893413344458838132e-01
nan	-1.636502591580096144e+00	1.368812499880188494e+00	-7.746908056997696690e-01
nan	1.522956909419377114e+00	9.522257856547632349e-01	8.921090718831135025e-01
nan	1.300403536370222435e+00	3.377861961039496097e-01	7.494075422695911648e-01
nan	2.361226426558606040e+00	1.974787933564371434e+00	3.732750802994660999e-01
nan	1.442040284047688470e+00	4.489953026636059885e-01	1.804385684618084795e+00
nan	1.366893389459703734e+00	-6.462604271403415979e-02	2.084895758146910083e+00
nan	7.693570943555988473e-02	6.187498335558515583e-01	-4.130889438214951914e-01
nan	8.426925533500788379e-02	-3.057375006507799808e-01	6.545314745567738512e-01
nan	-1.827317727817908133e-01	-1.521749312485247474e+00	-2.900841740228398691e-01
nan	-1.053072856521231060e-01	-1.798802517581136851e+00	5.922020972910037040e-01
nan	6.953083852041525015e-01	-1.866189922020086378e+00	-4.442224477178797759e-01
nan	6.332694458434386942e-01	-1.438486162308601823e+00	-6.867740999835185711e-01
nan	4.054186183468786453e-01	1.292792077685637864e+00	3.179955599320033466e-01
nan	1.868169449447190544e+00	4.887742550410207332e-01	1.016343959834068444e+00
nan	2.921199545019624200e+00	-1.156269597484282929e-01	2.409176615653702225e+00
nan	1.305389436631117395e+00	1.179073275736002069e+00	4.482963272303890911e-01
nan	-7.272393303451862856e-03	8.504572176789123583e-01	5.588336922559692388e-01
nan	4.857366954987116237e-01	-1.556574505677202347e-01	1.258177751352916651e+00
nan	9.846162182173949784e-01	-1.365304443660444011e+00	2.044505642659262268e+00
nan	-1.155014338231497462e+00	1.780138157497674900e+00	3.706061741631379025e-01
nan	1.746819263725978566e-01	-7.208681517264585725e-01	9.835889777130178979e-01
nan	1.260532921606495993e+00	7.656821340849824242e-01	-5.204930357976532695e-01
nan	-1.630761010057071303e-01	3.361048583221488695e-01	-8.796480557057174687e-01
nan	-3.332330313826936674e-01	3.126226946043894617e-01	-1.315713644228853951e+00
nan	3.679062751202679671e-01	-2.077304700948447436e-01	8.819249395350281517e-03
nan	-2.019098428515097243e+00	6.186474771846804943e-01	2.785405767256103893e-01
nan	-1.251183301502163614e+00	-7.274762628462989600e-01	5.585892552356207519e-01
nan	-4.801388002311927083e-01	9.966008527227621094e-01	5.012981591804333004e-01
nan	-5.668424680496093604e-01	-4.745644647622451751e-02	-7.306807381076457775e-01
nan	6.149722782862896420e-01	-7.920490760862274326e-01	-1.448479452418867108e+00
nan	-1.883833330066466138e-01	-6.545181436151498167e-01	-1.114114341283789944e+00
nan	-2.473372634977136497e-01	-2.468747382647040745e+00	2.997906050470360295e-01
nan	3.079218499116586072e-01	2.196202095724805181e-01	3.928550840984834647e-02
nan	1.799217175995274365e-01	4.899161463749233114e-01	1.310568121162923871e+00
nan	-9.102768305708454077e-01	9.884163888951147392e-02	-7.049462079288674188e-01
nan	-1.521740231368374552e+00	1.478511744679996243e+00	-3.368237040098333024e-01
nan	-1.849686144828306178e+00	-1.508840794870720092e+00	9.669231138994981434e-01
nan	-1.465421540257373589e+00	-1.453307662364359487e+00	-6.672937584334439620e-01
nan	-1.581397509152692171e-01	-4.487867448117829339e-01	-1.247934771055670300e+00
nan	-1.319815047424701682e-01	-1.588852032567282135e+00	3.637061498435129048e-01
nan	-7.310558050679254460e-01	-1.070377786100781714e+00	-3.764523182315328564e-01
nan	3.052156951879464453e-01	-3.362334071079675635e-01	3.613955693585290674e-01
nan	-1.076817982781507199e+00	-1.518290097678021588e+00	7.800853622553395317e-01
nan	-7.643918201980193228e-02	-1.057049166108564586e+00	1.039141349713763596e+00
nan	-1.384131491468332809e-01	-1.361849596567859200e+00	1.470120370068686844e-01
nan	-1.258910694357668003e+00	-2.726951452167856171e-01	6.264529872555818502e-02
nan	-9.308405063026576887e-01	8.613201852232132971e-02	8.044412439198553866e-01
nan	-4.117856384025930794e-02	-1.763904913453152812e+00	-1.106688404153086891e+00
nan	-5.861120414219751495e-01	-1.757090537890578563e+00	-1.291058252140803830e+00
nan	6.566522439957210855e-01	1.293382722134177598e-01	-9.232447775134833279e-01
nan	-1.632542432466504767e+00	2.816908228943410530e-01	-2.677734910089144993e+00
nan	-2.674436198078451454e+00	9.495226184220173504e-01	-1.845697797647372074e-02
nan	-4.294052659905400748e-01	-1.029716955536868817e+00	4.869701345984636665e-01
nan	7.352584272662658904e-01	-1.366903633729808165e+00	-5.840263333480322228e-01
nan	-4.824652111729892390e-01	-3.873336546894678989e-01	2.016505501092899610e+00
nan	5.639634196431085877e-01	6.885690870839895616e-01	-1.455576745554935658e-01
nan	-2.452523546260369502e-01	-1.365004600802218526e+00	-4.690387769457832201e-01
nan	-5.998957704313816475e-01	5.023916773035359551e-01	-1.639998541603678861e+00
nan	1.302577027756417705e+00	5.391701171469132081e-01	-1.458680650106197074e+00
nan	-1.205739504583144939e+00	-3.978772666367651478e-01	1.843500361040567026e-01
nan	-2.036358593726812494e+00	-8.730920617307469378e-01	4.688130732533074552e-01
nan	-2.949052331192263843e+00	-2.046055868151516188e-01	-7.612701484737931512e-01
nan	9.035771306905269196e-01	-4.021984828348528218e-01	-2.493397858012391666e-02
nan	-1.825038569338480965e+00	1.159283459810229067e+00	-1.719292015635953241e+00
nan	2.203700481448649384e+00	-8.580678785425503996e-01	-1.372002982435740925e+00
nan	-1.062915707796198150e-01	8.525110544057361572e-01	8.795982243359827812e-01
nan	-4.437398701720826066e-01	8.973090395977461053e-01	5.905510730834417910e-02
nan	1.410998429678855359e+00	1.035512096808185178e-01	-1.442606245502052520e+00
nan	-3.830572931451720065e-02	1.123957964023059697e+00	2.579874093101838795e-01
nan	9.295658577629363206e-01	1.420643562424430684e+00	6.550130780905540906e-01
nan	-5.929874798403375058e-01	6.679348350851919136e-01	6.664251588309866303e-02
nan	2.195641559102977092e-01	6.022032324821641192e-01	5.231384617431732442e-01
nan	1.701950395531200977e+00	-7.222677689374635834e-01	1.106351209178541017e-02
nan	4.072173323747487750e-01	-3.896045863579336022e-01	-7.790495937658364900e-02
nan	-1.220086359561596279e-01	-3.338170721511277139e-01	-7.206221560597233511e-01
nan	-4.557002996564170072e-01	1.861607612348483709e-01	-9.381551492849067309e-01
nan	-1.321006726868970915e+00	2.537722644003907124e+00	-4.463608502948394618e-01
nan	1.495888467930602816e-01	4.422313163199325103e-01	8.989685043621575833e-01
nan	2.406065210950797117e-01	4.871917602394406632e-01	1.389202135291792151e-01
nan	-7.681511141364446571e-01	1.651465800037752008e+00	-6.197760499556883573e-01
nan	6.480901300872543569e-01	-1.427192757730134876e+00	1.665552878020719163e+00
nan	-5.087335593095626551e-02	-1.169348263027463614e-01	1.902268559195455233e-02
