nan	-1.153583535017103923e-01	1.246823412479825643e+00	-3.023594070727736449e-01
nan	2.775762326197863672e-01	-1.857871284222251951e-01	-2.285498384679795214e-01
nan	5.861316295660697895e-01	-6.843921157681377432e-01	-1.100642970291151324e+00
nan	-3.851790256910682109e-01	7.276425744625127090e-02	-1.877469713248678396e+00
nan	-4.314010824906382990e-01	6.566650875437590740e-01	2.987551100991494568e-01
nan	-4.000344680760162808e-01	-4.334761348273176162e-01	8.572881392830521419e-01
nan	-3.955358217488526007e-01	8.474714772684505126e-02	-1.200187766464547945e+00
nan	-2.111176370292029425e+00	-7.590195074544642262e-02	-2.308516104083890852e-03
nan	1.648817280675297647e-01	-2.629977233081045362e+00	1.694182186022531900e+00
nan	-6.555146826725199993e-01	5.426023287612171675e-01	6.382659419197643791e-01
nan	-1.066757414433584517e+00	-3.106741542844099757e-01	-1.672199796349668199e-01
nan	-3.667409139563202469e-01	-2.511145969886731666e-01	-8.056588486282361128e-01
nan	-4.031877028273790353e-01	-2.400556371697778191e-01	-5.828281893246953782e-01
nan	-6.821800799175932184e-01	-1.892161402702789541e+00	-3.575140479258792636e-01
nan	-1.266943436468362716e+00	-1.400721370350281880e+00	-9.414059661178018068e-01
nan	-4.301214126715457442e-01	-1.314914921106246748e+00	-2.883914488373442997e-01
nan	-1.139684766547665262e+00	-5.419280462839658474e-01	-1.511348096721594647e+00
nan	-6.678020690024939476e-01	-8.821768454733640574e-01	-1.443327873461322186e+00
nan	7.224820824438076272e-01	-1.120556220627630939e-01	-1.129045374730738960e+00
nan	-1.904313424109248531e+00	5.879152862885298481e-01	5.083224676779286577e-01
nan	-2.923762483543181911e-01	-9.897531599348099451e-01	-1.024481131334602502e+00
nan	-1.712256643686832225e-01	8.591402977781174011e-01	-1.288249202185911546e+00
nan	-1.282487081072877233e+00	1.302238298016847429e+00	-6.755602238046414243e-01
nan	-2.371306141992840510e-01	-9.200246325967209593e-01	8.659877355447137548e-01
nan	-1.175488560578411779e+00	1.137764229165069141e-01	-4.207216989169503818e-01
nan	-6.428515026280903211e-01	-6.231458989766127665e-01	2.233329265358158233e-02
nan	-7.109800961098045047e-01	1.040967220564699591e+00	-2.675191105740207798e-01
nan	-1.405626471250498666e+00	3.188096617849350833e-01	-7.766669373003984300e-02
nan	1.193884953064903609e+00	-3.147572982037603051e-01	-1.447407940075507327e+00
nan	-2.007551804247405536e-01	8.069099376600419316e-01	-8.918711482995049789e-01
nan	-2.159229086228036110e+00	-3.550811276515155601e-01	-1.854613000740220619e-01
nan	-1.618209194172314902e+00	5.834305788776513735e-01	-2.423522674125488663e-01
nan	4.906826043581596353e-01	6.161908472939028325e-01	2.720835266779965400e-02
nan	-2.067873042508382442e-01	-4.229539411537114324e-01	-1.086406729309586261e+00
nan	2.932801720067530482e-01	-4.518175650645182007e-01	-2.941129583055331675e+00
nan	6.665142216556775301e-01	1.031753768980883779e+00	2.960494690359827263e-01
nan	6.819784369282846370e-01	4.616795979202161226e-01	4.910493039863803033e-01
nan	4.196938834958132691e-01	1.026738790359665421e+00	-8.016414127575766102e-01
nan	5.352896853177809833e-01	8.194026810259025240e-02	6.862811456833887158e-01
nan	-2.557567688986031595e-01	1.141940047657737489e+00	-5.221724265603419068e-01
nan	1.167153433490420333e+00	-2.640550137614213977e+00	-2.418578875674672335e-01
nan	-3.671396446497685595e-01	-1.886767211639427178e+00	5.547215786949358796e-01
nan	-1.114305731033005564e+00	-1.019349822712564135e+00	-1.857071901319103047e+00
nan	-2.998353864812020930e+00	-1.924643648587609279e+00	8.208140729234622013e-01
nan	-1.404987338293098187e+00	-2.277142444563207135e+00	1.905279140921121162e-01
nan	3.019808756840136610e-02	-5.033196794709453581e-01	-2.517722073370643798e+00
nan	1.838552972460797186e+00	8.517340151128990344e-01	6.421635015511983902e-02
nan	5.668952611255153595e-01	-3.880270403453428552e-01	-1.312171579799674470e+00
nan	-2.611953954323992244e-01	-1.430613829240210855e+00	-2.230476862865190313e+00
nan	5.208348722567860412e-01	-1.183641275070676180e+00	-1.129729359243888176e+00
nan	-9.750576107705235529e-01	-1.393978603367450164e+00	-9.012076047754877806e-01
nan	-3.315773425089669213e-01	3.717153509960796631e-01	-2.545438180742540246e-01
nan	9.927393352254023640e-01	8.758655554369044749e-01	3.238599805575483881e-01
nan	-5.978899198950570204e-01	1.867524558320391215e+00	-2.874580547724771562e-01
nan	1.122739749520403896e+00	9.352536418621948400e-01	-7.614850776287602763e-01
nan	-1.161536560619736758e+00	-7.095426566784793776e-01	-1.743289774398533165e+00
nan	-5.717930046673209699e-01	-1.683070383418860505e+00	-1.435897325786271272e+00
nan	-5.593310932319017770e-02	-1.633825837438492634e+00	-1.223255350536375019e+00
nan	-8.516517502525897676e-01	4.257317134241882517e-01	-8.863223273034614991e-01
nan	5.062455885576411241e-01	-1.272440326014745993e-01	-2.412883036460518049e+00
nan	3.743883214634752821e-01	-1.043893084766165380e+00	6.161394343021064923e-01
nan	-2.213500909498685054e+00	-8.907268138826461845e-01	-7.593959042898213996e-01
nan	-3.177712433339844322e-01	-3.889477734417000621e-01	-2.015430671574969801e-01
nan	8.289677005595347259e-02	-1.979438412111493573e-01	3.061618836211414951e-01
nan	3.102754745724938257e-01	-1.560182064113909473e+00	-1.188165999681733975e+00
nan	-8.007317628598809023e-01	7.848740924924697548e-01	8.254814211451231287e-01
nan	-8.401129215016293061e-01	-1.710521589143177146e-01	1.180833505934737904e+00
nan	-4.109543646173577924e-01	1.212834295761438419e+00	-2.035232976891636181e+00
nan	-6.681186997882041512e-01	-1.181837168602270172e+00	2.552663794966460453e-01
nan	-2.806581996919909616e-01	-1.570968002108195982e+00	5.856692351570352839e-01
nan	-1.567970545438558627e+00	4.816663333450111883e-01	5.515659063841866772e-01
nan	5.458392279139645531e-01	6.486455822772300150e-01	-1.866105335317677638e-01
nan	4.454003269692998757e-01	-6.409425299853356295e-01	-7.521268617198253459e-01
nan	-2.021746150653482843e-01	5.830601483718182987e-01	5.094893892783616263e-01
nan	-1.062792522123113814e+00	-1.331575608829377311e+00	9.949526057731483686e-02
nan	7.433190480031064418e-01	-7.637666574274846187e-01	1.074484449931173424e+00
nan	-8.986948127804424979e-01	7.132113517138711778e-01	1.984663197720867744e+00
nan	5.160889299526231211e-01	-2.302051260539446975e+00	7.415599568890325344e-01
nan	1.487236797325048876e+00	-1.937450642803739242e+00	-1.586450053580493957e+00
nan	-7.271587516604620660e-01	4.905552768882948667e-01	-1.899398992568950506e+00
nan	-9.606102690527799082e-01	-1.595899102157967153e-01	-1.402490295791261277e+00
nan	-3.823098589619930432e-01	-1.656433117708840275e+00	-7.354022103674410227e-01
nan	-1.722296931719430102e+00	-1.854545735373408943e+00	-1.157740202096015691e+00
nan	-7.883231716779323106e-01	-1.349225257078606965e+00	-1.454115745901090051e+00
nan	-2.394467887345408386e-02	-7.457871349251657955e-01	-2.642081120902101787e+00
nan	-3.656321379474223310e-01	8.070556356039496060e-02	-1.660510022740725233e+00
nan	1.946359573622467865e-02	-1.082374929259696916e+00	1.719871114027203385e+00
nan	1.128652937719358262e-01	-1.046539708329405904e+00	1.698487875622366028e+00
nan	-1.160231233502308834e+00	-8.495741820002767897e-01	5.264632657651194814e-01
nan	-1.051399435630833601e+00	5.351275298857680607e-01	2.930888878649798301e-01
nan	-4.378274384588413115e-01	-1.248062947325440319e+00	1.185469393934832194e+00
nan	5.290373267995179818e-01	3.164365554606723974e-01	1.190457870535088503e-01
nan	1.153282177729145541e+00	1.389181831526226985e+00	-1.363459651088974045e-01
nan	2.358313567346721484e+00	1.104582716380778429e+00	-9.790971190702302263e-02
nan	2.163857770653045520e+00	3.284068553819730063e-02	3.578211335128322346e-01
nan	2.154944853238564217e+00	3.890965084181255973e-01	-1.810136779052909262e+00
nan	-1.231677517060084659e+00	1.093378115477494639e+00	-5.362053751939541701e-01
nan	1.318876589718449122e+00	-9.196544280758843781e-01	-1.281622418608186376e+00
nan	1.671238733514455177e+00	1.623229053930923815e-01	-7.859072660344060823e-01
nan	1.200066502313351879e+00	6.672891462805704554e-01	-1.056961579020541664e-01
nan	7.145509128894454998e-01	-4.769633651297833232e-01	-1.911992722452296567e+00
nan	1.799162459731783459e+00	1.374539294822593627e+00	-1.249005094995563336e-01
nan	-1.545026824009435362e+00	-1.060094865306279166e-01	1.395583168433613519e+00
nan	-2.542650003936354874e+00	-4.147755025864289236e-01	-1.563708914199872790e+00
nan	-2.120087756111859179e+00	-1.590125894049644106e+00	-7.574971576729550016e-02
nan	-1.804857239914680056e-01	8.765632376676566473e-01	-4.969049457020974225e-01
nan	1.400202806860163740e+00	9.562818818709506452e-01	8.142279699616330468e-01
nan	1.353452413833139856e+00	5.663149502719533324e-02	1.066240355879418900e+00
nan	7.762922246343069155e-01	1.978085194970777616e+00	5.191739262252688114e-01
nan	1.846922814911972299e+00	1.070927314847335277e-01	-8.414731204056522529e-01
nan	-1.353281626905475710e+00	-5.760121492242611385e-01	1.261176504126765574e-01
nan	-1.472062974681291880e-01	-6.670006735830624756e-01	5.598425657894688934e-01
nan	1.771973994741275149e+00	-1.737797314486658751e+00	1.424407670183439389e+00
nan	1.494194335589802414e-01	-1.188886458649521138e+00	7.205903625880425434e-01
nan	-2.390959911231780310e-01	2.502630448021814780e-01	5.417517537906653136e-01
nan	-2.256672952211693228e-01	-6.660285747638243492e-02	-6.167228673627886404e-02
nan	1.426204116388293530e-01	-1.589282810709409244e+00	8.971440565035410097e-01
nan	3.350339126291998482e-01	1.693020527488964810e-01	-2.287576022468442993e-01
nan	7.017768645646866865e-01	-5.423378348577978514e-01	1.372732361937923251e+00
nan	-1.113315138450645225e+00	-1.725494764462615516e+00	-1.410618335306257354e-03
nan	-2.974157806990159969e+00	-1.504267674400023402e+00	-8.997890428255123085e-02
nan	-1.512417640653673789e+00	-2.878897060925971640e+00	7.616009060960521326e-02
nan	-1.752232176906667771e+00	-1.395433740761276020e+00	-1.912775424603169849e+00
nan	-5.408210781815263601e-01	-1.155191986601517673e+00	-2.560716170947745507e-01
nan	8.934113209081995244e-02	5.063250623574151454e-01	-8.622995545907790049e-01
nan	2.079387838453903570e-01	7.837026908538068382e-01	-2.024413377712504847e+00
nan	1.890155933183569337e-01	1.299924376238428936e+00	-6.895193851068550650e-01
nan	1.166513648304839501e+00	-1.181596738574709704e+00	-3.462999182102793894e-02
nan	4.587050764106024303e-01	-1.050464205326373301e+00	-1.191223442664055554e+00
nan	2.658543640960487897e-01	1.236689047984074641e+00	1.606510734410006691e+00
nan	2.036888645474024262e+00	-5.857337497403085624e-01	3.482413292386929982e-01
nan	2.216053973692047041e+00	-2.659054830496588862e-01	-3.456742304993805637e-01
nan	-3.599332815470965841e-01	5.409230413867518461e-01	2.912294612112199754e+00
nan	1.011319405825174877e+00	-1.420700978535575310e+00	1.255356270072149671e+00
nan	-3.521160404461540772e-01	-3.348456096731911025e-01	-1.482262915624464439e+00
nan	-9.538899901267913206e-01	3.889158723649391303e-02	-9.145751682259104509e-01
nan	2.386672394034153322e-01	-1.211457290717078417e+00	5.252309278447340191e-01
nan	-1.506484841789006435e-01	-1.766505484108563007e+00	9.727235850741545731e-01
nan	-1.550760478825380928e-01	7.150198620527866700e-01	1.356987401070123000e-01
nan	1.708211576975459667e-01	8.903839290795105832e-01	-7.188830937636209173e-01
nan	1.016278172886444509e-01	9.105218002139477962e-01	-1.399745350231530239e+00
nan	5.663826850229002341e-01	-3.490949471018284234e-02	1.158493258491352929e-01
nan	3.611452103687707860e-01	-6.081085348443557304e-02	-1.331787186200386608e-01
nan	1.343676293748384376e+00	1.794641050402551175e+00	-2.413792752984622592e+00
nan	3.045296336027402795e+00	8.110552218116928724e-01	1.342231026231485436e-01
nan	1.861926877538957026e+00	1.015433103763298872e+00	1.260488957711369373e+00
nan	1.067908081663617281e+00	3.833979311823095815e-01	5.637651937797515389e-01
nan	7.123811191034069568e-01	3.397536561105402031e-01	-1.752544672314941265e-01
nan	6.745218331959657032e-01	1.982414539538529752e+00	-4.583779398110101044e-01
nan	7.826828761048725269e-01	9.500754768599577460e-01	5.746701059838295045e-01
nan	2.173923478132905318e-02	5.309038141927504562e-01	1.000955412355921004e+00
nan	7.225728488660214666e-01	5.871135318163081540e-02	-8.952065590619269209e-01
nan	-5.964931663321165756e-01	-4.079171888975906546e-01	-3.083237711638243894e+00
nan	4.586860034179524037e-01	-1.214797983301975082e+00	-2.325469414504640397e+00
nan	5.264562215603345585e-01	9.516008515232929899e-01	2.489424065111935924e-01
nan	2.351167334082886473e+00	5.941145888013210641e-01	1.349414674986478824e+00
nan	-3.403651980136112032e-01	7.110824138989971788e-01	1.149815962867783981e+00
nan	-1.142916785020179626e-01	-2.604409607185323994e-01	1.587576308960119142e-01
nan	-8.054771380228772371e-01	-1.964739876708512800e-02	-3.065044571394826556e-01
nan	-9.071588015342160194e-01	-8.552026283913143345e-01	-3.497249653273633574e-01
nan	-2.683437721156391120e+00	-1.155546933777449770e+00	-1.266104685411977016e-01
nan	-1.361912306980294751e+00	-9.794584709246167975e-01	-1.526542977712805893e-01
nan	-1.344466676116423232e+00	-3.271123652039586105e+00	-1.691238649936333660e+00
nan	-8.732161742793189685e-01	2.233724709356141869e-01	-1.471661949350712151e+00
nan	1.250079099444203923e+00	1.205323033220886408e+00	-3.891753251858603990e-01
nan	1.390167910262004369e+00	1.266045486710562606e+00	1.490235806218906722e+00
nan	1.662881024961099019e+00	1.713400279985318075e+00	1.088927342488151595e+00
nan	-3.747246136884077039e-01	1.077498216446237222e+00	-3.200210306261164206e-02
nan	3.815360210627832815e-01	8.695539519533832529e-01	-1.282306629098696749e-01
nan	-3.194142450771672026e-01	8.698972605236265920e-01	-3.873004990067918651e-02
nan	1.105928473121786659e+00	-1.382885157360298489e+00	-1.031556586670665743e+00
nan	3.504042077148171175e-01	-4.482181909805874054e-01	-5.624659833502604345e-01
nan	4.865944214512551991e-01	1.509537447848209535e+00	2.736916825909411211e-01
nan	2.582078293772905653e+00	1.274886540440189009e+00	1.100915091858969408e+00
nan	3.847850845497249317e-01	1.151292288515308515e+00	1.077822097977947813e+00
nan	1.832678408784523150e+00	6.653498131646859992e-01	-1.024546449398653802e+00
nan	5.996818757118673737e-01	1.057259887419578437e+00	-5.338845268393944687e-01
nan	-2.389714056859083557e-01	3.056518981373409494e-01	2.417953044927543815e-01
nan	-5.792972305945033318e-01	9.997227672049706637e-01	1.826249975091008004e-01
nan	-1.727059435592270820e-02	-3.592380085864909089e-01	1.462611020820513641e+00
nan	1.600041540048465327e+00	-1.130887242798420678e+00	-5.132052189729957581e-01
nan	1.945595429422319222e+00	1.743812136311888361e+00	-1.861766709238119155e+00
nan	-3.521276491714964152e-03	5.403326659225196060e-01	6.176402501040442194e-01
nan	2.688603210082169959e-01	-2.825702699159668430e-01	5.906018645811323964e-01
nan	6.474623462750802583e-01	1.109513978441204252e+00	1.769150204671405824e-01
nan	1.249082195421098440e+00	6.468556164329193336e-01	2.685139952682312758e-01
nan	1.391189035584194378e-01	1.497817729226758265e+00	3.636922446450728819e-01
nan	1.380848576779583947e+00	-9.808776662342539865e-01	-6.036356257130792713e-01
nan	-1.294803310327474977e+00	-4.337886503166626939e-01	1.019902511089388342e-01
nan	-5.828435016929587320e-01	-2.902746747239457026e+00	-3.389881491809098701e+00
nan	-2.630838172809486508e+00	-2.052910676343276286e+00	-2.087138919186115604e+00
nan	-1.447328592795666280e+00	-1.758281460087614878e+00	-2.579173424405532877e+00
nan	-2.862121899527810820e-01	-1.305935089110037195e+00	-1.222295879744039748e+00
nan	-6.742333383325677110e-02	-1.385364139130025984e+00	-2.053991186938401992e+00
nan	4.971149837375045677e-01	5.707340712877428945e-01	-1.789423936250798652e+00
nan	1.132638661391230261e+00	1.047881793280733831e+00	3.670986506287903794e-01
nan	1.338290612462047502e-01	9.152591694990764859e-01	3.375000451781593025e+00
nan	-1.613594459148298133e-01	9.071301229810335709e-01	1.444683567633658017e+00
nan	-1.284021437129074350e+00	-3.058824330224053423e+00	-3.168197704562095707e-01
nan	-3.325106375178370488e+00	-6.540644041037219081e-01	1.650535092571161488e-01
nan	-1.330616118833476857e+00	-9.286190338711961534e-01	1.945583915826041288e-01
nan	1.445959662106283128e-01	-1.378425477442978053e+00	-9.750082372150282728e-01
nan	-1.474950934679781778e+00	6.971654032208095542e-01	-4.234173530865316670e-01
nan	1.758540809983932585e+00	-1.100405678524162045e+00	-1.054334666475625903e+00
nan	-6.125780201309668493e-01	4.541040448734240398e-03	-2.984568602886764843e+00
nan	-2.958045617750847400e-01	6.709491518795888121e-01	-1.219087224312013884e+00
nan	9.021089669195201388e-01	1.644903659617502623e+00	-1.949906435273949690e+00
nan	-2.339930429409085022e+00	1.947156502053440930e+00	-5.304621904362788465e-03
nan	2.538987832464659755e-01	-8.689836604796494779e-01	-9.005586842858682717e-01
nan	1.347770627079218908e+00	-1.562524050057623182e-01	-8.282481725722730115e-01
nan	-1.882405285117028093e-02	1.122901967774145415e+00	-7.683489056904224679e-01
nan	2.974376794305877425e-02	1.854931632144682041e+00	7.699665536617700257e-01
nan	1.398410123124956161e+00	1.293289766731366974e+00	1.845405484761423187e+00
nan	1.072269991221012964e+00	-8.861618551493665175e-01	2.679969163936660959e+00
nan	1.353449358451597195e-01	2.600557092380257132e-02	-2.361783380080728634e-01
nan	-3.990081374967365258e-01	7.306796683480863697e-02	-1.214326626975877677e+00
nan	-2.188822968704166594e-01	-1.356264863874291904e-01	-1.457806116118927520e+00
nan	6.927365888355132562e-01	-1.290488140357454405e+00	-2.471185118040084561e-01
nan	-6.782147326667741227e-01	-2.092286605564267710e+00	-4.477845513322420423e-03
nan	1.466237553284147621e-01	-4.174437286902711874e-01	3.888533261395163976e-01
nan	-4.247251446478855219e-01	9.830360285037487156e-01	-5.083213836068100067e-01
nan	-3.321178516947228543e-01	-2.799847037234911573e-01	9.344960579158178016e-01
nan	-6.453898452688756615e-01	-2.549948654547066207e-01	4.764694801180624495e-02
nan	-6.029189889486052945e-01	-2.318293973544822251e+00	-1.219297138487364096e+00
nan	-1.778490925026722014e+00	-1.711396604585663672e+00	-1.305400081252224842e+00
nan	-1.036186642479596243e+00	-3.853491953413756832e-01	1.298259134439627704e-02
nan	8.661995891225903188e-01	-4.987593529734213327e-01	-7.128340659559742054e-01
nan	7.940118329956573351e-02	-4.242897741997207484e-01	-5.974686621572017353e-02
nan	1.978011830899131240e+00	1.580040347192269712e+00	4.018884303172410855e-01
nan	3.691557420077830276e+00	3.906913228131350113e-01	-6.313401817792493320e-01
nan	1.478052346228310387e+00	1.590102472246577747e+00	6.557841069229337627e-01
nan	-1.197892803102835302e+00	1.650329715264616137e+00	-8.130705029811147178e-02
nan	-1.659411983085169018e+00	-7.023358672287427495e-01	1.101438508271508576e+00
nan	5.733809247018112343e-01	-1.654593955775258696e-01	7.179885196191806429e-01
nan	9.507958909564016015e-01	-8.460634149567958229e-01	-1.044933034768547042e+00
nan	-1.325305977062521290e+00	2.351494921186983722e-01	-9.090585549719980563e-01
nan	2.599423481219770293e-01	2.911878058255947810e-01	2.652082080178702617e-01
nan	9.422218287522938773e-01	1.230824005768980545e+00	5.602770935682633846e-01
nan	-3.170863383041866435e-01	1.371805004228897840e+00	5.274699533927562634e-01
nan	4.877975002013905659e-01	1.211981954468195788e+00	9.872450163158257297e-01
nan	4.843792617494729891e-01	-1.950985111898624336e-01	1.742942154949944200e+00
nan	1.805859164301460096e+00	6.880398695833147560e-01	1.218348395294131636e+00
nan	1.511979319350436723e+00	-9.977909228683304876e-01	1.673659084908453609e+00
nan	4.152720323831088356e-01	2.482708963599378482e-01	5.612532220792354476e-01
nan	2.352842901676615472e+00	-5.694858893715388781e-01	-1.042103396566889661e-01
nan	3.552949019167032652e-01	-2.791308640393045382e-01	-4.593015554957430857e-01
nan	-4.428791582341762290e-02	-2.315555376123905607e+00	5.211452700506327140e-01
nan	-2.164198542942983750e+00	1.767523824462230442e-01	2.828137517443173321e-01
nan	2.941761583272473057e-01	-2.374232667021058951e+00	1.700760628719991230e+00
nan	-6.814333156302725403e-01	-9.105746158839533866e-01	-4.138100396137846526e-01
nan	-4.861643391398197678e-01	1.375357987078368982e+00	-4.924848982841643630e-01
nan	1.832838112963602217e+00	2.326429874724875169e-02	3.370951648066248807e-01
nan	7.459816731682875623e-01	1.277717012315026768e+00	-1.256702558964703842e+00
nan	1.021233891849917308e+00	-6.321550637040542764e-01	7.494655490732320402e-01
nan	2.436566095420597211e+00	4.243717078467931780e-01	1.199191225026748242e+00
nan	2.674847212461704871e+00	1.093956912025474404e+00	1.116484996820152897e+00
nan	8.511407268039137275e-01	2.757549798260805485e-01	1.329198342445510495e+00
nan	1.287817079056530645e+00	-8.619219779388569425e-01	1.437115226761490838e+00
nan	2.798686173434946634e-01	-1.004656169314179781e+00	-8.485841337501998094e-01
nan	1.036768982697285901e+00	1.001507741611409319e+00	2.596256950810761355e-01
nan	1.216396275338253119e+00	1.264725066373580287e+00	-1.350897527556315647e-01
nan	1.901127444324238747e-01	-3.702039499931811806e-01	6.406340496899411985e-01
nan	-1.176221843863533678e+00	6.204769679775503644e-01	-1.524037148805613473e+00
nan	-1.396281003536534060e+00	1.277196290053811190e+00	-1.960422254794870645e+00
nan	2.709613722253925716e-02	-5.354145285329267034e-01	1.128150243533043273e+00
nan	8.287668854615967695e-02	-1.460088222427898152e+00	-9.344681178762961893e-02
nan	4.138322627067425596e-03	1.691802226582478363e-02	-1.111120595259972976e+00
nan	-6.358622498267320067e-01	-2.133424381769964406e-01	2.509647176863298856e-01
nan	-5.343289193856923802e-01	2.556251885451443773e-01	-1.420364416016742792e+00
nan	2.746656795218803682e-01	1.422870810063491920e+00	1.320204998756224768e+00
nan	-8.427448066160779794e-01	1.524163832953818520e+00	-1.706659681723218247e-01
nan	-1.162870402673170211e+00	7.132983101902709011e-01	7.762431115616620358e-01
nan	-5.520240034082433134e-01	-2.444743621011362666e-01	1.486129139045214043e+00
nan	-9.593230675509836214e-01	-1.516418600284993534e+00	8.101746036966230857e-01
nan	-6.588780483681251354e-01	-1.010151605869214375e+00	-3.544283146459288880e-01
nan	1.452472642937726821e+00	-7.596461883655828418e-01	8.705707990171085431e-01
nan	2.901494642689871117e+00	-5.714832357222119352e-01	-2.357549742159535111e-01
nan	2.593776362835891636e+00	-4.738305130717125335e-01	-6.825781125256329407e-01
nan	1.281749299381064855e+00	2.461962042653647043e-01	-1.157740217785189762e-01
nan	-6.238561755353438931e-02	2.338703064353663541e-01	-5.730567059643083550e-01
nan	1.266284793401388997e+00	9.467051738614485901e-01	1.186192316528878132e+00
nan	1.074537262151248118e+00	6.040155168254978113e-01	2.249315937870992599e+00
nan	9.442074964530557946e-01	6.060961503741547629e-01	7.591927951017781728e-01
nan	1.434482068513015074e+00	1.295182082979545735e-02	1.033899254218130670e+00
nan	1.287450163667533953e+00	4.764937283740277030e-01	-8.292867703365652821e-02
nan	5.353242188624217635e-01	8.688684199771690153e-02	-1.456255266472075371e+00
nan	-8.330567759272994310e-01	2.152515156587162082e+00	-4.187429033092736619e-01
nan	-1.123575225077588779e+00	1.234516350611281066e-01	6.785418091590134093e-01
nan	-6.067194597347442819e-01	-2.768053150446342370e-01	4.695533328129186668e-01
nan	-1.150606883331573460e+00	2.546762427602397016e-01	3.592555869105288346e-01
nan	1.119188042240129022e+00	-3.454961924790853067e-02	1.981267819861643742e-01
nan	1.485818169043547465e+00	-2.892504002636764326e-02	5.960211209020928047e-01
nan	8.931635023867038337e-01	1.220323968694045913e+00	-3.568138035825024756e-01
nan	-1.522232735124662062e+00	-1.805656245889486478e-02	1.142362568469590167e+00
nan	3.584182143992286629e-01	-2.406548317178972773e+00	6.566922714555061269e-01
nan	-1.116790510843733708e+00	-6.520551375549633599e-01	-8.916994101642190529e-01
nan	-8.257484762281357416e-01	1.184333482148707706e+00	-2.111582829585942345e-01
nan	-9.630250865109132308e-01	-1.650115389434017921e+00	-4.423083240131858718e-02
nan	-4.537758954400106237e-02	-6.785022008965319040e-01	-6.618824735151227490e-01
nan	3.957937604279084809e-01	7.442192082518755969e-01	-1.157513311179958482e+00
nan	7.882366448913550316e-01	1.766874630994970108e-01	5.365753377799713508e-01
nan	-5.756147139451966988e-02	-1.340193667727433979e+00	9.966349397771874508e-02
nan	-1.385173412964226136e+00	2.184712858465368002e-01	1.589485724121350474e+00
nan	-2.173931034136361351e+00	-6.684684535054666865e-01	-2.111872670554666431e-01
nan	-3.855531106875584313e-01	-1.705213216949808430e+00	6.215724181387658476e-01
nan	-5.554812274165097374e-01	-1.305396297637940184e-01	-2.409051264165136708e+00
nan	-6.658615225163472262e-01	3.999270400831198002e-01	-1.688995256795919886e+00
nan	-1.429228421198419419e+00	1.443150296394806853e+00	-1.051741091589286192e+00
nan	-1.007456809916122076e+00	-1.055100027165756016e+00	2.708631056407908133e+00
nan	-1.739722198338081727e-01	-9.930651933098617601e-01	5.208695830739930033e-01
nan	-2.651706434519625954e+00	1.331233396563559768e-01	5.832257516047753554e-02
nan	-2.395531188304455661e+00	-2.163588336402181289e-01	1.368035705856823991e+00
nan	-2.258676989401537938e+00	-1.633306767919141977e+00	8.349880063690099385e-01
nan	-9.314803102022606307e-01	-8.124712002794974852e-01	-4.475032803489949473e-01
nan	8.844467627998715553e-01	-1.633686339158298750e+00	-3.437410465301217188e-01
nan	-8.659223717820213606e-03	4.981251190568553033e-01	-1.056962544634499679e+00
nan	-5.453345360857292379e-01	4.692304716821579791e-02	-2.898837648150237034e-01
nan	-8.644542607523761912e-01	9.854321825610448116e-01	2.298143105585004786e+00
nan	-3.798409314181046548e-01	1.830614247704600128e+00	1.644215215284468679e+00
nan	2.268757611674356856e+00	1.081680231742514930e+00	2.889402233085159866e-01
nan	-4.355857442603701113e-01	-6.420638215694347561e-01	7.661338845216065785e-01
nan	-1.790366462579513041e+00	1.627700053203102293e+00	2.713167577962000143e-01
nan	1.050740716617899029e+00	-2.078944307254590562e+00	-3.832503831111062631e-01
nan	1.057715309418900906e+00	-1.218846173013684586e+00	-7.142829288020500211e-01
nan	5.997406641280076389e-01	-2.689840572157388698e-01	-7.721414888811942712e-01
nan	-1.712396450685427451e+00	-1.390902366304216597e+00	-1.497992612031159076e+00
nan	-1.957966304715540895e+00	-8.149918094337391672e-01	1.229660776749235573e+00
nan	6.371697581259891940e-01	-1.598511014011563258e-01	9.098990783560075846e-01
nan	-6.040207741594585400e-01	3.289114110568651661e-01	9.083746705910649144e-01
nan	2.192378822932407045e-01	8.804625698253304433e-01	1.296865929970093534e+00
nan	6.278953184475259963e-01	6.343486794370156723e-01	8.154341809812597486e-01
nan	3.977553300725003016e-01	1.295403426073731046e+00	-1.135331006649945573e+00
nan	-8.914645673830012829e-02	1.620899403897869462e+00	9.247053399361078174e-01
nan	-6.161483754121269696e-01	4.449558144398202408e-02	1.003463982416747502e+00
nan	-1.566915321530361505e+00	-2.286141000980564275e+00	2.406301769585426353e-01
nan	-1.269549402857742093e+00	-8.899326671236418296e-01	2.227367191148573733e-01
nan	5.893902305929823449e-01	-1.358192420549981794e+00	-3.152380308953873778e-01
nan	-3.036499618767772302e-01	9.460001090609987395e-03	-2.304571251695658463e-01
nan	1.543606101416101550e+00	-4.028300415555952640e-01	1.870488740338321909e-01
nan	-1.013927322746466242e-03	2.273850724716653671e-01	5.045982124508590072e-01
nan	2.453999330142476953e+00	-5.913275939470333809e-01	1.325010071941488343e+00
nan	1.106795196529286596e+00	1.936426131881886281e+00	-3.790480550936339288e-01
nan	1.528640431004326228e+00	1.305407619544731279e+00	-1.858241400171084745e+00
nan	3.038407395167249891e+00	1.972150681816801310e+00	-2.434754498504214937e-01
nan	3.650518200259061263e+00	1.481308437442564019e+00	-7.368316590380608044e-02
nan	1.243765257821473291e+00	2.920747680203342522e+00	-9.592245496838744945e-01
nan	1.061467813629842771e+00	1.217540916643996107e+00	-6.010971869113669319e-01
nan	8.840918442934332377e-01	1.550130445691377812e-02	-6.155829285898152259e-01
nan	8.882095171932956612e-01	-2.368505897446019359e-01	-9.135866094215260302e-01
nan	2.610940507078319817e-01	1.055718256118759246e+00	9.623600085990022812e-01
nan	1.367713561928766142e+00	7.316340860417449576e-01	4.165854874226690985e-01
nan	4.175477795636162170e-02	1.556391149321564971e+00	2.236764285347432768e+00
nan	2.913360779052539540e-01	1.267350131897730936e+00	1.812677359227659935e+00
nan	3.465542225211187821e-01	1.431956192364041591e+00	3.969142297144746534e-01
nan	5.662375576646722086e-02	1.595439743278202371e+00	1.016545170161802902e+00
nan	1.429024474830946190e+00	9.339580755233021225e-01	4.488474537233026473e-01
nan	9.888557452637052325e-01	2.209469856595700499e+00	2.617390388745161278e+00
nan	1.744132621424738350e+00	-3.930454946293266971e-01	2.506335229987321611e+00
nan	3.706144412354366868e-01	9.743637585396144329e-01	1.062017377726285350e-01
nan	9.221319943960322174e-01	-1.260180939356593477e+00	-9.855400633689685996e-01
nan	-3.899029288931680215e-01	1.502787626892118755e+00	4.116985111363754557e-01
nan	-8.389362758758179828e-01	1.589156786057783322e+00	-2.246556501913088422e-01
nan	7.345255068284991529e-01	1.968002544420222322e-01	-5.377007831083711054e-01
nan	-1.272515709096553538e+00	-1.065467708765265309e-01	-3.264285918618107241e-01
nan	-9.469017890771976864e-01	-1.264647885337681688e+00	-4.425412817108234642e-01
nan	-2.739321839288329841e+00	-1.352327235521470161e+00	-2.472174584508804784e+00
nan	3.933501328084889614e-01	1.264373126244403123e+00	-1.061505619964671743e+00
nan	1.428277294064530967e+00	1.430242994753738950e+00	-1.535255012653961249e+00
nan	-1.560881038355707018e-01	4.440167869290899127e-01	-1.410217191708482032e+00
nan	1.298339243927459086e-01	1.568160511054554007e+00	1.219072380166064118e-02
nan	-1.999691076100117648e+00	1.744353104627442086e+00	1.009255008505823392e+00
nan	5.150866431694341996e-01	5.693759507317731616e-01	2.121507990634531993e+00
nan	-2.351866510717932623e-01	3.237985099804582267e-01	6.277843770576501115e-01
nan	-1.676635363183624383e+00	-1.570448199457813443e+00	1.258577522570673290e-01
nan	-1.648604265344560726e+00	3.194922606582147884e-01	3.893366468292767113e-01
nan	-1.173500273537572136e-01	-4.928303617968081696e-01	9.228410370997297552e-01
nan	-2.802480442512353065e+00	-7.833133631174096223e-01	1.637596283424129995e+00
nan	-6.137467604131836563e-01	-1.115754689186955861e+00	4.122976173633043362e-01
nan	-2.054705311683601154e-01	-1.466485094724664595e+00	2.572900912647788196e+00
nan	-2.101972419483434162e+00	1.079916622523227065e-01	1.033755394976885456e-01
nan	-5.033569315742754124e-01	1.003967139319459800e+00	7.213353141648866096e-01
nan	1.324003602488422970e+00	9.186793040203306004e-01	1.472838496312867118e+00
nan	1.705786502204672317e+00	-1.862819045078336844e+00	1.340448024902623381e+00
nan	-2.127076340291524037e+00	9.028575456460495863e-01	1.142233411951470767e+00
nan	-2.208065968459772765e+00	-4.879513829966375948e-01	1.661908917023370957e+00
nan	3.522041525762127367e-01	-1.042419235286174972e+00	2.879800004068926889e+00
nan	-1.309226300215855288e+00	-1.476782484882422253e+00	1.802390563215259811e-01
nan	-1.679486955769571965e+00	-1.093057062421447734e+00	-1.260079867102715800e+00
nan	2.168756377726515083e-01	8.505933526043190085e-01	3.778677193905758402e-01
nan	1.388230388856056319e+00	4.647243188971611483e-01	1.682438749707243275e+00
nan	4.241497460345733383e-01	-7.914596239115767595e-02	1.226771682556805132e+00
nan	-1.189467684970609285e-01	6.981052335566364508e-01	9.221649896712749150e-01
nan	-7.121991728577252712e-01	-4.645581488100203882e-01	3.067555595296637128e-01
nan	-7.669480717628988087e-01	-3.943540132006412291e-01	4.960378637771223342e-01
nan	4.076379779913625878e-01	-9.307051592961528286e-01	-1.719956136641539679e+00
nan	5.803715257582691134e-01	-1.089615410712514443e+00	-2.266581455123464206e+00
nan	-1.007638892771825612e+00	-1.165096593289275173e+00	-2.205328558090852376e+00
nan	-2.370210875998357003e-01	-1.509020406900662747e+00	6.050984148166345111e-01
nan	5.726816610482697856e-01	-7.327442039022233899e-01	1.581100475361393864e-01
nan	-2.265163847819790188e+00	-1.814294696199725498e+00	-1.072802471590173834e+00
nan	-3.490486613737402433e-01	-1.990111170186810385e+00	-6.876296514934450155e-01
nan	-9.370005839764000699e-01	-1.252209685747168733e+00	-3.366320344459101221e+00
nan	-7.625964653268491045e-01	-1.009351623772853479e+00	6.792902442043440292e-01
nan	-2.461862258215719024e-02	-1.296001583280115499e+00	-7.135348847322402488e-01
nan	3.301988522241561808e-01	-2.015125034169420459e+00	1.054280889400884380e+00
nan	-6.551163296872504205e-01	-4.066359358356251841e-01	-6.657559337740048822e-01
nan	-1.046039246246205812e+00	-1.173277150082051856e-01	-1.497275459892077887e-01
nan	-2.113201882921204589e-01	2.142791890007920141e-01	-1.019150950181786808e+00
nan	4.448618225385636005e-01	-3.724898037338969514e-01	-3.417709137886860704e-01
nan	2.343621688034657868e+00	3.055030060156797567e-01	-2.363378842640504462e+00
nan	9.099840588396278518e-01	1.094067459830644129e+00	-2.461486927875762287e+00
nan	1.780523552301926049e+00	9.154469331775434426e-01	1.360971845106903722e+00
nan	1.176102774894507208e+00	1.743487184970180959e+00	-1.166528591653487323e-01
nan	4.870108259198685507e-01	4.124038116063730164e-01	2.093415890865912399e+00
nan	1.217181920446419596e+00	-1.560741292776254285e+00	3.890373024554445447e-01
nan	2.093908268375385351e+00	1.054163272493481074e+00	-1.569147770138441089e+00
nan	1.707524094474693888e+00	1.639666848052751646e+00	-2.441577507634936361e-01
nan	-1.715443678597295518e+00	1.395628887778359806e+00	3.241692631369359479e-01
nan	-5.383469383866503755e-01	4.309127473668267205e-02	2.503830635818216077e+00
nan	1.867784414474196408e+00	1.306543987805285800e+00	1.512071689806614216e+00
nan	-6.687854298566731082e-01	1.419034218680855552e+00	7.437516519738625043e-01
nan	1.871655530734188666e-01	1.051539345131887515e+00	-2.442441953127675314e-01
nan	-4.345805241796262819e-01	1.178373820153493456e+00	-3.772412532516332129e-01
nan	1.511477217762385583e-01	-1.036766612798716070e+00	2.503191454449072983e-01
nan	-1.956843267645149709e+00	1.575867086122155314e+00	-6.327499683559113519e-01
nan	-9.723179365471624758e-01	3.733911111817337924e-01	1.267308313492153671e+00
nan	-2.901051306264160745e-01	-1.787952775142265249e-02	-8.077793838784896874e-02
nan	1.005994862884412644e+00	6.206417972207052269e-01	4.016751817604441444e-01
nan	1.379652769076164520e-01	6.010752979159021958e-01	-5.322013011979856989e-01
nan	1.255235019796377305e+00	-8.303614403935555277e-01	-5.515905185670212374e-01
nan	-7.787855250641749771e-01	5.039200671974655155e-01	-1.359403934964584781e+00
nan	-1.500164824237699701e-01	-1.953384063109311786e+00	-9.106271566041075349e-01
nan	6.995920600976194281e-01	-2.091733289460562251e+00	-2.445269636805659452e+00
nan	-1.182343707346785955e+00	-2.257461491013410537e+00	-1.425108618155876750e+00
nan	-1.275437506253435105e+00	-4.318265461739712041e-01	-1.281743318224918493e+00
nan	-7.065810599320958563e-01	-8.045982285316588545e-01	-1.866298013018705237e+00
nan	1.760405128164352240e+00	-2.314239302176284596e+00	-1.130942220141074817e+00
nan	-1.499017129749818711e+00	1.754934612514549741e+00	-1.485189466059194219e+00
nan	4.281384608435220840e-01	-6.377199601465228795e-01	7.292385356801013296e-01
nan	1.925467085682613266e+00	5.737459683439589675e-01	5.776760940005968292e-01
nan	1.167605763342095537e-01	-6.624915110303126742e-01	4.050978304761117532e-01
nan	1.104235296859541693e+00	8.908069870485297859e-01	8.345573871687342882e-01
nan	-1.076297353309151994e+00	4.279126049170245416e-02	1.629906574378635842e+00
nan	5.833855734662822812e-01	-9.456380912049731080e-01	-9.213288450330958668e-02
nan	5.438881487303907081e-01	-7.014716103051638063e-01	-8.636138503006648981e-02
nan	-3.871494136280920206e-01	-1.345726889530382442e+00	3.816829561415763239e-02
nan	-2.509341106192791049e+00	1.774921868044833095e-01	-1.284517313769584224e-01
nan	4.291756442523340098e-01	1.133937337314884886e+00	6.788652113533540922e-01
nan	-1.273593120147389346e+00	1.792922940890861461e-01	8.440030674319222159e-01
nan	-1.167173125422288127e+00	-1.443240767972191196e-01	-8.783395325746425897e-01
nan	-1.841739339404007803e+00	-4.197590889025705208e-01	-1.811880294007943981e-01
nan	-2.374034578008686669e+00	-8.790646417579299765e-01	-1.916586259680042037e+00
nan	-3.443842952186346729e-01	-1.806932459375570454e+00	-1.599919304048374347e+00
nan	-9.243918807385165248e-01	-1.675957721421148738e+00	-2.188810688723409559e+00
nan	-1.074028296001530824e+00	-1.910711412099359130e+00	-5.441334316766147650e-01
nan	-1.625592713329121697e+00	-2.047046056204999687e+00	-2.410478600711254860e+00
nan	-1.104080735584681783e+00	-1.834435412194772796e+00	-2.533950186840689955e-01
nan	-1.539049602069311629e+00	-3.035887635672300799e-01	1.580641313831542272e-01
nan	-2.140375898822059142e+00	-2.743548387373846431e-01	-6.226117520637126646e-01
nan	-1.565905327982538564e+00	-1.222316211857731538e+00	2.119453398633790009e+00
nan	-2.269923149860080258e-01	-2.054407578794915645e-01	9.247830736329520906e-01
nan	1.081783491520620644e-01	-7.833888281865581948e-01	8.303047536602669032e-01
nan	7.105808908733621809e-01	3.763486598079314738e-01	5.258150256139213496e-01
nan	7.094141540632605825e-01	-6.757808344904809861e-01	5.814293432612062107e-01
nan	-7.365235702052403965e-01	1.346750973010544694e+00	-1.344635516109977669e+00
nan	-4.825756508500548270e-01	1.047026208377218465e-01	-2.567265566005708655e-01
nan	-4.516748243020568543e-01	2.732521766705793276e-01	-1.571629297276075921e+00
nan	-1.254529822512114201e+00	4.074117204944409376e-02	1.168105459662413192e+00
nan	-1.252417791561633909e+00	8.294575087113466028e-01	-1.106102195143737199e-01
nan	-2.314269887470006559e-02	-1.621170139661650134e-01	3.969476692455681799e-01
nan	-1.213112875011839176e+00	-1.528587758335052893e+00	-2.487237650753081342e-01
nan	-7.992956554872595598e-01	-5.673664170543508689e-01	1.644032473600253175e-01
nan	-8.263435092199044041e-01	-3.345901881418655854e-01	1.280459285314394124e+00
nan	2.295923275340400749e-01	-3.404958593269373779e-01	-1.862234399926790740e+00
nan	-3.822498777928397540e-01	-3.978516720813697893e-01	-2.048079716030266173e+00
nan	8.374460896752840000e-01	-5.492744729476184418e-01	-5.759148819183457224e-02
nan	-5.964273626006153517e-01	-1.736896543591158082e+00	-3.001084551044012283e+00
nan	-1.170698454499230712e+00	-6.970410342925592584e-01	-8.787243522097845094e-01
nan	-3.090737568479975939e-01	-9.570617202993344508e-01	-1.876069254348740056e+00
nan	7.402766615153388852e-01	1.290131808608423469e+00	-3.564201092894204725e-01
nan	9.474224599088217902e-01	2.199832434428948602e+00	7.867375371734357525e-01
nan	1.703342462969337223e-01	3.306787198511358383e-01	2.317033224665853375e+00
nan	-3.207454938033150738e-01	1.036625818237098540e-01	-9.941442321035935947e-01
nan	-1.833589043124915552e+00	-7.319060136434315522e-01	1.501800263042113448e-02
nan	-1.864541042038155183e+00	-6.178159228994565266e-01	-1.183781758622452163e+00
nan	-9.558743834625611502e-01	1.199664068820550877e+00	-1.556860326236839676e+00
nan	-1.746340595714900579e-01	1.614085130590699357e+00	-4.752573241463426412e-01
nan	2.309741498150475358e+00	1.594371294574416176e+00	2.054644845717357171e-02
nan	7.393709598870397137e-01	-5.111728486895414925e-01	1.904434167792930621e+00
nan	-1.003929097877198862e+00	-1.567630393485872187e+00	2.241914727474953739e-01
nan	-1.159555449550208062e+00	-2.330355254429451684e+00	-1.472783242642304202e+00
nan	-1.404384269071095481e+00	-8.857252538925997065e-01	-2.428300337905650252e+00
nan	-8.174677852520446653e-01	-6.674014233670327867e-01	-1.951346318937487112e+00
nan	7.275452267657076533e-01	-1.371448474692731789e+00	-1.664434796733889055e+00
nan	3.027883432561487842e-01	-6.047175490894930450e-01	-8.830662350789229009e-01
nan	4.448901863818504610e-01	-1.207318262910883178e+00	-1.691631456915299037e+00
nan	1.608244141302549446e+00	-2.087559174660126970e+00	5.478199917267387864e-01
nan	-2.440941779292608860e-02	1.283890260035914777e-01	6.035158501241577600e-01
nan	1.523759035637037018e-01	2.460599615955755826e-01	6.234310248665332344e-01
nan	-5.004258242190354755e-01	-1.065355980419317561e+00	2.065780859804030811e+00
nan	1.109892001201706391e+00	-6.492211187375828141e-01	1.780373315712035165e+00
nan	-4.899736338029145877e-01	-4.439705429407202475e-01	-3.082722832433036353e-01
nan	-8.187880766582468217e-01	1.305270020948241960e+00	-1.247156895045631320e+00
nan	-4.944956564840454760e-01	-2.107741776458525784e+00	-7.820955238564466505e-01
nan	-6.292351027751719172e-01	-1.707495101099732127e+00	-6.102592082736202350e-02
nan	2.223746692329420238e-02	-8.088537889374103340e-01	-1.945999373241452002e+00
nan	1.643877674765728880e+00	-1.012836240644644503e+00	1.215689319606866325e-01
nan	9.153106078284070080e-01	-3.336024861219269444e-02	4.276715806193631120e-01
nan	7.488758476768504480e-01	-2.697167868017638637e-01	3.655939170425224205e-01
nan	1.098136412550400731e+00	2.221257159460190977e-02	3.521029796421628055e-01
nan	8.135823109535218478e-01	1.686110596614520674e-01	-2.956517817492327005e+00
nan	-9.984414433799532196e-02	6.277197968469341305e-01	6.292139240932748123e-03
nan	-6.606009873767499929e-01	-1.455484847912154267e+00	-3.541405328190637691e-01
nan	-7.882185979973834744e-01	5.897145721818917163e-01	-5.043447021325159207e-01
nan	1.213294066393487969e-01	-1.015528927720929842e+00	-1.019546069085075946e+00
nan	5.112399293042373394e-01	2.649405103712962450e+00	-1.135497187417621179e+00
nan	8.946395953706718362e-01	1.371123460439297004e+00	1.258180655763839195e-01
nan	2.208397518577865259e+00	-1.927881125546250241e-01	3.451677240393812851e-01
nan	1.992618192449878922e+00	-1.404219404534295723e+00	2.868987051204269445e+00
nan	-2.405131718618984393e-01	-5.341447576235658357e-01	1.378194793339437840e+00
nan	3.829140187837087872e-01	-1.786312462164318937e-01	8.335809649199024118e-01
nan	-1.806776085307082669e+00	7.646657418817262020e-01	4.525657553235939434e-01
nan	2.792119004609489585e-01	-1.606414019885536337e+00	8.783284030435611900e-01
nan	-2.420444267700591290e+00	-1.042872348638059776e+00	-5.493315029265406491e-01
nan	-1.386188336579259106e+00	-1.127122576171255330e+00	-1.332301303207169774e+00
nan	-1.103825492913300899e+00	-2.441528412915646706e-01	-4.819212021187079809e-01
nan	2.450875457791392709e+00	-1.536915475895105354e-01	4.655854562696903898e-03
nan	7.361398067762400244e-01	1.013286790781579683e+00	-3.163899415327965647e-02
nan	3.647191424865381393e+00	1.222225909091434470e-01	4.317083984081430126e-01
nan	1.856542920982353850e+00	-2.267293697535066599e-02	1.164174534659199178e-01
nan	1.778474001520656156e+00	2.106159249846561998e-02	2.692701322165108047e-01
nan	2.227483344071315763e+00	-5.131582929143729821e-01	-3.919293752731752845e-01
nan	1.714048055605825072e+00	1.032859951744845350e+00	8.405822905166004944e-03
nan	1.063423346748745280e+00	-1.172638746944340893e+00	-5.712437871818683011e-01
nan	4.022036910488660522e-01	1.150965839124154400e+00	-8.374076213544809910e-01
nan	-4.348480842512267852e-01	3.133348110661293262e+00	-2.953672434147495141e-01
nan	1.333144836771509523e+00	1.861121865453056579e+00	-1.147307796638369348e-01
nan	1.452596449547495450e+00	4.774649761366914213e-01	4.001582696990919064e-01
nan	-3.573155691576324067e-01	3.898567157498312730e-01	-9.384925903447964846e-01
nan	8.745998365526070906e-01	1.671722251296003048e+00	5.314808063956952267e-02
nan	-4.397279102453655053e-01	4.555372657924243729e-01	1.140100738677710668e+00
nan	-2.298869252973133881e-01	1.205811265711938196e+00	1.262584207013402793e+00
nan	9.955233731214649384e-02	4.091552246621928401e-01	1.621674835233211986e+00
nan	-6.718693807910075533e-01	-9.298058743642630963e-01	1.468954441782669651e+00
nan	-5.851485802821949633e-01	-1.997055814909763249e+00	-1.841706786242043314e+00
nan	-5.259068718485337968e-02	-2.424593819290308705e+00	-5.478416826899074055e-01
nan	-3.677473640428249313e-01	2.095273604278438118e-01	2.204957803959752827e-01
nan	-1.514236858849472567e+00	4.478867672097130992e-01	-1.463119061274817667e-01
nan	9.193109430996704301e-02	-1.007471505520290078e+00	-1.955638417934677964e+00
nan	-1.659485662074628110e+00	-1.884036228514065492e+00	5.060842797847955321e-01
nan	1.590967475666231534e+00	-7.568270031730583991e-01	-4.328810194464598471e-01
nan	3.054224958488799269e-02	-1.031615483598817162e+00	-2.904872207456465905e-02
nan	-2.142749705041937514e-01	-1.437712042151687797e+00	-1.512269808800303927e+00
nan	8.113549740769443464e-01	-2.485650748506567087e+00	-5.529618593979213070e-02
nan	-7.324789822202073530e-01	-2.159035419467660866e-01	1.096006266665683349e-02
nan	-9.660609748660443641e-01	4.745519898926093827e-01	-1.751418988281593592e+00
nan	-4.073299054038045375e-01	-2.671559914103228683e-01	2.152501239978854564e-02
nan	-1.176026106082584510e+00	-2.734671798234119322e+00	1.193484795164196643e-01
nan	-3.197513271044776229e+00	-1.899381799481243860e+00	-2.319104676493842776e-01
nan	3.215303929689827811e-01	5.225450001440765657e-01	2.823419219026649385e-01
nan	7.766943560695029891e-01	5.351058289707826265e-01	1.457199045863597497e+00
nan	-1.408408926129659067e+00	6.968619292532463039e-01	1.514066568311389416e+00
nan	1.085412830774914683e+00	-2.124644801258344540e+00	-5.743098219197513288e-01
nan	5.124759261357383355e-01	-7.706285243847892374e-01	-4.807597859778645066e-01
nan	1.056349804746270715e+00	5.087830037588723098e-01	-1.082150154576953849e+00
nan	-1.516152712990979090e-01	-4.070243173219856292e-02	-9.329627482602597111e-01
nan	-8.079905441614193551e-01	-3.787895399835261023e-01	-1.333147892963062908e+00
nan	-2.106358628044211034e+00	-8.848603787112578889e-01	-5.056489183515944230e-01
nan	-4.992092488637117076e-01	-9.725793298874170212e-01	-1.017927175285299635e+00
nan	3.691264345406609637e-01	-6.542882978059640919e-01	-1.170403820795944849e+00
nan	-1.875227276665521192e-01	1.122869756307626643e+00	-1.280655262151904727e+00
nan	-3.921399660072999449e-01	3.300427654894253493e-01	-2.749532308285391746e-01
nan	-6.743762476281572882e-01	-1.632184121563297730e+00	-1.075475302563179358e+00
nan	-1.183392443677530270e+00	-4.624226860745050960e-01	-1.509975027206007736e+00
nan	-1.895190013090203074e+00	9.430236930564678266e-02	-2.614545218619621636e-01
nan	-1.236342215750749762e+00	-2.438745544376678676e-01	-6.878093977845499696e-01
nan	-6.672369957793669037e-01	-4.295527778692587728e-01	-9.350619393525370082e-01
nan	-4.358982219686319270e-01	1.381747014176915478e+00	-1.622091600322605354e+00
nan	1.288132420888210117e+00	5.169007087193102645e-01	2.770182933475843767e-01
nan	1.022889657443363909e+00	8.739995124591539710e-01	7.368917962067835781e-01
nan	1.671802467607586440e+00	-8.747522166812548017e-01	3.686709247111192855e-01
nan	1.007897922315158068e+00	3.371497496661410853e-01	-2.599411776093916160e-01
nan	9.649805037697456456e-01	1.305579442416566316e+00	-9.846485280042641675e-01
nan	1.845255451504014488e+00	1.845407779856535591e+00	1.349548439535660782e-01
nan	-1.101833586013793775e+00	7.951398689134179243e-01	9.420947911646739836e-01
nan	-1.061730272509429307e+00	1.337201199442371036e-01	5.235516875199280884e-02
nan	-2.494998785903871585e+00	-5.929835108582809378e-02	1.434815150427257935e+00
nan	-5.410607233380423375e-01	-6.557076654597965293e-01	2.881226847917626177e-01
nan	5.777673260591875692e-01	-1.940391271450731425e+00	-2.321525543323137430e+00
nan	-1.207949541932540338e-01	-5.891720251619133597e-01	-7.372166801647829226e-01
nan	9.967281761140843743e-01	3.173899839479380480e-01	-8.372392975093060352e-01
nan	-1.210538434374271111e+00	1.410434867367317824e-01	1.288346771236204891e+00
nan	1.462763462200942888e+00	-5.942164588586429375e-01	-2.287082268435745580e-01
nan	1.105330929541825435e+00	4.407108576673964828e-01	7.280867414077920596e-01
nan	-4.959515996466137833e-01	3.103738339775076183e-01	2.017395066940101955e+00
nan	-3.738293298090246797e+00	-6.625817363133705840e-01	-2.650240906675012109e-01
nan	-1.391281414856069265e-01	-1.317660468102823002e+00	-1.322560006840043378e+00
nan	5.572354795457552523e-01	5.930203024492236574e-02	-7.369241104008270593e-01
nan	8.220119015204254698e-01	1.386317403095483070e-01	1.104869651673932474e+00
nan	-4.816441082397762696e-01	8.742100687419727123e-01	4.219660551875343280e-01
nan	-7.656723790009763997e-01	-4.197694866289364835e-01	-1.090124653448312220e+00
nan	-5.599919510583700744e-02	-1.260887069091077839e+00	-6.498537285217176329e-01
nan	-5.655050096245535229e-01	-1.496614031903754194e+00	7.010713748349306496e-01
nan	-3.505438632737811200e-01	5.075437382541501119e-01	-1.418255599115943344e+00
nan	7.806912882424712485e-01	1.234421312870936649e-01	-1.399194447888271631e+00
nan	-6.399465362410923230e-01	-1.303037840819550874e+00	-4.291409178335198749e-01
nan	-6.386591734147777366e-01	-1.178200532166084002e+00	-1.557777502202240538e-01
nan	-2.944539290807068332e-01	-1.288750895102044325e+00	6.874619118162836884e-01
nan	-1.150370853603996490e+00	-2.768199288107803802e-01	-5.152277899093534730e-01
nan	-1.087052993344692631e+00	-1.594323022787612398e+00	1.198181685968434940e-01
nan	-2.462396358945483144e+00	-2.880236234911393023e+00	4.942331839401075122e-01
nan	-1.431821612039017921e+00	-1.664211379358023102e+00	-1.370257227493217878e-01
nan	-1.670364321590838363e+00	-5.769418857945540768e-01	-1.015589250052917780e+00
nan	-1.438610886791032994e-01	4.256000276969739149e-01	-1.490832565762523432e+00
nan	-3.540222259696178542e-01	-8.586237723315330861e-01	5.551877715112518707e-01
nan	-1.060458852796595686e+00	-7.651819960413324129e-01	1.089485387837435759e+00
nan	8.944267585094589634e-03	5.976058072809320443e-03	7.349512958350248315e-01
nan	9.407454775504876798e-02	1.915399638875104338e-01	-6.782748624474819188e-01
nan	3.863570749993202463e-02	1.205960832328220489e+00	1.326918153976023307e+00
nan	-3.288985143431804592e-01	7.591634929792981934e-01	2.241583173820836938e-01
nan	-1.386337047903927866e+00	-7.730908559780997891e-01	-1.403981630094241595e+00
nan	5.909176369660826822e-01	-4.444182660992612721e-01	2.119507533026692148e-01
nan	1.182486306242772622e+00	1.834024177872474459e-01	-3.211667011075851619e-01
nan	-1.348127354929012922e+00	-6.113337844008932542e-01	1.493582742590906953e+00
nan	-1.464694097801862327e+00	1.153955747761135298e+00	5.201982131087018457e-02
nan	3.459127570100784532e-01	-6.872012412617328758e-02	6.372441705573181903e-01
nan	6.120869929669914278e-01	-6.150720211186876396e-01	-5.672295827384874478e-01
nan	-1.762116503054643291e+00	-2.566801740192475867e-01	-7.061414397361411854e-01
nan	1.563932845437008279e-01	-1.299151772525508619e+00	3.091831952944045225e-01
nan	1.264574669985733535e-01	-1.128404865043834970e+00	-6.347832764905492198e-01
nan	8.275813163082278434e-01	1.067325856737157963e+00	-3.170678563048374698e-01
nan	9.996476647649203962e-01	2.402579722880915924e-01	8.414922206525937698e-01
nan	-1.078410625088682906e+00	-8.872705611467573972e-02	-1.226022565464006453e+00
nan	7.962722346152213415e-01	-1.290876116772873727e+00	-1.918549312889880065e+00
nan	-4.194950569712658783e-01	-7.792854484742244292e-01	-1.981104548132793131e+00
nan	-9.514151305986470186e-01	-1.205713739703533793e+00	-2.335418156525273847e+00
nan	1.999524141666338961e-01	-8.639473884371328127e-01	3.011151281479500508e-01
nan	1.035252698124526693e+00	1.035386032715892801e+00	-6.031526241867933846e-01
nan	1.912700209208642699e+00	1.238107734282567041e+00	1.205806499333861082e+00
nan	1.998084760296410245e+00	3.671380051427797220e-02	5.207423874706099687e-01
nan	1.892053656210030965e+00	7.791905909172818223e-01	6.698111606153394071e-01
nan	2.257506780329065155e+00	1.302780102425141528e+00	2.253550413037974653e-02
nan	1.497571878398812117e+00	1.593023188609318463e+00	1.183480835220833693e-01
nan	8.125157251430700223e-01	4.727619644376750974e-01	-1.455604732366636567e+00
nan	-1.686722535118650113e+00	-1.089337930393097675e+00	-5.113868861782284725e-01
nan	-6.319847051474150046e-01	-1.998343772075903413e-01	-2.625834498554855845e+00
nan	1.420629831515828112e+00	5.933721800969254945e-01	-1.328071801345589220e+00
nan	1.400887666255843933e-01	9.205987156831960672e-01	2.090439421904980721e-01
nan	-4.167971815601022589e-01	4.327670193850358116e-01	-5.081428300738002335e-01
nan	-6.671755368249150386e-01	-4.096322764019819651e-01	-4.375600000534288214e-02
nan	9.181459460706492548e-02	3.289474960777918344e-01	3.092057518693558382e-02
nan	1.044435614414460423e+00	-5.814806993361150145e-01	4.557368193195621697e-01
nan	-1.244519058567414627e+00	1.651807111168424491e+00	-9.914529049803277871e-03
nan	-8.188119572760870213e-01	-5.585519978193669299e-01	-4.950995924350676258e-02
nan	8.259158735083627079e-02	-1.593693843199651017e+00	-3.560832885031888773e-01
nan	1.537106576180331752e+00	-4.451104121327043028e-01	-3.376625761383722502e-02
nan	2.257632576810491454e+00	-1.107866213818370582e+00	-1.326825174240433836e-01
nan	-9.528094917691980470e-01	-8.045723269545512757e-01	-9.777293904467633245e-01
nan	-7.479157214631063644e-01	1.455963772599826456e-01	-1.964071491130764624e+00
nan	-1.367696872464513991e+00	6.556534463808524893e-02	-1.214148662731873829e+00
nan	-7.460673426736355029e-01	-2.016409531806888367e-01	-1.332255406491844152e+00
nan	-5.699804183830445847e-01	-1.980736333101907887e-01	-8.266453659791777042e-01
nan	-5.132617663908822792e-01	-7.197830522549193422e-01	-3.671491251409045864e-01
nan	-4.747469890314256480e-01	-6.753679032755137701e-01	-3.200860047614175752e-01
nan	-2.229611480398158985e-01	2.144006570474876749e-02	-3.805688483062066862e-01
nan	5.502150774955080065e-02	-1.705936818761969176e-01	3.793677185737837076e-01
nan	-2.034830285100248104e-01	-7.381684137211858010e-02	-6.384524232117265441e-02
nan	-1.259087458952168337e-01	-1.778685184497509342e+00	6.615560073608455216e-01
nan	-2.833333212249544153e-01	-6.635587674584454421e-01	-6.795939402954893627e-01
nan	-1.159356945177085318e+00	-2.013609707203092736e+00	-8.519429352804257505e-01
nan	1.805631413099720861e-01	-5.010254969663909819e-01	-4.797664165239923229e-02
nan	1.031258687231765947e+00	-1.181886784700184045e-01	8.304767224887266153e-02
nan	2.594485939304339017e-01	1.275450904065478674e+00	6.425130883672745472e-03
nan	1.252709260103115785e+00	-1.017836336678116016e+00	4.267671115895732559e-01
nan	1.765375129750400784e+00	-1.261445272075003565e+00	1.632791425410831998e+00
nan	1.990435691503327442e+00	-4.354186478554314399e-02	-1.387923740928651783e+00
nan	2.095847735583437621e-01	1.971193724798927960e+00	6.317957561030429492e-03
nan	4.658796092112419407e-01	1.267901766877249425e+00	9.059805246816741153e-01
nan	-4.373433862138340622e-01	1.181409289254887973e+00	6.524616782735294107e-01
nan	-1.216350920466294117e+00	1.725772824577274656e-01	5.213108558020559391e-01
nan	3.750588257453913443e-01	-4.449277448293932347e-01	6.598824764114539221e-01
nan	1.306518973942716322e-01	1.210103563289039313e-01	4.656446462164867128e-01
nan	-1.262727269254487750e+00	5.247888460587332160e-01	7.171257903031876824e-01
nan	2.958918455036813056e-01	-1.598214542711598352e+00	-4.593123028709992228e-01
nan	-1.453889078220016673e+00	-1.260664557413629483e+00	-6.909408975485205051e-01
nan	-2.687480916036699696e-01	-2.120439428254276670e+00	-1.958169722573758431e+00
nan	-1.255484402376859654e-01	-3.471360808337404236e-01	-7.858324514332273303e-01
nan	-2.999506806073706233e-01	-4.655941757672983350e-01	-1.191770561574031051e+00
nan	2.110996170762053925e-01	9.311678974435970702e-01	1.343607131614421024e-01
nan	-1.666313465656278581e+00	-2.656959010266835008e-02	-1.539889130642678183e-01
nan	9.045084339786531036e-01	-6.562122535190425543e-01	-5.407741794014319092e-01
nan	1.634264137617057466e+00	3.336839318672497057e-01	-1.718413566426757466e+00
nan	3.755231052544643067e-01	-7.230153228786500019e-01	-2.675836760241893320e+00
nan	-1.924213355147927906e+00	-8.332011917276958002e-01	-9.094348884477321260e-01
nan	8.648288744028742592e-01	-8.118599384564347821e-01	4.907939610570567490e-01
nan	1.252895913538585759e+00	4.869700455661898353e-01	-2.831992737294976581e-01
nan	5.365411182725187134e-01	-1.127848792711268366e+00	-1.259687990490355070e+00
nan	-2.780889193191438569e+00	7.778928312482772389e-01	-1.329208261594975848e+00
nan	-5.773095793921282359e-01	-1.014713094350353728e+00	6.392745006848256084e-01
nan	-9.219048814634484001e-01	7.570034511104661856e-02	-6.056426998971239373e-01
nan	-5.424740144108803896e-01	-3.187930633820263981e-01	3.131022451572078036e-01
nan	2.942455593421847038e+00	-1.191598212694529924e+00	8.594284092788667673e-01
nan	2.198069035653388292e-01	7.038937811229548647e-01	-9.887563104794553359e-01
nan	4.553663954928737212e-01	-4.246356177909426100e-01	1.548461771215836391e+00
nan	-5.416331969789109912e-01	5.792367347444892234e-01	4.186820234679476394e-01
nan	-1.722280225036967538e+00	-3.561030833659259986e-01	-7.251072774112483632e-01
nan	-1.328272617933832778e-01	1.650000101026588339e+00	-1.380437509303313881e+00
nan	1.372255564708414477e-01	1.275836150817927228e-02	4.605545912820533383e-01
nan	1.951372764240210333e+00	2.081062120204378307e-01	4.648605679646646283e-01
nan	2.494989762200236161e+00	2.258963130218058613e+00	7.183222039832571904e-01
nan	1.474832444770459938e+00	2.201076771090392015e+00	7.553607544848209843e-01
nan	1.419229085193443929e+00	1.287278912214291360e+00	2.378698513310434137e+00
nan	5.014952716394649457e-01	3.225183998832256149e-01	1.430316071940791467e+00
nan	-1.287950620137482405e+00	9.654090353537917446e-01	-3.372613415191421105e-01
nan	-1.392803373331426897e+00	4.444523150840304915e-01	9.238707117210787079e-01
nan	-5.200453452944489019e-01	1.102302502925353700e+00	2.311906697196365879e-01
nan	-5.594022497932328308e-01	-1.555816907160345153e+00	-8.433678252516286777e-01
nan	-7.956630541618570085e-02	-2.604995147611435802e-01	-5.198734211576846453e-01
nan	1.434605679572144687e+00	1.849761314027369985e-01	1.723191978130631075e+00
nan	1.788859400488847839e+00	-5.414935116723991193e-01	4.578350107043722694e-01
nan	-8.367791063119939254e-02	-1.909519898092855161e+00	4.499001650946872766e-01
nan	-6.113848294899679736e-01	-1.369582023121454828e+00	6.752450254838168187e-01
nan	3.557345445183541788e-01	1.079289759783329750e+00	-8.255593234438156625e-01
nan	1.774483713835353083e+00	5.180935537922866096e-01	-2.028744410047851887e-01
nan	-5.621601786738018580e-01	1.413032480060144369e+00	1.928658719339563898e+00
nan	-1.000807071866167686e-01	-1.401289409722850099e+00	-1.398591796845685575e+00
nan	-1.193163734712515911e+00	-1.874189030405691847e-01	1.044913071892986434e+00
nan	-1.234055718198206364e+00	1.929169494380872374e-02	5.179091714179528960e-01
nan	-5.841611949356616540e-01	-2.046003028098396292e+00	1.872271108686216490e+00
nan	-2.667804709385283024e-01	-4.555150945008825669e-01	1.164369081872323325e-02
nan	-5.241198167133215291e-01	-6.035509842903665767e-01	-4.921627061173129980e-01
nan	2.226256131994865051e+00	-4.222201365654900673e-01	-7.731474133812559213e-01
nan	5.162056819955688214e-01	-3.814972906050687618e-01	-8.113666227730355063e-01
nan	7.025076788612906187e-01	-8.455585939810449370e-01	3.994642172134860170e-01
nan	-1.028641218692209813e+00	-9.268100135468502199e-01	-1.035728181848055041e+00
nan	-3.139055389256119266e+00	-3.052628850378726333e-01	9.587245702979493300e-01
nan	4.185629068530927199e-03	4.827276898944399264e-02	1.258836122937354141e+00
nan	-1.369464266816501796e+00	-2.319264461169591174e-01	-3.801449507789270710e-01
nan	-9.560923254658606485e-01	-1.519437171897593863e+00	9.421016200232524840e-01
nan	-2.304017258902362197e-01	2.961186056649721676e-01	-3.213218703356445771e-01
nan	4.509083152514326565e-01	-7.395005689951108518e-01	-3.571079642586583169e-01
nan	-4.549564919329892043e-01	6.512926586938068141e-01	-8.288534680719173986e-01
nan	-7.061982170981226936e-01	9.300657691219635925e-01	5.391699506153876387e-01
nan	-1.211871084794833742e+00	1.356088414947493437e+00	9.311485874849816380e-01
nan	3.086420674679824505e-01	-2.430455526605576344e-01	1.369170579323493619e+00
nan	2.804461849359712655e+00	2.636193301902042929e+00	1.102416511486908612e-01
nan	5.898980394386852399e-01	4.010032711314613252e+00	-6.299820907865198993e-01
nan	6.873092545146917143e-01	9.421763166625714003e-01	1.749430876590041706e+00
nan	2.065493022767760367e-01	-1.137136232689252235e+00	4.057381304785420140e-01
nan	3.977186911079535481e-01	1.830376257653797190e+00	-5.687833810384130828e-01
nan	1.998326809010375182e+00	5.777248909068271043e-01	3.502445068825554286e-01
nan	2.156957037762977647e-01	1.238389505614322150e+00	-4.715564807499446065e-01
nan	1.423284359536490795e-01	-6.499636115159962424e-01	7.521136585659563556e-01
nan	-1.263352605237428650e+00	-1.452362801760984201e+00	1.267704365178290660e+00
nan	-1.079807955316808510e+00	8.141143097646490467e-01	-1.568147423998289547e+00
nan	-6.424967770081179141e-01	-1.568023434673776473e-01	3.587286845976986882e-01
nan	-3.111535728858608740e-01	5.727912365823898400e-01	1.541268269114322687e+00
nan	-9.797111597809505801e-01	-4.365021455756154523e-02	-8.924756849181388896e-01
nan	5.508338375889609839e-01	4.598441604249148273e-02	-1.041968509656526987e+00
nan	1.432437732526619767e+00	2.347548620631008942e-01	-2.114040311919526349e+00
nan	4.088062863988142781e-01	1.365943918800756496e+00	-1.653084421900181233e+00
nan	-8.000387862081492774e-02	-3.499897768343348536e-01	5.395740016806758188e-01
nan	8.788356936520962392e-01	-1.500900351779026698e+00	-3.629654345157066198e-01
nan	-8.821723844986393281e-01	-1.134617382350913362e+00	-1.141062683762134711e+00
nan	3.423009775607326333e-01	1.743523803784419179e+00	1.370352420396877546e-01
nan	-5.326952623756228133e-01	-6.346201689163777360e-03	1.313008966760534912e+00
nan	1.930805069489200942e+00	2.333709992320677218e-01	4.549189735761424713e-01
nan	2.085029165575954746e+00	-1.014414033377592395e+00	-1.174905505279120188e+00
nan	6.055006290867934737e-01	8.545094749752153440e-01	-1.399417737897925118e+00
nan	4.373119817075635241e-01	-1.105403993580201583e+00	1.104996958630161397e-01
nan	9.808145747741905396e-01	-6.467587478553229463e-01	2.944246820347200533e-01
nan	-2.194658310372559762e-01	1.158060967703828048e+00	5.803253926214821945e-01
nan	1.651798167676368445e+00	2.219533621493254005e-01	2.250329692145739635e+00
nan	4.592022602288307609e-01	-1.645617206492347995e-01	-4.664841552470788688e-02
nan	1.043644775283810500e+00	-9.490500462193234288e-01	-1.218863960260384127e+00
nan	9.887638728109545694e-01	-2.315687335297699878e+00	-5.946086687793278314e-01
nan	-2.143714046206658175e+00	7.020353472752340895e-01	1.256748966224634501e-01
nan	-2.474682621896845403e-02	2.341823988308217031e-02	-7.630760904541595835e-01
nan	-1.441103423738934464e-01	1.905118563838124501e+00	5.149041719011688834e-01
nan	-4.121443215596664045e-01	-1.200067466649892500e+00	8.459273547078822730e-01
nan	7.463342177223000196e-01	8.574775877400242496e-02	8.540796069827798487e-01
nan	8.564291106730108627e-01	1.340042944328584673e-01	-5.648175297625355196e-01
nan	1.373952527577957161e+00	6.186896388453153595e-01	4.159691209245315324e-01
nan	-1.699632858347221998e-01	2.167565167970575968e-01	6.698996458141299737e-01
nan	-7.728021794405190992e-01	1.065508739186334708e+00	-1.750211851358180470e-01
nan	-9.305002165225356725e-01	1.909188622704609539e-01	1.538290184379612402e+00
nan	1.141026962060701422e+00	-1.441124913506046212e+00	1.683021329744446737e+00
nan	1.265872259302796010e-01	-1.768763986009903033e-01	-4.304759392889387359e-01
nan	-4.805993026304198890e-01	-5.214582775381544355e-01	-3.322431698396169919e-01
nan	8.727573225266183066e-03	-1.440084573957071790e+00	6.689487818110828599e-01
nan	-2.293208862357054845e-01	-5.918047386457692127e-01	-1.041103112404343056e+00
nan	-2.523627845341007703e+00	-4.072514159485731144e-01	8.360428127206183113e-01
nan	6.380853185447405984e-01	-1.986424219217679976e+00	1.277811714976688995e+00
nan	3.729196070968339716e-01	-1.660841366308628331e+00	-1.777723666750033737e-01
nan	5.495629730653515121e-01	1.366861248254169214e-01	2.021068998626474045e-02
nan	-1.635280391203643435e-01	-3.557241332533369604e-01	-2.002327586363393142e+00
nan	4.318386249692786061e-01	-5.860498951963974967e-01	1.491682131289219226e-01
nan	1.174168355863919766e+00	-1.635430039359482501e+00	7.124926652756766177e-02
nan	1.512684490949129046e+00	-3.870928716154363736e-01	2.821240254977481210e-01
nan	-1.651117666500242498e-01	1.126999776905782902e+00	6.287856657690775453e-02
nan	-3.571667025689514996e-01	-1.251627610211177188e+00	-5.189358346230441565e-01
nan	9.668629961736541212e-01	4.347786865738906825e-01	-6.432063979089264194e-02
nan	1.569057156766981320e+00	-5.230918741434267272e-01	-1.740836008119208689e-01
nan	1.677903498405741711e-02	3.659930065653245745e-01	-1.699957797843648422e+00
nan	4.312549914903213155e-01	1.638584441841551387e+00	-6.849724722919274811e-01
nan	1.877118866313081114e+00	1.104980749382103333e+00	9.552021996233961421e-02
nan	2.514476016099408406e-01	-3.473718261032930910e-01	5.876022481734446412e-01
nan	-1.500743394419904897e+00	-6.911151853680325141e-01	7.205082322054678912e-01
nan	-1.829468083375571652e+00	-2.025693070841998455e+00	1.777340166018385403e+00
nan	4.766394023827198456e-01	-6.889551774279634166e-01	-3.972512334553301994e-01
nan	9.588325582214063392e-01	-5.910511723404161533e-01	1.287776474595430987e+00
nan	1.179431603418396590e-01	4.182729260345655065e-02	-2.544476300531136048e-01
nan	-5.129030185449848789e-01	-5.025307410443293626e-02	-1.234170425986777619e+00
nan	3.076486868735246460e-01	2.064788073884816222e-01	-5.637897685585246954e-01
nan	-1.777709751888927325e-01	-8.717535472583947120e-01	-5.368513932851346482e-01
nan	6.146233011557056258e-01	4.526440664855212459e-01	-7.900893841879288448e-01
nan	3.982224320123322059e-01	-5.219223806899462303e-01	-1.037587812217772631e+00
nan	-2.055280245529867988e-01	1.009902591009005812e+00	-1.904117229052124438e+00
nan	2.829581888098025022e+00	8.080732016042915244e-01	5.254686726821977683e-02
nan	1.518621365666297240e-01	6.553744443854131463e-01	-1.547226259862027331e-01
nan	1.165426559024670405e-01	-1.753471015417015222e-01	8.176592590700262342e-01
nan	2.197315131602596061e+00	1.709914389977828408e+00	1.189564489114108170e+00
nan	1.464130656768555694e+00	8.116581699172690234e-01	-1.402919860468698765e+00
nan	1.697723892680151447e+00	1.454295289114685863e+00	2.156301790775079774e-01
nan	3.648266929604893072e-01	2.726956077392522770e-01	1.018142126189255592e+00
nan	-2.681276706255125708e-01	2.653095676259547009e+00	8.094510010187871973e-01
nan	2.056193670796950812e+00	6.281229680434063933e-01	1.301638669477698462e+00
nan	9.278144763840824316e-01	9.342623627991648583e-01	1.433568691299763387e+00
nan	-8.177448508446805153e-02	-1.890161051984381446e+00	5.355200960867592119e-01
nan	-1.359100314595192316e+00	-1.617674724323260982e+00	4.525177426605889175e-01
nan	-2.106608186460005250e+00	5.588587306741905625e-01	3.385133200675842780e-01
nan	-9.123782836114207040e-01	-5.224737663606826565e-02	1.396891881481495901e+00
nan	4.153192973919329622e-01	-8.560541068918321450e-01	3.047876456930134648e+00
nan	3.414855336544667663e-01	2.834638583384341270e-01	-4.173062981644903857e-01
nan	1.651176384038540057e+00	-1.656883309925992753e+00	7.673235476012397749e-01
nan	1.038804555127445628e+00	-4.127328447157135316e-01	5.058755293448535806e-02
nan	2.546790709646015727e-02	-9.140441779070084261e-01	-2.239052285400220943e-01
nan	1.037346362317348891e+00	6.440131682339128583e-02	-4.576686395083157111e-01
nan	6.904907684211691876e-02	1.499398985121279670e+00	5.593701977166116723e-01
nan	5.395598145567122028e-01	-5.211517290675684588e-01	3.599600838237925760e-01
nan	1.253297801636364506e+00	4.330328628956940928e-01	7.018616021718104836e-03
nan	5.222171080798279075e-01	1.187794366238504651e+00	-1.391367154599425726e+00
nan	1.691924060113439321e+00	-9.654124630143291474e-01	3.788256581320888494e-01
nan	5.532038929527520743e-01	-6.701448570103816227e-01	6.201584868410314755e-01
nan	5.317760910485949122e-01	7.282295640254723423e-01	1.113504051225185920e+00
nan	-4.021581621557266395e-01	5.928213415532596064e-01	1.319235771557553782e+00
nan	2.802680859274384595e-01	-1.365106895617793081e-01	1.320845821392288677e+00
nan	-1.539866995930909255e+00	-2.324708315437724049e-01	9.189053953464361157e-01
nan	-5.354662682209199165e-01	-8.466782778816844823e-01	-5.992859168538435810e-01
nan	-6.752436201834941532e-01	6.366077151851428084e-01	-4.539336101237519960e-01
nan	1.181391503555073275e+00	3.202489927577966133e-01	-1.331221567511764681e+00
nan	8.407751655527279100e-01	1.991442516746750657e+00	-1.532679914822279166e+00
nan	8.337086171884177110e-01	1.216346603382713720e+00	-1.288595333934663190e+00
nan	-2.168902350016150837e-01	6.877937983556593471e-01	-1.607950917958208770e+00
nan	4.918323041370782356e-01	1.791931252618036430e+00	8.828818512434327692e-02
nan	8.286780980237773431e-02	1.529722088303100191e+00	-3.526697074473943427e-01
nan	7.410649000520677099e-01	8.890960053408185626e-01	2.805877009992009397e-01
nan	-1.413164193819563375e+00	1.164453906579527187e+00	1.010527055400657903e-01
nan	9.569237510639591049e-01	-5.544025191931384322e-01	7.593901091807836456e-01
nan	1.634421849140539340e-01	-3.124606393219392375e-02	-1.198668082642645905e+00
nan	-5.376262129595705819e-01	5.168312780566819420e-01	-1.112112725767084420e+00
nan	-8.126588431479565555e-01	8.744150765489794308e-01	-1.926275955722074107e+00
nan	-5.809599661042402774e-01	-1.531635544202695653e+00	3.468930254703118110e-01
nan	-5.455700057660604063e-01	-7.919487012015383742e-01	-3.856303192124496126e-01
nan	-8.354764141780041120e-02	-1.572353606073007004e+00	-9.408403563647875778e-01
nan	6.747673694493028229e-01	-6.346861858507283349e-01	8.015648445149770041e-02
nan	9.241960207593551413e-01	3.718396729278420909e-01	6.900642281046155402e-01
nan	5.518635604024368924e-02	9.382531877580893021e-01	-5.465759619836951799e-01
nan	-1.009515245840636011e+00	6.587296911535700517e-01	1.850304187836695924e+00
nan	6.560007476202441012e-02	3.118509951593232410e-01	1.178260052192470875e+00
nan	6.860330379460309880e-01	1.798944741046664353e+00	2.356236108549847774e+00
nan	-1.368359833325931696e-01	9.936668301339502962e-01	-4.542754234174697370e-01
nan	-9.399252210769892812e-02	2.320510150673913419e-01	-1.349678872442688915e+00
nan	-5.815010452264931518e-01	7.856138082549064816e-02	-1.357387197935699730e+00
nan	5.205480517693715781e-01	9.459770754717964358e-01	4.727130717612557098e-01
nan	4.181480623279552056e-01	5.704984705217768237e-01	1.100107182648292659e+00
nan	2.336477083824162193e-01	1.088402235041051824e+00	2.254808862645845569e+00
nan	2.045011965446827951e+00	1.300787275603281890e+00	2.644644195604938020e+00
nan	6.831698323903023784e-01	-3.306769044634396693e-01	2.643408256105916010e+00
nan	-2.064150591986720074e-02	-1.701019395646302113e-01	1.032257751115792432e+00
nan	-1.057804800765351327e+00	-6.987835579621627380e-01	2.335754470126235882e-01
nan	5.015610737081972470e-01	-4.744679340384994615e-01	-8.200960894545961111e-01
nan	-2.305490591463626449e-01	-2.488458910009224923e+00	1.370481327148132422e+00
nan	-1.190157107405517944e+00	-1.807909846892150174e+00	-8.315687154018496230e-01
nan	-1.347343801406965857e+00	-1.940856924507413428e+00	-1.652870500853106384e-01
nan	-1.056137256676576097e+00	-4.334345786049734750e-01	-3.847695342660533147e-01
nan	-4.473390344530731033e-02	4.409117381074278419e-01	-2.125486059854703458e-01
nan	-4.025376283871068828e-01	2.557758490538459828e-01	1.303689344818595330e+00
nan	4.922840784321680374e-01	2.488799216004133896e+00	4.812453638439647685e-01
nan	-4.919111784070993032e-01	5.961020298197929890e-01	1.232135872197378745e+00
nan	-8.295489610411889148e-01	1.077711754873511341e+00	3.152056570811622160e-01
nan	-1.835501970450300613e-01	-7.380326854709996498e-01	3.331549978608416840e-02
nan	-8.555475415517395099e-01	3.809999851567605345e-01	-6.026838622503550846e-01
nan	-9.555269747715052775e-01	-1.796468459039724852e+00	1.255427623680027971e-01
nan	-1.318383620807048073e+00	-1.764698766528816520e+00	1.314828471846517299e+00
nan	-1.906423065919892412e+00	-8.980256755062855367e-01	-4.470631135487083130e-01
nan	-1.683210290500727124e+00	3.869267650533252390e-01	-6.643407858034175995e-01
nan	-1.067684311626542870e+00	-4.005937804155461635e-01	1.935562372422858335e+00
nan	-7.229372498198664010e-01	-1.331464400712279783e+00	-3.422534536760559187e-01
nan	-9.759088854528297219e-01	3.400136149352162018e-02	-1.384158935382024280e+00
nan	-5.326934521210313633e-01	-3.467824664418938108e-01	1.329790238282237747e+00
nan	-8.236377596619681718e-01	-9.986702168389780532e-01	-8.596364999688559383e-01
nan	4.471605984943861634e-01	-3.782563595784693700e-01	-1.191035748547384920e-01
nan	1.675671882138466851e+00	1.010327106623799098e+00	-5.580218363626989753e-01
nan	1.996326792797591398e-01	-2.117636787440935198e-01	5.241185511245152195e-01
nan	1.209372414490022418e+00	-8.903943719220321074e-02	-4.768890753856991904e-01
nan	-1.174380996492379037e+00	-4.772178264245320323e-01	1.681204081459647670e-01
nan	2.096256329657177897e+00	1.702012476740586977e-01	8.957922474723976070e-01
nan	4.213773093594417318e-01	9.934146357356193890e-01	2.573456117148701372e-01
nan	1.307283879915051461e+00	1.516765927636855582e-01	7.212076202712101036e-01
nan	-9.151358611389170949e-01	-5.354837755569179514e-01	7.056776306265295506e-01
nan	-1.130611146221198071e+00	1.518081691530592803e-01	3.584985966144587644e-01
nan	-5.670542737120976007e-01	8.366087330818642309e-01	-4.306279147529766815e-01
nan	6.895877490321576930e-01	-3.235470064074443264e-01	2.299031640412643740e-02
nan	7.181872443178033416e-01	-2.138125593848079209e-01	-1.742850001283413386e+00
nan	-5.207953926887894935e-01	-8.123685708303747255e-01	-8.040930336167142478e-01
nan	-1.026742333279463848e+00	1.296659381859713189e+00	3.196587429034935535e-01
nan	-9.961953018140844440e-01	-5.980669952378122600e-01	1.332618851720908326e+00
nan	1.277916484966279409e+00	-1.333094776197706111e+00	-9.668104283198928339e-01
nan	4.663160200658894583e-01	-1.570245968956611060e+00	-7.669497124252193654e-01
nan	4.550311973610720595e-01	3.077887602331734196e-01	-2.748094850494076979e+00
nan	-7.553997861173692430e-01	-2.034650952820312442e-01	-1.244701640569687351e+00
nan	-1.526267153688428468e+00	-8.240531318084655110e-01	-1.110058990022352310e+00
nan	-8.754840523949176667e-01	-7.455175903681683369e-01	-1.131555422801261201e+00
nan	-8.845077364043256729e-01	-3.158117221998645308e-01	6.137490642389329398e-01
nan	-2.333118064066746822e+00	-1.452626327402971596e+00	-8.190710026039793590e-01
nan	1.142578993339404825e-01	-7.417028288453808571e-01	-5.337987103403821765e-01
nan	-1.861111673749074269e+00	-1.200799339624505135e+00	-1.763337729731325298e+00
nan	-7.199772263140202799e-02	-1.365717891841361054e+00	-1.289796587653061488e-01
nan	-1.083001157221368249e+00	5.591545417502215010e-01	1.152191330192565144e-01
nan	1.325117221728765227e+00	-5.809747273339094242e-02	6.399987000590321440e-01
nan	-2.031473437885226718e-01	8.066564493600583141e-01	-1.264800262094847971e+00
nan	-2.561503890733795030e-01	9.754750864792813281e-02	3.595391825328797530e-01
nan	6.842841440060021263e-01	2.792470265374931149e-01	-1.676198452140118089e+00
nan	3.885601233730402448e-01	4.266899071723673220e-02	1.257938217903362688e-01
nan	-5.129226455791656702e-01	6.675035771983255373e-01	-2.592646109131102050e-01
nan	-6.103981638433997325e-01	-5.650705579281461999e-02	1.440177077216425738e-02
nan	8.946028011536120150e-01	6.719681593245627749e-01	-4.311893263095800122e-01
nan	1.134092943884654314e+00	2.784053654436091652e-01	-1.057821411134982625e+00
nan	2.230669510866582606e+00	-9.219158999833838575e-01	1.993627631476880269e-01
nan	-4.732747676435046791e-01	2.405109267565757936e+00	-1.343641659569302371e+00
nan	1.904424050675005198e+00	2.413290298038113235e-01	1.404956962325232261e+00
nan	2.150790364843375269e+00	7.159520911267289733e-01	1.041755427367613729e+00
nan	4.842575383950831758e-01	5.952830612096137175e-01	7.950478504087898912e-01
nan	-3.031215435319615792e-01	1.580033081331900513e-01	-3.556619719255521006e-01
nan	-9.271884375036578696e-01	1.115696980986661035e+00	-2.105656181604892985e-01
nan	-2.466135245048322877e-01	-1.494731369512449781e-01	1.357121912541749076e+00
nan	-3.056897559923473229e-01	-4.751264987606025336e-01	1.231533967969860255e+00
nan	4.292749143928217825e-02	5.624187153893870361e-01	-4.362092624138966812e-01
nan	7.937935219041526436e-01	1.926670521073283071e+00	2.292398699960988551e-01
nan	3.195061220139622460e+00	-2.383202190841032797e-01	-7.300169104230495032e-01
nan	-9.212814324440730118e-01	1.730704393370279703e+00	4.387705397965510623e-01
nan	1.932590497190216638e-01	-3.347834231055927812e-01	2.839430419015729345e-01
nan	-4.502136834704527635e-01	1.411321638363460806e+00	9.896110071224933913e-01
nan	-3.673012572859678526e-01	2.399024985907964591e-01	-1.052647874432410813e-01
nan	-1.571542608307334055e+00	-1.176971427142461168e+00	-1.359435000453410813e+00
nan	-5.931759807637528858e-01	-7.743782431164014657e-01	2.698103740811061968e-01
nan	2.654226114620106824e-01	-7.030450795266711683e-01	1.494361954639101542e-01
nan	2.063522521874528448e-01	-6.381910156647826460e-01	8.573053010151538977e-01
nan	1.763335938672750292e+00	8.528415968843089390e-01	3.007872200694185483e-01
nan	2.096144291973457641e+00	-3.935453322840629653e-01	8.848355524619958556e-01
nan	3.313877708618608864e-01	-9.201106418645600415e-01	1.317852569370098870e+00
nan	-6.031636397122647208e-03	-2.448466624701590155e-01	-2.130321946120520948e+00
nan	-1.228914345654515961e+00	3.648414108239538822e-01	-2.058548180688395846e+00
nan	-1.176619668240822758e+00	-4.043960833485209516e-01	-1.231771316506148128e+00
nan	-3.226611240815214776e-01	-6.642244745737213574e-01	7.015890443650558694e-01
nan	-1.705101227475249448e-01	-4.181125466328636242e-01	-1.065584801060511788e+00
nan	-4.330539579958310181e-01	3.371876757457700213e-01	6.429476508402972579e-01
nan	-2.301039921940783994e+00	8.667406052483465073e-01	8.021887197840817940e-01
nan	-4.462770687134703929e-01	1.565491237581073669e+00	-7.948529215098099066e-02
nan	4.353624712118833728e-01	-9.370639077818221363e-01	1.257717682455568919e+00
nan	1.847569983526436144e-01	5.620744864085661652e-01	3.115265016475414761e-01
nan	-1.206690233025784931e+00	-1.507364791940705384e+00	1.432925527711450986e+00
nan	-9.870444267046742937e-01	-1.931471616027249150e+00	-9.284229088700675092e-01
nan	-9.616511481458670518e-01	1.679141033247611769e+00	-2.037073368630006875e+00
nan	1.617815182933023177e+00	1.801511234383595728e+00	-1.051662846018102559e+00
nan	-1.111980677365772552e+00	1.780186609145771870e-01	7.749754376016576574e-01
nan	5.494108658488744412e-02	-4.978538804175195454e-01	5.553197593541592259e-01
nan	-1.669574501345858497e-01	1.533849510722839204e-01	7.541209253761885223e-02
nan	7.748510032732842667e-01	-3.489047697480783250e-01	-3.526397772096255545e-02
nan	3.170015015280353010e-01	6.431781429416768558e-01	5.308616861764495209e-02
nan	2.825786068834268860e+00	1.675803871505657350e+00	2.138994711002434879e-01
nan	1.619521833939366662e+00	1.218204453570121304e+00	2.186248049361737000e-01
nan	4.359327973908673770e-01	1.277064340296154343e+00	-4.635585002519483910e-01
nan	5.255754350448411660e-01	7.118456489173081714e-01	-1.930471400850986008e-01
nan	5.612880006670670774e-01	-1.424065754286433227e+00	-6.688302969358037031e-02
nan	2.891253466213053458e-01	-1.401824742258471757e+00	-1.263750288381773945e+00
nan	-5.959524713927467632e-01	-6.177767756124912246e-01	-2.701843701556504440e-01
nan	-1.248693451516094399e-01	-9.002127827765691315e-01	-4.385313993210896433e-01
nan	-1.279330235362570400e+00	-5.364898328148501871e-01	-1.908084070293871282e+00
nan	-4.744399774134061554e-02	1.427826823223003805e+00	-2.426707402223397203e+00
nan	9.025558686284644860e-01	-1.238009513931371264e-01	-1.258626090913650852e+00
nan	2.214073307281218650e+00	8.135185821564576703e-01	-1.789451899761353770e+00
nan	2.254165799314304053e+00	-1.836964042143685916e+00	4.371111448274561662e-02
nan	-3.583313273934314314e-01	-1.356127961758528677e+00	-6.592995993768374641e-02
nan	-2.833481328186852055e-01	-3.953229276052061536e-01	7.892077383826698878e-01
nan	9.322018894052583882e-01	3.567300507797205311e-02	1.851900686515120187e+00
nan	-2.628670608121690400e-01	-9.802662591969476535e-01	3.942184997326314555e-01
nan	2.825220225510524097e-01	-1.396409602512827530e-01	-5.901446011588487028e-01
nan	5.340458496742834793e-01	1.014065186316201572e+00	1.005771651047666360e-01
nan	4.342470197744768279e-01	-8.279213064645756237e-01	1.745921811745026808e+00
nan	-1.003283832370080453e-01	-1.244293941708086715e+00	1.005454609632078888e+00
nan	-1.095780695855025577e+00	-2.328554502455650321e-01	-1.712851048657351161e-01
nan	-3.762592560154027210e-01	-1.662381470904125358e+00	-3.726688627927134401e-01
nan	2.208048169784382342e-02	-1.233033933785307346e+00	-1.276001536208440257e+00
nan	-2.173096693640022004e+00	-1.835351458673414982e+00	-4.919762830172444978e-01
nan	-1.482476405853107693e+00	-1.430596665755458963e+00	-6.437758216362849950e-01
nan	-1.198415355255044279e+00	-2.402108400438336400e-01	-1.506726805145019110e+00
nan	2.339320815574104651e-01	-3.452141323529597794e-01	-1.200360590764014468e+00
nan	-1.899231838100608583e+00	1.333343591550409712e+00	-1.016726458460517346e+00
nan	4.130370036206356676e-01	1.215769143259831930e-01	6.738057963656501892e-01
nan	9.011812964026207906e-01	1.178261235451982136e+00	8.056958875125507236e-01
nan	1.712871645103148377e-01	3.808763013464612768e-01	1.204129284303823599e+00
nan	-4.110952070425991645e-01	-7.706296102014786875e-02	-4.389948546605723645e-01
nan	-1.334467705674247551e+00	-1.597510702347352041e+00	9.218763433067531654e-01
nan	-1.047822344429487629e+00	-1.578147506809778111e+00	8.070322287158623320e-01
nan	1.377155299389025256e+00	-3.348990780504768061e-02	-1.966660417013406548e+00
nan	2.169229564854375791e+00	2.259434048820569085e+00	-9.223751549633836255e-01
nan	2.420782188292162296e+00	1.714536651041381088e+00	-2.748592863233351169e-02
nan	4.462705319020255912e-01	-4.335450082192127130e-01	1.645868431579689428e+00
nan	2.127644418570914797e-01	-3.619212652674073105e-01	1.551208544850807947e+00
nan	1.969196645684974101e-01	-1.041789799002436623e-01	1.046685529642989554e+00
nan	-4.951401297098679266e-01	6.802769012869998022e-01	-2.426718150394729934e-02
nan	-5.347861087587774120e-01	-1.266538291903735791e+00	8.108346823189205299e-01
nan	4.163131822760024470e-02	-9.384504863058082957e-01	-3.226274337349724908e-01
nan	-1.088454170160503498e+00	8.488958563470633267e-02	-9.605235653880381808e-01
nan	3.510713885141506507e-01	-1.853878215250160721e+00	7.693041064909877935e-01
nan	1.246270471296544446e+00	7.154412455763832224e-01	-5.421152321388276185e-01
nan	2.276002313751414596e-01	8.324318747750830694e-01	-5.314902105563426016e-01
nan	1.843042399171371359e+00	1.947938487287791620e+00	-2.218133213605694820e+00
nan	-1.000559590949630095e+00	2.874121544345231705e+00	-3.476045198270049652e-01
nan	1.362637357123215764e+00	-8.984578326346592814e-02	1.487228451080166547e+00
nan	3.136732387702923841e+00	4.058457290866804290e-01	1.730582988526486177e-01
nan	5.432495373462341570e-01	1.445464307505198942e+00	5.704253427207754967e-01
nan	9.303922749382489421e-01	-5.790937527612309843e-01	8.125892863630113094e-01
nan	-2.143092404089890213e-01	8.589503485467946398e-01	-5.987929618570887458e-01
nan	3.112928419309496375e-01	-1.075188672150144686e-01	-1.640762902470272344e+00
nan	-6.848845014750579718e-01	6.627124542991963407e-01	-1.384074818323018263e+00
nan	-8.686325488742344114e-02	1.586982470824961799e+00	-8.891187340843345055e-01
nan	4.800321455157111616e-01	3.129002258546372151e+00	2.071981638163757466e+00
nan	1.836024857331945093e+00	1.699505190347421202e+00	3.842341726018414505e-01
nan	1.446089671471132210e+00	8.719302203709402566e-01	3.159705012295463078e+00
nan	3.035145366752278751e-02	2.240442260228476368e+00	8.698152885430281422e-01
nan	-1.231411425219654632e+00	8.798527634786436069e-01	6.136939250212574137e-01
nan	-5.720059591934455456e-01	4.927519955809210872e-01	2.802821611133213819e-01
nan	1.368410342694797999e+00	7.333174256552082992e-01	6.665991601388099319e-02
nan	-1.010802790951276453e+00	2.014094867713422943e-03	-3.430609389342402782e-01
nan	4.397893745073752636e-01	-1.211011597684896079e+00	-4.060603758727452939e-01
nan	1.304106622932898363e+00	-2.482557852661016806e+00	3.674542131414609836e-02
nan	-5.901758544713631149e-01	-8.602534069782638015e-01	-1.697710510611976531e+00
nan	-9.799291760775268312e-01	-1.469864577417598905e+00	3.645119616526566464e-01
nan	-1.961242697815460900e+00	-6.453635588550949986e-01	3.331754484994021714e-01
nan	1.676061071999301877e-01	-2.116486457714238600e+00	-1.617844990053273202e+00
nan	-8.565128893730251658e-01	1.454999590015654931e+00	-1.118839582566274915e+00
nan	5.094656241390549400e-02	8.867397844205314739e-01	-1.299023103308740490e+00
nan	-1.946815364389736791e-02	-2.160693174215919110e-01	-8.613622659009748661e-01
nan	-1.322426967251468133e+00	8.579878408502674692e-01	-1.129143339436870175e+00
nan	-6.271997055072334737e-01	-8.550685886386422130e-01	8.814338239957699717e-01
nan	-8.018225174099241626e-01	4.152831150217055067e-01	9.724260704809598033e-02
nan	6.562747372287289771e-01	-8.681610700857529395e-01	4.090387789098720583e-02
nan	2.036624963871463412e-01	3.094423783668572292e-01	-1.095558490540996077e+00
nan	-2.629773067930308850e-01	-3.277463683719622489e-01	1.107740266155079256e+00
nan	2.078751110193269303e-02	1.149691834817239355e+00	-7.120913275419721300e-01
nan	9.012877123227533982e-01	-1.427022808437720114e-01	5.350868587009653954e-01
nan	-8.936109447587388122e-01	-3.186384517272345396e-01	5.217021583198510060e-01
nan	-3.163754674320086835e+00	-1.865229108882477727e+00	1.607445828730660553e+00
nan	-2.349030559002136087e+00	-1.012971691132391605e+00	5.338241674704871098e-01
nan	-2.436159252751284754e+00	-1.794021992511656727e+00	7.118504849959792491e-01
nan	-2.285654657120484323e+00	-5.202041318459027508e-02	5.130829636537193039e-01
nan	-1.603068268201908619e+00	1.626395016087376355e-01	8.250427849517806278e-01
nan	5.364275758469514432e-01	9.098091195098405581e-01	2.858527604918664755e-02
nan	-1.220597462423188007e-01	-4.562846682656589992e-01	-2.091141329045793085e-01
nan	1.567187666207681129e+00	1.230029935045088008e-01	-1.301649278783593711e-01
nan	7.268870315156987783e-01	1.000005472386195748e+00	-1.662529997830109463e-01
nan	1.004680430504265365e+00	-9.913509857276542325e-01	-4.715181025633758405e-01
nan	-6.182601591341956547e-03	4.321563382030121914e-01	-1.549031312541376160e+00
nan	1.137807319254715982e-01	1.088559149209275545e-01	-2.935419695399515971e-02
nan	5.610132354691848011e-01	-9.969279469109011416e-01	5.794049498005574561e-01
nan	7.713755122995582525e-01	-2.648568767528802770e+00	-5.417511440432091208e-01
nan	-2.431804558096854585e+00	-1.404299778428542034e+00	-1.860414553700326934e+00
