nan	2.137014377770311224e+00	-8.535338865756912918e-01	9.427273124391349901e-01
nan	-1.073240225042159990e+00	6.643624158012370051e-01	1.236096284439482107e-01
nan	1.496198327886249513e-01	-1.256531645766872929e+00	1.205208163910301389e+00
nan	1.807943602335871480e+00	-3.600983492327787805e-01	1.506717930532247340e+00
nan	-1.536551340580562863e+00	-6.191055444680049202e-01	-2.381072580566555019e-01
nan	-4.339977868598023369e-01	-1.191465223473650248e+00	7.901079078946162682e-01
nan	-4.192516109670406665e-01	-1.031937630705743736e+00	-1.359840549707086010e+00
nan	-1.752279595770968479e+00	-1.287834452071338065e-01	-2.564945827538748890e+00
nan	-9.656150330445265606e-01	2.027750289340482404e+00	-1.521374281784530380e+00
nan	-1.252721577218179894e+00	1.757904866508832820e+00	-3.980365947969507490e-01
nan	-5.976655166483306747e-01	-5.224783702809652208e-01	3.960003132713221796e-01
nan	6.426300714067394448e-01	4.933943063897720527e-01	-1.719506776508198942e-01
nan	2.213929719528142104e-01	7.047077474643119732e-01	4.708250407637257218e-01
nan	3.323620957259914022e-01	1.766688695363505257e-01	1.365218704541196315e+00
nan	6.037906666002770262e-01	8.610887740640628119e-01	1.493452065132934825e+00
nan	2.875760510659292613e-01	3.707990033031847710e-01	-4.351950524880754401e-01
nan	5.366450953596976214e-01	5.094660142813508541e-01	1.852486565788939998e-01
nan	1.455453318246858085e+00	-2.090475051443756449e-01	9.939391911478192565e-01
nan	1.077906937901672579e+00	-6.982139968897838056e-01	1.155876130837776961e+00
nan	-5.760205409054105496e-01	-8.170767331603530359e-02	8.049065115229607770e-01
nan	-4.050805406209856407e-01	-9.874516670963023879e-01	1.227520242885033142e+00
nan	-6.013243550561467865e-01	-5.391239392035453992e-01	-1.264254224597175513e+00
nan	2.511382328680535347e-01	2.362114600811718312e-01	1.336254984005164070e-01
nan	-4.816543167586203600e-01	-5.039859063949303497e-02	5.376740973789732037e-01
nan	-1.250686691078831680e-01	3.423117378882155060e-01	7.566298830004485332e-01
nan	-5.549575982828786058e-01	-1.250578449402310666e+00	-1.895627116952734559e+00
nan	-3.786106368063316130e-01	-5.566275240851732420e-01	3.483501716569482598e-01
nan	3.749862376049987733e-01	-1.802014310539125641e-01	-2.041662375976392330e+00
nan	2.299131697655624418e+00	-1.421937757456634754e+00	-1.345381661151683783e+00
nan	2.349300121876941871e-01	1.648968056973977747e+00	-4.241290235775106998e-01
nan	7.052993436549784834e-01	-9.433722796243256825e-01	8.630852555617485322e-01
nan	3.853488891190809396e-01	6.811783293135738049e-01	-1.314235862691606749e-01
nan	-1.686815105873491039e+00	-1.929359927164272515e-01	1.123838962162106991e+00
nan	-1.582985677259743262e+00	-1.355865398058156424e-01	-8.773939551362727185e-01
nan	6.253755744572365716e-01	9.850175926013086114e-01	-2.359756541916336325e-01
nan	3.542796733681116139e-01	-1.996996982381959995e-01	-1.662242667949219932e+00
nan	1.745859997828071997e-01	1.245176915673736229e+00	-6.855228558585251264e-01
nan	-1.148794915563741803e+00	1.441048644743019080e+00	-9.835475633568950826e-01
nan	8.183709968409815794e-01	-2.094034154555877991e-02	-1.130474688645347170e+00
nan	9.470228467296644137e-01	3.078627637274145012e+00	8.577702448868722573e-01
nan	2.053933699522349166e+00	-9.520462035371335396e-02	1.106160322841696075e-01
nan	5.207084501149055189e-01	-9.820486044564488148e-01	7.296298172527497516e-02
nan	3.991220064172827930e-01	1.881489038179437190e-01	-2.811859825177455696e-01
nan	4.866153190917832383e-02	1.099750665734441579e+00	1.888724142493471758e+00
nan	-4.514941401298798174e-01	-9.790640770199019460e-01	4.410325401729265904e-01
nan	-1.984642173142050048e+00	-2.985937193423930935e-01	1.888838984766180840e+00
nan	1.381972196475124148e-01	3.920955561849626125e-01	2.192387919554307785e-01
nan	9.717391852332425417e-01	1.890467051831437928e+00	3.917882488756669890e-01
nan	2.492545324229531012e+00	1.115988531217008362e+00	-2.465276041014320407e-01
nan	2.207509350448158880e+00	-1.380987488329814550e-01	5.918176089576117072e-01
nan	6.553459858026819962e-01	1.159969661936505858e+00	1.686126614486101793e+00
nan	7.238125841779858849e-01	1.292216464736792192e+00	5.418272335685423435e-01
nan	5.611833673314922111e-01	9.678194531033506021e-01	-7.989096966288271595e-01
nan	-1.212098057365683879e+00	2.259026920369729741e+00	-1.658924619236639586e+00
nan	-1.221809241867748419e+00	-9.049499640054579075e-01	-5.659098847099480745e-01
nan	-5.152679190581215263e-01	-2.168276664247186680e+00	2.928457504141561696e-01
nan	-8.554700010605257310e-01	-1.870754615459760295e+00	-4.566753115268661345e-01
nan	-1.387450455269997329e+00	-2.638719327714742491e-01	4.896187452926329398e-01
nan	-1.327029149954309650e+00	1.270846939613948567e+00	1.604985279294611766e+00
nan	-9.279844312907180592e-01	-1.404807786804758818e+00	5.776446771008773018e-01
nan	-1.280685722984964414e-01	-1.046662552046684791e+00	-2.228860626593123673e+00
nan	7.344819541497625837e-01	-3.980368706666164713e-01	-6.805137472584931180e-01
nan	2.192496089788244784e-01	-1.130997271989921726e+00	-1.462880069736283595e+00
nan	4.636198856933055890e-01	-1.078307039916147403e+00	-9.424364146816733845e-01
nan	6.496006080425116291e-01	1.973268400318257232e+00	-1.648626419859453018e-01
nan	-4.210534718066962778e-01	7.199680218598345505e-01	-1.902234015671430134e-01
nan	5.788555682764365273e-02	-9.709548312624751709e-01	1.845090584405063849e-01
nan	2.704961819771695697e-01	3.103716097384124351e-01	-6.931039494713492344e-03
nan	-1.160407122341001296e+00	-9.167325574398968446e-02	1.026281201918085806e+00
nan	-3.075930265482091919e-01	1.832315973264568854e-01	3.803599119938180784e-02
nan	-7.071745075347113385e-01	-1.238124227655692966e+00	3.996150100382038772e-01
nan	-6.866201061570135211e-01	-1.680554868309747985e+00	-4.304735499501974316e-01
nan	-6.395151147438306038e-01	7.983339611873101482e-01	-1.685819819737954361e+00
nan	-1.218629583579808440e+00	-4.810363836994766551e-01	-1.168828481692524734e+00
nan	-1.003769550112589615e+00	-9.064496756635429531e-01	-2.520611065657840655e-02
nan	-1.466763091167468946e-01	-1.844528385763497091e+00	-1.437835184113245290e+00
nan	-2.709902153657891777e+00	-8.410554359343052067e-01	-2.046892807505220624e-01
nan	-2.840415031786736488e+00	-5.478907592944483040e-01	-5.152920088524748365e-04
nan	-2.642711904540005818e+00	-1.321103761020799627e+00	-3.445517960467123220e-02
nan	1.847293556968692130e-01	-1.404785078408363530e+00	5.200799260597745999e-01
nan	-1.121424756998570249e+00	-1.302368124691614781e+00	-3.392593552063214446e+00
nan	1.281979260307042789e+00	-8.846686988845042787e-02	-1.891068182513192752e+00
nan	8.101983719341547818e-01	2.261463411309803939e-01	-9.073603389818911680e-01
nan	7.979214059722838925e-01	-8.189618629741450828e-01	-6.048220517105913352e-01
nan	-1.048402323366621536e+00	-9.212245097641920122e-01	-1.504802203969272112e+00
nan	-1.187735450861016950e+00	-9.297105392279465530e-01	-2.692870515035861723e-01
nan	-1.141710625751647390e+00	-2.723610909195671947e+00	-1.010574457216453226e-01
nan	-5.602537317244159487e-01	-6.097307033828212042e-01	-1.901219346884190919e+00
nan	-9.574412956445386147e-01	-8.177984698424839438e-02	-2.017383421013664968e+00
nan	1.278116551589531635e+00	-1.960051292583088467e-01	2.905756528915066639e-01
nan	3.970146210993427682e-01	-2.339900731091194785e+00	-1.179392277729695154e-01
nan	-7.381752997694842611e-01	6.065146074632623563e-01	-8.626647532092375226e-01
nan	-9.191640856098135526e-01	4.198413477539644223e-01	-2.839571400467301721e-01
nan	-1.796483679607651318e+00	7.027456451971987317e-01	-1.944071099015441950e+00
nan	-9.659448506381278499e-01	-3.674045194826769944e-01	-6.643408227932108279e-01
nan	3.292784238695708465e-01	1.179095301480710400e+00	-1.352852482806121970e-01
nan	2.131244056628671224e+00	2.404871915702440077e+00	-1.946630747688059548e-01
nan	6.741126631072681397e-01	-2.587770046422870340e-01	1.193381437231760156e+00
nan	-3.720511140535994188e-01	9.007310589826105218e-01	6.988154060009172941e-01
nan	1.064165259238422978e+00	6.903430587483342373e-01	9.268486515351663790e-01
nan	2.283390207930674265e+00	-5.815743949130681711e-01	-4.572614939327849237e-01
nan	7.189593132609494175e-01	1.571660703513322765e+00	-8.892114694442833089e-01
nan	1.168670540390114532e+00	1.735196433492806722e+00	8.892280344508226575e-01
nan	-1.358845197906543234e+00	1.256480441709548979e+00	-2.722916180532189978e-01
nan	-1.087053325955350536e+00	2.149179759706053572e-01	2.755230323314969976e-01
nan	-2.069312799220353494e+00	4.627344827367064206e-01	5.603149501659479004e-01
nan	1.068878369020058283e+00	1.441168280647786570e-02	-1.559353964005590676e+00
nan	1.854721798928636645e+00	-2.047939628839594572e-01	-3.618387335048482423e-01
nan	1.958711908652176481e+00	1.140332342981552394e+00	-8.671209737092064884e-01
nan	1.237673010027802389e+00	2.665092553842701051e+00	9.242551081711687377e-01
nan	2.907543694167728177e+00	1.874984972380903336e+00	9.907062837088345120e-01
nan	8.534237281351587656e-01	8.005497034748604301e-01	2.989893325437120719e-02
nan	-2.185411875794300407e+00	2.725111210163223330e+00	9.778607167659871813e-01
nan	5.184580297338075017e-01	3.701090594122254107e-02	-4.695093793853915010e-01
nan	1.018664234056522400e+00	-2.062733481360962351e+00	4.070989237974753649e-02
nan	1.188550499098555147e+00	9.934916424841195859e-01	-3.648465024890399810e+00
nan	2.544189894922891604e+00	1.861436130819648094e-01	2.556677585596748292e-01
nan	1.244339745586217516e+00	1.480514598745079624e+00	2.991907587944898639e-01
nan	-2.590933656231988458e-01	1.148310369031158462e+00	1.282243150247007968e+00
nan	3.701981636132511411e-01	4.494730706787526953e-01	1.852533721777050557e+00
nan	1.047554337498713961e+00	-2.868570372826945158e-01	1.818404928758587946e-02
nan	1.389346620152794864e+00	5.198476039777685798e-02	-4.693731676385980989e-01
nan	-1.193936670590771021e+00	-5.425792117263206205e-01	4.165872790786230850e-01
nan	-2.680427090701922754e+00	-8.018816761227645085e-01	1.580792918640397393e-03
nan	-2.688809273392881671e+00	-9.145680178235757740e-01	-5.486478358320361348e-01
nan	-7.418125083112920848e-01	-8.817414098693543423e-01	-1.503267354264312128e-01
nan	3.187921801929119447e-01	-1.409692874157475462e+00	-4.783063523252817362e-01
nan	-1.475261900667568515e-01	3.812848462967011187e-01	-8.845568005131010381e-01
nan	-7.712798694388330045e-02	-1.160394766830953994e+00	5.152570637503213202e-01
nan	-8.845828299090530145e-01	1.161470286508121008e+00	-1.045538313345736742e-01
nan	4.185440901764407862e-01	3.230426765761248986e-01	5.063627776296014682e-01
nan	1.082133078780252111e+00	8.981724651909199775e-01	-1.352629114410800693e+00
nan	-1.034640726059670168e-01	-1.647340141078488251e+00	1.370722067998630389e-01
nan	1.285208178283247182e+00	5.153466975785641058e-01	2.165311162428958935e-01
nan	-2.584356470949344953e-03	1.965688985106909259e-01	-1.382274099733659112e+00
nan	6.456760903592846379e-01	6.749089284911834463e-01	-1.851138104658553163e-01
nan	2.038297502066960032e+00	1.738541001231622030e+00	1.691609175852918145e+00
nan	1.753391967279970487e+00	4.891418691807158936e-02	2.991137636680841760e-01
nan	-1.349958954663490474e-01	-1.420427291748519449e-01	-7.413587311216217612e-01
nan	7.182073851054000535e-01	1.473790839075421744e+00	-5.935233376365569580e-01
nan	1.303368611827593782e+00	-4.168269124204834197e-01	3.883310764720277475e-01
nan	1.900648388553576318e+00	1.077342160064262311e+00	5.312951819016763499e-01
nan	1.593167525442610311e+00	2.044033921558809919e-01	2.946954908831029285e-01
nan	4.208090600707843354e-01	1.377073661681682326e+00	-6.390153854349947538e-02
nan	2.350262794518889198e+00	1.649361990804222966e+00	-7.089650982987876215e-01
nan	1.393292987340221778e+00	1.033190929480909181e+00	-3.879743509519744671e-01
nan	1.183028053507432009e+00	1.791670771249263439e+00	6.528301005913573762e-01
nan	9.856843998256069606e-01	7.530392046118903338e-01	-2.473080644094300951e-01
nan	-2.503636549661486521e-01	1.472099382941497225e+00	1.053071211763599413e+00
nan	-1.295046752622542652e+00	8.374253321888930346e-01	5.686678004450733681e-01
nan	-3.059305044837309917e-01	7.551384539698801079e-01	-4.068398459572331594e-01
nan	3.257423392073822699e-01	4.632314208325896132e-01	-1.353554116890213765e-01
nan	9.604849566858808529e-01	7.661273232867384930e-01	6.676226855049749442e-01
nan	1.045099464177449811e+00	-6.446275777687082709e-02	4.275629718402146340e-02
nan	-6.887128488037435048e-01	1.858887681418337268e+00	-5.493508459946598865e-01
nan	-1.333585011623066752e+00	4.639901942399508039e-01	1.778967757143094186e+00
nan	-1.442938199265414667e+00	-2.698707222252849647e-02	-9.388969412729263331e-01
nan	7.416827324375391273e-02	3.775790991508071182e-02	-1.341859118487387370e-02
nan	-5.928834370418812894e-01	3.034852453421080787e-01	1.176851841011446353e+00
nan	-7.972020402714246057e-01	-8.299022337290412610e-01	-9.104824816937622245e-01
nan	-1.034345688130656526e+00	3.873916199579602315e-02	-1.013765839748786424e-01
nan	1.252984523695838126e-02	-6.516395451112395598e-01	1.176535731409254382e+00
nan	-6.116935496673127082e-01	2.358958440123614941e-01	7.497825647864488907e-01
nan	-9.199424358462181539e-01	-8.665390407866511158e-01	-6.989890775242191268e-01
nan	4.701969070777745063e-01	-1.772209739307385012e+00	2.137131388481514072e-01
nan	-8.233901576504143449e-01	-1.614123959011537268e+00	-8.060259866053727240e-01
nan	-2.648922654150869693e+00	-5.019176869349926129e-01	-3.173931865819874520e-01
nan	5.290560980946904523e-01	-3.243953152169145593e-01	-3.279487712030315638e-01
nan	-2.802664154663103147e-01	-9.183159536668761280e-02	9.024516568177820552e-02
nan	-7.536984071366989446e-02	-8.077988941199151229e-01	4.871723702090642871e-01
nan	-1.227034308597087175e+00	-9.575397434200878521e-01	-7.276059788288804508e-01
nan	1.890127914316459545e-01	5.383362152577613191e-01	9.399780771397614476e-02
nan	-2.193720985481487862e+00	-7.674376614404406771e-01	1.377741996607837027e+00
nan	-1.659560669318724369e+00	-2.259678263377537188e+00	9.853689922152070180e-01
nan	-1.823499488567045912e+00	-9.550417496927101624e-01	-1.430849068250030498e-01
nan	5.074255819292247116e-01	-9.527270548468161904e-01	-1.445030011835009454e+00
nan	-1.479592179516735717e+00	-1.188946972966880899e+00	-1.431108104481958687e+00
nan	1.278796122879536590e+00	-1.695436388519246940e+00	-1.417943232055957514e+00
nan	1.312446257567968511e-01	-1.119599571916480629e+00	-1.042006247758203275e+00
nan	-1.648753830119464303e-01	-1.006699784742527637e+00	-2.818530507782626704e-01
nan	5.805354567819851486e-01	-1.418028231915810400e+00	-1.963447820072889982e-01
nan	-3.822443416842776776e-01	9.269947561036128159e-01	1.226201704753922428e+00
nan	-1.329716237776201515e+00	-1.196719811015279245e+00	-9.441384335859133170e-01
nan	-1.737242572767917492e-01	-1.296139348147692383e+00	-9.847062053514858970e-01
nan	-1.327962622016858774e+00	-8.508754052024942727e-01	-4.337391392770759690e-01
nan	4.362388626422620819e-01	4.772366689032815357e-01	-1.969265810487378143e+00
nan	4.543370014911380372e-01	-1.795973465627356269e-01	-1.924898200251928149e+00
nan	-8.725537452906058367e-02	1.229853818537275600e+00	-1.761965422471592824e+00
nan	1.029566176971812075e+00	-3.041278870001411949e+00	2.618049762654177215e+00
nan	-7.080640172647454378e-01	-7.651198499013077692e-01	4.750087284736100313e-01
nan	-1.227321123506105449e+00	-8.074964051415487454e-01	7.485390469777303268e-01
nan	-6.805093498378897987e-01	-1.227506452419660166e+00	7.474809640689317192e-01
nan	-1.263545062245745587e+00	-2.444341111470746952e+00	8.965989865443610984e-01
nan	-1.722436125407288854e+00	-4.908697070007616015e-01	-1.281319992657729667e+00
nan	-3.613930038693657920e-02	-5.227826155560739707e-01	-3.598616471734864541e-01
nan	-3.677568883026141044e-01	1.604024298943054871e+00	1.812153239955633488e+00
nan	3.472637257276998124e-01	1.147144936270531046e+00	-1.106357357216960491e-01
nan	6.389451288331754464e-01	3.209196376448343324e-01	2.187680287653423206e-01
nan	8.530923855756862295e-01	1.329921363932702549e+00	4.127821760810734819e-02
nan	5.851750687748002999e-01	1.633242424098532819e+00	8.370960821940492957e-01
nan	2.168983914055238493e+00	1.385283782213232673e+00	1.046209644167757968e+00
nan	3.480024453161056908e-01	-5.201827832231991078e-01	2.258873612083778237e+00
nan	-8.557513972203495412e-01	9.201887488367470613e-01	-3.179329728339840955e+00
nan	-5.436027883359831891e-01	8.561431302205710914e-01	-5.442365237844764003e-01
nan	-8.591863399130803547e-01	-1.722326727719504236e-01	1.815029327923587954e-01
nan	-9.682893827779593954e-01	-1.524368302535811237e+00	2.820943760683923829e-01
nan	-9.737484995564049672e-02	5.359669021002866351e-02	2.809229959847480695e-01
nan	7.127722376016006889e-01	-5.616370775077851318e-01	-4.580535872674207365e-01
nan	9.632754778144655972e-02	-7.717543470043605192e-01	5.634833964997596478e-01
nan	3.796512025589998673e-01	7.272377692589089282e-01	6.135140394136547881e-01
nan	1.504621763449568217e+00	1.509316398451620245e+00	-8.219914359279349991e-01
nan	1.230251225981417784e+00	4.652058125156074420e-01	1.067342405275293338e+00
nan	5.426965982200274707e-01	2.769313492988598191e-01	1.325846199155524374e+00
nan	-3.912700447394138470e-01	8.993369287153257785e-02	-6.740971100783740289e-01
nan	1.992386358555541470e+00	-2.066223162885288289e+00	5.409412975258796052e-01
nan	-3.884909708540156825e-01	-3.901537676228197249e-01	-3.306981888695476046e-01
nan	1.599715191489516075e-01	1.487693367468456984e-01	-3.185318070560628767e-01
nan	7.799797598002933263e-01	5.864958248900866700e-01	2.698752561432459784e-01
nan	-1.049383105738238564e-02	2.070045683513019874e+00	1.856185117660177797e+00
nan	6.827893703053382612e-01	1.371491323256774031e+00	1.344348155501155606e+00
nan	7.629231320954279472e-01	-3.924170030494575911e-01	4.029750917502506469e-01
nan	-1.194269175472514988e+00	-8.143084436901548706e-01	9.486329764869059211e-01
nan	-2.991765425939766132e+00	9.819588334888640357e-02	1.161140096993249049e+00
nan	-1.229744478552340814e+00	7.480307711654202718e-01	-1.006754179134282112e-01
nan	-1.492804584969211978e+00	-1.018063591737740969e+00	-6.795121824619252404e-01
nan	-1.502465324619438825e+00	-4.858750206975525066e-01	1.100586282438936525e+00
nan	-6.824095822199540695e-01	1.942247016731257769e-02	-3.432218210191145258e-01
nan	1.025252627415607298e+00	5.606578847408654198e-01	1.041724520163883394e+00
nan	1.756270420523075027e+00	1.606941253429537309e+00	-2.652032655149160756e-01
nan	1.507154920283561683e+00	2.134900149722814167e+00	7.492129567521339517e-01
nan	4.130385315743704266e-01	4.313449871820164150e-01	1.437116530309856088e+00
nan	8.281939597526883912e-01	-9.295226681296592242e-02	1.922173974385166240e+00
nan	-2.963078280442535961e-01	-6.318419456010019308e-01	3.842644585594249262e-01
nan	-9.914570398422399844e-01	-1.701783303013746140e+00	-2.047562783204916470e-01
nan	-2.850915422617106287e-01	9.559396022318777941e-02	1.665334144172651243e+00
nan	9.852159654774260700e-01	-2.439679452884787825e+00	-1.004905841257749177e+00
nan	-1.011944973255659574e-01	-4.775006251848955552e-01	-1.241982800347413152e-01
nan	-1.644273449850873314e+00	-6.519841722262887940e-01	-8.798491101437330153e-01
nan	9.829204376486669892e-01	-9.565806624330874808e-01	-1.384319921181967450e+00
nan	-6.157929805190552885e-01	3.915886004570194867e-01	-1.566178920540909347e-01
nan	1.036174566953309562e+00	9.235852843979425186e-01	-6.405540069984293483e-01
nan	-7.833243976831314459e-01	1.105955834975058449e+00	-2.878205769369256428e-01
nan	1.406486777977831393e+00	-4.300381110354726255e-01	-3.622230387225653381e-01
nan	6.916100610371300750e-01	6.860818380217483803e-01	-1.959338398536535075e-01
nan	2.070796919349575216e+00	1.016903069055065778e+00	3.101401443223128496e-01
nan	1.711020540348248575e+00	1.157199438387667811e+00	1.202700556761818529e+00
nan	3.369476804190065788e-01	1.288693152639008632e+00	1.244685520868502815e+00
nan	1.369747297224416460e+00	3.296726053123104627e-01	4.497883680562367870e-01
nan	9.568804865514923819e-01	2.185271113873301640e-01	1.674315996373790805e+00
nan	-4.786151535898148235e-01	-1.381137021197807457e-01	6.292373964506847717e-01
nan	-1.115268574894824560e+00	-2.448925009143613218e-01	1.734360173556427631e-01
nan	-2.787003826848606813e+00	1.075725479965641940e+00	7.914837228598664565e-01
nan	-1.279711848248518802e+00	-1.342271919412240777e+00	2.830488944881960123e+00
nan	1.637084596355462551e+00	-8.908056158549643166e-01	-1.786235053776822790e+00
nan	1.262989623154247842e-01	-3.866370639338001514e-02	-1.942507874245842592e+00
nan	8.652574534726816813e-01	-9.385287574070590999e-01	3.215545959731206382e-01
nan	5.709410097142175733e-01	-2.603600773447076744e-01	-4.200545159130304462e-01
nan	1.813262018776036211e-01	-1.201562299049592664e+00	3.438455942343537908e-01
nan	-1.686379218283393655e+00	-6.893825421147352639e-01	-1.977482231092824172e+00
nan	7.771259224144244637e-01	-1.101639947294109412e+00	3.430601780016067082e-01
nan	-5.166685000026706165e-01	-1.381408671312842062e-02	-7.154646349020332696e-01
nan	-5.768819279128121202e-01	6.747233545118160869e-01	-3.104701233680051686e-01
nan	5.299743795324610707e-01	8.636395781043253450e-01	-1.330199641521270792e-02
nan	1.576252391120508412e+00	4.292689524378880961e-01	3.327404220598161877e-01
nan	1.851055853209026658e+00	1.053430008260014317e+00	1.988281816905430599e+00
nan	1.039032710827422434e+00	-3.095355815467104588e-01	-4.002603870938717945e-01
nan	-2.891178460427477614e-01	2.588062313939024639e-01	1.746732637131095833e+00
nan	-2.456343948623394002e-01	-1.036929460814807413e+00	3.909831026922809816e-01
nan	-9.608937729269445560e-02	1.040508820435467552e+00	-2.126507296791472434e+00
nan	7.357852109570420240e-02	-4.364949835398443390e-01	-5.609616769159802008e-01
nan	-1.143560066018700638e-01	2.767295854839308067e+00	1.170440101092999452e+00
nan	9.072865380822618953e-01	5.943458843775618616e-01	-4.364801727554368238e-01
nan	-7.727769701223075050e-01	-8.744026843584755682e-01	-2.947602623015283529e-01
nan	5.191755426086830383e-02	-1.619399221661081079e+00	4.838822490520953701e-01
nan	-1.156430408417660871e+00	-1.512772287463337029e-01	9.323944568389741505e-02
nan	-9.909195804224169013e-01	-7.479090465322139059e-01	5.402154895628038522e-01
nan	5.002788605152856949e-01	6.317160285104308493e-01	9.637716551241274354e-01
nan	-3.139905483724186874e-02	-1.149633541804852555e-01	1.608458728576627639e+00
nan	2.162638489383144069e+00	-1.272436635255647097e-01	1.414427167501333793e+00
nan	1.092312652719611643e+00	9.868451349248513749e-01	-9.375689467179384451e-01
nan	1.720603292687514774e+00	1.877569268625574050e+00	1.620802222311798213e-01
nan	5.130908331806488532e-01	3.508008887669116227e-01	1.960343605377579568e+00
nan	1.563732577082783015e+00	-3.948331070563660394e-01	1.113781623514726871e+00
nan	-9.784438115584238593e-01	2.871914628166012395e-01	5.512124481086881911e-01
nan	-7.372643032801782237e-01	-3.050176255419296267e-01	-2.209264643047204046e+00
nan	1.335738757319590908e+00	1.078734804397291636e-01	3.101618302525632753e-01
nan	2.205489746761613912e+00	3.675022864888868868e-01	-8.218425459910969622e-01
nan	8.658178518542635205e-01	4.840813742994525271e-01	-2.603746497065025922e-01
nan	-6.600885818011947848e-01	1.951128415433612817e+00	2.004597045876203243e+00
nan	9.569905513800216479e-01	-1.655769369086145248e-01	7.636830332508897090e-01
nan	-2.712592998770179120e-01	1.453284972038075606e+00	-1.149919641411382587e+00
nan	-1.134606896200888171e+00	3.248553101083299643e-01	-9.152584901408801488e-02
nan	-8.111053990259556312e-02	-3.932585883740199462e-01	1.506358344593648813e+00
nan	1.523600865823059869e-01	-1.161775703322865283e+00	9.526188458764983658e-01
nan	-4.184514233097542668e-01	1.245225037756515274e+00	-5.123706789821325103e-01
nan	1.928353042283919294e-01	6.329839039329392403e-01	1.023321573571150944e+00
nan	9.478819513526393070e-01	-1.237217756918215894e+00	1.073723558634660513e+00
nan	1.393081958422138777e+00	-7.304061343563553743e-01	8.499894527573913505e-01
nan	1.922944626276801960e+00	1.697252841126281941e+00	-4.454497678857692877e-01
nan	3.094861191618199392e+00	1.111823613992755089e+00	-1.157951243387055129e+00
nan	6.053800189992304404e-01	2.202719854954604539e+00	-2.664925167507330994e-01
nan	5.299925919111143635e-01	-3.282381333142291302e-01	-8.238569875940267018e-01
nan	-1.060059013665411165e-03	6.741690831438726939e-01	-4.325562360190389755e-01
nan	-5.961772526818261975e-01	3.664819924231762505e-01	-1.155069566745023479e+00
nan	-5.662849895239426834e-01	6.048608568380449135e-01	-1.311820160131221158e+00
nan	-2.164909578140337132e-01	-7.411314820692492533e-02	1.128637853585751527e+00
nan	-3.409773847710283468e-01	-1.498056459269199392e+00	-2.370823787537045257e-01
nan	-1.389412644893350812e-02	-3.419092536603580701e-01	-1.461768024704542146e+00
nan	-1.920495976116512127e+00	-6.546609540294108243e-01	-5.456134832332238949e-01
nan	-1.027532072836971899e+00	-1.410991821430978010e+00	-1.641300194981253902e-01
nan	-7.211707071519961598e-01	-1.551587618768581756e+00	4.609007410210586020e-01
nan	-1.287541150740691975e+00	-5.452570103189587902e-01	7.238196274138256614e-01
nan	-1.285117276988670398e-01	-1.540647415829281996e+00	1.719679238363779339e+00
nan	4.788501529420090552e-01	-4.067814220924120261e-01	3.479146370904798724e-01
nan	1.053633625056777268e+00	-4.532142414148641052e-01	-5.011079189995520933e-01
nan	-1.046772221694309557e-01	9.068348157927899056e-01	7.213863089784644522e-01
nan	-5.892709868160629361e-01	1.790966474836032940e-01	1.607518426258081057e+00
nan	1.306125631583414881e+00	-1.052610365568085626e+00	-1.723683212959670197e+00
nan	-3.184967483033596114e-02	-1.823976962712326788e+00	-9.167870508135613772e-01
nan	1.635664930495106528e-01	-1.484387987321380553e+00	-2.736338231996281678e+00
nan	1.241371823519581863e+00	-4.808416843826335829e-01	-1.095357836882789204e+00
nan	-5.411768357374585614e-02	-1.995113611209187177e-01	6.237573222054061395e-01
nan	4.747086153556075994e-01	-6.418755598968747811e-02	-1.577292696650325621e-01
nan	-1.773496225466915766e+00	5.878766240643312768e-02	4.480973280622756461e-01
nan	-1.005366555229401548e+00	3.378969467710213337e-03	-1.110608853934243800e+00
nan	-9.877727034045646892e-02	4.387908019744928834e-01	8.789162474676082137e-01
nan	4.259509744143808452e-01	-9.394847699931594409e-01	4.690612734627193081e-01
nan	7.415044979430260308e-02	9.987467662418394454e-01	-3.005643086426158517e-01
nan	8.522292476825076291e-01	3.118439795980743057e-02	-1.268342882993993281e-01
nan	-6.038755469563912293e-01	2.953896048731121660e-01	-3.198866437918856387e-01
nan	-1.637569001880446518e+00	3.337287155297137264e-01	-7.113465425695260358e-02
nan	7.667764290049052800e-01	-4.834720903774394341e-01	-5.816150006880677070e-02
nan	2.050018328105925658e+00	-5.800523075763225345e-02	-7.475009496686817467e-01
nan	5.292723462797822576e-01	2.323450113137944806e-01	-5.007927841427342042e-01
nan	-2.111172655755646776e-01	4.855404245346105485e-01	9.776590058677866457e-01
nan	-1.061621291100605546e+00	1.916257609589303856e-01	-1.833970597975667083e-01
nan	5.881805781529179100e-01	-1.414318965893405444e+00	-3.118494147678248507e-01
nan	4.778513009709686177e-01	-2.814721784458853460e+00	-1.677516962365134479e+00
nan	-8.240122969237837491e-01	1.230354722573620219e+00	-2.237652324955415217e+00
nan	1.937229580681612884e+00	-9.676436786979436544e-02	3.338790636132157874e-01
nan	-4.322162890214714670e-01	-1.609725691784468227e-01	1.685139297481508702e+00
nan	2.312573104198575868e-02	2.314261820389001745e+00	3.660987698031304971e-01
nan	3.959221769306461858e-01	-1.247769437858610164e-01	2.456016002202294768e-01
nan	-8.985019926918411670e-01	-5.265540680331395329e-01	1.242466839024008118e+00
nan	-1.337616037454202988e+00	1.420046641623942119e+00	1.199972245439056284e-01
nan	3.971421948639938804e-01	-2.840350843160756700e+00	1.352621565488921984e+00
nan	-7.603187880445294589e-02	5.810220233999663364e-01	-1.166968817747690679e+00
nan	-2.656146772436665415e+00	-3.484854871988842806e-01	6.512933084239932446e-01
nan	-1.792790383899163675e+00	4.306220748791893538e-01	-3.337984250114321427e-01
nan	-1.041057546373922893e+00	-9.231572718572141900e-01	1.444060317850570652e-01
nan	-5.305141141690778994e-01	5.872500005497671705e-02	-1.753256812212193427e+00
nan	-1.168754466763266275e-01	1.368652314448455032e+00	6.248023048329797158e-01
nan	9.736139571405544313e-01	-1.644109115268254651e-01	-1.358793972023411900e+00
nan	2.242961486146434869e+00	-1.418235810753754933e+00	-6.320936643650192366e-01
nan	1.195266359701305348e+00	6.497730806419210747e-01	-8.154555432061993958e-01
nan	-3.271619932592917390e-02	1.555852505682345566e+00	-7.572746991616149392e-01
nan	1.060257254251220971e+00	1.130829576808106918e+00	1.830783062672202810e+00
nan	2.307703318504661816e+00	-9.939205661660803770e-01	2.630456962702321100e-01
nan	-3.801050087134818511e-01	-1.745035773858478745e+00	4.618502420033355760e-01
nan	8.728111121858476151e-01	-8.511580169848774746e-01	2.602155772067535344e-01
nan	-2.732316238553712306e+00	7.929607268589672353e-01	-1.058741977026762537e+00
nan	-7.347835272170808452e-01	-2.269919332229746178e+00	-2.393423239696415461e+00
nan	-7.664372532865997290e-01	-2.406542249239661757e+00	2.499251234299706415e-01
nan	-8.428566997660946747e-02	-2.117530403149354701e+00	-1.780869416138568972e+00
nan	-1.942797224454394289e+00	-4.573925898187999328e-01	-1.411403177753743909e+00
nan	-2.537305061678281626e-01	-4.323464070568510675e-01	1.552040120768173326e-01
nan	-8.065756439633103847e-01	-6.777883430509790141e-01	-1.288569340253890694e+00
nan	6.257720735850025306e-01	-1.240839284687012212e+00	2.205219919665991624e-01
nan	-1.123072081458820426e+00	-7.685313453817550489e-01	-1.252007153392391992e+00
nan	-1.674840831737535840e+00	-1.086097890965756374e+00	5.646975916732392964e-01
nan	-4.542592966112559139e-01	1.200220801798506542e+00	-5.192492224354903207e-01
nan	-1.240322752293900210e+00	4.715524928333417187e-01	-2.624390702903200978e-01
nan	-9.461081812096721055e-01	8.641098767113633006e-01	-2.232029202415453550e+00
nan	1.263315643326560211e+00	8.542434563240437484e-01	-4.947046038513932542e-01
nan	1.562501350853127802e+00	1.098080449846535744e+00	1.001453953355777859e-01
nan	1.850376004476498526e+00	1.794881705312184383e+00	2.541849885528117081e+00
nan	3.779295960934434984e+00	-2.534277948150043258e-01	2.623082440020997996e+00
nan	1.963355148922982796e-01	1.066179744393198403e+00	3.121651174002096352e-01
nan	1.414209184289209609e-01	-2.313487118116792196e+00	1.705083319651230500e+00
nan	-1.448054699329727191e-01	-9.725610434784468517e-01	-4.530545873552817016e-01
nan	-5.122685701941962488e-01	-2.158383474447034822e-01	-3.324966195074593456e-01
nan	9.711574336191092227e-02	-1.738537939008758804e-01	1.237055126153793483e-01
nan	-1.422191881833245963e+00	-2.406558279932485556e-01	3.473433445902612826e-01
nan	2.009753160685515461e+00	1.764465438679749809e-01	-1.640539182157016551e+00
nan	1.871049830138296066e-01	-5.654506464457156323e-01	3.436135171446201286e-01
nan	5.274730397906279844e-01	1.729677490611870039e-01	-5.952502474512035846e-01
nan	-7.954520178391992768e-01	3.655561585807745040e-01	-4.089685420232020419e-01
nan	-7.131039287857094955e-01	4.081729654549119402e-01	-3.688140931137193324e+00
nan	1.200352512156953044e-01	5.028334843867622306e-01	-1.581113613948275098e+00
nan	-7.319789548471566931e-01	6.246517325596998571e-01	-1.218618684074212144e+00
nan	-1.860157341084171245e-01	-3.600467596744414966e-01	-1.359122111715543868e-02
nan	-5.552043504071826341e-01	1.243339831298404086e+00	-5.297043103448926260e-01
nan	1.268654200133573662e+00	5.233727244693499037e-01	1.502648828038338102e+00
nan	3.653106848243847793e-01	8.707067136377707461e-01	1.291704360595799184e+00
nan	1.065933681851856996e+00	5.788032158332512278e-01	7.343545842239928012e-01
nan	2.767027584514442751e+00	1.494756700954523954e+00	2.280984013569060664e+00
nan	8.038000423022022556e-01	1.352305540606502099e+00	2.441918727714572412e+00
nan	6.079325484442016370e-01	-1.719545603108485476e-01	1.077694754007368916e+00
nan	-2.789334320352479524e-01	1.590316801549816805e+00	8.172460541945563151e-01
nan	-5.194723979313682349e-01	7.857320982673504650e-01	1.172456588994251314e+00
nan	-1.090515072371078142e+00	1.254363438718280932e+00	1.695790118253446832e-01
nan	-9.199721303586330112e-01	2.285934763699802197e+00	1.902188802345783081e-01
nan	2.897318855608662869e+00	3.136514493838593598e-01	3.234857477862930764e-01
nan	-3.581121856970037598e-02	1.984087201952815072e+00	-7.665224232045162456e-01
nan	1.480734439668844882e+00	1.845111330317498410e+00	1.396751620786060855e+00
nan	2.797533643621792354e+00	2.175960959180403886e+00	1.257850328671510809e+00
nan	2.531087520164041482e+00	5.164320166216125330e-01	1.538849088642809892e+00
nan	1.056160818499548792e+00	6.659171457868312549e-01	-3.366159466159834857e-02
nan	-1.188570280169815252e+00	4.502970557793353756e-01	-6.972252063510023801e-01
nan	-2.161567480185847767e+00	2.338545219606557313e-01	-5.019843746880939817e-01
nan	-1.050800133889487453e+00	-8.261718715954720071e-01	2.380015567046366076e+00
nan	-3.837257727938421237e-01	6.144712323874309545e-01	7.053848688376496145e-01
nan	-3.990394476369731047e-02	1.132541888426327858e+00	2.906362343842612272e-01
nan	-1.241009655214267315e+00	-6.072772691732246653e-01	7.754572376080808294e-01
nan	-1.066028223110572881e+00	-6.846125177515848259e-01	-1.752122514727181279e+00
nan	-5.943245479366194850e-01	-6.144965977592397044e-01	-1.020199659986163132e+00
nan	-7.646505255473954321e-01	-1.096213950463135856e+00	-1.139678981288905657e+00
nan	-5.456489895791075684e-01	-8.627691975600270125e-01	-4.151249407359506316e-01
nan	-7.387351518824323282e-01	-1.549901882917850360e+00	7.929640590704301051e-01
nan	-7.224703331275086349e-01	-4.208946205953740805e-01	-1.396564053944601702e-02
nan	-1.493080164273442145e+00	-6.193669432488024817e-01	1.398337935852516367e-01
nan	-4.199243187982776293e-01	-8.210156106905626139e-01	2.060607753412547094e+00
nan	2.679632788861853188e-01	-1.599602089215636624e+00	-1.156390730996558647e+00
nan	-1.363268646043655385e+00	2.426420923488109005e-01	7.809470045162492102e-02
nan	1.535605098450920414e+00	-1.074705769268667455e+00	8.206663534067892840e-01
nan	8.767529824673374605e-01	-1.640659476765399527e-01	6.175722294864917084e-01
nan	-2.233470804053958592e-01	-2.347512319783252588e-01	1.130934003740151905e-01
nan	7.614308111657979161e-01	-4.936927881048736033e-01	4.481097370408079761e-01
nan	7.277843242632735521e-01	-2.666051486380335844e-01	3.995023349666287915e-01
nan	7.053309991422689051e-02	6.870531604568782535e-01	7.770218625752836061e-01
nan	4.345400880817594236e-01	1.778348764957704331e+00	7.283394474502845606e-01
nan	-3.626764471978964899e-01	-6.627859999193534968e-01	1.302132732681851923e+00
nan	-1.592063356036554911e-02	6.709142204177662716e-01	-9.305523347276215551e-01
nan	1.210961249408813778e+00	1.006982090301664190e+00	-5.230797181122510686e-01
nan	2.477086601695815959e-01	1.660302578821241104e+00	1.282597932173939359e+00
nan	9.334210463808225722e-01	1.142803808486335670e-01	1.343069571766245751e+00
nan	-8.865986472918466754e-01	-1.159302496223289847e+00	9.655818936006332898e-01
nan	4.448372264310351820e-01	-1.951808038199858819e+00	-9.460852574348166399e-01
nan	9.468819322539165917e-01	-3.567267845559429773e-02	-3.597296481488819753e-01
nan	9.957669349301341288e-01	6.742064814611026247e-01	1.318237623911880707e+00
nan	1.285823882860217982e+00	1.077454920181306619e-01	4.375216234827929984e-01
nan	-1.630190395735411912e-01	-9.447999027172702124e-01	1.701355457812239180e+00
nan	4.170748051344401741e-01	2.425675647689317316e+00	-1.200131219324663379e+00
nan	6.079953566321969483e-01	1.801920191295108831e+00	4.598853936388602737e-02
nan	1.075772921171090246e+00	8.130378590586347931e-01	-1.537669041407260240e-01
nan	-9.054663537402996010e-02	1.602532318312487547e+00	2.018942733365024500e-01
nan	1.895136888789855867e+00	6.495982604028140983e-01	6.420908930459949815e-01
nan	7.689640555543474365e-01	1.004222257036217592e+00	1.355725309939567635e+00
nan	-1.580250315593314525e+00	2.279709385326058046e-01	2.138678704623111493e+00
nan	-4.017014037383938030e-01	5.917881491429743956e-02	4.724306206048866641e-01
nan	3.582342824050467334e-01	1.455134416201173397e-01	2.969575887186132190e-01
nan	1.659539425761308029e-01	-4.244648553264279145e-01	2.797367508774494249e-01
nan	-1.294646891363042951e-01	2.302042112888398329e-01	5.924726276438524453e-01
nan	3.976312739788988582e-01	-1.047021090770491991e+00	-7.894851520898658048e-01
nan	-2.082472858440244323e+00	9.159535807826268972e-02	-8.897837750709987059e-01
nan	-6.792683811997806131e-01	-3.609767157988150177e-01	-3.676290319415186358e-01
nan	-1.190206521298705911e-01	3.996095185800940253e-01	-9.653816035737058932e-02
nan	-1.104033691835892617e+00	2.953080644765876395e-01	-7.297651465181738129e-01
nan	-9.648811709653204449e-02	1.557096717598630331e+00	1.462639139887013107e+00
nan	1.817466768274115463e+00	2.668997651591402231e+00	-9.412804797372734678e-01
nan	2.442330063092766679e+00	1.533453471539275359e+00	-3.226864214438327494e-01
nan	1.891234599482154444e-01	3.582079634546487590e+00	4.412381695126944559e-01
nan	1.636803048726753751e+00	-5.325244085384712722e-01	2.671962516023129730e-02
nan	2.912730373908700710e-02	8.724469040919475837e-01	-2.671650232317506757e-01
nan	1.400616691844841499e+00	-1.380868060164420208e-01	-7.270574101175779624e-01
nan	-5.179683852222867202e-01	2.836763386911895779e-01	-2.754540259551472747e+00
nan	-4.485245514494932140e-01	7.548886586657267417e-01	-2.506597787219251749e+00
nan	-6.758836899164970546e-01	-9.632915273999043126e-02	3.245312073438035849e-01
nan	-4.225937818057927120e-01	-4.028024022252453262e-01	-2.518295124000440310e-01
nan	-1.307970087650881963e+00	1.037335749792057671e+00	-9.837265481155119673e-01
nan	-4.804495350012504828e-01	-4.348910403687448190e-01	-5.092098873580809260e-01
nan	8.600987033383382663e-01	8.871961464216010507e-02	-1.546856669015153951e+00
nan	2.012180000040751704e+00	6.131198468450907435e-02	-6.509472971274993247e-02
nan	1.848052234047570797e-01	9.487183795427427402e-01	-5.752087826959518813e-01
nan	-4.105500015525542779e-02	9.525932593162064199e-01	4.078366331557689017e-01
nan	-1.554195281375264415e+00	1.546975793118309905e+00	3.320271761751752426e-01
nan	-5.731886288012833647e-02	1.471445035936801427e-01	-3.838075112814515188e-01
nan	1.877389278460694921e-01	1.160577369967626116e-01	-5.354869754551754291e-01
nan	-6.161744920034400996e-01	1.795670215661278046e+00	1.147086712449253199e+00
nan	-5.030993376219121682e-01	7.918129140596543714e-01	7.181219420794138220e-01
nan	1.188969291485285490e-01	6.470613099854328754e-01	-1.124754125056523502e-01
nan	-5.580857865882428159e-01	1.824021256996996243e+00	-5.119202310682510193e-01
nan	6.030706972463153459e-01	-4.568070026795849614e-01	-1.648389836431882749e-01
nan	9.156987719040442508e-01	-4.711400487182981767e-02	1.077544433200101903e-01
nan	-4.224771286604267484e-02	4.954443475696619359e-01	1.610578884357911855e+00
nan	-1.868254018904383473e+00	-1.957822039553224203e-01	3.994446696247579420e-01
nan	-6.452230952104215378e-01	-9.992264176170018164e-02	-8.098014736272843850e-01
nan	-1.292750684305103981e+00	1.327932697150034480e+00	-2.180346145063742469e+00
nan	-1.774362855530589034e+00	-5.042831492639728019e-02	1.108435997380236682e+00
nan	1.348595384248497009e+00	-9.803835620710966703e-01	3.968838663703611047e-02
nan	-1.998872584363275140e-01	-6.882253907605693222e-01	1.562647444902281357e+00
nan	4.387727376543179014e-01	-1.747241860379830758e+00	-5.947784936588079718e-02
nan	5.712286143202736088e-01	5.351698417962620358e-01	4.814945676264211771e-01
nan	-5.641697598351199661e-01	1.367302401471139017e+00	1.021156181369194726e+00
nan	4.660754415782832893e-01	3.427501953125440259e-01	-1.463697489580591204e+00
nan	1.601369165876925793e+00	-2.883210392086716478e+00	-9.425428893565552801e-01
nan	4.574905648397702973e-01	3.133108570448259189e-01	-8.137430696861859269e-01
nan	5.327584023930580504e-01	-8.424839110649653406e-01	-6.354608940751076407e-01
nan	1.095123083077909953e+00	1.096618923762425535e+00	4.179419916027234394e-01
nan	2.207751966828994217e+00	5.297330991028709191e-01	1.364907992861528641e+00
nan	5.740227472296058897e-01	6.420924310309363836e-01	-1.321632204992931880e-01
nan	6.969205417655863766e-01	2.637417323212634113e+00	4.341484772837772566e-03
nan	1.675277563094945688e+00	2.713217333784708529e+00	5.339065332577936918e-01
nan	1.535026590802902380e+00	8.650389745947155706e-01	8.412431391904069411e-01
nan	-1.159964177333551616e+00	4.482161759460837058e-01	6.795326914064570012e-01
nan	2.665289697813361114e-01	1.904826573786077892e+00	7.054186599640414057e-01
nan	1.568149452648010422e+00	3.537358451678814797e-01	1.502111062851482881e+00
nan	1.981922709376226610e+00	5.896440840829386687e-02	-5.191657398286253500e-01
nan	4.024602542565646757e-01	1.647758224012313200e+00	-1.927434873864139586e+00
nan	-2.308015507489844076e+00	-8.626318440379181496e-01	-1.628194752924471689e-01
nan	7.634856015709514665e-01	-6.779376766481919336e-01	-4.501639576454957714e-02
nan	5.424606064910395542e-01	-3.259813744717247053e-01	-6.815112269752071628e-01
nan	1.516641851040621547e-01	1.132906752968982911e+00	-1.121426927328049050e+00
nan	-9.414598450327960055e-01	3.075116673580119975e-01	-9.113316192128892990e-01
nan	1.165384709966130306e+00	-1.181069834844642674e+00	-1.406701184234317559e+00
nan	-7.730018464872336903e-01	-1.025514193760000969e+00	-1.521573468608327095e-01
nan	1.338730722393619565e+00	-7.807150206580644181e-01	1.668646603645539406e+00
nan	2.086071931945952418e+00	-1.051669705946632005e+00	9.429802087514496667e-02
nan	1.079718403443772345e+00	1.120306146561754090e+00	-4.652297748973743818e-01
nan	5.373458809178990325e-01	1.553082529411852875e+00	-9.386064943309788688e-01
nan	-4.328668483306138404e-01	2.142783687629908229e+00	1.270649738360905445e+00
nan	2.498251678950837107e+00	-6.289051531742512191e-01	1.359750756975344643e+00
nan	1.339861822074976949e+00	-1.078657540934253145e+00	8.542579734978201778e-01
nan	-3.308601268395388040e-01	-2.917556231004140299e-01	9.794549145112727562e-01
nan	-3.673746086307428937e-01	3.879176756068469789e-01	3.274164218823204520e-01
nan	-7.125134651260484064e-02	1.635121644590386447e+00	2.286825351366112535e+00
nan	9.707345704874039694e-01	1.062302358003573310e+00	1.094153555582739301e+00
nan	6.636085892896377292e-01	8.331326550234685602e-01	-5.366235995414962989e-01
nan	1.332090068801057292e+00	-8.736720601627803173e-01	4.123378654544804789e-01
nan	1.866765462642326900e+00	6.665102967704370496e-01	1.651893751189970727e+00
nan	1.039985839161840175e+00	8.153632693757255634e-01	1.691525131120362513e+00
nan	-9.460142472881312159e-01	-1.574448022716280482e-01	2.537013094263162127e+00
nan	-5.493421847915986866e-01	-1.273713175947127407e+00	4.869343514045537669e-01
nan	1.232066731636932033e+00	8.556214352973456894e-02	-9.773826998445882541e-01
nan	-1.597539707171136136e-01	1.376819588586726484e+00	-3.653981072527173746e-02
nan	-1.184617484822571232e+00	1.007570918870634769e+00	8.147041168760007501e-01
nan	5.398654842047714286e-01	2.138997705324830800e+00	3.746608976904002297e-01
nan	-2.114903631038683729e-01	5.651129987791370102e-01	2.526368447732368683e+00
nan	-5.360696861752232145e-01	-5.233478636656303529e-01	1.451231670512251881e-01
nan	1.691681210626312937e-01	-1.593363898238969734e-02	-3.358753669181133161e-02
nan	1.217709083617632082e+00	-6.038492082795389182e-01	-9.470209963230079575e-01
nan	6.826594857587348075e-01	3.612983857500554064e-01	-1.986380847636322611e-01
nan	-1.754012757428002889e-02	2.139187074581787584e+00	-2.752476161776607366e+00
nan	1.653785214683444416e+00	1.590884740398312847e-01	1.352015598719090494e+00
nan	3.994090870389564452e-01	2.265950990882760196e-01	-3.047742520210088846e-01
nan	-1.689254129590420206e+00	-6.917170776725992676e-01	-7.731488956268967039e-02
nan	-2.243639799675289037e+00	6.300369932850370391e-01	-1.667545349953056255e-01
nan	-9.374160642833879731e-01	-5.519559401371144647e-01	-9.555608303301511564e-01
nan	-2.017831802854845424e+00	8.332464233949192778e-01	-2.227244918506147808e+00
nan	-8.947307896897701562e-01	-2.440096662816751139e-01	4.700986674241731111e-01
nan	5.745584094012784471e-02	-4.693958470124115490e-01	1.735639401592000919e+00
nan	-2.680664673301842438e-01	-1.197815442280749876e+00	-5.297226723371748491e-01
nan	-1.008348322012664333e+00	-1.839819335416452706e+00	-3.743729404143520956e-01
nan	7.224445039347751063e-01	-2.606962356798707692e+00	-5.356124247477151989e-01
nan	-1.698269150835336472e+00	-7.211149441069650834e-01	-1.328177014395867772e+00
nan	-8.284309323792427016e-01	1.368838247780128192e+00	-4.262341507641901339e-01
nan	8.950477347605088896e-02	9.720816379321528533e-01	4.090392181839718200e-01
nan	4.871038023110787485e-01	1.985223111126629414e-01	2.271047432846672987e+00
nan	-1.108669140958656207e+00	-2.344815645544443772e+00	7.292456830416091940e-01
nan	-3.972693303938380494e-01	-1.254812830441445870e+00	-7.704503975146979045e-01
nan	-8.933387213547876460e-01	-8.654769493660299240e-01	-7.975646814715475763e-01
nan	1.533031051889858221e-01	-1.740382050943460657e+00	-1.778264868920951813e-01
nan	-6.691926568758665983e-01	-1.157149471889288739e+00	-5.452028779045606788e-01
nan	-4.592469909199381473e-02	-9.804609202612275531e-01	-2.271818945449367799e+00
nan	-1.086661248827037962e+00	5.586696681506143625e-01	-1.075402287658649758e+00
nan	1.058612694871089888e+00	-1.145674682884820772e+00	1.540552995419580906e+00
nan	-2.196367366425469037e+00	-2.056787009225750751e+00	1.525989826616420908e+00
nan	-1.549919373663108058e+00	-2.278871901667088196e+00	-7.050167140844540992e-01
nan	-1.164809160277344491e+00	-2.420677471407448600e+00	4.471272121204972194e-02
nan	-8.472013200483958784e-01	-5.967615380318516127e-01	-1.210411460306605624e+00
nan	-1.506098715228127993e+00	-3.867254402367770183e-01	1.311412971138385508e+00
nan	-1.176623713387891179e+00	-5.554644752363752103e-01	5.554866656583388185e-01
nan	-1.950212090968085565e+00	-1.121825428218615528e+00	6.796156370968547966e-01
nan	-1.517944842080950263e+00	-1.349287198405145993e+00	-1.033481049427475984e+00
nan	-1.500509824810197346e+00	1.937380339831574760e-01	-4.098196455341068800e-01
nan	-1.167028635061456043e+00	-5.564541656853800866e-01	3.048123043157022760e-01
nan	2.195147789010976069e-01	-3.632910063688049029e-01	-8.052400395609570216e-01
nan	-1.790424262854062754e+00	-1.116283135382964087e+00	-1.096434011990714552e+00
nan	-7.261273547556825747e-01	1.823445196752377262e+00	-3.384318511710711963e+00
nan	3.379666893442224707e-01	1.438971295414482210e+00	-8.109190902693668157e-01
nan	-6.524223997939843089e-01	-5.091476412001710861e-01	8.646888691395977489e-01
nan	5.057113720377809374e-02	-3.213162208061196567e-01	6.470415075187542220e-01
nan	-2.029699090459569977e+00	6.814223839726973875e-02	3.218593635597460367e-01
nan	-7.303749231873211123e-01	-1.339769270334563167e+00	4.260430695891738728e-01
nan	-1.013768723974457497e+00	-2.230806561425191514e-02	8.830836003916617827e-01
nan	3.308046784644107507e-01	6.277524392267117559e-01	-1.750652531785482191e+00
nan	1.496741305279710721e+00	-3.161177448411108259e-01	-1.147745285151092975e+00
nan	1.699327567507851411e+00	2.269384020160905457e+00	7.856776918851473557e-01
nan	1.658398893155160758e+00	2.330490746704234617e+00	9.948182273107948337e-01
nan	7.148647910584360332e-02	1.363882403161253309e+00	2.857876132434640226e+00
nan	-3.885280052846085130e-02	-8.168602549761543319e-01	2.877109051671741913e+00
nan	-1.775539051121176826e+00	-8.321957664321989467e-01	1.873826459215180318e+00
nan	-2.176761642290853338e+00	-2.612773001199522049e+00	-7.465336953258088215e-01
nan	-3.289219996606798091e+00	-8.059969907969032343e-01	1.397553335348360459e-01
nan	-4.593280439797631232e-02	-1.685259876423418346e+00	-4.811789728188974324e-01
nan	1.134015864134508833e+00	-2.650738339491921280e+00	-3.339777795323065845e+00
nan	-1.980090743174004686e+00	4.092357462526278189e-01	-1.642077581111756501e+00
nan	2.164894761373774568e+00	-1.675767791667386764e+00	-5.382080665704292999e-01
nan	-1.944320248741667090e+00	9.106459617489033320e-01	-1.093864765161215669e+00
nan	-1.218079272824456272e+00	1.060330303427736265e+00	-8.477531369890678459e-01
nan	1.044774059048146908e+00	1.626535161978438504e-01	-3.589150374127043075e-01
nan	-4.299323477104902147e-01	1.596867508550244175e+00	1.164347953174196926e+00
nan	1.595044520963684320e+00	-1.989241847365929572e-01	-3.046471667302141917e-02
nan	-5.993141163140935923e-02	1.873945860218824588e+00	-4.581492232785855379e-02
nan	8.580819588154966482e-01	1.139407033376090617e+00	6.812706754785855523e-01
nan	-1.297216003436758580e-01	2.166392945424139960e+00	2.078038781690382475e+00
nan	1.622540686357523132e+00	1.114059927175465647e+00	6.552368917501728562e-01
nan	-4.219981973801845143e-02	1.177144391903690579e+00	-4.776145364478545652e-01
nan	-4.922383004517256189e-01	-1.660072090436343739e+00	3.009345090967737169e-01
nan	-8.576313208912598185e-01	-9.847096043831231604e-01	-1.085283317620917565e+00
nan	6.460007556847979782e-01	-8.018277908457507319e-01	-1.504814334874471804e+00
nan	-2.269231460530771460e-01	-2.172519920561251650e-01	-7.842814323632388840e-01
nan	1.470803566495937631e-01	-1.256086035968946746e+00	-2.510494341857845590e+00
nan	1.920088114558498038e-01	-4.289394072999969110e-02	-3.086469716092774540e-01
nan	1.019129742250011850e+00	1.599713773253053972e+00	-1.394898069325416212e-02
nan	-1.472578048534961770e+00	6.859421416872542032e-01	3.849359627702642062e-01
nan	-1.812803471411937206e+00	-4.278427843466119929e-01	7.107565740533927645e-01
nan	-5.353556949758595529e-01	-1.642465527423677019e+00	-1.940106898038249650e+00
nan	-2.026087587793687916e+00	-3.916022945311348202e-02	-1.686518603585274612e+00
nan	-2.763780589132831533e+00	-6.053198930696968016e-01	-1.326813432020592209e+00
nan	4.218193950267912218e-01	-5.143262742798287990e-01	-1.477314863741422180e+00
nan	-3.210994416198758583e-01	-1.491752444340270212e-01	-1.230396590777845134e+00
nan	6.657497456832957017e-01	9.300399867350184202e-02	1.959053542076679921e+00
nan	-8.124377810958857693e-02	1.210917314231012343e+00	1.274491161727485888e+00
nan	3.048154590893886184e-01	1.551332097410077770e-01	1.619938764506479334e+00
nan	5.453643563633910063e-02	-9.321852839460768037e-01	1.056054918333010129e+00
nan	-3.756562574139865607e-01	8.948013779335819429e-01	1.027091507436038442e-01
nan	-8.110275195056215747e-01	-3.492013087372823343e-01	1.012390882784250490e+00
nan	9.409558332165466332e-01	3.965285002074234177e-01	-5.048246627594324965e-01
nan	-2.063508583807328378e+00	1.764824943372626187e+00	2.565498453401968248e+00
nan	3.508914726308901555e-01	-2.583876107167019098e-01	1.509035479158085558e+00
nan	9.783490264269589787e-01	2.063778619551280835e-01	-1.895321024907907770e+00
nan	1.392973757639337506e-01	-7.914785983852148377e-01	-1.444142361103804673e+00
nan	-7.121325989691507097e-01	-4.277837798568735472e-01	-1.057562151627279290e+00
nan	6.083210806250017866e-01	5.675825220564900686e-01	-3.305071239486867540e-01
nan	1.815778875051427543e-01	-2.241806994953401411e-01	-4.435890665639250496e-01
nan	-8.873892693492943518e-02	-9.889559337614095558e-01	-3.405110568802726112e-01
nan	-2.928377755166311491e-01	1.204409632858103096e+00	-7.885757507849620040e-01
nan	-4.416221916813494741e-01	-2.773980381677231821e-01	1.169166576420552078e-01
nan	-6.838021782135410565e-01	-9.003346322756347053e-01	1.729659863829214050e-01
nan	-7.543682549120924730e-01	-5.870083742768806845e-01	-2.179627276805244485e+00
nan	-1.357027589859499894e+00	7.536666360383525998e-01	-6.257522904345805825e-01
nan	1.933587162059458020e-01	-4.729473031605166966e-01	1.206639029243434358e+00
nan	-1.566081255260262650e-02	-5.120759432147881096e-01	9.465749369641511812e-01
nan	1.138025783645102651e+00	6.941453507959811642e-01	9.004205475629228905e-01
nan	6.894979834747447800e-01	5.487614350695284582e-01	9.436871217306963544e-01
nan	6.233504856591111087e-01	2.629547810013229125e-01	3.346328106241801548e-01
nan	2.810921553571343323e-01	-2.114416204434255153e-02	-8.495708684759526452e-01
nan	1.424622357273324091e-01	4.332318600629154748e-01	-7.476142566390746591e-01
nan	1.191959066679681101e+00	5.479658137986800348e-01	8.644380950521289575e-02
nan	-2.345482186499203703e+00	1.171864179861833222e+00	3.162782146360411661e-01
nan	9.440764011953328705e-01	-6.694744022131271510e-01	1.898841031841108418e+00
nan	5.781365234962781985e-01	1.583113992921232893e-01	-1.383074823586746271e-01
nan	8.330944372171704693e-01	2.550832596331818802e+00	-2.377818540379381951e-01
nan	7.775173297568492847e-01	1.681595753533146942e+00	6.372206001032909573e-01
nan	1.416204555094000561e-01	-5.951536624998675640e-01	-1.743691612083023479e+00
nan	5.661684068163239658e-01	3.838997372264707497e-02	-1.119779250524216785e+00
nan	1.782793961235884961e+00	1.894031495861480119e-01	2.223795334712050376e-01
nan	2.575932329523155762e+00	1.337423813656457572e-01	-4.801603318114698871e-01
nan	6.320322194530425541e-01	-4.124041570888714592e-02	2.175328512559019378e-01
nan	7.162619779100287687e-01	2.269129883579894535e+00	-8.112531168297602013e-01
nan	1.211879940204983352e+00	-1.848885785970439954e-01	1.331537751822510440e+00
nan	2.256110173414711539e+00	7.799610254304332191e-01	-3.273261455457371349e-02
nan	1.767724189310742933e+00	1.598998121529243477e+00	-7.013990458004836226e-01
nan	7.465268478123184837e-01	5.463073639919103774e-01	1.614467408144102611e+00
nan	1.379336419482701581e+00	-1.255171557865911502e+00	8.862538878447686619e-01
nan	6.007942760728351983e-01	4.285485183724835334e-01	2.898594102032062136e-01
nan	3.456365588342701356e-01	4.798106394911361150e-01	2.055230414531361849e-01
nan	-1.137400892262917962e+00	5.827457667627276017e-01	7.584514803615424183e-01
nan	-2.402356553163165209e+00	6.046133358231897681e-02	1.861634041666684558e+00
nan	-1.315974630239614473e+00	2.547799473937703008e-01	2.831526229160648889e+00
nan	-1.896039087450255289e+00	6.242575781497122778e-02	1.171313040002073702e+00
nan	1.931117614972094332e-01	-3.452396815037150901e-01	-1.146565332936664960e+00
nan	1.003333161226646286e+00	-7.528634079727594686e-02	-4.841087109158153101e-01
nan	-1.072003467101896756e+00	-7.604183043226822036e-01	-3.772897566581731033e-01
nan	-1.028814472436345717e+00	-1.032410454017259838e+00	2.482976672543217300e-01
nan	-6.656875354796849553e-01	3.460663646218298251e-02	3.452237383069665655e-01
nan	1.546290679887592223e-01	2.286534582070985089e-01	2.045749742490329259e-01
nan	6.558096366315614434e-01	2.240411267625143366e-01	7.341390249676649216e-02
nan	1.105183838622940895e+00	9.115673839837470371e-01	-2.196250154070886473e-01
nan	1.209302802154920364e+00	-1.238808299823777492e+00	1.017143402068541702e+00
nan	3.899398328450758844e-01	7.178278903929055099e-01	1.211161881879509183e-02
nan	-4.821262297318238965e-01	-1.358580629757147440e+00	5.382331966382443156e-01
nan	-6.426933172251042548e-01	-5.833784979776276414e-01	-2.645973503551474204e-01
nan	-9.972612212295878242e-02	-5.600606178655863632e-01	-5.683034126847321676e-01
nan	-1.527184388424469796e+00	-1.785837496928263768e+00	-7.944872597986540885e-03
nan	-1.290446141646691247e+00	-7.249099449000770967e-01	6.526796595215236252e-01
nan	-2.084650995937841866e+00	-2.649462570049254229e+00	-2.286048555264264537e-01
nan	-1.278816865670116876e+00	-4.117056942349193172e-01	8.985703618255513891e-02
nan	8.265420917664344502e-01	-1.553079632045794578e-01	-4.929521911959370839e-01
nan	-8.712889635365901331e-01	1.317359509172334242e+00	-6.430422877189321262e-01
nan	-2.583571955559306854e+00	-3.316809850664484971e-01	-1.191231001097352582e+00
nan	-1.186818684500066556e+00	-1.689328353796512694e+00	-4.694654922175378609e-01
nan	-8.818437539272502290e-01	-9.730963711162723406e-01	-1.333966544164311596e+00
nan	-1.626568596861831084e+00	1.133103921166371597e+00	1.361213139685323092e+00
nan	6.198864413534624918e-01	-6.412182272772445346e-01	3.767130252267185120e-01
nan	8.383389408504743345e-01	-8.446664729867984223e-01	1.615128880724430172e-01
nan	6.494342501986377636e-01	-6.290557716370178687e-01	1.687281852154970174e+00
nan	4.815553868306329810e-01	-1.674591790119237755e+00	6.160924644882920242e-01
nan	-2.529191585675793164e+00	-7.587725376925523735e-01	1.226202095523850177e+00
nan	1.096215984914712394e-01	-1.563019544450364284e+00	4.252355371522555938e-01
nan	4.711466583745429482e-01	1.951066371155558254e+00	6.722259023109727893e-01
nan	9.750205299396199621e-01	7.697478786133452600e-01	9.369942816967997690e-01
nan	1.134161884895232397e+00	9.268391506666748825e-01	6.271853907279216767e-01
nan	-1.629234374131097507e+00	1.860015762970674835e+00	5.475926589209687556e-01
nan	6.326849614778877751e-01	-1.382401361074316659e+00	-3.573511087701941591e-01
nan	-1.268866169055067106e+00	7.799484604155513257e-01	-1.573033851807063233e+00
nan	1.351356477248389087e-01	7.623071941749112179e-01	4.033089113000509762e-01
nan	-7.523247282385687740e-01	-2.392121834495493093e-01	7.288822698121183441e-02
nan	-1.204724772517570264e+00	4.149786524692789524e-01	-4.696882573952462780e-01
nan	-3.471482002717162230e-01	-1.206177825503973011e+00	7.934344697379439593e-01
nan	-1.740065353541828452e+00	-9.920253228110673671e-01	1.388624323704320318e+00
nan	-9.971710516369549637e-01	-3.066441837476975962e+00	-2.449758167694638111e-01
nan	-2.670621523864594948e+00	-2.018871577629628433e+00	-2.882669484302289309e-01
nan	-3.267357220536601048e+00	-1.897794265039356887e+00	-1.146701467779861927e+00
nan	-2.751824810759444517e+00	-8.854979339449743359e-01	-3.711698301464866345e-01
nan	-2.334868774972380656e+00	-2.070353931178454676e-01	-3.286871410304338381e-01
nan	-7.654614304682599846e-01	-2.137798189431857399e+00	-9.931607693477915166e-01
nan	-1.251571044039879066e+00	-1.501095591502351834e+00	-1.899858769659863000e+00
nan	-1.779543857898498338e+00	-1.547226942612585088e+00	-9.522405324025218221e-02
nan	-3.055430945176692559e-01	-2.951806284856522966e-01	-9.699841634888319852e-01
nan	-5.025562939442014265e-01	1.732775032615764710e+00	1.533286294671569738e-01
nan	-4.607216318991925186e-01	-7.342664503464215731e-01	9.059203312502954741e-01
nan	-1.754891893083577958e+00	-1.428942119206362826e-01	1.111191822641963478e+00
nan	-1.178954681661531279e+00	-7.628747424061181892e-01	6.647504556510250850e-01
nan	-2.043404841427060581e-01	9.021887174008086374e-01	1.040249783844402920e+00
nan	-3.669168704118822566e-01	1.257985268868645479e+00	2.997896362843011975e+00
nan	-6.854645564029506755e-01	-1.400113504978163226e+00	2.152072886673393359e+00
nan	3.945072946732844921e-01	-1.151538922881270466e+00	-8.631176067393014906e-02
nan	-1.740588483509071027e+00	-4.221142563156456418e-01	-8.412103335633939194e-01
nan	-4.220923415747890317e-02	-2.685546375170231315e+00	-1.004071925657358699e+00
nan	-5.008966443270954638e-01	-1.582389158352135228e+00	-3.583235110036714355e-01
nan	3.834715304955211845e-01	-1.226150746667118652e+00	5.976476881484615866e-01
nan	5.190797437686109905e-01	-3.637043580963636447e-01	-4.349204783974841559e-01
nan	3.183971101145900429e-01	1.229046782676118665e+00	6.086862982104660480e-01
nan	7.504319252519218164e-01	-3.620987558285970742e-01	1.103935961113101882e+00
nan	-1.884016852594057712e+00	-7.722955210500398460e-01	3.042063322050569951e-01
nan	-3.652637838253471325e-01	-1.316126861361265998e+00	-1.495582977671240377e-01
nan	-1.751858634288247174e+00	-5.382950465287689168e-01	-1.831321889251728008e+00
nan	1.559822240551615558e+00	-5.057135654658484469e-01	-7.536992121993280058e-01
nan	-1.342105773769918464e+00	9.880353058811832678e-01	-4.688506627767353163e-01
nan	-2.091355365557102886e+00	-2.215791456568046436e-01	-3.219609268747135600e-01
nan	-1.111803879210545798e+00	1.754045529611648613e-01	8.123156181564408218e-01
nan	-1.089901958733703602e-01	-6.942609116383300361e-01	-3.901773687676912683e-01
nan	-2.524494820104190018e-01	-1.805891780478806052e-01	-2.284100774116801791e-01
nan	5.974134413022511580e-01	-2.786439431891299945e-01	-2.128467828509099213e+00
nan	-6.017257123114982953e-01	1.598757867144521061e+00	1.797341509743133336e-01
nan	9.970008734641181425e-01	1.372581737616711095e+00	1.602162870701492103e+00
nan	1.126711706609729191e+00	-1.176316368587069672e+00	1.129029005341082526e+00
nan	1.211119180177649746e+00	-4.230389062335831452e-01	-7.750974040019465994e-01
nan	-4.483152533283988328e-01	-2.173933594830065874e-02	-1.907881117675223281e+00
nan	4.937782114497407671e-01	-1.354630927575579680e+00	-1.280221408852820097e+00
nan	-2.505359662979450563e-01	6.685927499325770018e-01	-1.103741984035924384e+00
nan	9.667219605903288882e-01	1.732571350672705845e+00	1.700217237233331957e+00
nan	9.184112892267126682e-02	1.166553502640810702e+00	1.253086961457692938e+00
nan	1.059703595731758874e+00	-8.389605245598139582e-01	1.582722607301094708e-01
nan	5.067607296964541375e-01	-8.144412235598803840e-02	-8.204405002892150023e-01
nan	5.783177343035417195e-01	4.413063541962219949e-03	-1.534588743437471092e-01
nan	8.277136563080602638e-01	-1.151186652371564367e+00	-2.315765849623033223e-01
nan	2.058049671207943798e-01	-5.482878933176107417e-01	-4.775196063795231205e-01
nan	4.445538492410111009e-01	-8.095198629677418101e-01	-1.530957837987744430e+00
nan	2.119178851338396341e-01	-3.704468301219480675e-01	-9.287045876587691762e-01
nan	-1.977852978896981473e-01	-1.293473842060506529e+00	-2.430390745123418295e-01
nan	-3.255359067037232879e-01	-1.374801370829553671e+00	-2.811861839294597099e-01
nan	-1.285491828944687942e+00	4.859015934928798686e-01	1.802474384587989809e-01
nan	5.352069073513465725e-01	7.127724187890002172e-01	5.311791621531152252e-01
nan	8.012998769950576694e-01	2.059581556649572764e+00	1.474676032700538819e+00
nan	8.789474426335595059e-01	-2.134342347132783591e+00	8.440743381520883215e-01
nan	4.364539220151491539e-01	2.897374174044544115e-01	-1.426437367490650310e+00
nan	1.756957220924787899e+00	-5.959891652031938936e-01	-7.134354854990418993e-01
nan	-1.025581966863140293e+00	2.100069711296575381e+00	2.916992405389004506e-01
nan	-1.011410110205090529e+00	4.358405688404357603e-01	5.679670632739598490e-01
nan	-1.412936914122724152e+00	1.795836699340102260e+00	9.973339917216845762e-01
nan	-3.011821512694176639e-01	-1.435026974757666718e+00	-1.474544562799188441e+00
nan	-6.464420492269181695e-01	4.520505201288012032e-01	-3.145941986342024599e+00
nan	5.273995377537726847e-01	-1.041400625355123344e+00	-9.318696866252962341e-01
nan	1.393597805693472802e+00	6.242799049195544292e-01	-1.229918924259808310e+00
nan	1.124376918217695032e+00	-1.047966273013991589e+00	3.064089179670095864e-01
nan	6.757866817921558411e-01	6.888116746578165639e-01	-5.156327489145146048e-02
nan	3.370901311559847957e-01	-1.371997172274309618e+00	1.683261847375283393e+00
nan	-1.286414141648706710e+00	9.980493073270650939e-01	7.109673078081745201e-01
nan	-7.657766795305039065e-02	9.074162870969088024e-01	-4.642389494740829514e-01
nan	4.745442697670052001e-02	9.366549623780454636e-01	2.341007678474742448e-01
nan	-4.825346112632485918e-01	6.130067982580784669e-01	1.619556415201371724e+00
nan	-9.027540797661725014e-01	-1.701400174978337398e+00	2.863686995596743112e-01
nan	-1.528799219423407685e+00	3.593956152060560072e-01	-3.627848016225351802e-01
nan	4.883824883696416541e-01	-1.094636532017746244e+00	-1.159483968384969477e-01
nan	-1.107279383169034181e+00	-2.020799451569997629e+00	-2.163779965608279898e+00
nan	-1.358912488264347740e+00	9.103107123009744894e-01	-1.794954480910478489e+00
nan	1.682436798334931982e-01	-1.657094814582749931e-01	-1.431948359674673488e-01
nan	-1.701044200764034953e+00	1.202129307555903415e+00	1.911612791295673963e+00
nan	3.136605748601423160e-02	-4.983520615057704939e-01	3.777317012476595792e+00
nan	-8.939642982220320500e-01	3.194455338095876229e-01	1.600347579552049204e+00
nan	-1.058231060441481741e+00	6.391293360426206771e-01	2.488589393012044404e+00
nan	3.315099077976955133e-01	8.151395767985970542e-01	2.463201476367621545e+00
nan	1.156116740241298624e-01	-2.947207861546239926e-01	2.314132132573483602e+00
nan	-4.701876683740939533e-02	-1.603812042709784391e+00	-1.510042340145761885e-01
nan	-2.435048806477172700e+00	-1.108196617936588524e+00	-1.562608236035837317e+00
nan	-3.126837875006813761e+00	-1.757190235088194719e+00	-2.044722010251054822e+00
nan	-8.633740459763159514e-01	-1.225368432470363089e+00	-1.820593612414162621e+00
nan	-1.684701851834457531e-01	6.556878599655817652e-01	2.064821126834610610e-01
nan	-2.640798538176680754e-01	-7.538027303570716819e-01	-2.832613148785843027e-01
nan	-3.421455791737256225e-01	2.363320611787079750e-01	3.969896759146451792e-02
nan	-4.095464152702237015e-02	-8.358902908019175682e-01	-9.963314208981635112e-01
nan	-1.453436710947326738e+00	1.451971257433077866e+00	-2.670694367494093058e+00
nan	1.927246527037587975e-01	-3.045534656706458398e-01	-9.260903407023657330e-01
nan	1.339676973137268412e+00	-1.147228287205194208e-01	-1.365266677558844843e-01
nan	2.488249254635281016e+00	1.004041708168167402e+00	-1.620228285315469252e+00
nan	1.415980841420914960e+00	1.875128506618026325e+00	1.424477396722552358e+00
nan	5.208966474235572353e-01	2.180164711521710430e+00	2.358830368907985253e+00
nan	-2.509405080384741193e-01	-5.362409139934871671e-01	-5.537575636106184529e-01
nan	-1.418797081558103024e+00	-7.191796974532718156e-01	1.471841888160014600e+00
nan	6.532016592940603772e-02	-2.270395687450361244e+00	1.849190435833306223e+00
nan	-2.275661477884795003e-01	-1.092637773798993406e+00	1.746937175775769902e+00
nan	7.316164656280734757e-01	3.103333634765804705e-01	2.506073343087332206e-01
nan	-7.496111858796816740e-02	2.147177178325789804e+00	-5.184097245024138489e-03
nan	-5.030841838296336022e-01	1.288674533104470665e+00	-4.628324538711647840e-03
nan	3.615698179665192136e-01	8.805788872559536795e-01	8.409097385201849129e-01
nan	1.767306533043883743e+00	2.165013992086895378e+00	-2.382882917996127503e-01
nan	3.229998379214434223e+00	2.129387994525384631e+00	1.249902469817633310e+00
nan	1.026035603651519690e+00	9.762059536687758277e-01	7.879004366087600797e-01
nan	8.880344116259528686e-01	1.582578176624875432e+00	7.415211165102337798e-01
nan	-8.491928512056090561e-01	2.367008978919127760e+00	1.084158369541391664e+00
nan	8.648802418471801534e-02	-3.760678850108823967e-01	4.673306741116726171e-01
nan	-1.532688992297151387e+00	-2.445779719447441991e+00	-2.543708536044475901e-02
nan	-2.667727272806803995e+00	-7.082823292692109751e-01	-1.171754933824137090e+00
nan	-1.785319732883432930e+00	1.230188441106795372e+00	-1.315551275578340729e+00
nan	-7.141498672006735271e-01	2.005706549533552430e-01	1.031224951256929590e+00
nan	9.781892631036835928e-01	1.377959274443654403e+00	7.260044277217410080e-01
nan	3.237185055949194923e-01	3.671090408425183860e-01	1.458616981169297055e+00
nan	-3.936287702474760564e-01	9.821997877912636010e-01	1.452299503303029704e+00
nan	1.615353836571193025e+00	8.095544061303765471e-01	-9.039939782366016585e-01
nan	1.425140125926041224e+00	7.908189451791131086e-01	-1.061043431811798277e+00
nan	9.192553109814671775e-01	3.480085416097463136e-01	2.045538922462900033e-01
nan	7.205663784402908112e-01	1.453852729850066972e+00	-4.892928069300753191e-02
nan	1.540728410998276621e+00	6.452705387348008914e-01	-9.698591106608763779e-01
nan	-2.307589331934356558e-01	1.400212837988803027e+00	-1.903444132510052178e+00
nan	-8.755659646791619233e-02	-1.571345844152274296e+00	-4.015876390139366814e-01
nan	1.609360850899049789e+00	-1.383787951823856499e+00	1.048875267409772771e+00
nan	8.695837922876704651e-01	-1.261556980928952409e+00	1.048541310357813394e+00
nan	8.705291644595344325e-01	4.836487533596464661e-01	8.720483438080269822e-01
nan	2.656573144691427579e+00	1.753386064832213487e+00	1.081466282295081016e-01
nan	1.296158729134132992e+00	2.378393816584547960e+00	-1.293392684714656848e+00
nan	9.253789105162694151e-01	1.989428660257170689e+00	7.115950975980496196e-01
nan	3.881341069658111320e-01	4.610258004291762357e-01	1.564331203533575687e+00
nan	-1.427206507435571092e-01	-2.979888478403995844e-01	3.996719387319758177e-02
nan	3.349577692579809307e-01	8.348468624517118020e-01	-2.101536480117428551e-01
nan	1.164649780394590994e+00	7.055427442505869395e-01	1.348466151745512986e+00
nan	6.070070262506220837e-01	9.605464355304822455e-01	1.854878990003175465e+00
nan	7.103890970782171799e-01	2.067922803136271082e+00	3.090017374353737356e-01
nan	2.274476469235883869e+00	4.353740506140927335e-01	1.411842601997371993e+00
nan	2.020444471994842228e-01	8.912715100215389263e-01	1.015236229808784252e+00
nan	-1.189439173434054253e-01	-5.890140869166065052e-01	-2.280547776195499532e-01
nan	-8.627352707108784102e-01	4.138509686858391490e-01	-1.745248215137065850e+00
nan	-3.837003943368604841e-01	-3.765803701425962657e-01	-1.170202942427854831e+00
nan	1.161737665422152566e-01	4.070669014509243899e-01	-5.584090444097500328e-02
nan	8.450108464900060179e-01	4.306384348554994634e-01	6.908050096942189855e-01
nan	-1.840843086101137338e+00	-1.754581541052925853e-01	-4.603904419854937813e-01
nan	-2.665914229582679429e+00	1.056833358600842043e+00	1.862048243067342845e+00
nan	-1.238715104477363216e+00	-1.894083432115833743e+00	1.816431326080922393e+00
nan	-1.708975987958230913e+00	5.440914070014222226e-01	-8.127691080215189157e-01
nan	7.745917753583744236e-01	-1.610160615769768155e-01	-3.714926375874107456e-01
nan	1.684743115932147095e+00	-3.760214830549676313e-01	1.251525069846590066e+00
nan	4.148813898076244566e-01	-2.390069507322040154e-01	-7.026411152654302716e-01
nan	-6.241561098163304067e-01	2.222504073272552616e-01	-1.104159269802366561e+00
nan	2.518880796904733543e+00	3.772464568320203493e-01	7.230553449555023882e-01
nan	1.842358845507019449e+00	2.347985450823236953e+00	4.183748167533749007e-01
nan	1.367302651960165427e+00	2.100541045116801175e+00	6.209659318389904037e-02
nan	6.634989140155266307e-01	1.267796429275396042e+00	-3.609474460586363787e-01
nan	-3.238435016604093164e-01	5.912293354561143355e-01	-2.779512116506687724e-01
nan	1.690117520062294210e+00	5.072614006900102446e-01	-8.462888877581870029e-03
nan	-4.369103893075839684e-01	2.607828951770652548e+00	-1.144776476721056369e-01
nan	6.048956052681497830e-01	5.936277833731410380e-01	-1.306665029065547934e-01
nan	-3.139744758287199566e-01	5.449927733931891893e-02	-3.487985903016109557e+00
nan	-1.861734299129134129e+00	-6.950661081289918330e-01	-6.888944294842753724e-01
nan	-9.950830656549113362e-01	3.504990601510075132e-01	-1.433870633398806493e+00
nan	-2.153502211571381442e-01	-1.153795471507342407e+00	-3.480332942664214890e-01
nan	-2.939921418773191464e-01	8.075563563196361816e-01	-1.644291920176698341e+00
nan	-5.258506583773546739e-01	4.102063221176185381e-01	4.073700372591058105e-01
nan	7.303961649016463831e-01	-7.726280902548897656e-01	1.722100263385548669e-01
nan	-1.392935395100048379e-01	-1.699077401074160942e+00	-4.549819885952881560e-01
nan	-1.563944411961574854e+00	-6.525186366062836196e-01	-4.633492728714026510e-01
nan	-1.491064244426828500e-01	-1.567329018837939625e+00	-1.123419714744361864e+00
nan	-1.264824195734947976e+00	-9.314929112178805815e-01	-1.060748589577867884e+00
nan	-1.647107905678033557e+00	-2.180121780069841364e-01	-1.241967199232544949e+00
nan	-1.191032495554937620e+00	-5.832229141415344875e-01	-5.729478458497908600e-01
nan	-1.264892905681615165e+00	-1.500533714076936365e+00	-3.313078892665681230e-01
nan	-1.414695647901777598e+00	2.229049696521123725e-01	-1.421658125072257306e+00
nan	9.111228096591730274e-01	2.653751917786690284e-01	7.860720789365911454e-01
nan	-4.178607933000110242e-01	2.334399417340939364e-01	1.133343000082044361e+00
nan	-1.211477809666181793e+00	-3.250914385135954543e-01	-1.571194137457933460e+00
nan	5.031639732255028807e-01	-1.227655759977937189e+00	-5.473399408718038206e-01
nan	1.709536964345888810e-01	3.477718938228610002e-01	-2.163453684553257261e+00
nan	2.284523823412677679e+00	3.340498305630958953e-01	-1.464744492557755962e+00
nan	2.685056791021316336e+00	1.569024456176026927e-01	3.207259622992714165e-01
nan	6.830285431113576333e-01	1.350970148191638964e+00	3.165493055430885772e-01
nan	1.374623883211239406e+00	5.373053109620919976e-01	-1.375608958755902833e-01
nan	9.620749043316130233e-01	1.008905922691097690e+00	-4.904856197420838781e-01
nan	1.785687727178289830e+00	1.552244658529897237e+00	-6.869862030845060863e-01
nan	1.542252590452922290e+00	1.061478827390691437e+00	-3.688591069491644059e-01
nan	-4.164862717162444161e-01	-5.307828350984747923e-01	1.692499591720982022e-01
nan	-8.505139222205166938e-01	-1.756722983547890138e+00	-3.128026617543270493e+00
nan	-1.174238461434538250e+00	-1.885565634226571419e+00	-1.642109229156158978e+00
nan	-1.538177786182060025e+00	-3.065262577562229973e-01	-9.902639893998803622e-01
nan	5.291074407629295928e-01	-7.250232431281289358e-01	-9.531398843678368094e-02
nan	-2.185815708256368395e-01	2.967397321979086677e-01	2.206983479555651717e-01
nan	-7.600544464560995972e-02	1.238196411126103014e+00	-1.827992206073353332e+00
nan	-1.775422885688274555e+00	6.275193051430265623e-01	1.972273122285343738e-01
nan	-4.657573788655325897e-01	-1.485715053856596413e+00	-9.549755091151987396e-02
nan	1.813609114899772390e-01	-7.217443647153900521e-01	1.397928517870632437e+00
nan	-1.047745773625956778e+00	-1.707299911723708430e+00	-4.251597209456994264e-01
nan	-1.215975174175395246e+00	-4.992033809662255184e-01	-1.825880319190022472e-01
nan	1.211542133249662978e+00	-2.065399451621793281e-01	-7.833454063308784021e-02
nan	5.928926913368466334e-01	-2.865716395255522575e-01	-1.292227390790683605e+00
nan	2.008951875408331866e-01	1.013922144519269208e+00	7.726143374215672655e-01
nan	-3.772575009726547579e-02	4.071485910617972381e-02	1.790649777428979128e+00
nan	-4.787678694519539313e-01	1.489180472865957006e+00	1.619608375946554268e+00
nan	4.409940698567422213e-01	1.196892575478982979e+00	1.620884269134944544e+00
nan	-3.762621500524158114e-01	1.185951803148270201e-01	2.760175879131954169e-02
nan	-8.862284412166129832e-02	7.188222621525782730e-01	3.512625138543710168e-01
nan	-4.949780876672565388e-01	2.480432615079144198e-01	5.213264078103874155e-01
nan	-8.903531105763434761e-01	-1.123480703306363460e-01	1.425551335827727195e-01
nan	-5.957988145101661415e-01	-8.755019299100363916e-01	-1.176915848656007180e+00
nan	-7.447452034542214605e-01	-3.959574357273654144e-01	2.636449572107650852e-01
nan	-5.489163853081414635e-01	5.972696969888742213e-01	3.572524269283709475e-01
nan	-1.110173294914101438e+00	3.616138916975393247e-01	1.067120260183023861e+00
nan	1.916026322383004021e-01	-8.419297903967620789e-01	2.168034785134292708e+00
nan	1.984504846004307432e-01	-6.767143131291255553e-01	1.308375398622113828e+00
nan	-2.464357022188808921e-01	7.817568796965453926e-01	7.408216264690210551e-01
nan	-4.921151519414910247e-01	-1.238188877186544357e+00	-5.534759878281241274e-01
nan	-8.345521182982348352e-01	1.208123409000996240e-01	-6.270250970034436655e-01
nan	-1.966854177003103110e-01	-1.361642770653089252e-01	1.545233261973281591e+00
nan	-6.402919607167245619e-01	-1.956476787630043068e+00	-1.906263780181827183e-01
nan	-2.075172522938673048e+00	4.334929678060669422e-01	1.117515480449453591e-01
nan	-1.149443060722894483e+00	-8.983396819803074473e-01	-7.660037042175391608e-01
nan	-1.234819312221920651e+00	1.774088053675293430e-03	-7.795900452536675962e-01
nan	-1.403034896283595900e+00	-2.798451913216102316e-01	-5.258230039845011028e-01
nan	9.512285311700827695e-01	1.012391604093896502e+00	-9.302153759314640835e-01
nan	8.570313771922366541e-01	1.708518870856038374e+00	-4.284188328057847439e-02
nan	1.974287230590828113e+00	1.052475388297536618e+00	1.923945397369989152e+00
nan	1.685042240105823819e+00	2.193644909600472870e-01	2.781590762068241851e+00
nan	6.918309533473495643e-01	6.866272451375686758e-01	-4.557329995941817868e-01
nan	-2.443651394052177017e-01	-8.520976875577648268e-01	4.835600144711212911e-01
nan	-4.648782164994603727e-01	-1.641967198165149022e-01	-4.720140790692756716e-01
nan	-6.791862553748917453e-01	1.022187563072083138e+00	1.317136977549129284e+00
nan	-2.581339993497620000e-01	-7.215657254570065904e-01	2.878831600753144038e+00
nan	6.757166366322784334e-01	8.853362876692483230e-01	-3.351056633139793961e-01
nan	-6.364036476857369840e-01	-1.883734088605165891e+00	-3.207517963688922835e-01
nan	-4.765357746448608545e-01	-4.460332000726509039e-01	-1.617740490629146821e+00
nan	3.562936908293274918e-01	-3.617875214960054597e-01	3.297133883330471971e-02
nan	-1.308290626196554118e+00	-4.944668443075406761e-01	2.598517838457867213e-02
nan	-2.750453211574658829e-01	-5.045607305660853026e-01	1.128244471655351355e-02
nan	-2.709811482880639111e-02	-2.978766219474227039e-02	-6.483835242672680854e-03
nan	-6.809686543585283802e-01	-9.425299026191622520e-01	-4.032407214068255419e-01
nan	7.376368183167737458e-01	2.901770807167969313e-03	-2.483185703028415237e+00
nan	5.072638397117410491e-01	1.286546007942008241e-01	-4.578528521908608595e-01
nan	1.529857593543312022e-01	1.873987590916336599e+00	-1.121851367407365352e+00
nan	-1.326271388341894175e-01	2.137928295879624185e-01	-3.234316957971894446e-01
nan	6.202247299229400879e-01	1.133453336163106062e-01	-5.864452678495050142e-01
nan	3.397249783703789605e-01	7.621890308987944174e-01	1.329306235187764917e+00
nan	6.647543876608994484e-01	6.966048150890575830e-01	-1.401089900243244202e-01
nan	-1.034476831230852323e+00	6.326242405149065107e-01	-1.078520551314185782e+00
nan	4.369486823221221394e-01	-1.298339978542782380e-01	-1.548525169317423456e-01
nan	-2.626749131561178618e+00	2.695514248880546138e-01	-3.613003047417154279e-01
nan	-2.150761179016884128e+00	-6.404804626969407000e-01	7.322577600114400509e-01
nan	-4.956136141949630258e-01	-1.848507047331821029e-01	-1.126034700273034872e+00
nan	1.172367587728489147e+00	-4.388328461795881763e-01	3.865157016137448220e-01
nan	1.987472047458632041e+00	-1.248509737281940035e+00	3.680050805810370362e-01
nan	1.559378975750857599e+00	9.717783129485668692e-02	2.992052685756371178e-01
nan	1.399185061153633836e-01	-5.599278312777402622e-01	1.715969871111197698e+00
nan	9.370657440909733182e-01	-3.247631988121177926e-01	2.348588107874193920e+00
nan	6.012095435094937379e-01	1.461982879618216047e-01	1.032930069069362133e+00
nan	6.867014096404348011e-01	1.521758458773739275e-01	-4.724062524712595024e-01
nan	-1.032003834377663631e+00	-2.447022104292863043e-01	-6.786109865493809845e-02
nan	1.227158553260399909e+00	7.512759771067236692e-01	-1.264745677291982506e+00
nan	6.365525969345426915e-01	-1.231171808155084202e+00	3.931911399933633033e-01
nan	-1.499399897491427547e+00	1.654968870717409501e+00	3.574747570840201005e-01
nan	-1.429515298221433195e+00	6.994083161968023266e-01	-1.034190266312577933e-01
nan	-2.017212059401005120e-02	-1.760664480007643640e+00	3.514801083753238409e-01
nan	-7.243011384893729421e-01	-1.426636376825540564e+00	-3.523264830241313872e-01
nan	-3.296558380512786268e+00	-4.776405386423015487e-01	4.295149798887309966e-01
nan	-2.885804194988417670e+00	-1.137704305938253002e+00	-6.001143694674603291e-01
nan	-2.762822532872839520e+00	-1.152553102850132349e+00	-1.044577235834083684e+00
nan	-8.317765417246005821e-01	-2.719925165392468536e+00	-8.780357326490633163e-01
nan	-1.728799936787373870e+00	6.889828417155066109e-01	-2.742748628159119129e+00
nan	-3.647045965741966267e-01	-3.653147628528243818e-01	8.366104817620918510e-01
nan	2.071006028994497594e-01	-9.284987010741654334e-01	5.655863885922252088e-01
nan	3.149810430523927174e-01	-9.614959822953267343e-02	3.961058638737733895e-01
nan	-2.421442541182944885e-01	1.952138422199080958e+00	-1.821153383388676994e-01
nan	-1.919123373650024611e-01	4.055729380486594593e-03	4.837898229179105059e-02
nan	-7.161887799299500035e-01	-4.696685837203833369e-01	-1.191018385821996484e+00
nan	-1.934495626663559620e-01	-2.444724622092983690e+00	-6.758964306540051759e-01
nan	-1.286610088358333126e+00	1.382641873972031421e-01	-3.972433873319088926e-01
nan	-4.002652050218544755e-01	8.403466087907762727e-03	5.653773643615334077e-01
nan	2.333408399314134130e-01	8.265623741607299735e-01	1.648754369921468843e+00
nan	6.185608503757706877e-01	-1.668406014160736528e-01	1.231741921750684199e+00
nan	-1.091635033464126492e+00	5.170103098977878453e-01	2.159562998433244729e+00
nan	-5.672643742039885917e-02	5.264590858403868090e-01	-5.651122196299500633e-01
nan	1.166347215477115284e+00	8.156109329068352842e-01	-1.533594895564286131e-01
nan	4.773738557881430644e-01	7.706286814593406032e-01	-4.939628393395619765e-01
nan	3.666479510125734143e-01	1.581425681861104326e+00	-1.368849198525342314e-01
nan	1.914657204069816654e+00	-7.590733456428351289e-01	-8.473121748425124222e-01
nan	1.658477394959775308e+00	3.512587192107652356e-01	-6.082803892966541781e-01
nan	1.031799691877666625e+00	6.790934586232079129e-01	-2.363949182889159006e-01
nan	-2.525050276770260282e+00	-4.923591811318498435e-01	1.412047010421045190e+00
nan	-7.716909580599529139e-01	-1.193474011314861860e+00	5.650831234975878248e-02
nan	4.536759472169465957e-01	3.971376815089850965e-01	-7.117474236468007698e-02
nan	6.149849177402099132e-01	-1.330140399107687887e+00	8.841197470669366343e-01
nan	-8.032280165486371803e-01	-8.384886142752736582e-01	-1.565809511302550527e+00
nan	-5.999288391257451281e-01	-1.163211964475710181e+00	1.568501000637113618e-01
nan	1.959828631794207077e-01	8.804278559682818805e-01	-1.191042892733368053e+00
nan	-1.158111611777468131e+00	-4.148373246270422143e+00	-4.727069237516217520e-02
nan	4.610639090939017137e-02	-1.162564507971501016e+00	-1.383715117260533978e+00
nan	-2.916457485298820540e+00	2.673049523870178468e-01	-2.127373642019113831e+00
nan	-3.357705119512182090e-01	2.367486027235050638e-01	-1.987504835371747047e+00
nan	2.717887154475623901e-01	5.058558884120489818e-01	-7.793062422596575001e-01
nan	5.249943499088220999e-01	4.107075822337625803e-01	1.480852753023388924e-01
nan	6.523377434296790955e-01	-4.977908636392100461e-01	1.472367930546777615e+00
nan	3.691429838459694412e-01	-6.781466498063668524e-01	1.298632529446431816e-01
nan	1.462422128863683835e+00	-7.062779492504744905e-01	-4.798098080574657587e-01
nan	4.961868901541383048e-01	2.286669371726557376e+00	8.463571189827097108e-01
nan	1.385529404960419209e+00	9.612246770642491889e-01	6.944274714435926255e-01
nan	5.752395653179838142e-01	6.594095473823182729e-01	-7.656393902530593820e-01
nan	5.107142845561938316e-01	-4.464352921924063522e-01	-2.056592703621720752e-01
nan	9.280036608573963841e-01	-7.579792762266013284e-01	2.461625922894377649e-01
nan	2.544598693239386589e-01	-8.710614372478071576e-01	-2.179905092196800176e+00
nan	2.084601814267284858e+00	5.390085266034083666e-01	-4.048342497061674372e-01
nan	-1.548618613458609961e-01	2.281321927627423918e+00	-1.730731663252708247e-02
nan	1.041616306669591818e+00	-4.349753482603220256e-01	2.080656810030831139e+00
nan	1.052018592007588849e+00	-8.424382981489947353e-01	1.317128348880057809e+00
nan	-6.354999432346764010e-01	6.494774068254161037e-01	-1.237865683340872991e+00
nan	-2.367008471617647325e-01	-1.706804888225948169e-01	7.816801297952942207e-01
nan	-1.300692670924483041e+00	1.393097055381018690e+00	2.006405074052105775e+00
nan	2.321727536684350390e+00	1.300177909425137335e+00	1.571705980425938787e+00
nan	-4.196843398022866989e-01	8.096413523391385869e-01	3.800246908957432557e-01
nan	1.434579181775720302e-01	7.719487085317756625e-01	4.948695047804196889e-01
nan	3.662787304044743397e-01	1.542406007216583497e-01	2.921907114880972767e+00
nan	6.622401628988197064e-01	-2.230706388509656746e-01	1.290768965152002679e+00
nan	1.612515167209183753e+00	-9.754217212812708038e-01	-9.421353648136254755e-01
nan	-1.040814148075798862e+00	1.833063951337311259e+00	-4.006679972999644956e-01
nan	-4.052934133094390767e-02	7.334258641999960027e-01	1.569478581861471489e-01
nan	2.419590957496803307e-03	1.459226439361034910e-01	-4.136219371215468787e-01
nan	1.861893343975074222e+00	2.070547645509602241e-01	8.048851679236133094e-01
nan	1.056785736232373596e+00	5.211237624214574149e-01	9.164110995436720586e-01
nan	5.884588747456053204e-01	6.990851734184083677e-02	1.537490327338713714e+00
nan	2.058368992665635111e-01	9.541513344654611872e-02	-4.807987833466437766e-01
nan	1.464767730036089066e+00	2.213191746029998797e+00	5.988811425752887940e-01
nan	1.288483564794289604e+00	1.387216772920272012e+00	7.328357834718823849e-01
nan	1.730872044416536859e+00	-1.311595310820886651e-01	7.558024320750381664e-01
nan	7.689519494353863616e-02	-9.018161149280583544e-01	-1.196349149700959957e+00
nan	1.634929681524387890e+00	-1.417859015919824328e+00	5.774153852717399671e-01
nan	2.266832571280074371e-01	2.197412428863712297e-01	1.034740434707461798e+00
nan	1.494421204491450883e+00	6.245338365973347461e-01	1.597005288103336973e-02
nan	-5.772334403038140715e-01	1.005410222606979431e+00	1.087790299146084605e+00
nan	5.533983718301356269e-01	4.862050719430069945e-01	9.116807575428698129e-02
nan	-1.204915725241704205e+00	-8.856124322307887820e-01	2.239999159756551894e-01
nan	6.333053632522919196e-01	-1.123401636956381511e-01	-8.320575548262689747e-01
nan	1.778017941852593431e+00	8.076531983463314246e-01	3.339633880793267395e-01
nan	2.647705979699085610e+00	1.260522675282100158e+00	4.834294765929079141e-01
nan	1.104142985838240332e+00	6.432258641966207557e-01	1.120093188667301565e+00
nan	1.162478645406802347e+00	9.120713803869331393e-01	3.896419362697245425e-02
nan	-1.492130105374424032e-01	-2.253154643384079892e-01	-4.577988837602320893e-01
nan	-1.321228349023720217e+00	6.956626972821217114e-02	-1.345107162863877326e+00
nan	3.953942226347715305e-01	-1.148639209618679935e+00	-2.358124735084370371e-01
nan	-2.303561051256906911e+00	-1.894222020626671610e-01	2.729611119224341631e-01
nan	-1.914986458553666226e+00	-1.621767074683526655e-01	7.012883123575286426e-01
nan	-8.876687073845305198e-01	-1.145754133575496159e+00	8.696444527398496938e-01
nan	2.543379151278083450e-01	-7.516555317475674958e-01	-6.046733427407751105e-01
nan	-9.851666752328290810e-01	-6.226252405808094803e-01	-1.791315549370433025e-01
nan	-8.347393072453301865e-03	2.458735074523499264e-01	1.277624322809738810e+00
nan	9.067394617321573591e-01	-1.787733867831599044e-01	3.865875363823328970e-02
nan	2.964049074165689968e-01	1.619285066036416199e+00	-2.321945459393532030e+00
nan	1.534112588625637930e+00	-1.276000126376512611e+00	4.199357520399806809e-01
nan	4.403276162962149742e-01	1.698931855824430681e-01	-1.173642380742499214e-01
nan	4.606907872204661913e-01	-1.949192835742305230e-01	9.151193941755099148e-01
nan	-8.163436538772186335e-01	1.886838685212213762e-01	6.883126437857252089e-01
nan	-3.129077502889009432e-01	1.157222003853386250e+00	-3.686477651923886212e-02
nan	1.049712549056870614e+00	7.983733973537692208e-01	6.833497027509707333e-01
nan	4.442971837100769816e-01	4.144537672517684679e-01	3.318040766820032905e-01
nan	8.706853900294480031e-01	-4.894293686341265048e-01	-5.004915438024333252e-01
