nan	2.665777961508065452e+00	1.072854269328353594e+00	3.891444924256440979e-02
nan	-1.664026566100532900e+00	-1.251261071493571908e+00	-1.234872082846393548e-01
nan	-2.110211074175798451e+00	4.901940750143478631e-01	1.396050935723301967e+00
nan	-1.954784486690046563e+00	9.134636035674369436e-01	3.711026290010215889e-01
nan	-1.005129307568192187e+00	-6.744495746270545711e-02	-5.282298055192602426e-02
nan	3.993629632485681813e-01	1.994916259016889626e+00	-7.718376393032810867e-01
nan	1.771104931275462313e-01	3.655984121168143197e-02	5.582490005719265014e-01
nan	-1.385687087082651647e+00	6.311309388300008205e-01	2.060019372850826480e-01
nan	1.110603554982846797e+00	1.414536787772829207e+00	-3.578223549903823963e-01
nan	6.243771424048815133e-01	8.576419502301787512e-01	7.054841428914166990e-01
nan	1.330529876038740511e+00	-3.790425836463786613e-01	2.074123535947690833e+00
nan	-2.019652428014505618e-01	-1.847796404982269491e+00	1.067830266432128861e+00
nan	-8.749970074221719019e-01	-7.017348759741437458e-01	-3.394817437569383478e-01
nan	-9.870727299217625372e-01	1.011627583734965530e+00	-3.542297725177311896e-01
nan	-1.633841323734123385e+00	-1.307470572420860178e-01	2.039048755324465390e+00
nan	5.890628378939146703e-01	1.069079001723696187e-01	1.979989800396239730e+00
nan	1.023092401828262332e+00	3.489433932307525188e-01	-1.651853802593605813e-01
nan	-1.046443146955525538e+00	-2.905864022098559318e-01	5.203447859580428991e-01
nan	-2.037610970753815032e+00	-8.250386364676510764e-01	2.060555567304597879e+00
nan	-1.428601292318288918e+00	-2.345777860906784973e+00	1.136645568000340223e+00
nan	8.385902826805644583e-01	-2.709811027235729419e+00	-7.936316087537098607e-01
nan	2.583887471175363437e-01	4.930565322770915637e-01	-7.698116799273040378e-01
nan	-4.457283087415065959e-01	-1.219012392755920438e+00	1.922307258973987576e-01
nan	-1.840549112002013654e+00	-4.356864230595781651e-01	-6.027469723030116633e-01
nan	-3.073249433346280313e+00	-6.765112567151349010e-01	-2.375332345039089965e+00
nan	-2.060898150693457609e+00	-6.257442191679252197e-02	-6.294637434743917126e-01
nan	-3.631866596920295676e-01	-2.882214752809897362e-02	-2.801382853962486874e-01
nan	-4.805334665434722874e-01	-5.849178127253320536e-01	2.822492922840253993e-01
nan	-4.050156556407061847e-01	-1.453870821799313262e+00	-1.212758411810492598e+00
nan	6.496623764903289855e-01	-5.441130784814068866e-01	2.060628707067808651e-01
nan	-9.569783458963184719e-01	-9.929382758216346305e-01	5.984290390067632526e-01
nan	1.242794093429248958e+00	-7.567103037945963617e-01	-1.313398091108428645e+00
nan	1.732016504499390430e-01	1.177014284178206749e+00	9.963103957810193201e-03
nan	-5.991843386899058377e-01	-1.618425431536308023e+00	3.759538348885105852e-01
nan	-1.501119214900276777e+00	-9.784164015655292257e-01	-8.140896446862833091e-01
nan	-3.492935588045464335e-01	-7.900240113737702075e-01	-1.399289879263873937e+00
nan	-8.597800331533884677e-01	1.893213490250000852e-02	-8.699093254490715132e-01
nan	-1.323970289508180853e+00	1.915995288659153029e-01	1.031426614316456103e+00
nan	3.026555793358988722e-01	-2.214826277840755697e+00	-1.702022079289771339e+00
nan	1.948420972977583432e+00	5.101068277086384661e-02	-9.049043237262688333e-01
nan	-2.255651040895539916e-01	1.154614404654853876e+00	-2.215227835707473392e-01
nan	8.468431769197561909e-01	1.083131795082060034e+00	1.502255482520278851e-01
nan	6.248159724529549486e-01	-2.218995850338655318e-01	1.031808172602354245e+00
nan	9.571546994765274541e-02	1.574101103433898918e-01	-4.695862829967045737e-01
nan	1.545986596194123486e+00	1.545627025627898998e+00	5.005047955270771620e-01
nan	5.181342300769967713e-01	1.001310088807533472e+00	9.893023879457327752e-01
nan	1.082141575719720805e+00	-1.075523688089094376e+00	1.604718845725262799e+00
nan	-1.245220023892874339e+00	1.976861801539215868e+00	1.092283310063712376e+00
nan	-3.674914300952836221e-01	9.332322559263135364e-01	1.035688282027720009e+00
nan	-1.045997774256790802e-01	-2.047906932387440759e-01	1.401851889194846823e+00
nan	2.160484731530763369e+00	-2.813374765729569127e+00	3.938998020209618645e-01
nan	-1.895460888692968027e+00	-6.449634019921453021e-01	-3.567319349625920899e-01
nan	9.275523563479399769e-01	6.694873438313653224e-02	-3.215022714124038394e-01
nan	-4.903915909802957773e-01	-5.818168949182993543e-01	-1.964485514407226630e+00
nan	-2.107106271730586344e-01	-1.846152095320094944e-01	-1.153273385163736009e+00
nan	-5.371418594368018162e-01	1.710285613714553343e-01	-1.846305589400335068e+00
nan	-2.252400918869670310e-01	8.390465711463286624e-02	-5.272976244559804959e-01
nan	-1.632743823824119644e+00	-2.482197212549366316e-01	5.734267850242776854e-01
nan	-1.852541047421738085e+00	-1.370959822975943876e+00	-3.463616774623293093e+00
nan	-1.764086628087240260e+00	-3.240722299841157783e-01	5.667913594084958984e-01
nan	-1.017627680606449259e+00	-9.169690627681039707e-01	-1.583168115521522146e-01
nan	-1.396165407612595555e+00	-1.623953040666804570e+00	-1.082280442258048758e+00
nan	1.121615705528580254e-01	-1.726336201235751044e+00	1.510551932402779407e+00
nan	-9.336100283917609932e-01	-1.033440537257839797e-01	8.314656045887601765e-01
nan	-1.744159268260492279e+00	-1.561143427702776920e-01	-7.568375092850160302e-03
nan	1.164887209740228968e+00	-1.613143571443423241e+00	-7.307226502483188391e-01
nan	-1.064133002468043543e+00	2.805802468953951800e-01	-4.927354911623944567e-01
nan	4.251819024521948376e-01	6.924943932656664192e-01	-1.723281558703750660e+00
nan	1.559307455918538254e+00	7.275865856866573500e-01	-9.388546248746578726e-01
nan	-7.683713956558242408e-01	-3.451515398912983201e-01	-1.697493945789700365e-01
nan	-4.556649675528924859e-01	-5.932233530388786313e-01	2.345626434312499398e-01
nan	-4.591027870681442247e-01	-2.333458093203025552e+00	7.146469144764331372e-01
nan	-3.205726766069647571e-01	-8.647775812387903382e-01	-2.398129761092472056e-01
nan	1.916926205388554960e+00	-1.355539181469012644e-01	1.042654482763789137e+00
nan	-3.067016327443492507e-01	-8.261432687581089507e-01	1.397668108084583638e+00
nan	1.343123769961862002e-01	2.362777884556359620e-01	1.377043846872916921e+00
nan	-5.827610237214335687e-01	2.232751468805238004e-01	3.238604109196129288e-01
nan	-1.580188656174575490e+00	7.228702253711684067e-01	4.123034522856739992e-01
nan	-1.961653043047271394e+00	-9.238578616734867133e-01	-1.646059232321657739e-01
nan	-5.835871488808066498e-01	3.725603262506015367e-01	3.107351491857207049e-01
nan	-8.893182699100736777e-01	-1.079132395990009541e-01	-1.774395363565683947e-01
nan	4.032164824403967618e-01	2.809610720969043518e-01	-1.548401906619482071e-01
nan	7.933767529233601845e-01	-2.161333486407440441e-01	-2.072777768650443164e+00
nan	-3.075665715093610642e-01	1.976662269277419615e+00	-1.126239888786121801e+00
nan	-5.939050441929698554e-01	8.046622244970715876e-01	5.391630091078906117e-01
nan	-7.737214891303558773e-01	1.459354875516427175e+00	-1.554570847508834230e+00
nan	4.202012002254708056e-01	1.065988944411067063e+00	-1.237076129735762420e+00
nan	2.674780669670894451e+00	1.001781991526613513e+00	-6.017319489691019818e-01
nan	2.432978185304737195e-01	1.257019710579559080e+00	1.003326831451345491e+00
nan	-2.925162893778912032e-01	2.086180376620014876e+00	9.431198541101867283e-01
nan	1.970766866988672650e+00	-1.441554206518401715e-01	3.037091731070165057e-01
nan	1.726448064157795281e+00	5.062026444140865777e-02	-9.076751268827067953e-01
nan	8.756645275651803173e-01	3.912958925214247152e-01	-8.546252213111817930e-01
nan	1.619900468423573603e+00	-4.986281379316028772e-01	-2.993640702719588820e-01
nan	-3.925427487155426221e-01	-2.435317137401059595e-01	-1.289883001305898835e+00
nan	2.033542720021504824e+00	-3.252662136447126984e-01	2.683980821920824433e-01
nan	-1.693598356308223529e-04	9.388568166601636289e-01	-7.396627902582665337e-01
nan	5.297627943696417985e-01	-2.254083876195517089e+00	1.425294179292822205e+00
nan	5.433270706709104614e-01	-6.490154464617763352e-01	-1.593770066431098309e+00
nan	5.870454696093359293e-02	9.930256909688361944e-01	4.708636745575431881e-01
nan	3.492951335933215162e+00	-6.683059452048423221e-02	7.632123636877574668e-02
nan	2.066783170545322790e+00	8.086926104670717486e-01	-5.563556919999026462e-01
nan	-4.439575366325079209e-01	3.835268434156408612e-01	-2.634461101543248418e-01
nan	2.084181911252096064e+00	5.084546365788136235e-01	7.012688563907534256e-01
nan	1.633420221184542331e+00	4.340887934896742739e-01	5.653635880476223230e-01
nan	7.111848083571988832e-01	-1.035220327000496710e-01	1.205546514933381053e-02
nan	-6.613002934223762841e-01	7.669429065583623917e-01	-3.484689967163424607e-01
nan	-6.040604675599834383e-01	-6.701752772830702476e-01	-3.911624678004820277e-01
nan	6.977363814241128726e-01	-2.313156883974602174e+00	-2.080838041088889590e+00
nan	-2.347733009145630323e+00	-9.792418358623812269e-01	-1.896912057359319004e+00
nan	-1.085765525529087228e+00	-1.291002948868844591e+00	-4.334365856589977861e-01
nan	-7.437223766297662575e-01	-1.205294680216318914e+00	8.711571967554047058e-01
nan	1.294753170535743791e+00	2.446547039235591470e-01	1.610706258138561831e+00
nan	7.870977756651333923e-01	2.219130962041318877e+00	2.049616876574077651e+00
nan	6.829652254242413179e-01	-1.707917578189251939e-01	1.860624839701918498e+00
nan	1.088942272904343866e+00	2.570339240572977246e+00	9.928142558185720778e-02
nan	7.284640545651466237e-01	1.264520926371921483e+00	4.540737590607969443e-01
nan	1.043097747155897315e+00	6.420118291152867585e-01	2.503657791469900307e+00
nan	1.080605227566429960e+00	1.677811198588050168e+00	1.787558696079358356e+00
nan	1.552466449469768417e+00	3.785479731698327965e-01	3.465742638072735637e+00
nan	-1.498244292322317595e+00	4.356073769530599549e-01	2.098426848646121279e+00
nan	1.021072919262683065e+00	-1.329300678665826130e+00	-4.788488485243777015e-01
nan	-8.590117019372093266e-01	2.702779110975089827e-01	2.375131895813571425e+00
nan	1.177584866977813283e-01	1.370497955109995392e+00	1.373362129395317321e+00
nan	6.593059942692004460e-01	-6.352952788625187974e-02	5.748164619587532442e-01
nan	2.143744584090611915e-01	-6.897908800623435699e-01	3.271891690170657119e-02
nan	6.316169514284073472e-01	-8.829752615953087025e-01	9.570209183897647742e-01
nan	-4.805316991292050144e-01	6.336380016171425655e-01	6.620356829044502511e-01
nan	6.802959273968987031e-01	-2.518749714063092671e-01	-1.738512056865982314e-01
nan	1.151435279739829287e+00	-2.823266668133746493e-01	-1.453125381355604873e+00
nan	-2.476507493504030433e-01	5.660572511400617790e-01	-1.267956864574391052e+00
nan	3.432626006279000941e-01	-1.923070412352687386e+00	1.365643264855238570e+00
nan	-6.404438124783142783e-01	-1.331707579636683403e-01	1.389987727544153839e-01
nan	-7.035900704141466733e-01	1.093583936584479277e+00	2.760162714141515261e-01
nan	-1.910100284290145722e-01	3.110225761412104828e-01	-6.143074601946703073e-01
nan	-1.070888830732357411e+00	-1.071710348227342818e-01	7.775910055367571960e-01
nan	-3.858808728518104969e-01	-1.040160289175155128e+00	-2.218571478762574878e-01
nan	-1.111461507538679783e+00	5.966607208183414279e-01	-1.489127965023499867e+00
nan	-2.317975148389374240e+00	2.488394468978492313e-01	4.061329232672378220e-02
nan	-5.526314134088194940e-02	9.364435940070517939e-01	-1.433264936157268465e+00
nan	5.787692231390462183e-01	1.519126811287299983e+00	7.672141867666822934e-01
nan	1.008398627792445712e+00	2.253413170701490387e+00	-6.426577457950995997e-01
nan	1.559434301304116532e+00	7.085393855010554409e-01	1.508396793288528270e+00
nan	-4.804333666372068157e-01	-2.870409337175410247e-01	1.934708842818784191e-01
nan	-9.007463698414820419e-01	-9.609559213185526749e-01	2.744183001812344203e-01
nan	-1.916403273579978306e+00	-1.921381971698843394e+00	2.419073700851572528e-01
nan	-1.361772118277040589e+00	-1.908469428904056020e+00	1.824582889289911858e-01
nan	-7.561610075278846210e-01	-9.077157547365111157e-01	-1.217114022378255944e+00
nan	-1.976030465883559240e+00	-1.442834672393184192e+00	1.434164065313507042e+00
nan	1.550005644670870986e-02	-8.167511174328916379e-01	-3.857144169621269381e-01
nan	5.127565685251675998e-01	-1.457342614172971285e+00	-6.767953071169330315e-01
nan	-8.563052664898138655e-01	9.963873356651170576e-02	2.171026081501163940e-01
nan	-1.003782602985634487e+00	-3.661765279653349525e-01	-9.059059484576653665e-02
nan	6.101291162471016438e-01	-1.757202830359236856e+00	-9.144790048970111718e-01
nan	2.577314387990816136e-01	-4.676964968858758898e-01	-1.889535416513086652e+00
nan	8.840225685620264895e-02	-3.307113273935459175e-01	-4.824725485284490079e-01
nan	3.274232014959900239e-01	-2.055178742970689698e-03	4.863169551015075198e-01
nan	2.289167222070595809e-01	8.903215721405367544e-01	2.159870973188128818e-01
nan	-1.814585794671866870e+00	-5.015069941969223510e-01	7.331930464554787807e-01
nan	-3.839787241098352455e-01	-1.217442129367490855e+00	-1.456669920898216730e-02
nan	-1.825088973219994304e-01	-1.946927629339788024e-01	-1.773779711195580422e+00
nan	-1.978533970043353518e-01	9.754627494967857970e-01	-6.379933932095152027e-01
nan	-1.156820902437795118e+00	2.339655277264721445e+00	-2.394007531849871584e-01
nan	-2.392059383690680052e-01	-4.682114153616040442e-01	-3.872301046443150652e-01
nan	-6.173527630446860037e-01	1.530770045737701590e+00	-2.046326533532424108e+00
nan	4.813243837141010228e-01	1.188456883351163285e+00	-4.880483551760599337e-01
nan	1.631793532176305739e+00	3.048345608924627470e-01	-1.098546018956152448e+00
nan	3.143267526886117658e-02	8.887883926422819325e-01	-1.059609232400434475e+00
nan	3.863802926571615060e-01	-4.442180471531233521e-01	-1.441130833195869654e+00
nan	-1.064865017009707149e+00	-5.955488998019763391e-01	5.928409072624309939e-01
nan	-1.305066106653394176e-01	-1.404965412307743078e+00	1.848222656811835840e+00
nan	-1.369903526472187494e+00	-1.224871492625937419e-01	-1.222962479832976346e+00
nan	-7.807086276686505677e-01	-1.666847597406559522e+00	9.940349837681331513e-01
nan	-1.891798666826722819e+00	-1.549618211270226809e+00	-2.089773451170744423e+00
nan	-1.019913364834480030e+00	-4.030304639591507643e-01	-6.193723893096482191e-01
nan	-3.512521808985485938e-02	1.085205360544924780e+00	-3.281333110510822326e-01
nan	8.965610054031036835e-02	-1.211823811688196084e+00	-4.639631968357673664e-01
nan	-9.053359593213647916e-01	1.492210376117302673e+00	-7.354648560727099493e-01
nan	-3.774184753395584679e-02	-1.604509312689543554e+00	8.908837076973679103e-01
nan	-6.282396745658797022e-01	-1.015752651724883826e+00	1.211819487615018787e+00
nan	-1.269369810587465341e+00	-6.501222957693262305e-01	2.103474512274682573e-01
nan	2.749776168540929433e-01	-1.705893620083920315e-02	-6.725268906836559535e-02
nan	-1.914333012475624152e+00	6.370362147652084417e-01	2.242664446475597817e+00
nan	-7.390702344734391138e-01	-1.060673069596805185e+00	-1.005827796011934172e+00
nan	-1.542503072834757516e+00	-1.422160850955535905e+00	-1.299999065729946945e+00
nan	-1.347805030515321967e+00	-1.611747073032647748e-01	-5.211916159982789010e-01
nan	-1.118303678704654969e+00	-1.750367004971479234e-01	-9.249310776024759484e-01
nan	5.825602548830808303e-01	-1.120484399617876825e+00	-2.420657902774326076e-01
nan	-1.301743440239802041e+00	3.122052626074231507e-02	2.712399413884086230e-01
nan	5.714898270773111078e-01	6.402615992070070927e-01	6.983127184933456411e-01
nan	3.245066690348011318e-01	-1.586795054717373143e-01	1.825939102994565688e-01
nan	1.337304482317577481e+00	-1.703058623430893648e-01	9.150168331246080755e-02
nan	1.469343918995643428e+00	-4.369186171282103959e-01	-4.427300582047806188e-01
nan	4.761167730055708702e-01	-1.181928772649263770e+00	-1.700586776624969154e+00
nan	9.799884337803183021e-03	-6.871188253150799508e-01	-8.105556135559272013e-01
nan	8.067852482674398029e-01	-1.776165640987098782e-01	-1.286213770099940534e+00
nan	1.011435134940960878e-01	9.751383562052151621e-01	-6.193544160709063551e-01
nan	-7.754109460244847929e-01	1.637358132874322081e+00	3.970393295879450224e-01
nan	1.487691457996211941e-01	6.431745085443647536e-01	-1.117114520241239806e+00
nan	3.113028612379766802e-01	8.489440236900916981e-01	-1.126903382712136192e+00
nan	8.830449192347322729e-01	1.020136166727341420e+00	-1.483273821620266497e-02
nan	9.093154946003415562e-01	7.261651959697160708e-01	-1.260516058830629893e+00
nan	-1.143269204622032742e-02	-2.726158065321660384e+00	8.646367356269514248e-01
nan	-4.552258617224462234e-01	-2.087367182406472566e+00	-8.080435424347274243e-01
nan	-4.269282068699248867e-01	-2.023242451832403255e+00	-2.231731938700817430e+00
nan	3.741498802728082662e-01	1.645050109728175558e-01	-9.220214173562901738e-01
nan	1.766493249700393564e+00	1.038893710893652900e+00	-4.494712349846777810e-01
nan	1.742974384007875521e+00	6.222634896907411894e-01	-1.732312783152005486e-01
nan	3.045148518637671997e-01	-8.587260087059767066e-02	4.686515621176029489e-01
nan	-9.537371892597322764e-01	6.079908743730163545e-01	-1.425902582776382488e+00
nan	-2.060847141855749742e-02	-3.449181751083364444e-01	7.735771268255094979e-01
nan	9.720553847044761664e-01	-1.909686594807501248e+00	1.658964606320642909e+00
nan	-2.606300979730310274e+00	-1.608771685002768903e+00	9.852461053592361795e-01
nan	-1.906407333900125955e+00	-1.385175721590758524e+00	-7.384116895714816498e-02
nan	-1.970691320425340454e+00	-6.765604993916063403e-02	1.617308083841114019e+00
nan	1.421489411413204396e+00	-2.551483123397774833e+00	1.219916023448732956e+00
nan	-1.609327418970799339e+00	1.053876375157348111e+00	-8.673231132428289580e-01
nan	-3.576960347682849317e-01	5.800705177558048709e-01	2.644526260152997854e-01
nan	-1.854029720691982019e-01	3.499309049489365830e-01	-1.756499298674551457e-01
nan	1.203447858877785048e+00	2.093408030534438247e+00	4.048817097316368407e-01
nan	7.547704166355651001e-02	1.570810343605012704e+00	1.454916430837198682e-01
nan	3.436851259230884192e-01	-1.128352174366900051e+00	1.705433544247380251e+00
nan	-4.108163527307971963e-01	-6.615444217400251459e-01	-4.899825304670729631e-02
nan	-1.643165511729726802e+00	4.935958054473623680e-01	-6.294610546925133443e-01
nan	-3.190403599523073397e-01	-5.359389210717878660e-01	-6.510083636103167759e-01
nan	-1.023337235010699231e-01	1.830485610547673891e+00	3.368797983292592946e-01
nan	1.522390193055240815e+00	-1.031826977682940516e+00	1.529771881288290780e+00
nan	-1.018335625652828202e+00	-1.412136860741835420e+00	-5.567600239156893505e-01
nan	5.291030527540685480e-01	1.387149180147875249e-01	-2.563723521606906974e+00
nan	1.792699985333706947e-01	1.011597529840638998e+00	-1.959747951063725679e+00
nan	-9.492082060919859732e-01	-9.917175586962831968e-01	1.079883567885493001e+00
nan	-2.376712293182887681e+00	-1.238540298509944737e+00	1.172101563913219013e-01
nan	-5.657791142469976720e-01	-2.062945973987584392e+00	8.966102654258018001e-01
nan	-2.657533217774209700e+00	-8.530729195205005722e-01	-9.461361840777909871e-02
nan	-1.509358216395291663e+00	3.606821142659140111e-01	3.606267421358758107e-01
nan	-7.348666195238564569e-01	-8.180626653984170993e-01	-2.995789790539736264e-01
nan	-8.761729617322342456e-01	-1.844717745011467680e-01	-2.283313983918109358e-01
nan	-8.421742879646481050e-01	-1.791852626111282154e+00	6.978338154926152503e-01
nan	3.609220070848719875e-01	3.822864403521375465e-02	1.649124061252529860e-01
nan	-7.314572684486762011e-01	-1.357284594367755837e+00	-7.214977045301274039e-01
nan	-5.465256678594601070e-01	4.509355163988363335e-01	-1.043304020924758824e+00
nan	8.570185615534749168e-02	3.140558779856354454e-01	1.898983296765605622e-01
nan	1.852960372119956567e+00	6.349811934601085062e-01	2.718578906542953311e-01
nan	2.435085853466421479e+00	2.389897911813614328e+00	1.165771969069400393e+00
nan	2.333769864545718331e+00	1.090909527634817522e+00	2.315660505559043791e+00
nan	2.208641411576050650e+00	2.258449614888920376e+00	-1.051576102186024153e+00
nan	2.887274753987052467e-01	2.269434182315577253e+00	1.002409238784468748e+00
nan	2.007582791977003289e+00	9.160699248555015384e-02	2.158991463994170079e+00
nan	1.777871301031380691e+00	-9.828833709414108721e-02	1.460425573784330577e+00
nan	-6.881516004069671011e-01	4.157168878742611984e-01	2.014299652648932071e+00
nan	8.133942852980116101e-01	-1.625631558579314850e+00	-1.421358322680631669e+00
nan	-1.211050656262811165e+00	1.415308964226344113e+00	-1.439644043376304694e+00
nan	-1.323605250311004511e+00	-1.107303166577664255e+00	-1.245329211807351122e+00
nan	-7.414072028268290371e-01	-1.477118045001974744e+00	-1.806444101565398697e+00
nan	-4.372111200305885959e-01	-2.766108228224835597e-01	1.564975505777997933e-01
nan	1.728549052938894715e-01	-3.683654853864479217e-01	-1.382113860161476637e+00
nan	-1.327436124928807137e+00	-1.014675880884586601e+00	-6.720400699805115785e-01
nan	-2.051614442175136332e+00	-5.527689274613729609e-01	2.258753658725304314e-01
nan	-9.674852369384467909e-02	-1.955003741561667230e-02	-7.259636246565781548e-01
nan	-3.792590165018194237e-01	-1.387654386467469081e+00	9.947530240814572711e-01
nan	-1.809748446868241434e+00	2.683150302807189025e-01	-2.282421393158339806e-01
nan	-1.632218498958441621e+00	-1.263773709905340326e+00	-2.131612828682041827e-01
nan	-3.337921847832511002e+00	-1.249776570986467217e+00	-1.239420274404932520e+00
nan	-4.001810757058391621e-01	-1.991499104977534351e+00	-1.223303417877124710e+00
nan	-2.108208975054174372e-01	-7.410020871818823185e-01	2.579677800597606208e-01
nan	-1.996564337620564955e-01	8.778349592470493512e-01	-1.768747043386227125e+00
nan	-1.364606792465348439e+00	2.731758509805891411e+00	-8.879032620038640466e-02
nan	-1.045485899793180629e+00	-1.112269988317630798e+00	8.182212310364378460e-02
nan	-2.182587055891324290e+00	9.018593337381171082e-01	1.529956386049736161e-01
nan	-1.213941005974726872e+00	-1.144986840442084430e+00	5.621856828876237167e-01
nan	-7.920709778133079304e-01	-1.802528356827443723e+00	9.478506896503569035e-01
nan	-1.159118111269946461e+00	-1.462614812696169109e-01	4.339208465662850456e-01
nan	-7.292719113573395973e-01	-5.141660872311279995e-01	4.257034428663575287e-01
nan	-2.546284320578239835e-01	8.806029272548316911e-01	-1.124610163271564378e+00
nan	3.018066879934589442e-01	-5.957373395925816828e-01	-1.834765220833568522e-01
nan	-1.504603018309601303e+00	-1.388647877128178942e+00	8.171694745325476239e-01
nan	-1.050577383053616698e+00	-1.070971951865851146e+00	-8.124131977055979448e-01
nan	-1.337750793780295044e+00	-8.321964865427513569e-01	-1.126747903486884805e+00
nan	-4.724574789370886707e-01	-1.039097336095141211e+00	-1.179939026197073026e+00
nan	-4.342543362733497503e-02	-6.618240550397177513e-01	-1.587901667353305291e+00
nan	-6.748752068608973587e-02	7.858992086532665122e-02	-1.380948392335586306e+00
nan	-2.069772262244418126e+00	-2.725401786904052548e-01	-6.622981358763336823e-01
nan	4.613223877637711023e-01	4.669508772276176334e-02	-1.719034912215727351e+00
nan	-1.468533787917710054e+00	3.029065424011744279e-01	5.473302997678843873e-01
nan	1.173845234493564149e+00	-2.034686043078515194e-02	3.119747540177384870e+00
nan	9.788778653614980119e-01	2.199178690520836588e-01	3.002375283127353134e-01
nan	-7.323625092778949242e-01	4.914803120733122199e-01	-1.867773221819254426e+00
nan	-4.993269671057171816e-02	4.180971512269913704e-01	-1.889587592133136207e+00
nan	-1.309517345153443202e+00	-4.159383279277544809e-01	-4.446883819036011598e-01
nan	-1.489001511903933705e+00	-2.442050270576913817e+00	-1.796221608552188487e+00
nan	-2.115478944286268259e+00	-6.683381804444454843e-01	-6.629632604115993644e-01
nan	-1.142263694960392151e+00	-1.219559085190432102e+00	-5.815006988522928300e-01
nan	8.263074213929810785e-01	-1.110730928607279511e+00	-8.083932692185310520e-01
nan	4.455119565455770703e-01	-8.250732363195784069e-01	-4.014077719324269378e-01
nan	2.319284814877947687e-01	-4.368532401729431358e-01	-1.347982578256342046e-01
nan	-8.858532783929941035e-01	1.815288150759640118e+00	-4.110206886199128107e-01
nan	1.253331228935493646e+00	1.225672170094480595e+00	-1.282936128624778682e-02
nan	1.866950932869247293e+00	-2.679720274219449250e-01	1.747851028536076878e+00
nan	2.914454706510805071e-02	1.683090288372676602e+00	-9.035785797568292033e-01
nan	-8.754480567103388733e-01	-1.564161122585934205e-01	-8.832607451194879333e-01
nan	-8.233178885637946198e-01	-1.380213753668792398e+00	-3.393933692230438059e-01
nan	-2.139918304837027385e+00	-8.618594282032888687e-01	-1.243812808978192130e+00
nan	-3.390367751864545864e-01	-1.558699817291324008e+00	-7.258781144340493707e-01
nan	-8.495657815683795855e-01	-3.423083989220609968e-01	-2.694580171582218853e+00
nan	1.299148596182959858e+00	-6.148134408355893088e-02	-3.396061454774453869e-01
nan	1.111681602763232801e+00	1.922053707501094333e-01	-2.441149216586340209e-01
nan	8.362235711012415695e-01	-3.511302520201030619e-01	-1.028625179259199163e+00
nan	7.464010004048617919e-01	-8.985365267714581217e-01	4.622109671615904913e-01
nan	-7.619505368233689402e-02	-4.875812214696296221e-01	5.971803388158714032e-02
nan	-4.966787157233470418e-01	-2.680409557286306255e-02	5.210506126403696703e-03
nan	2.085179402123087111e-01	7.584169629388973211e-02	4.101904154250531342e-01
nan	-7.581836359469076858e-02	-7.460548230736013808e-01	-4.233007027208789408e-01
nan	-6.253573161330849839e-01	8.386377434811614906e-02	-1.212775883939829491e+00
nan	2.866939964333723445e-01	2.397968043001524330e-01	1.820079510605170814e+00
nan	9.730706456094834200e-01	7.330737824125756197e-02	3.714856374353678325e-01
nan	2.500209919128333347e-01	-9.886437736131520326e-02	-2.431116527079564826e-01
nan	8.685242694486188242e-01	-1.042068328801236898e+00	-9.790725128535550104e-01
nan	-3.468997693230186363e-01	1.268952778134558645e+00	-6.826560042040041854e-02
nan	1.059938409216311772e+00	-5.240420031931556366e-01	5.939274114040621333e-02
nan	-2.725853821515359376e-01	9.073042760988399014e-01	-7.718084339319578602e-01
nan	1.930899076219993182e-01	8.456487893672770539e-01	7.768396465609432866e-01
nan	1.498462197631162063e+00	-4.218165329954487452e-02	1.292595510397679615e+00
nan	1.095608227940544355e+00	3.028300076790542139e-01	5.814690495520800084e-01
nan	-2.735603445299504832e-01	1.449716451973726006e+00	-3.936627643166900059e-01
nan	4.758750134987808078e-01	1.139305531922352455e-01	5.133727828226203327e-01
nan	5.837241785761383417e-01	-2.860318889765475214e-01	1.451770646141087751e+00
nan	-7.146517450012048744e-01	-6.565752901525899743e-01	5.013714385787230166e-01
nan	-3.852418847506497435e-01	1.231080378370939865e+00	-5.613198140015181192e-02
nan	4.111179009493405312e-01	7.083627518772852572e-01	2.301859448275528075e-01
nan	5.174585734418829519e-01	-7.466803837495877838e-01	-5.294561870493831313e-01
nan	-7.186179808099185662e-02	-1.614915290374945744e+00	-1.545044898658447241e-01
nan	2.673810451719353942e-01	1.593148422640287665e+00	-4.105964231537158060e-01
nan	-1.253009031508137694e-01	4.520427326326816875e-01	1.194697218085869483e+00
nan	3.189697535141152174e-01	-7.923890555450685547e-01	1.099912746430585786e+00
nan	-6.066103314698496618e-01	-6.575821030467978723e-01	6.430213272751858500e-02
nan	-2.009103979909497628e+00	1.114621780387660799e+00	-8.551592737254851695e-01
nan	1.180375986695144097e-01	1.430363140842850100e+00	-1.239304216860033919e-01
nan	-4.301173626815014694e-01	-1.200736201621459109e+00	3.286466116096732337e-01
nan	-1.147662568604404854e+00	6.034112201772101614e-02	-2.515699059561383066e+00
nan	4.727246908686513205e-01	7.777526571315945825e-01	2.098571194528235040e+00
nan	-8.132459461286156710e-02	2.572458738677878110e+00	-3.636114725047375762e-01
nan	-2.691049496568725941e-01	2.482536056806303182e-01	-1.013497949985192825e+00
nan	2.167122765144094743e+00	-8.819314141984708755e-01	2.778904835814982599e-01
nan	1.887607811883466269e+00	1.069262732332323607e+00	8.980262095675273226e-02
nan	1.433136327567079427e+00	1.850328437213161425e+00	1.559235688946413845e+00
nan	8.223089980052376013e-01	1.407523588596431008e+00	1.308860787979302609e+00
nan	1.462438358669338356e+00	2.284651109757521059e+00	1.633904919883077067e+00
nan	1.534313240631713038e+00	9.403000081561891932e-01	1.406539101417791260e+00
nan	9.968122355671988899e-01	3.502472000858922740e-01	-2.190767745014193801e-01
nan	1.070086354064093914e+00	-1.223363956951045717e-01	8.131154557079008915e-01
nan	1.813864567885755119e-01	-6.883290115877721549e-01	-3.967109669298671260e-02
nan	-1.091070516421217551e+00	6.222532422987074874e-01	-9.559220410801354539e-01
nan	2.488893725919162081e-01	-5.837463273020250254e-01	6.414903660339585922e-01
nan	4.974313243646527605e-01	-1.209989174245603705e-01	-9.038624304509844665e-01
nan	8.902825485942612582e-01	3.248695078952340554e-03	-5.081656201634876524e-02
nan	-1.534863110481919923e-01	-7.427959684545222263e-01	-4.731589845556367080e-01
nan	-1.241488595889330027e+00	-2.071430243196038246e-01	-5.925592340686491877e-02
nan	-1.719991391368352884e-01	-1.376157131318466620e+00	-7.572179367367989911e-02
nan	-5.976898607780201100e-02	2.267316459622859548e-01	-8.450467984149571121e-01
nan	-4.408306196186952963e-01	-8.978158583267838999e-01	-2.636886973750736107e-01
nan	-1.884913095291414598e+00	-4.852748941880613009e-01	-8.410175075628206764e-02
nan	-1.286607883257688822e-01	-1.231493636102610756e-01	1.022608088511498814e-01
nan	-6.364172337489069076e-01	1.231710556558497149e+00	8.628299350615334373e-02
nan	1.217198127622668213e+00	2.324230527722742856e+00	7.642456469813656561e-01
nan	1.971429914285531826e+00	3.571027529535667489e-01	6.448627750113353763e-01
nan	9.944475396864660421e-02	-2.641282753177460751e-01	-4.374608547447097484e-01
nan	1.109728409237407121e+00	-6.370433926763278132e-01	3.046912779225641188e-01
nan	-1.289355011994963274e+00	1.854476829493743317e-01	-5.453061839042473435e-01
nan	1.739646139176416195e+00	-6.346616778326641395e-02	-1.117943103202739596e+00
nan	1.201938730320604165e-01	6.537819758701706174e-01	-1.526296271281704087e-01
nan	5.486110919773629080e-02	1.179633418476669915e+00	-1.244163705770193973e+00
nan	5.131366353684790882e-01	1.146122026617541589e+00	3.367990288867941939e-02
nan	4.115791740909471863e-01	9.574232976583991750e-01	-1.211320944241088826e-01
nan	-9.106515115754848511e-02	8.775376953662128443e-02	6.402593389483822728e-01
nan	1.070468228673475464e+00	3.871262187681133726e-01	2.484442008961077752e-01
nan	-1.020470861526333595e+00	1.609819324189787348e+00	6.398384620945563039e-01
nan	-7.670555971401176176e-01	-1.634326620347462455e+00	2.183966738058940038e+00
nan	6.472819275240968562e-01	-2.839321899381271885e-01	-1.908313809769563996e+00
nan	-4.960883494882796230e-01	1.204453162303057656e+00	1.327764498876292665e-01
nan	1.731813814114150585e+00	8.799335017875777876e-01	1.204463780059166211e+00
nan	6.192680058520485531e-01	2.385714815224554641e+00	1.767550440570941239e+00
nan	1.435395640319162336e+00	8.844031007323300830e-01	2.787430761082213770e+00
nan	1.309088332679909872e+00	-1.002147914784901062e-02	1.085459920267808798e+00
nan	-3.627242852782730509e-01	-1.061431142853183740e+00	-1.292388716148237249e+00
nan	-3.427076425997331310e-01	-4.279448791777153427e-01	-1.595020643517853554e+00
nan	-1.996061688955047764e+00	1.211880464584944139e+00	-6.395812766002922922e-01
nan	-4.101935845230614275e-01	1.262121614722242935e+00	-2.069194987287554244e-01
nan	3.315605573169485565e-01	5.382751060429842305e-01	2.386620141497010295e+00
nan	1.294963536602379062e+00	-7.715388388641911677e-01	6.382460255399016180e-01
nan	3.208570549654146675e-01	3.603915162068007105e-01	1.935197818290100402e+00
nan	3.469977614447931069e-01	3.762423608557008414e-01	1.182551837020132446e+00
nan	1.131963620679899529e+00	-2.420821366805415431e-01	6.605956508537424998e-02
nan	-8.288351716194519714e-02	9.149991493445024382e-01	-1.186411977090275016e+00
nan	-4.241216846249302175e-01	9.327284000092506133e-01	1.957206818595303321e+00
nan	-3.152763961951851046e-01	-5.908863529442753837e-01	1.485840812335902816e+00
nan	-4.215861605706084925e-01	-3.387610808685692643e-02	-1.188174794520646671e-02
nan	-4.766073888715816054e-01	-2.783339894375763679e-03	1.589498721021851191e+00
nan	-2.618081814314277889e+00	6.329525832106078775e-01	7.148942405564817637e-01
nan	3.129320437697715729e-01	-3.128578074883867632e+00	-1.398334203792723773e+00
nan	-1.065012819144319334e+00	-5.805270503896686751e-01	-2.221736730698926188e+00
nan	7.278652221654224874e-01	-1.014425509568683603e+00	-1.073897165730632208e+00
nan	-8.339252705484424544e-01	2.829302697337654493e-01	-1.259123376270446570e+00
nan	8.522812225285086862e-02	-6.653435483277458928e-01	1.317071079521549892e+00
nan	-1.471731534778168315e+00	8.566800925194160143e-01	1.124271378013189659e+00
nan	3.675656925068994108e-01	-5.817353607140602900e-01	9.533946117464016101e-01
nan	-1.729424312059492652e-01	-5.806081129657600925e-01	2.906083414820072042e-01
nan	4.331294358347573259e-02	-2.053040825720511720e+00	-4.992705993860090952e-01
nan	4.138619046075605601e-01	-2.368106649040790934e+00	-2.036739291756584080e-02
nan	-7.931694274028047165e-01	-1.218586819713439517e+00	3.477255133940171383e-02
nan	-1.760228033992114471e-01	9.619095930697497687e-01	2.475355522068017899e-01
nan	1.318157035051902515e+00	-2.272614574136827548e-01	3.199446167580858313e-01
nan	-6.124686615443571958e-01	1.748696451730716639e+00	-6.939736105447034953e-02
nan	-3.074353262019006161e-01	9.378854965136131927e-01	-2.249034044607588489e-01
nan	1.751331231645737452e-01	4.816721402419473774e-01	-1.627386909982714014e-01
nan	2.288595767176046181e+00	-1.140748185250097579e+00	-1.397623087378594975e-01
nan	8.275163201556867687e-02	6.673589922520772877e-02	-2.566425591329964950e-01
nan	-1.788957223533224949e+00	-3.414481858069167153e-01	1.497811942407547003e-01
nan	1.311599442884494593e-01	-9.281863027310485181e-01	1.161074252086259806e+00
nan	-1.384639560784547641e+00	1.812908426150114938e-01	-3.014754144029463401e-01
nan	-1.435912769774010167e+00	-2.499579990845672284e-01	-7.274543280640460852e-01
nan	8.948640703872322577e-01	1.105202890361786094e-01	-8.793553562378926269e-01
nan	4.911272056623442461e-01	4.804347114791829298e-01	-1.238492772695686472e+00
nan	3.109608618156509685e-01	1.131675609372913005e+00	-2.128594705598475301e+00
nan	1.542449329699144611e+00	8.770290456970981641e-01	-4.032297482767933650e-01
nan	1.330470107129997803e+00	1.779336448094487544e+00	3.706039530009765381e-01
nan	1.355474615637050073e+00	9.491026276320414512e-01	9.059601059989581540e-01
nan	6.909580175026395210e-01	2.652831765508785189e-01	1.285425107613225926e+00
nan	1.980071567377589048e+00	6.949694245401427661e-02	6.322353700301364121e-01
nan	2.579762422870716665e-01	1.223745597638036031e+00	-4.399812260226037552e-01
nan	6.127739798450988484e-01	6.010928731871250097e-01	-2.468609696469191039e+00
nan	-1.438419361193393753e-01	-2.340345390551976212e+00	-1.993490936931527902e+00
nan	-5.991306193841600125e-01	-1.765475320801103365e+00	-1.774314663766999089e+00
nan	-1.717583097146187177e+00	-9.171969248945766040e-02	-7.814304943279135607e-01
nan	-9.855013483419239328e-01	-5.716142971952944407e-01	1.165359000792312916e+00
nan	-1.964199683152616949e+00	2.865956492621796747e-01	-1.137333788800088064e+00
nan	-2.725754837590922630e+00	2.332929219856794134e-02	-4.262097113124384551e-01
nan	8.692600599418354168e-01	8.383178636322012878e-01	-9.538688586516836931e-01
nan	9.525579922376903319e-03	1.929440468320450019e+00	-4.319901929841586385e-01
nan	1.931145365292941118e+00	-5.154345644284498151e-01	9.844973800862606428e-01
nan	1.267139815906129785e+00	5.874208901745614497e-02	-2.730004431807843690e-01
nan	2.462532350527063763e+00	-3.970284208472030230e-01	-1.884619987881460679e+00
nan	-8.258352697561949229e-01	9.749417120214172172e-01	-5.707259749183224429e-02
nan	-1.348135628050079193e-01	-8.458788561003753870e-01	-9.972584843727505532e-01
nan	-2.053162887831926353e-01	3.130368185187425989e-01	-1.456068362848526920e+00
nan	1.791550366444145670e+00	-1.104117599543536915e-01	-1.890889677199093288e+00
nan	1.003898193532885452e+00	3.837675765908681313e-01	-1.123848286622505799e-01
nan	1.495533375043045510e-02	1.679693540669171536e+00	1.188090583544685330e-01
nan	4.509396097462168296e-01	-5.009418691752287600e-02	6.330144312828378528e-02
nan	-4.781627161703003726e-01	-1.534292306087961411e+00	9.900942142526580891e-01
nan	9.876450165194081698e-01	-1.451930568342387762e-01	-3.310823858024753430e-01
nan	1.156186723712567810e+00	-4.052400158423297150e-01	-2.267911278221055760e+00
nan	7.109095357196477671e-01	1.081673469069000637e+00	3.798263141264198728e-01
nan	1.823975924954220340e-01	-1.764217354539944438e+00	-1.584940008737416028e-01
nan	-1.855374247683537536e+00	-1.993890417808325655e+00	-1.206453103595519494e+00
nan	9.188634055129374367e-02	-9.676191789356843875e-01	6.230029744923654134e-01
nan	-1.173796617562400946e-01	-4.734069574456550855e-01	-5.812515692607566065e-01
nan	5.265132110909745977e-01	-6.592610757816192990e-01	3.443334166935099194e-01
nan	-1.134485799896170377e+00	7.804653764620814727e-01	-6.176592213303427892e-01
nan	-1.636866630598933670e+00	-8.552454994092435481e-01	1.249284805587513869e+00
nan	-1.855958282471024567e+00	-2.367033688960479276e-01	-4.149906942825945522e-01
nan	2.270963712627107611e-01	4.834943107401545870e-02	-9.013853760072062515e-01
nan	1.189254907498654479e+00	-3.937354702650660010e-01	-1.950930793821369358e+00
nan	1.591619952712119979e-02	-3.883942291332796448e-01	-2.558905045761739050e-02
nan	-2.169492774292889892e-01	-5.394449221004656847e-01	1.086444204671265235e+00
nan	-2.547867141031557203e+00	-1.799757639901277795e+00	2.224548914062078886e+00
nan	-3.242259521483236151e-01	-1.945642500061218749e+00	2.582118131068348310e-01
nan	-7.003510194926778620e-01	-9.194902374545690371e-01	-1.488621320895202826e+00
nan	-4.391619668449330827e-01	-5.012337034393045121e-01	3.971154917235149018e-01
nan	7.586565423572988465e-01	7.187980388023647027e-01	1.641302663646255322e+00
nan	4.844728726194171275e-01	-2.001759760335408700e+00	2.769337976266927903e-02
nan	-8.551647906138232225e-01	-1.066071683991065333e+00	8.628420178827744813e-02
nan	5.033653284885705181e-01	-1.842738740566836952e+00	-1.338291370024742966e+00
nan	-8.425310558121251736e-01	-1.848123868001267267e+00	-1.227257616953637553e-01
nan	-2.910972547006364319e+00	3.790536970751915424e-01	8.879105311567823122e-01
nan	-2.831057115904331289e-01	-4.476629707221760346e-01	1.754448446056095512e-01
nan	-1.091334011708418039e+00	-8.286285380295113079e-01	7.588870987095523990e-01
nan	-1.396557357126767762e+00	-1.065528099274028806e+00	-9.781621708671446314e-01
nan	-9.390020841473694091e-01	-8.390747566464941132e-01	-2.017938446374068384e+00
nan	2.321004331018039490e-01	-3.322480762455343739e-01	4.830145169550982276e-01
nan	1.052112471778680725e+00	-1.190649811734816987e+00	1.921994812349355278e-02
nan	5.402979645720411561e-01	5.027448897520767762e-02	-4.352628693777299551e-01
nan	-8.238939426462994486e-01	-6.033000471673692910e-01	-1.323876354951142309e+00
nan	-7.769786860969956077e-01	-1.955935040003967673e-01	-2.101467165600610532e+00
nan	-7.724453118635590254e-01	-1.142059566426639972e+00	-5.392937090087333019e-01
nan	-1.109949937916059781e+00	-2.556588150931913717e+00	8.554954520560464903e-01
nan	-1.447719670208394760e+00	-4.810143281206812338e-01	-8.807111197872364849e-01
nan	-1.770170029228300024e+00	-6.302951459813710411e-01	7.913134267671875222e-01
nan	-1.209263965524028928e+00	-1.315498924018193572e+00	6.940166239842344709e-01
nan	-1.082239157945238839e+00	-8.007868578893129197e-03	5.174812145339225955e-01
nan	3.914309841640681853e-01	-1.250482061356354979e+00	3.025749469918516676e-01
nan	-2.268079836829379192e-01	6.763703871929960254e-01	-3.409127931656643073e-01
nan	1.153354552293809621e-01	1.023002009097858211e+00	-6.002003819522457873e-01
nan	8.322284839163347492e-01	8.473380118514772796e-01	2.012318650514259288e-01
nan	2.014786121258893115e+00	-1.205205860409136243e+00	5.868380039198611842e-01
nan	7.063665985443228212e-01	6.005275289228814151e-01	-6.039054994218557848e-01
nan	-2.346822139915928918e-01	1.176699166965107235e+00	4.661444511872023244e-01
nan	7.901521411523726446e-01	7.341361840527989013e-01	6.532912353749028567e-01
nan	3.407874969275870303e-01	1.604153518493692365e+00	5.346907021460693965e-01
nan	-4.154151329552002725e-01	2.573319920099276237e-01	2.234151263493422412e+00
nan	1.246686637879794946e+00	5.504157862566181336e-01	6.722612743902600663e-02
nan	-1.986521138124789365e-01	-1.122832876531167035e+00	-1.165598225215916273e+00
nan	1.465915678164876113e+00	2.188156175639336953e-01	1.163471528363981822e+00
nan	1.698772478476358039e+00	-1.911485600351744196e+00	2.052779672128783872e+00
nan	-1.029987116412989678e+00	-2.098519902634817802e-01	-9.661723209287496061e-01
nan	-2.139230633557210659e+00	3.904565464593248159e-01	1.492528399226098257e+00
nan	-1.012621461711279647e+00	7.797081926393845119e-02	1.146947319473823779e+00
nan	-1.332970079131090335e+00	-1.413307468689853907e-01	-1.300155285771228852e+00
nan	8.255630665812221380e-01	3.610156933499605869e-01	-3.059462753654299760e+00
nan	-7.361253236132649924e-01	-1.496808539669265414e+00	-5.315332685931615231e-01
nan	-9.486635574977544394e-01	-1.184663625887346416e+00	-2.469041233804133650e+00
nan	-1.542313431361271858e-01	-3.004429462699107489e-01	9.914845783233059429e-01
nan	-1.094377494032889198e+00	-2.580135668181367858e+00	3.296265245229170748e-01
nan	-3.248055583835657956e+00	-1.196178683436621037e+00	-5.366555618955589635e-01
nan	-1.240752358237223518e+00	-9.197133320069628137e-01	1.284574615721706836e+00
nan	-1.289277297876542105e-01	-3.789296988522904419e-01	-2.642100764853871353e-01
nan	1.140848310914877484e+00	1.068639973718528591e+00	-7.158876123551820569e-01
nan	6.053478753597475448e-01	2.872490484068199734e+00	1.509872610148580208e+00
nan	1.729580874582598238e+00	1.269095871264305897e+00	1.408212259273122768e+00
nan	1.683434591331090413e+00	1.176003631360164503e+00	-4.832893610565235365e-01
nan	2.246710840485286909e+00	1.495144602067310036e+00	2.157373147764334587e-01
nan	1.508850459111243714e+00	4.109163546214535945e-01	9.683392206870122809e-01
nan	-1.033870334136550273e+00	1.425019158806248853e+00	1.196972856921736827e+00
nan	2.809543476108048443e-01	8.809442675089590447e-01	1.341412305630704793e-01
nan	2.282395184650102549e-01	1.617587375592655974e+00	-1.156626101709158361e+00
nan	2.303957621673651257e+00	2.236102415982761937e-01	-5.856470594172199506e-01
nan	1.900169770125229141e+00	2.202607594309393235e+00	-1.553974088983673063e+00
nan	7.427149821708121102e-01	1.060342331241254987e+00	2.415830985472018633e-01
nan	4.414799698703520958e-01	1.580089033450536196e+00	7.988832470612381442e-01
nan	-8.640954821541155795e-01	-1.370581699437542156e+00	1.080984789062446882e+00
nan	-1.946671844233904825e+00	-3.118151496552594715e-01	-4.875459187700020847e-01
nan	4.936249176729531341e-01	-9.922024862968328307e-01	-6.316147171603181398e-01
nan	9.354674156800175666e-01	2.676499927665923817e+00	-1.334754796633855767e-01
nan	2.570077398648118461e+00	1.895103604938710440e-01	1.527794727146803977e-01
nan	-1.308035117328551600e+00	-4.260427415487963998e-01	-7.535736790641819338e-01
nan	-2.594983214697592633e+00	-7.087002833220129583e-01	-7.375448911803808016e-01
nan	-3.070802309562494781e+00	-8.436155057077114883e-01	-7.914813458965659354e-01
nan	-1.151100816155494755e-01	-6.219945031746330066e-01	-4.968279278941645227e-02
nan	1.703148416302475154e-01	-9.701106247886071010e-01	-7.546680060902399845e-02
nan	6.847062989582131110e-01	5.182642124438571751e-02	-2.295904090669086184e+00
nan	5.262852889731295392e-01	-3.280694056567997619e-01	-1.300017532946676102e+00
nan	-6.415321287233703984e-01	-1.803737797251172836e-01	-8.408261692081565597e-01
nan	1.066745065027900452e+00	-8.865814575551920207e-01	-3.913026512481231900e-01
nan	-7.325357312048070835e-01	4.325543559293867912e-01	9.647408876078372719e-02
nan	1.897921902866642530e+00	-1.001918674562469525e+00	-6.117603992217951481e-01
nan	5.309049754493826434e-01	2.124018601156415720e+00	-1.447969450543528991e+00
nan	5.555273227079164933e-01	1.090056692618074585e+00	1.103540358862391546e+00
nan	-5.068515931908490479e-03	2.039686462925421662e+00	1.247401218572226522e+00
nan	1.496404337962274456e+00	9.549422719095499446e-01	-1.046572021351798165e-01
nan	4.886720429248177511e-01	-4.937990844984034844e-01	-1.416128298419037757e+00
nan	6.641993890488175900e-01	7.788431958925485787e-01	5.867049273500013484e-03
nan	4.535766766767825864e-01	4.848885122052553065e-01	-2.082790865527022472e-01
nan	-2.301155948564909126e-02	2.754325431838216542e-01	-2.434153919731834592e-01
nan	5.064560811489851044e-01	1.514819392271993026e+00	-9.686927688954672933e-01
nan	-3.688231966506386739e-01	1.985213797065854546e-02	-7.126321264647259568e-01
nan	3.142004753859620747e-01	2.700405599788273103e-01	1.568331572474208069e-01
nan	2.765216749700615928e+00	-6.883834855527961594e-01	-9.700900243464583017e-01
nan	1.752081600510448034e+00	1.403695510292706672e+00	1.282932445981956882e+00
nan	1.380299703144820533e+00	1.103931879831208551e+00	9.309651795476303615e-01
nan	1.536392491483171696e+00	8.290917536990776160e-01	2.175790330887051205e+00
nan	-7.757181657528726682e-01	-3.656546670742137906e-01	5.826715625520786368e-01
nan	-1.626013244563999427e+00	-2.361512180334524036e-02	-1.247065552535417510e+00
nan	-3.573263672978027050e-01	-1.161761206979124994e+00	1.425660680129678393e-01
nan	-2.259644470532679250e+00	5.123849398094848517e-03	7.420211421400360052e-01
nan	-3.777922692132491544e-01	-9.658436449070547658e-01	-1.143561686148394929e-02
nan	-1.293726810707009012e+00	-8.151932458858953678e-01	-1.202316609652114954e+00
nan	-6.576603799380680293e-01	-1.155906929223886159e+00	2.062005681452646622e-01
nan	-5.443021307683243437e-02	3.016162132041992905e-01	-1.701303666530809888e+00
nan	-1.154143955126708310e+00	1.118056683436298604e+00	-1.739379815986975331e+00
nan	2.461641057815048272e-01	5.978391687898354512e-01	-8.889341959825689532e-01
nan	5.326971129454378673e-01	-4.509674269580281614e-01	-2.756050374118470536e-01
nan	-6.511876050695241114e-01	-2.376633804428902041e-01	-6.157103652418957074e-01
nan	-8.215125972418693134e-01	-1.429198054566720888e+00	-1.335245717069630800e+00
nan	-4.186564759819032533e-01	1.134709006400442810e+00	-8.922962744031036619e-01
nan	3.499133960342781791e-02	-4.252575088694293681e-01	-1.051220021316739306e+00
nan	-4.531359439827258306e-01	-5.804874172684811873e-01	-9.246619345523894307e-01
nan	-2.446635390551870071e+00	-5.131311327138983192e-01	-5.066096766495943315e-01
nan	-1.907558484898264295e+00	-9.606176897623782684e-01	-1.659337308292948121e+00
nan	-2.632951683914083851e+00	-9.292773276899070067e-01	1.000793514894837255e+00
nan	-1.834963724360946902e+00	-8.763797341253264372e-01	-6.215918389442263159e-01
nan	-8.051075543514897292e-01	-5.561008955983672841e-01	-1.737101108395027738e-01
nan	-2.942762061670798901e-01	-8.735692648557491502e-01	-5.869236715310881536e-01
nan	-7.021774575161592313e-01	-2.251753489926661134e-02	-2.956558534749170186e-01
nan	-1.103783136829152411e+00	4.183603480460388324e-01	-1.415701490603930468e+00
nan	-1.003477041110155898e+00	-1.364305553513670555e+00	-4.568099099059960144e-01
nan	5.296092957633977694e-01	-1.250074064913751393e+00	4.349365975638075366e-01
nan	-1.163751854976137645e+00	-1.004236814383137055e+00	-1.123247998827723304e+00
nan	-1.433636569424197260e+00	-6.605892459506117476e-01	-2.399625602964698068e+00
nan	-5.366198897069902607e-01	-2.384259783752040729e-01	-2.308489145056334957e-01
nan	-6.051409661744365787e-01	-9.526700025966672314e-03	1.145418103330197557e+00
nan	-7.854226547961808969e-01	-1.239474518045348139e+00	6.933422222420395631e-01
nan	-1.229662871866536444e-01	-5.333505878463706829e-02	1.759964528604897716e+00
nan	1.968233399281442475e+00	9.591510819298977308e-01	1.015406122640401421e+00
nan	1.096601204626959314e+00	-1.426296001809133074e-01	-7.744306755218599569e-02
nan	3.296524251363261993e-01	2.274835834903793597e+00	-1.126982014787796804e-01
nan	-2.118271215323164203e-01	6.363235562406268642e-01	7.020549137343761181e-01
nan	-1.605412579397968442e-01	-1.012315693960669449e+00	-1.300473610164202820e-01
nan	-7.748885753497558593e-01	2.521086659136306252e-01	-1.140129839075322005e-01
nan	-2.097536473912414046e+00	-1.166103169873580758e-02	-6.989281994286892230e-01
nan	1.947596994343765431e-01	1.822669631981547411e+00	4.617602782837040287e-01
nan	2.432250289640974228e-01	4.846157699320191581e-01	1.883853630060222439e+00
nan	-1.230288873103504654e+00	1.413048930944527104e-01	1.522400308834102933e+00
nan	1.168387662973808805e-01	1.364674918508745338e-01	1.531913552174684501e+00
nan	1.100098483447367048e+00	-1.685370154952564592e-01	3.570928410737853831e+00
nan	-9.380101689375786034e-01	1.304251047710916156e+00	1.574093192504267602e+00
nan	5.274404656721415341e-01	1.505084760904994878e+00	3.445301299565699527e-01
nan	4.881184320322254910e-01	1.193856851938889463e+00	1.138230289838607190e+00
nan	1.265159084784031496e+00	-5.886755478697132116e-01	1.253913865877149814e-01
nan	5.424214033269597612e-01	6.240853849884921978e-01	-9.302506246345150498e-02
nan	-2.698173146924850441e-01	2.089788649508231178e+00	1.225315195694234749e+00
nan	1.077536122090678505e+00	-1.060590750096911394e-01	1.847013447080848358e+00
nan	5.470545469386940418e-01	2.419891690167343679e-01	-4.421142009277209128e-01
nan	-1.909569249331248386e+00	6.053038567839742479e-01	6.928412924773666992e-01
nan	-7.051497326311164660e-01	-2.353863165718823591e-01	6.537189887705185942e-01
nan	-8.414702483865069138e-02	-1.724432514866579114e+00	1.172951195813038083e+00
nan	-3.419227036463875491e-01	-1.125158498460348211e+00	-1.237474330253942600e+00
nan	-7.330451035203461307e-02	1.470691584352197490e+00	-1.370463978550659156e+00
nan	1.654283857867319796e+00	1.174971460101108089e+00	-2.274645686753363538e+00
nan	1.311281935193107540e+00	-1.068929951750341445e-03	-1.567543160490958654e+00
nan	1.257267576822277411e-01	1.222148606786709113e+00	-4.533552332770968141e-02
nan	8.798725407639789164e-01	-9.876513055750985037e-01	-3.809715233965495496e-01
nan	-4.420124502939397071e-01	-7.033066301022689037e-02	-3.037172227651897538e-01
nan	1.412913627317088583e+00	-1.138728933417515465e+00	-1.801270972688757965e-01
nan	5.784533070750800254e-01	-1.563038171015019850e+00	1.146761872699795015e+00
nan	-8.891693040606141185e-01	-3.134785908830542422e-01	9.670437802345170919e-01
nan	-9.005083946120016059e-01	1.334409636668174359e+00	-1.606005433925435100e-01
nan	1.080253870376358671e+00	1.916037642317313550e+00	9.416571936507291962e-01
nan	9.723436510437133418e-01	-3.585203854332629225e-01	-2.891577325843129875e-01
nan	1.195424054718392082e+00	3.319814954598789281e-01	-1.542789934640007576e+00
nan	7.382188111197075520e-01	-2.599463415309422043e-01	-1.106638259990397222e+00
nan	-1.360085836449280272e+00	5.797999581556664839e-02	5.080313518898501579e-01
nan	-7.063403315225088575e-01	-2.486477464355766054e-01	5.447541212188468096e-01
nan	-2.239374658355803016e-01	-2.244605069114860296e-01	6.603366543869020333e-01
nan	-7.795295000196194035e-01	1.267872755214714431e+00	-1.575114543937502942e+00
nan	7.814739509243028293e-01	3.643057315251327366e-01	-2.087949364333698266e-01
nan	4.529685421044020721e-01	1.105783117968736073e+00	1.119209646649027778e+00
nan	4.476756978237368956e-01	7.229380069344443216e-01	5.605516906621140771e-01
nan	-1.671940111104566751e-01	-9.392201969494391456e-01	-2.751830697907710621e-01
nan	-9.118599546965502345e-01	2.787607392399125694e-01	-1.582335698266642998e+00
nan	-7.326172310093211903e-01	-8.678827278143901036e-02	8.837840848761707724e-02
nan	-3.752765483428048832e-01	-1.671024443789763891e+00	-6.222026029833501726e-01
nan	9.815204060357742843e-01	-9.249719519905664766e-01	-5.951334240079458882e-01
nan	-1.176086120823762071e+00	5.107577546109850486e-01	-4.171109433952716050e-01
nan	8.745631833426628088e-01	8.425238755429502735e-01	1.669515745771578574e+00
nan	1.715084439313105391e-01	1.608720462227196002e+00	1.031389684767990644e+00
nan	-4.241289961880055914e-01	4.221868102328794059e-01	1.243043219464027072e+00
nan	3.484130763305423040e-01	2.376508099227779003e-01	-4.997184047951849784e-01
nan	-6.491565266606258433e-01	-5.850352615096239273e-01	1.231080646240918730e+00
nan	-1.256730214775753973e+00	5.500690944335393517e-01	-7.266340907549044825e-01
nan	-2.317536638621663592e+00	2.237892368325581638e-01	1.234727198410686455e+00
nan	1.039269495318520420e+00	-7.644448423298377815e-01	8.092427405743161106e-01
nan	-1.309126974667229604e+00	4.359823621207089550e-01	3.001694279158448331e-01
nan	-5.750511026538694948e-01	-5.461619969734834434e-01	-1.677908190788014731e-01
nan	2.101792340795639813e+00	-5.645928787994265452e-01	-4.598835991156263736e-02
nan	6.126768629780577902e-01	-2.816117878415486109e-02	-2.381862257609643763e-01
nan	5.647086190294583474e-01	4.073470958635280748e-02	-2.192798099429610570e+00
nan	7.405646847586698778e-01	3.018068785767890061e-01	-1.559909521500337348e+00
nan	-5.281527040246314364e-01	2.037443188258025173e-01	1.985384939978572794e-01
nan	1.541684776473393192e-01	-5.016633393069569458e-01	1.581936459968731779e+00
nan	-1.212430836113849164e+00	-3.388962845033641758e-01	-1.457478440460861613e+00
nan	-2.394633432816577479e-01	-1.945072499730036819e+00	-2.876224042120808733e+00
nan	1.726614003357381799e-01	-4.775770453788332759e-01	-2.066569104512720578e+00
nan	2.385797706659814832e+00	9.986577226689479225e-01	-1.336287058039800524e+00
nan	4.568713788338976123e-01	1.205052832606739566e+00	9.639944011374210753e-01
nan	7.781434394157107359e-01	-6.905999777975243559e-01	1.563372197301261979e+00
nan	-6.908290540334005581e-01	-5.032768727924614716e-01	6.366028656431030885e-01
nan	7.641993147145742515e-01	1.372351264466594722e-01	3.712177881301338411e-01
nan	3.500291119151442976e-01	1.371285599796119081e+00	-5.507697908309997503e-01
nan	-8.963462800391653884e-01	7.794990967739484633e-01	-1.476509430826381253e-01
nan	4.356360998139211516e-01	2.443459910976511495e-01	1.396411709833842663e+00
nan	1.466059130318039472e+00	3.555441825628831709e-01	-1.258406759471940584e+00
nan	-3.237084336302684662e-01	1.912612090102091100e+00	-2.702429327912788004e+00
nan	4.516666160488188586e-01	1.348223467862856406e+00	1.191397748874610141e+00
nan	-1.131361745096152838e+00	3.573606484046136789e-01	-3.762933513093214000e-02
nan	-2.457222687469929889e-01	9.698246829881954079e-02	1.590961990327590447e+00
nan	7.697080252648542675e-01	6.804930680000746968e-01	6.463744646405272798e-01
nan	5.066872530347763526e-01	-6.750889566835922562e-01	-9.565306876147017245e-01
nan	5.315356393642041155e-01	-4.524308023600072670e-01	-7.366987196332960286e-01
nan	-7.724844722337779190e-01	1.653786771058495697e+00	6.378111811831064237e-01
nan	1.551133844754993829e-01	-9.183274265388474689e-01	1.878812650717726962e+00
nan	-1.253704106998598578e+00	-8.616639563947030567e-01	5.193185173138112898e-01
nan	-5.213627005925729474e-01	-8.562521142614853975e-02	-3.015937641896936916e-01
nan	-3.133400401096515520e-01	9.745909519903325768e-02	-1.638022130247745123e+00
nan	-7.946614068485158278e-01	2.342921358968569900e-01	1.383395129558267156e+00
nan	1.284803676745782441e+00	8.193123280592208291e-01	-2.418049444570592454e-01
nan	5.083738323308317764e-02	4.462295333684219711e-01	5.167173005645082917e-02
nan	-1.078968490530944235e+00	1.534431353339710924e+00	-1.084368699816853576e+00
nan	-1.508581836705683854e-01	-2.750333782400623539e-01	-4.350839279721215869e-01
nan	-1.014145266295267023e+00	-9.061761613069054810e-01	-1.863820574097288518e-02
nan	-1.304534167838600656e+00	6.042083996109659516e-02	3.645371356315365019e-01
nan	4.791586075581404369e-01	-3.081071106340883325e+00	1.267445470597132084e+00
nan	-3.048669401810921720e-03	2.808743152154036249e-01	-5.896843521243239072e-01
nan	9.743449534018413516e-01	2.406003270566383634e+00	-1.455478747286221841e+00
nan	2.072389584669566354e+00	1.913273392839877740e+00	1.912621941500598943e+00
nan	2.155847025811431728e+00	3.737041180118522155e-01	1.085467941267035386e-01
nan	7.806518893255516289e-01	2.937443918508600316e+00	-7.046326913148468485e-01
nan	1.278380664714079629e+00	1.174865045380047102e+00	1.121062151560491493e+00
nan	1.561956724626432536e+00	3.769529257783794107e-01	7.019184745707218731e-01
nan	3.541559000681263059e-01	3.353448894244496215e-01	7.984767374220760328e-01
nan	-4.365412422618591970e-02	-7.250633780623436664e-01	-5.728023604437757488e-01
nan	-5.193436400630585537e-01	4.906371271808802614e-01	3.191988775981779436e-01
nan	7.513797086387864754e-02	-3.950201601380839422e-01	-6.771605288757498453e-01
nan	6.597758185839992795e-02	-5.556874947547700838e-01	1.263895635857123390e+00
nan	2.395492022956653144e-01	1.224700154602996749e+00	7.384710068666461291e-01
nan	1.837941704750852612e+00	-2.827776607267791786e-01	1.599502359282496844e+00
nan	2.196635781886163707e-02	7.643754950601768794e-01	-1.071630366629911624e+00
nan	-7.378694254801306807e-01	1.547571575783610376e+00	3.106071894858449811e-01
nan	-3.828496452555162355e-01	1.437518040582624335e-01	6.499640925635596922e-01
nan	-1.444707674317784241e+00	-2.441956131649415163e+00	5.997177439102113761e-01
nan	-1.757415036761794447e+00	-4.559406982236807737e-01	-1.320490793018705311e+00
nan	1.100453346938345955e-02	-1.868525072660917719e+00	-5.891140063815322181e-01
nan	-1.659045658381650634e+00	-1.001728125871109487e+00	8.338990761104363436e-01
nan	-1.266566823821642762e+00	-2.518710872297103442e+00	4.192255109317394313e-01
nan	-1.581450613948329531e+00	-1.629745231973545261e+00	-1.642730343822629280e+00
nan	-2.182911975486820921e+00	6.188572272648377171e-01	-8.477976795431623191e-01
nan	1.638668137514993628e+00	3.411963610360974064e-01	-6.640544906608466524e-01
nan	1.259279186435087627e+00	-1.487540121844700192e+00	-5.511549953242831507e-02
nan	5.451310404562256240e-01	-6.552760147843494920e-01	9.894707817146042306e-01
nan	-2.203163959821763385e+00	-1.235222736929717291e+00	-7.477301183331184209e-01
nan	-1.570658694635328700e+00	-1.574300877320390146e+00	-1.755741692969359224e-02
nan	-2.134594799989358194e+00	-3.298392007328041942e+00	-1.438600330240521030e+00
nan	-1.892031968951123577e+00	-2.743217182368744567e-01	-3.201240340951492236e+00
nan	2.392226281192010306e-01	-6.213325168078409622e-01	-1.315715833414514924e+00
nan	8.357388861733485719e-01	9.304726235789304578e-01	-2.132088011596222188e+00
nan	-3.364604595474210980e-01	7.944088328229023110e-01	-3.567449738565638406e-01
nan	4.353249658546057832e-01	-1.359825849501032080e-01	1.694200819247393408e+00
nan	2.229050275611775545e-01	3.829611794444121031e-01	-2.844930981629417710e-01
nan	-3.152451198444225500e-01	-2.707406466068905670e-01	2.462919545411860200e-01
nan	-1.109528557117699821e+00	3.625376985434435317e-01	1.506626496712150542e+00
nan	1.088171442773211206e+00	-3.631784126951462244e-02	1.470511246345465484e+00
nan	-2.907841506460349668e-01	-1.130331247784768678e+00	7.236102405921814862e-01
nan	5.786707533338568687e-01	-1.755296913465970166e-01	-1.113535089788951105e+00
nan	2.081304813641076112e+00	-1.105058559722102429e-01	5.529409945515513236e-01
nan	6.842876906244210744e-02	1.753741847889638050e+00	8.337148113953998241e-01
nan	9.364987149130352684e-01	-2.826529345159162210e-01	5.044694906560776015e-01
nan	7.665184561591045220e-01	8.684727168066496139e-01	-2.612994989823017589e-01
nan	-5.586088435768399307e-02	2.679490448931246549e-01	-6.486772874226423014e-01
nan	-1.838153095482350619e+00	-1.357120787146275820e+00	-6.749343486871722808e-02
nan	-1.236336498588131105e+00	-1.879716387044855885e+00	-1.862295935256536250e+00
nan	-5.267568624906739938e-01	-1.123975938986311984e+00	-1.416671335401836096e+00
nan	-9.002929897676933413e-01	-6.676403800726643523e-02	5.680817480197482006e-01
nan	1.210736517656278544e+00	-2.214150625427067642e-01	-2.050781020847872171e-02
nan	3.046956812477865095e-01	-1.249488783774497680e+00	-3.437916403010152777e-01
nan	-1.127862887683148241e+00	2.412907389903462541e-02	4.870081781139790622e-01
nan	-1.333124977249993348e+00	8.025934871676205784e-01	3.597976317058111384e-01
nan	-8.905038688211444065e-01	-4.170999491267464165e-01	-3.551772707632555592e-02
nan	1.001547916696203244e-01	-1.773969384598733434e+00	-1.844451996871551813e+00
nan	-1.897871494242005519e-01	-4.464645481038641006e-01	-1.223637517393760588e+00
nan	-1.087717190838695336e+00	4.627229946063118882e-01	-1.583280948285802125e+00
nan	8.249316954214483411e-02	-4.573821181542222503e-01	1.462261241734025718e+00
nan	1.340423449138568257e+00	1.445483889737820604e+00	1.553316758837439693e+00
nan	2.158263007484030993e+00	8.308960556157425348e-01	-1.612227008097268266e+00
nan	1.140746786541366742e+00	-4.997482692224797240e-02	-7.927095070237720753e-01
nan	1.651186109767330823e+00	5.102666059571281387e-02	-1.403626200647706268e+00
nan	1.720275112925696126e+00	9.787664628581413950e-01	-8.657472405159725160e-01
nan	2.250147728667929670e+00	2.582058928936294961e-01	3.231481101879882245e-01
nan	7.990420847608936672e-01	-1.885140905948269996e+00	-5.322933274703031126e-01
nan	4.020832503695649929e-01	-1.357487531047247398e+00	-1.268778839356849986e+00
nan	-1.488115720215950510e+00	-1.665077537724199752e+00	-1.324188795831846566e+00
nan	-4.582117868361767488e-01	-1.218465292599716809e+00	2.710989988152127106e-01
nan	-2.460063300562582156e-01	2.101960449064417258e-01	3.388328783789682941e+00
nan	-1.016152661967742565e+00	-1.085260308399804696e-01	2.299356014426350292e-01
nan	-1.797372246029561804e+00	-1.089767812629007515e-01	1.663722992059992301e+00
nan	-3.375946665284317860e-01	8.788300236124070297e-01	-1.584167776847813958e+00
nan	6.774456897578844394e-01	1.336736002022359759e+00	-1.624577153994072098e+00
nan	6.836692869217502189e-01	8.915359045633866053e-01	-5.138287551168579936e-01
nan	9.525837005581122563e-01	-2.143752814786391792e+00	5.308947519967173179e-01
nan	-8.691854162300169939e-01	-4.089443437667176773e-01	-9.920984017833824886e-01
nan	7.455423057051910884e-01	-1.659391527603355065e+00	-4.572019798011934255e-01
nan	-9.634994041641060658e-01	3.498497984678409778e-01	9.192783214369252276e-01
nan	-9.509717847356065068e-01	-2.833611112656143072e-01	-1.229935918993330102e-01
nan	1.129735112453650325e+00	-1.144855590809231938e+00	-8.262071538161005479e-01
nan	-1.036662049645188821e+00	2.842413076234213132e-01	-8.934827261500032369e-01
nan	-1.247381479372448476e+00	-3.992646121322250830e-01	-4.189691752232387323e-01
nan	-1.673421687207615527e+00	1.221352034371011364e+00	1.519387376341190532e-01
nan	-1.302405357794256924e+00	6.044173228348675986e-02	1.411341749396234579e+00
nan	-1.880431082670203091e+00	-4.329677156463880294e-01	1.003961494165778179e-01
nan	-1.153749610853466168e+00	-8.999323557186437172e-01	-1.232144374451239477e+00
nan	-5.994657152485853846e-01	-1.280892152385246119e+00	-2.014452980429236373e+00
nan	-1.384411856771938343e+00	1.893355608048030714e-02	-2.068992998651475013e+00
nan	2.803790178047644854e-01	5.787246598046401624e-01	-6.662869647556758368e-01
nan	-4.750513251689486571e-02	-4.612962377494203570e-01	1.617814583081560231e+00
nan	8.072766970485676374e-01	1.531625813448734275e-01	7.526741691596716688e-01
nan	5.920194341181553299e-02	4.607143324357708680e-01	-3.829740355681687802e-01
nan	6.479142372202351119e-01	5.554686303688105564e-01	-9.833730142902611382e-01
nan	1.264433156238873091e+00	-1.500618488221768798e-01	5.703754441375991080e-01
nan	3.263365809173301990e-03	-4.693208255559335185e-01	1.738662198989564978e+00
nan	1.427537212854572135e-01	1.319403106198315578e+00	-3.872795211189327680e-01
nan	1.418715516785291175e+00	8.164797339015497091e-01	-3.884357442813496375e-02
nan	1.874036682071717586e+00	1.546812040311710046e+00	-5.202546842302577801e-01
nan	2.729945612431688762e+00	8.574247712127717191e-01	-1.755960078142241865e-01
nan	1.092409388622046285e+00	2.804976944783942994e+00	4.840301085901879685e-01
nan	3.043809800186871861e+00	-1.444411184047633689e-02	3.075933726598860218e+00
nan	1.686093380294224175e+00	1.179243199491289085e+00	-8.319601016768118917e-01
nan	3.179917694637945491e+00	2.724314204667319661e-01	-1.891285475187758580e+00
nan	1.254466194032747284e-01	2.574669786150654893e+00	-4.226152090139164152e-01
nan	5.244120991932053055e-01	9.747024239519085365e-01	6.227900621362126854e-01
nan	-2.934855287792065281e-01	1.382400656752599821e-01	1.206916395841121759e+00
nan	1.148806240081886587e-01	6.208297643122671072e-01	8.129949265414962989e-01
nan	1.143053641246463137e+00	2.312511774487111094e+00	2.251544055672482225e-01
nan	4.244613507036359978e-01	1.053614354511941187e+00	-2.057951533608259886e-02
nan	6.501235906329498881e-01	-6.630526490106189996e-01	6.237610710969456740e-01
nan	-4.286450266003430931e-01	6.987054438843276483e-01	-2.668976427397768414e-01
nan	1.443401084337752049e+00	1.213569935037835390e-01	7.980904691198098533e-01
nan	1.666903750099652526e-01	5.917463457927520931e-01	1.007422221273033713e+00
nan	-7.381957017531035614e-01	-7.043117148083185564e-01	-2.197091023120812392e-01
nan	-1.905113935597501973e+00	-3.857637589496882846e-01	-1.380196680033657586e+00
nan	-9.196185619639671849e-01	7.451938530724211418e-02	-7.564845561685069608e-01
nan	-1.308826845294698948e+00	3.545085377990383479e-01	-1.344024659121037413e+00
nan	-7.460044679659765254e-01	1.122051359263573689e+00	-1.104207997601397206e+00
nan	1.235672874435146174e+00	-6.201050077137074124e-03	2.179591170663396360e-01
nan	-2.420954917226146197e+00	1.313110699773802459e+00	-2.957132902132932339e-01
nan	-7.614138314101022154e-01	-2.854563531372961704e-01	9.095648059851314526e-01
nan	4.028079366200027489e-01	7.670967286223701054e-02	7.827786399545301477e-02
nan	2.119654779854581950e+00	6.756864766579231407e-01	7.255315702582181281e-01
nan	1.329057132820517628e+00	2.619655879971069634e+00	3.143076739766051952e-01
nan	-2.481794456237111923e-01	-3.207380881821590979e-01	7.587305731190516767e-01
nan	-1.952272581615079217e+00	2.260025063005477730e-01	2.913172147506022380e-01
nan	-1.657290416113163634e+00	-2.264355944207888438e+00	-5.387775844506861866e-02
nan	-1.118818426257171872e+00	-1.657516233954917872e+00	1.155238990656956677e+00
nan	-6.669931594382065843e-01	-7.987807205900745444e-01	1.344998256113783652e+00
nan	-4.954740891675362136e-01	1.769656325193072810e+00	-8.478213336657949295e-01
nan	2.377836971719351766e-01	-7.356776754842097032e-01	6.328286409093419884e-01
nan	8.424754149471935794e-01	-1.313313831933577758e+00	3.224359348287224591e-01
nan	-8.858224157034395585e-01	-8.252266863248804984e-01	-5.619572111695947392e-01
nan	-2.135467315326656568e+00	-1.535965912198656413e+00	4.500115972417123023e-01
nan	-1.241044449925898796e+00	-1.801835946540158329e+00	7.065428360159832222e-01
nan	-3.296619964096089150e-01	-5.684440059344606500e-01	1.201746697554850085e+00
nan	1.070415044664138504e+00	-1.074361735610521285e+00	2.645298214472929788e-03
nan	8.818104567380328218e-01	-1.238859234442363233e+00	1.314547334196495054e+00
nan	-1.029093738884013787e+00	1.386199269786170252e-01	-9.117832005241970350e-01
nan	-6.417421644825981319e-01	-6.438264993205933262e-02	-6.992462550231233198e-01
nan	2.372927023026204285e+00	4.576438291504357769e-01	-1.746166938475803843e+00
nan	2.742002494428546377e+00	1.355911123804347973e+00	-2.071600960892420851e+00
nan	2.994339986723861813e+00	2.582256229955142590e+00	-2.199312493837329852e-01
nan	-4.422588980670156822e-01	1.620479938609161508e+00	2.862504029695649876e+00
nan	3.508653274977324710e-01	4.274401781131625944e-01	1.129035454417210538e+00
nan	-1.644115608330970035e+00	-2.821005382153840002e-01	-4.208836482538582668e-01
nan	-9.163777867856750525e-01	6.743717136159573800e-01	-9.783906816225911296e-01
nan	-3.346286604520706254e-01	7.769000115065223255e-01	-1.508453270384690015e+00
nan	-5.063331891082187841e-01	1.398522806424036702e+00	-8.748753468352375995e-01
nan	1.546324636198934455e+00	1.345872205526500165e-01	9.590685966379846050e-01
nan	1.324935420005287412e+00	8.296109236228630390e-01	-8.705468416142734256e-01
nan	1.394518514876251780e-01	2.466810497816972259e+00	1.122224685555016865e+00
nan	2.503785036533885844e+00	-9.499880854324346258e-01	1.044938040544903579e+00
nan	-5.619939629571087947e-01	-6.188129534288170364e-01	-5.178434754291380004e-01
nan	-7.583383363438084279e-02	-1.001842123173147581e+00	-4.120687406437735234e-01
nan	1.141846326281251267e+00	-1.168245206860639263e+00	7.198820275363924104e-01
nan	6.101079686187541595e-01	1.183642517358802548e+00	9.207111142202307752e-01
nan	-6.805619024623668079e-01	-9.376310089854533736e-01	2.060029060990662964e-01
nan	-3.816277197873035876e-01	-1.196551357748795175e+00	-5.707364740566611694e-01
nan	-4.085319278626600159e-01	9.418268705887571368e-01	-1.948372055779052037e+00
nan	6.718167383119977298e-01	-2.486018998390851498e-01	-3.600357635042808480e-01
nan	-1.494702723006615441e+00	2.648433033039179207e-01	6.413614218708219017e-01
nan	7.609867521825564030e-01	-1.620328148531171353e+00	2.103080682446602623e+00
nan	-2.213145242175116767e+00	1.682990461463938492e-01	7.142606121351516291e-02
nan	-7.938973754680085371e-01	2.278489672929622234e-01	4.866351947870153349e-01
nan	-7.729561129447739543e-01	-1.769452817164501868e+00	-2.794844882449543100e-01
nan	-1.983279136325980740e+00	-1.697268463913113923e+00	-2.044825644879085802e-01
nan	-7.915836652979005850e-01	-2.492344747577718955e+00	8.843463591520651645e-01
nan	-7.326609849966830845e-01	9.655715586012869611e-01	5.728326590160326415e-02
nan	-9.641226521183118292e-01	9.859932161121556238e-01	-2.113406443065742324e-01
nan	1.148823409907058224e-01	1.679572638224024750e-01	-9.126694451289096843e-01
nan	-2.186834722555391242e+00	-1.873023414861669567e+00	-6.360153760924289190e-02
nan	-2.730357061279373720e-01	-1.857992956206848678e+00	-1.551140212907012872e-01
nan	3.988899808798197499e-01	-1.697674071261380035e+00	-6.990113055251201413e-02
nan	-1.598963128633214825e-01	1.742274820566526161e-01	-4.720335360246097345e-02
nan	-1.080905615076949988e-01	-1.587050292490101322e+00	-3.793144244447377300e-01
nan	1.788080244164280685e-01	-1.359371710914696330e+00	-2.420702389265424692e+00
nan	2.520661259799583664e+00	-9.635240317312427916e-01	-7.858743564896987222e-01
nan	8.193792222667455327e-01	-7.279348259283230371e-02	3.575431905179727865e-01
nan	7.470248935564881565e-01	2.845627601715018939e-01	7.660142732137920074e-01
nan	7.442623475023557589e-01	3.904860442964624312e+00	1.887151880713523189e-01
nan	1.106809703151047319e+00	1.693021028639000836e+00	8.614319839762241138e-02
nan	1.167847967800572651e+00	1.318680206962482782e+00	4.574806986688095822e-01
nan	6.055837056736870228e-01	-9.551180629974703740e-01	1.737750887843978020e+00
nan	-2.914254056247169267e+00	5.835955632492211276e-01	1.521802291952878416e-02
nan	-5.961564290808269995e-01	-9.771795478363931586e-02	-3.861201402947735395e-01
nan	2.633901828558193881e-01	-5.926912370039609801e-01	-6.123704243094091337e-01
nan	1.793726313568455577e-01	-1.329097170969794961e+00	1.049704103327762095e-01
nan	-1.152097783731437897e+00	-2.227583518445150346e-01	5.749321917988353681e-02
nan	-1.084044645793900141e+00	-2.070760615243806557e-01	-2.008757403373561956e-01
nan	-1.382716611935454809e+00	-5.976011774646636798e-01	-1.002331717755159612e+00
nan	4.066208246181041153e-01	-3.055063324041888961e+00	-9.996142206513110029e-01
nan	-9.767426224556583492e-01	5.449820393630108173e-01	-4.383155263754031639e-01
nan	5.957067500466622922e-03	-8.892364934181160585e-01	4.933624746503684211e-02
nan	-4.920487186870153851e-01	8.562847117739191827e-02	7.537245181747338485e-01
nan	-6.346296361447940626e-01	-7.670298779506616593e-02	-7.411061917713662739e-02
nan	3.827782184256889320e-02	1.241625302108135376e+00	-4.779900369926046722e-01
nan	5.064029269209243678e-01	3.373555177807007865e+00	2.430432381502433348e+00
nan	-5.102104558081790309e-01	2.014504969628728492e+00	2.794685533539114530e+00
nan	5.461191463890553432e-01	-9.351060275748486195e-01	2.129174588462564799e+00
nan	-4.090007110778876021e-02	7.624174221942739416e-02	2.143906083312345778e-01
nan	-1.259536565313208678e+00	-5.012923886045439481e-01	-9.087152330636445452e-01
nan	1.187450759104619946e+00	-2.397828072675203259e-01	1.073084430687839319e+00
nan	-1.565448776407776466e+00	4.207923672779864677e-01	-1.498159253535159996e+00
nan	-2.081952416428914265e+00	3.417133733976372434e-01	-1.127319854009029232e+00
nan	2.073928559879197886e-01	-2.176962519552743669e-01	1.350462568648944206e+00
nan	-2.070216376692881333e-01	5.958015143121936363e-01	-1.486930268247875775e+00
nan	-1.618728843304146459e+00	-6.297791658558421490e-02	4.383469660678508961e-01
nan	-1.275075036265478134e+00	-3.034036670031675653e-01	-3.060913921020321782e-01
nan	-2.337019546224363697e+00	3.374463115670995883e-01	5.590779901178077882e-01
nan	2.738761710926782555e-01	-1.643929384151186834e+00	-4.239167463784671019e-02
nan	-1.219871531421440336e+00	-2.993979090475296978e+00	4.045590329090108517e-01
nan	5.177542181029617385e-01	-1.030255552365851868e+00	-1.654773247686341930e-01
nan	2.630027227531768208e-01	4.462230150887052660e-01	-1.339382658617865429e+00
nan	6.659331391864645733e-01	2.243270516996144492e-01	-5.714765700295914019e-01
nan	4.700694882169026423e-02	-3.235128073331094978e-01	-8.433056645416109331e-01
nan	2.007757290274314044e-01	9.663324935468675658e-01	-1.030275369272587449e-02
nan	3.682210609460070949e-01	-1.085640483966306524e+00	4.675631347830104811e-01
nan	6.668204318720036827e-01	-4.937254795750030678e-01	1.770149524910999528e+00
nan	-7.684232073461015888e-01	-5.227414929394649246e-01	6.521070829597497287e-01
nan	-3.151479302239761360e+00	-1.084556729499178029e+00	3.507440492353897099e-01
nan	-1.450464880118124578e+00	-2.282460433010546463e+00	-6.995570017283865294e-01
nan	-1.862127154046616662e+00	-1.566635554628819538e+00	-7.292995332320468815e-01
nan	-1.331004868997919033e+00	-9.911787084467477138e-01	-6.485718025642892570e-01
nan	-3.936564580693371340e-01	1.066063869762110761e+00	9.053574102505956844e-01
nan	2.712906962278543443e-01	-6.315087217227598471e-01	5.197278066062558377e-01
nan	1.233631414447980301e+00	-6.049570575486732382e-01	9.467319849843552904e-01
nan	1.408814374748877385e-01	3.265900501677932444e-01	6.303635683381754173e-01
nan	-7.015264584563066785e-01	-2.973318991938977973e-01	7.183551008421517059e-01
nan	1.908069670661183825e-01	-7.368419601521691842e-01	1.339393140934936222e+00
nan	7.213926755809729752e-01	1.222282560305862242e+00	2.963775435323798280e-01
nan	4.872653958765583160e-01	1.293930153828300345e+00	-2.597704183515386900e-01
nan	4.072858731483661177e-01	1.240442971765313596e+00	-4.354649968136634075e-01
nan	-1.594139467898397222e-01	-5.505254998801156763e-01	7.599444678953836130e-01
nan	-9.816392937088520565e-01	-1.978413203063713377e+00	6.750900195931583969e-01
nan	-1.255538563260654161e+00	-5.248025128237587822e-01	1.553470433278187679e+00
nan	-1.599792197251445725e+00	3.601769151594428342e-01	1.453894444570140276e+00
nan	6.799475867096871351e-02	4.161018896794382860e-02	6.422802041011358432e-01
nan	-1.093796536930613517e-02	1.695058795888818581e-01	1.974900149598796117e-02
nan	1.069249447532465203e+00	1.245574640861393911e+00	1.563745303989724889e+00
nan	5.698415133212832995e-01	-9.048412930563288770e-01	2.049770264357935634e+00
nan	9.665228372010051250e-02	1.258258223198033265e-01	1.876121811005352358e-01
nan	1.034998901104217106e+00	-2.762049024999047919e+00	3.069873347691940424e-01
nan	-2.401444901641607288e-01	2.361921414048614443e-01	-9.523363594673410759e-01
nan	7.305307276791792592e-01	-3.708453669747792669e-01	-1.283288602200592265e+00
nan	-3.271189350161270160e-02	8.553826673193952734e-01	-4.231696326769972538e-01
nan	9.563206394946304201e-01	5.459011267701143755e-01	-1.360250904861274035e-01
nan	-3.441872742369253557e-01	-8.899045491825879894e-02	6.975156443994917632e-01
nan	6.662024814592030220e-01	7.811967276734163024e-01	-1.284004886735631734e+00
nan	3.680487719898756227e-02	4.056284994249054754e-01	1.206538408514484573e+00
nan	-3.647474496146355105e-01	4.746140163428013703e-01	4.067968476797190203e-02
nan	9.556668750508090504e-01	-1.703122386242749142e-01	4.464623854328167440e-02
nan	-1.360090475372359498e+00	-2.797563053271494571e-01	-8.204803116450839484e-01
nan	1.214539697796212625e+00	-5.350396121397487104e-01	2.269111853682229896e+00
nan	-8.596596117286137151e-01	5.183359880417177656e-01	3.698118458861365809e-04
nan	-6.858066766897473743e-01	-1.677559544434396255e+00	5.711517497747474748e-01
nan	-9.498167806646125033e-01	1.119878642929997392e+00	4.360163394805393611e-01
nan	-1.823883226026578930e+00	5.543619319596705397e-01	1.394686402403195302e+00
nan	3.937141086077221575e-01	2.083961731882484347e-01	-7.574356960118100446e-02
nan	1.186923154435466921e-01	9.903975178923032363e-01	-1.229981844782667810e+00
nan	-2.272677393025709591e+00	7.376954846295962209e-01	9.878085045338536041e-01
nan	-1.686987811064831089e+00	-9.910469499648422165e-02	-4.642787640567104246e-01
nan	-3.220969646611546722e-01	-2.025636933316923738e+00	-5.832193917941044248e-01
nan	-2.346173289191414990e-01	1.504968565531001889e-01	-1.442883015162409244e+00
nan	1.426898888525410594e-02	5.929789022439169166e-02	-1.608713859700692694e+00
nan	-6.314993650521351087e-01	-1.743731696262385555e-01	-9.745843360113146669e-01
nan	6.117817073161074815e-02	-1.688026139516887847e+00	-3.356538985604399783e-01
nan	5.695520794129514952e-01	1.202959451710633232e+00	-2.165555297075723917e+00
nan	1.538161576198147751e+00	3.427282883053862084e-01	-5.487557945463215070e-01
nan	8.461444097200669923e-01	5.428584980120402248e-01	5.494657895304684292e-01
nan	8.904202338261951732e-02	1.380169279558789208e+00	-5.335925665059487732e-02
nan	1.458942860990128931e+00	5.061233664473083760e-01	2.125595579154372916e-01
nan	-2.601004145620777752e-02	1.257556811944343433e+00	1.009025358844567011e+00
nan	1.587934168786043543e+00	8.564194484510804228e-01	5.277501009996357073e-01
nan	2.116821181028403220e-01	-3.163211001867938243e-02	1.542657847750734224e+00
nan	1.342644077221188670e-01	2.905052543792845388e-01	7.038819656938095637e-01
nan	-1.451257788045342778e+00	-3.033838289453854586e-01	2.429156889820124121e+00
nan	-1.968437319910449457e+00	-4.530442982932807450e-01	2.812065251681350908e+00
nan	6.524080459233535523e-01	-5.149067667538217430e-01	8.016374469664054869e-01
nan	-8.598210579587547420e-01	-1.369392682578227105e-02	2.918889173036303131e-01
nan	-5.351773443160714461e-01	8.518883105408471268e-01	1.622725540358091467e-02
nan	4.238094359471343830e-01	-8.238878666771594084e-01	-4.220836206856760087e-01
nan	3.870452494821031708e-01	1.354432765201948330e+00	1.952787114571138405e-01
nan	2.070151019226482259e+00	1.105702847218946072e+00	7.150105820367030907e-02
nan	1.754782239578871472e+00	4.630197111826731549e-01	-7.444108453398980974e-01
nan	5.435968106486996909e-01	-3.944796145783657781e-02	2.061648445368645000e+00
nan	9.628802560681547495e-01	-6.018258362289595764e-01	4.056330645390265888e-01
nan	-2.841997705526563833e-01	-1.530165400026732847e-01	-2.495307027676179068e-01
nan	-4.001187818899963888e-01	1.688356073868828022e-01	-1.422011235000885387e-01
nan	-4.581668258439515751e-01	-7.873576365595371662e-01	1.094490296642200988e+00
nan	-9.827834322558408608e-01	-1.279880542166866197e+00	1.906439608488800230e-01
nan	-2.113342579516739761e+00	6.200709968020193807e-01	3.052360549007854251e-02
nan	-2.889804778601170021e+00	-4.574893047700098747e-01	1.264366068710519153e+00
nan	-7.448046497889246886e-01	-1.366887372188033467e+00	-2.872000615042282212e-01
nan	-1.318661632757260227e+00	1.518101290909580348e-01	5.419253207063112754e-01
nan	-7.116954534725067338e-01	-1.524435062379448647e-01	-5.449186100761121976e-01
nan	1.312247779699808881e+00	5.913521693845782412e-01	8.074085825312540821e-02
nan	6.931541482287512101e-01	-4.713237635681283288e-01	1.250405700406710396e-01
nan	-8.356125711805227896e-01	-7.811716072677157285e-01	-2.564822578069515524e-01
nan	-1.803342527425018771e+00	-1.382702182406601032e+00	5.410716951325296176e-01
nan	1.282181554597969564e+00	-1.761314072098404404e-01	-1.050021019589138405e+00
nan	-4.174293455535409980e-01	-7.883462389874890119e-02	-6.378018162252736545e-01
nan	-1.620760502340528264e+00	-5.285134082438504022e-01	9.176309972259593106e-01
nan	2.016025993460513810e+00	-1.086433731727577179e+00	-1.393037723191836053e+00
nan	7.541465968294286393e-01	2.598597985446189362e-01	-6.491048990450536404e-01
nan	-3.044693524737764334e-01	-4.929298144903324075e-01	-6.749432391980209056e-01
nan	-1.616742805380876113e+00	2.800567323339553938e-01	4.025920812950812278e-01
nan	5.435389123867652161e-01	-8.451697743757520254e-01	1.800911532095835765e+00
nan	-9.560340677775875928e-01	3.936886638796604498e-01	-8.989544252994181583e-01
nan	-6.025643937534033157e-01	1.142498559904968902e-01	1.524344952982607415e+00
nan	-7.415274940849061469e-01	-4.303808817879840598e-01	-1.023712613315937325e+00
nan	-5.969334469474045779e-01	-1.112747581706985400e-03	-8.841642064980009819e-01
nan	-5.279209550022194719e-01	-1.132687329615013727e+00	-4.192585256495066082e-01
nan	-1.101352911266553658e+00	-6.609915649501113544e-02	-7.306390192224704316e-02
nan	1.034873084071152860e-01	-7.065654978844732037e-02	4.063013059606100374e-01
nan	7.695168290358482821e-01	-6.310564542418870548e-01	1.225810580585284137e+00
nan	9.004410818432165842e-01	3.737298844785941210e-01	9.203102909235044704e-01
nan	4.627964635473671429e-01	1.792014966107673857e+00	1.470225179773302360e+00
nan	2.683466743328598025e-01	1.319902729773726913e+00	2.677491353060923451e-01
nan	2.950820673533760541e-02	-1.159624111974887906e-01	9.634033049453305519e-01
nan	1.570439132345779587e+00	5.601086574698131981e-01	-1.316543355409737659e+00
nan	7.225641860246543313e-01	1.006199371118998043e+00	-1.921619904742188245e+00
nan	-3.574592302831568480e-01	6.512348190723491470e-01	2.586734857655188957e+00
nan	-1.059111875420791993e+00	-4.253038232936861007e-01	9.378448783074503359e-01
nan	1.679556036126767404e+00	5.371504541428699930e-01	1.741804058844681258e+00
nan	1.154690825297933321e+00	-2.656704293657584648e-01	5.822353695126288864e-01
nan	7.972424999068713491e-01	-7.759145650896537294e-01	8.285195041111114156e-01
nan	-3.591592271335349307e-01	1.605676418952833862e-01	8.757514333289710962e-01
nan	1.203556069463983524e+00	1.125852534685852113e+00	-7.338482539534545435e-01
nan	7.082554430290745051e-01	1.578481957897566179e+00	5.497460351673716383e-01
nan	1.765424063484262618e+00	2.942175652295776489e-01	1.626551142903983393e+00
nan	-2.547827697168453920e+00	-5.751028563841306118e-01	9.638518543788991977e-01
nan	-1.250060263171627550e+00	-8.292061235391925411e-01	9.950719788778596975e-01
nan	1.684874321897251725e-01	-1.221941079619114801e+00	1.680564145630583095e-01
nan	1.124602122699155382e+00	-1.503841862710633581e+00	1.560157761560105327e-01
nan	-1.070652041490813833e+00	-4.453353233295574976e-01	-1.187862234871093881e+00
nan	7.481007187625070554e-01	-1.441398243410966229e+00	-2.707047797885008822e-01
nan	-1.079448506837185073e+00	-2.264832785205909416e-01	-2.186950874552394897e+00
nan	3.828966766074594075e-01	4.317732822223567801e-01	-1.955131829380915898e+00
nan	1.187834549327356548e+00	-8.507836944734317175e-01	-2.425201232683230901e-01
nan	1.380228237802421098e+00	-8.542817334403676743e-02	-7.090480234077458643e-01
nan	1.554502884636379756e+00	2.247240100162819054e+00	6.691047531110199120e-01
nan	4.822352994487483224e-01	1.088157184924242182e+00	1.656216696976937186e+00
nan	-3.174649452448713993e-01	4.348571953961956615e-01	1.717428794828332217e+00
nan	1.772647781506925813e-01	-1.360466218077258427e+00	1.549417098623117495e+00
nan	-1.412527639351141451e+00	5.971311053578458594e-01	1.655013604662364246e-01
nan	5.883612106446899359e-01	9.845273636381399185e-02	1.758890458940141954e+00
nan	2.704480717847172477e-01	-7.900571925503173665e-01	1.562891813929200069e+00
nan	-4.721415089843919999e-01	-1.594759045572178513e+00	-3.608615299644275520e-01
nan	-6.344079261640089840e-02	-2.035978371212128213e+00	-2.402170285702960761e+00
nan	-1.185831347692058113e+00	-1.242265827198087536e+00	-3.311396299178364977e+00
nan	-1.798878801913332826e-01	-1.369822250374435058e-01	-2.836762697759688479e+00
nan	1.271719954237267025e+00	-1.850611297298925539e-01	2.713476613132977944e-01
nan	9.085405314353518502e-01	-1.898195578862887256e+00	2.684757672715867849e-01
nan	-5.419328319202690869e-01	-6.277009658452363805e-01	-1.845247779145221978e+00
nan	-3.418274871380095337e-01	-5.927910357839802913e-01	-3.317538321530378309e-01
nan	-1.675582961821658667e+00	-3.723024961895209373e-01	-2.590052028171883070e+00
nan	-2.233064129757706517e+00	-1.282718076542053165e+00	-9.979944013237522782e-01
nan	1.958529457815518793e-01	-1.801742608037067761e+00	5.695489986599344689e-02
nan	-1.679312499722502405e+00	-1.929907154912001710e+00	-1.509100919846524613e+00
nan	-1.745338667958994394e+00	-5.283337154993760221e-01	-2.649654595806235413e+00
nan	9.572229056959388194e-01	-4.871842580599349271e-01	-1.889988801334339108e+00
nan	1.017066856895548765e-01	1.343237291370325659e+00	-9.645214587841284271e-01
nan	-9.757393627331505392e-01	9.733477655742095447e-01	-1.059552844302848740e-01
nan	-1.303085903920849109e+00	1.011111019136703204e+00	-1.192018803732221022e+00
nan	1.242343672404353505e+00	-5.154754391882073739e-01	1.256258006741189925e-01
nan	1.483106975172025166e+00	-1.124579364262926928e+00	-5.821551296223904659e-01
nan	1.522852154186942863e+00	9.395610112564189986e-01	2.140694835650203132e-01
nan	-9.320324677804971980e-01	1.634926279943555993e-01	-1.826058182023516441e+00
nan	-9.913835170760557647e-01	-1.263137018181419990e-01	-1.006272810600397527e+00
nan	-4.901160030721573024e-01	-1.166154708008303009e+00	-2.963731831107062065e-01
nan	-7.457294130845030233e-01	1.949555290958313036e-01	-7.806502068180514176e-01
nan	1.130565130535703622e+00	-1.484940899392400038e+00	8.854795498519221209e-01
nan	2.370801426020085589e+00	1.600839057706577417e+00	8.467273678670411696e-02
nan	2.389283880929967907e+00	9.183201701164800390e-01	1.332522083364787946e+00
nan	2.391237251355569082e-01	1.187544463404228923e+00	1.617074744221359328e+00
nan	4.945556006863524035e-01	-5.965006091446034553e-01	1.952597769719523146e+00
nan	-5.235334281079181418e-01	5.444358502117000453e-01	9.092386729244597010e-01
nan	-8.717254960339879677e-01	-1.331246028655191704e+00	2.008817767552710798e+00
nan	-8.857285425942275081e-01	-1.070881112623675024e+00	-2.547211561273170499e-01
nan	7.679033575940570344e-01	-1.199128240444427007e+00	-2.172838804709471550e-01
nan	-1.882232428876995378e+00	8.341843990387040608e-02	3.784940641705297759e-01
nan	-1.866388086591568851e-01	-3.288354600876000067e-01	3.267144315952422717e-01
nan	-8.389877900037376879e-01	-1.647552680641610479e-01	6.879174421029879971e-01
nan	4.575844829262061819e-01	-1.000062561995705090e+00	7.635870693125329511e-02
nan	-4.700397549553730348e-01	8.197229873627920327e-03	-1.402086279434357763e-01
nan	-2.437775020861638886e-01	1.133714297831709406e+00	-1.158052833878640442e+00
nan	7.196669995600513126e-01	4.134675827503083156e-01	-9.235855506977422302e-02
nan	-1.454963986932551911e+00	7.192520284282939436e-01	9.759143996155151823e-01
