nan	1.251393761636742763e+00	-7.207932570738834199e-01	-2.425960039490130393e-01
nan	-5.534907415878170811e-01	-1.699290958632135584e-01	-1.040990522766129134e+00
nan	7.502444355972924805e-01	-1.316458314724781919e+00	-5.091266603784392331e-01
nan	-6.266490018456519762e-01	-1.176977840599916281e+00	-9.362089372281237054e-01
nan	-1.417807665774134751e+00	8.975616183791282898e-01	2.145948892134302843e-01
nan	1.096143615203887700e+00	-1.246379920942995545e+00	-3.905256556799988066e-01
nan	6.986818160662927601e-01	-3.617488737159186840e-01	-1.223733287713657081e+00
nan	2.072498704878141806e-01	-1.274252901951527628e+00	-7.329526010870546227e-01
nan	7.716235911271449588e-01	-1.251781798995602824e+00	-2.713944799432201349e-01
nan	-6.634451059296492259e-01	-1.103941154637915645e+00	5.024366183982909018e-02
nan	-6.574782408290936742e-01	-1.895689410594343594e+00	-8.104386817761093376e-01
nan	-1.244514219861123205e+00	-1.958529002817928522e+00	-6.144463482205009264e-02
nan	-1.106995438264260612e+00	-5.073468335382925742e-01	-9.749438668249816864e-01
nan	1.384097951267438953e+00	6.954339063454790804e-01	1.694882734497477728e+00
nan	4.119875755552800944e-01	8.834042421850415439e-01	2.429200559218888111e-01
nan	-1.603566330331996692e+00	5.926347787379699916e-01	-2.372367203297264249e-01
nan	-7.409395803963141347e-01	7.211254562814946034e-01	6.523426000658363311e-01
nan	-6.572089523092174146e-02	-1.494762094596025381e+00	5.581054071698026142e-01
nan	-1.090450853804616482e+00	-5.637737016778786581e-01	-1.556633341739682985e-01
nan	-1.556312333764459654e-01	1.883084702414439038e+00	-6.879838850545032525e-01
nan	1.017097301187179559e+00	-1.042416631731691190e+00	-2.262203325328574488e-01
nan	1.450285475273521030e+00	-8.994426667877463144e-01	8.527995802280620152e-01
nan	1.334569571115288067e+00	1.134437418161997613e+00	-3.378014780207958534e-01
nan	-3.354246131034881451e-01	-3.999866355400498730e-01	1.394142082078448697e+00
nan	-2.315171890742874772e-01	1.033701108580628858e-01	1.554764183326175608e+00
nan	-1.343894571449571140e+00	-9.163010656007544164e-01	1.462672444561200047e+00
nan	-1.526954804044059699e+00	-6.093561633251107779e-01	8.220201493212295762e-01
nan	-3.691434681094354908e-01	-5.571715154190171049e-01	1.359862539039139895e+00
nan	-1.427558833220776480e+00	-1.060067352800488250e+00	8.110110443550273551e-01
nan	1.712465689274932368e-01	-6.224547914612654775e-01	-1.028842846091203356e+00
nan	7.007887985267025055e-01	1.197404720143993240e+00	-8.239733353528337911e-01
nan	8.081689397556739429e-01	1.077034187696803702e+00	2.948683051703899771e+00
nan	-2.182277841453461598e-02	-3.480914762765705550e-01	2.312306535971494270e+00
nan	8.041701838070669517e-02	-4.659878739048773921e-01	1.312499861260759459e+00
nan	-1.220199757504763838e+00	-1.269037266382418316e+00	-1.327462637975773685e+00
nan	-2.026322686825454689e-02	-4.831209748041154217e-01	4.262695343821080174e-01
nan	-8.146548069873962294e-01	-3.377870859082929833e-01	-1.628727134065411641e-01
nan	3.614827421439770205e-02	-1.932401982341060975e+00	-4.861645993743473060e-01
nan	-5.801562192243100435e-01	-1.015002188780882664e+00	-1.666661994390586266e+00
nan	-6.677022409197663766e-01	-4.289038800032640153e-01	-6.494815722769941013e-01
nan	-1.701895350238688653e+00	1.217212157499722558e+00	-1.084270726426952214e+00
nan	-7.294605981624027180e-01	-1.399592775132361966e-01	-2.702232862416299453e-01
nan	9.846666934128085469e-01	-9.957626677903977930e-01	4.101971521153656708e-01
nan	3.574300284845815523e-01	3.371830538960755019e-01	1.552284976764005009e+00
nan	7.227591934277974861e-01	-1.989150556927139935e+00	1.413702269767781905e+00
nan	-1.681045276234796493e+00	-7.577009606056914759e-01	4.847084863261098553e-01
nan	-2.252148653083009933e+00	1.377528075434121924e+00	4.900858707187745189e-01
nan	-3.021009866092349005e-01	6.312727919704941293e-03	-1.692932612532085379e-01
nan	-1.124261957965856928e-01	1.080364082154674721e+00	5.362469879873800194e-01
nan	9.080170813821671905e-01	2.892224917111213767e+00	3.788881229383884719e-01
nan	1.403635688637020484e-01	3.244159700811571900e-01	6.899800502063099250e-01
nan	3.510821315382223196e-01	2.082703457639328626e+00	3.006453634040301970e-01
nan	7.798421330985841893e-01	8.704923428783869488e-01	-9.998213086960289209e-01
nan	3.865170957796010831e-01	1.461621630231962898e-01	-1.129155414485736975e+00
nan	4.842642773668559553e-01	-1.377887462289717035e+00	-1.380553429824576517e+00
nan	-1.724459671333644195e+00	2.495976788301028093e-01	5.626344215532508297e-01
nan	-1.095686234129107817e+00	4.076268039805731602e-01	-2.215934898893833882e+00
nan	-8.855448330270991875e-01	-9.915065477649273040e-01	-3.297617930454233015e-02
nan	-3.495197299757327736e-01	-8.449642691665815164e-01	7.957016034855435294e-01
nan	-2.223337017744601685e+00	-3.774576064418604937e-01	1.669787960734280707e+00
nan	-1.456839051953407793e+00	4.085704139944124069e-01	-3.938744872863644275e-01
nan	-2.711975793321744765e-01	3.971164469829788213e-01	7.938491767170401392e-01
nan	3.049148324583625946e-01	1.162018990626734416e+00	-6.148339312432749004e-03
nan	5.862566534755024872e-01	1.342620947937204767e-01	2.352665192322062726e+00
nan	3.015678911764775316e-01	-4.126028471119764784e-01	1.848151872828764253e+00
nan	5.301303002420338917e-01	1.486739264249005155e+00	-1.862881989889849099e-01
nan	1.941928506318979508e-01	2.940759231844816690e-01	-1.489444172712067083e+00
nan	3.585177843728193370e-04	3.108682119982775771e-01	1.958586978409330714e-01
nan	6.889037269569205924e-01	8.157295913262859743e-01	1.817016261902478502e-01
nan	7.005829715590247142e-01	8.412346127639660498e-01	6.566719251881532049e-01
nan	1.782416316818677959e-01	-2.385102302759394832e-01	5.963918249013179240e-01
nan	6.813929856589437395e-02	-5.953908856860478105e-01	5.206155386698486653e-01
nan	-3.915792194926672742e-01	-2.076827237344085919e+00	5.267643631311396124e-01
nan	-1.395778711366843172e+00	-1.775140862604288827e+00	-1.117373117063381383e+00
nan	-2.816018630429227176e+00	-3.442368920347581573e-01	-1.485002270755631848e+00
nan	-1.960625652889105064e+00	-3.241470795536764982e-01	-1.059318926264491534e+00
nan	-1.202472965076208045e+00	-8.784160994659928612e-02	1.370824144393382182e-01
nan	-2.398707413208675809e-01	4.510024558859837551e-02	-2.106985092323924391e+00
nan	-7.473612802437091807e-01	5.063732278954219401e-01	-1.376037719299787465e+00
nan	1.273033042557332850e+00	-6.268493693475204465e-01	-3.089118219873187576e-01
nan	7.519086393454342543e-02	-9.284261714198643878e-02	-1.006343374489491183e+00
nan	2.411369055330053190e-01	1.041038002626979431e+00	-1.004428731844286604e+00
nan	-8.763174655364480703e-01	1.959140999462879007e+00	8.866384880714892613e-01
nan	-6.066482435138426110e-02	6.817225313237479378e-02	6.793981154737341877e-01
nan	3.233188373742799937e-02	-1.943418146410816227e+00	7.390004875895148650e-01
nan	-1.091943808309891795e+00	-1.685184262527191557e+00	-7.942746007773285877e-01
nan	-9.372046237384239475e-01	5.933757425679124786e-01	7.224792788687537382e-01
nan	-4.205300173165642530e-01	-8.205512413139233185e-01	9.205393675651643015e-01
nan	-4.008885689647792017e-01	-1.807563211370228240e+00	-6.185798121336950617e-01
nan	-1.179184132884500080e+00	-1.515931550941381767e-01	6.812748373386872114e-01
nan	9.474623276150107021e-01	1.930035017281823140e-01	3.457751601684400100e-01
nan	6.144694554381647800e-01	-4.456122435467485543e-02	-1.014885690276202013e+00
nan	-8.834701045554369525e-01	-3.935701878188925251e-01	-2.929651148630353918e-01
nan	1.461810217044697824e-01	1.384412286239678380e+00	1.101381216742604030e+00
nan	-8.411893043493563482e-01	-1.198010360515172623e-02	-8.765823000588575109e-01
nan	-1.500717039179083834e+00	1.716720852602644509e+00	-2.229203956109856999e-01
nan	5.064785741377769712e-01	8.223189353593597373e-01	1.159640237738456925e+00
nan	1.908969484900943092e+00	1.616292963495040702e+00	5.256261664875637729e-01
nan	2.027138277692815294e+00	2.376400827003241290e+00	-6.926132864882493800e-01
nan	1.629025639529061653e+00	1.363844133675598425e+00	1.711186527566964100e-01
nan	1.277642268757593902e+00	1.790292073387091509e+00	-2.419794343081886456e+00
nan	1.583923331505402432e+00	5.878233550376268379e-01	5.088618137801204089e-03
nan	1.718015626079832048e+00	-2.679255793149853959e-01	1.042787391391956087e+00
nan	-8.130518712621372934e-01	-2.658661415604275935e-01	-1.035799907533392572e+00
nan	5.268063452348774600e-01	-7.549054046841561227e-01	-4.458481036658581420e-01
nan	6.126927288577261876e-01	-1.689406234451921174e+00	3.433622785678339673e-01
nan	-6.964618708787554402e-01	-6.910884235860835778e-01	5.350039189265443085e-02
nan	-3.638045980526468437e+00	-1.330548689492483172e+00	-7.915260436739655070e-01
nan	-2.563531857850904316e+00	-3.041604108780868287e+00	-1.526518853497726758e+00
nan	-2.555994022615431405e+00	-2.065184341436359983e+00	-4.301811206761874118e-02
nan	-1.464380657307927658e+00	-1.450659034543049897e+00	-2.178559483404471919e+00
nan	6.593562297305732844e-02	6.364966953385674531e-01	-2.086809808298445423e-01
nan	5.801697951032258604e-01	-1.845718987031018943e-01	2.501152857316371492e+00
nan	8.613388793962338807e-01	4.405021069024983582e-01	9.911467721904165806e-01
nan	3.777714133740910363e-01	1.764189374232686125e-01	1.134245516898348960e-01
nan	3.516687404853073851e-01	6.159062064682897519e-01	-6.300894690069727133e-01
nan	1.297337846004938733e+00	1.686225307001245066e-01	-1.954958086047719368e+00
nan	1.644994083461409407e+00	1.233993239589413538e+00	-9.894537837617567444e-02
nan	2.387514510255772215e+00	7.822413359077664552e-01	6.664107962355487746e-01
nan	2.002366576207607052e-01	1.118332565564366554e+00	2.470565349391589116e+00
nan	-6.810495664736302412e-01	7.448048116878975833e-01	5.296771919689735597e-02
nan	1.100709046717380346e+00	2.661287360768947452e-01	6.994646692082448491e-02
nan	7.231010069753303071e-01	1.909806638192606265e-01	1.629705547571955959e+00
nan	-1.246206805564611830e+00	3.944721382395187659e-01	1.526265646244886920e+00
nan	1.215397964722331192e-02	-9.902885431778951641e-01	5.962841993218693792e-01
nan	8.915571493912828327e-01	7.539857871053601279e-03	1.264809250006343255e+00
nan	1.051129558838165945e+00	-4.642157202852091324e-01	2.440081132198026026e+00
nan	2.791199680028021435e-01	-7.442751298002304727e-01	1.415790467308737588e+00
nan	9.669303477908999245e-01	3.497681171329711791e-01	1.364315150605080462e-02
nan	4.947763030256293604e-01	-2.059994536440084012e-01	7.521672426416294854e-01
nan	4.386212609286798680e-01	2.099544442429797986e+00	2.121688075777870441e+00
nan	2.174929094184089973e+00	8.966873740630134648e-01	7.886573762319242231e-01
nan	2.590927025575251452e+00	2.109463825791797920e+00	9.258349506266414508e-01
nan	-1.290759124441810846e+00	2.453017894915642039e+00	1.531338453437559144e+00
nan	6.700174802080686165e-01	-1.404025192011289169e+00	4.333777103157445687e-01
nan	4.843650905452212552e-01	3.303776544470490850e-02	-6.512031392488623061e-01
nan	5.130036346910376022e-01	-7.138835416385076460e-01	-6.745176050325816242e-01
nan	1.254770252576644651e+00	8.829900739516531871e-01	-7.250873935183910213e-01
nan	-7.902206342843495213e-01	1.941091988467509299e-01	7.115543423257911781e-01
nan	-1.119337490937634128e+00	-7.051594109407069988e-01	3.534817001329566000e-01
nan	3.118987389020626555e-01	-4.752647726863663546e-01	-6.483894303241514168e-01
nan	-2.947525896462748207e-01	4.286290007019935011e-01	1.449772845816116318e+00
nan	-3.017384821559762065e-01	-6.731557247776805142e-03	1.012597745307768360e-01
nan	-1.272090599786102727e+00	-4.172777387425031237e-01	1.471066536614593356e-01
nan	1.468918738543317781e-01	1.049239618480820146e+00	1.559390311209853053e+00
nan	2.279135272943210389e+00	9.284101613538648934e-01	-8.704648157126638752e-01
nan	1.809345202430779009e+00	1.631383758381554472e+00	-1.594425878863714896e+00
nan	1.337161781414904382e+00	3.502993254660143663e+00	1.394203335225286278e+00
nan	3.427520648661658065e+00	1.423310158432790740e+00	1.755291956728821656e+00
nan	2.005702707132927642e+00	-6.994999464235611697e-01	2.591491124415871372e+00
nan	9.636579443955741731e-01	4.498366721912382404e-01	1.639169419957948071e+00
nan	-1.801546383454457390e+00	6.179451023372746210e-01	2.832873392183618000e-01
nan	-7.373758421110399031e-01	4.854488698866299967e-01	9.176685826716108885e-01
nan	-9.692550667660990160e-02	-3.751332392398674942e-02	1.340261673421909716e+00
nan	1.198017952760797700e+00	-4.202425853731582839e-01	6.525127034656539315e-01
nan	7.785862060431647524e-02	8.881191580739328240e-03	1.534121068846430180e+00
nan	1.286854682848366682e+00	1.115564227030395816e+00	3.372360190452156070e-01
nan	1.164796010846988583e+00	-2.326104895669238726e-01	1.370584348672115316e-01
nan	-1.778534391298354445e+00	-1.357817550640393334e-01	1.071716066282742075e+00
nan	-3.992226755960113227e-01	5.754244050105097319e-01	1.108539675926039525e+00
nan	1.409886348359706831e+00	-6.267349089728683209e-01	1.047322917430936640e+00
nan	-8.709646383859262486e-02	-6.238051375720864433e-01	9.933496190649129254e-01
nan	3.694954037438685779e-01	1.216606473268590616e+00	-1.574462300074251642e-01
nan	4.354752809308586881e-01	1.266799136308250251e+00	-2.068744907840144309e-01
nan	1.157859996446322093e+00	1.469848857630392303e+00	-6.716318797709677213e-01
nan	3.281386106888731224e-01	1.199342572345255986e+00	-9.143781624361824178e-02
nan	-5.461444770064717291e-01	8.200180121526203791e-01	1.614498670298403438e+00
nan	1.251478293109739848e-01	8.235602645627138063e-01	-5.693555469990085882e-01
nan	-2.717097247044135688e-01	-3.973909683545623350e-02	4.987164252667043995e-01
nan	1.898791816758299777e+00	-9.668655635452894082e-01	-1.917935903803888453e-02
nan	6.288483961508852804e-01	-1.320704005845579898e-01	-8.529490683552672925e-01
nan	1.751824878153640797e-01	-2.705326934368726954e-01	9.017778487436907131e-01
nan	-2.113158528105125722e+00	-1.605867542025167127e+00	-1.573942958895423905e+00
nan	-1.254472131624815967e+00	-6.500247296262011698e-01	-6.086137834377924882e-01
nan	1.322363710207951071e-01	-1.826501787912532482e+00	-1.564131205175352202e+00
nan	-3.559778513611522310e-02	-1.291635489602728004e+00	4.587233819633240728e-01
nan	-4.149163451167966477e-01	-7.588802042942804915e-01	-7.546507667095450067e-01
nan	-1.027160836573898672e+00	-1.627560040878382741e-01	-5.026684162641317233e-01
nan	-1.241581495402834134e+00	-2.023739301819322378e+00	6.452408495132190280e-01
nan	3.179108981511561405e-01	-2.891828956043775989e-01	-9.201492049573738452e-01
nan	-8.079461449478265722e-01	7.744523580635898075e-01	-9.363539872180043355e-02
nan	-5.846373693806923288e-01	1.750060688472059589e-01	-8.037752068327369548e-02
nan	2.201478680388364140e+00	-7.530682368392311865e-01	1.394656692394964814e+00
nan	1.061482142050933719e+00	1.106622692853660439e+00	-7.130042789497363920e-01
nan	6.861215553065787010e-01	4.715914488664463278e-02	-1.213980864836853302e+00
nan	3.393493651592972560e-01	2.561136160685333341e+00	-1.575403522859522565e-01
nan	-6.701529254467152308e-01	9.450358121274760048e-01	-6.890665069407053700e-02
nan	8.873741139561814872e-01	-1.321362625113922329e+00	-2.432937010280086243e-01
nan	-1.020909616497345462e+00	-6.134213611633880792e-01	5.124402760502473342e-01
nan	-1.094092846048591916e+00	-3.075397740596355511e+00	-2.225330091498891161e+00
nan	-3.108674205409910130e+00	-3.288374271214784095e+00	-5.091078247820450819e-01
nan	-1.942043410996069586e+00	-1.867224333011957338e+00	-1.557311959615094832e+00
nan	-1.681567776565701333e+00	-2.213296880153744262e+00	-2.650745547547509240e+00
nan	-7.925658554874104311e-01	-7.108955558346269354e-01	-2.098725466330855660e+00
nan	-9.515888422792022627e-01	-1.533961581521698703e+00	-6.542588085200842229e-01
nan	-2.396955671728108195e-01	-2.109307565000958284e+00	-6.424600843011725182e-01
nan	-2.829022007080711498e-01	-1.446714196363924732e+00	-1.041363940572674451e+00
nan	1.257102000573643075e+00	-3.264002297522817231e-01	-5.385952528469540868e-01
nan	4.141511138349647236e-01	1.521653830461951185e-01	-1.636452070226582234e-02
nan	-1.726440520935084155e-01	4.835601878609899207e-01	-4.518343606102363519e-01
nan	1.072224318637694518e+00	-9.637566989642940563e-01	3.417520379199541214e-01
nan	9.355336268285204815e-01	-9.107145118125692385e-01	-2.175906404808651551e-01
nan	9.620800873333829051e-01	1.236655210286264905e+00	-6.653528863610614907e-01
nan	4.398295018424822622e-01	-6.029412951516289754e-01	3.772427629013910821e-02
nan	6.068731902567114922e-01	-1.396449609213376464e+00	6.443514948073246762e-01
nan	-1.647283929012206327e+00	-8.099629707755371388e-01	1.760295944529716439e-01
nan	-6.085740505858852067e-01	6.276804980334564910e-01	1.223802356236485034e+00
nan	-1.671350573474612355e+00	-2.388956044562758674e+00	1.652475126705598707e-01
nan	2.163670520701639344e-01	5.599490215705913432e-01	-1.414826288403320698e+00
nan	5.491823730360844147e-01	6.075168987945969157e-01	-2.411240734745585257e-01
nan	2.645520253683299461e-01	2.315625127520632986e+00	-1.143411562176184226e+00
nan	-1.111606763239709972e+00	4.063639077742505767e-01	-5.606405101246680900e-01
nan	-1.379164168753900910e+00	-1.804236371953684914e+00	-4.828927191091493820e-01
nan	7.865622904974310936e-01	-1.456425106558291604e+00	-8.846474547757234852e-01
nan	-1.901480720683781822e+00	-3.025552891278669443e-01	-1.082852725786945358e+00
nan	-8.779685756393826868e-01	-1.094072468277468735e+00	-2.214224464922167068e-01
nan	-6.916075905326704021e-01	-1.681303282989008885e+00	8.205474210065764051e-01
nan	4.666952247678646248e-02	-1.540488963317042881e+00	-5.535379191180733738e-01
nan	-2.437085199028593330e+00	-4.752930825737144982e-02	8.552319165739337148e-01
nan	-3.994021721470616959e-01	-1.267704304997571807e+00	-1.616522890454426209e+00
nan	-1.408350574446752601e+00	7.218418807756398214e-01	-4.270408687132356551e-01
nan	-3.094901416673182526e-01	-9.039025182404440972e-01	6.359554028336045217e-01
nan	1.824538713937978729e-02	-5.274624152811551170e-01	-1.043020838617394919e+00
nan	-3.766899661343585670e-01	1.040328737888819743e+00	-1.942892055131102191e+00
nan	4.930950103224183145e-01	1.295173593723575767e+00	5.827370208623550152e-01
nan	1.230606757352239899e+00	1.012472263238049175e+00	-9.085620255504782694e-01
nan	5.682035087104572169e-01	1.243049354521994498e-01	6.637610891708654870e-02
nan	-9.346587011742419904e-01	-6.787253786912557096e-01	4.146558231432765917e-01
nan	-1.362974716956752097e+00	4.254097561457506060e-01	-6.834260938533179841e-01
nan	3.764679306322513686e-01	-1.024468655330253331e+00	-8.914404927829301384e-01
nan	-2.138271094848597009e+00	-7.920121961878467953e-01	-1.106682081093456782e+00
nan	-1.526996305610190952e-01	-2.546955812444102296e+00	5.082673639203169058e-01
nan	-1.317283306449979374e+00	-7.140096370651820568e-01	-1.145928541324114702e+00
nan	-3.286391941695659402e-01	-1.106948546619990204e+00	1.785500883559204999e+00
nan	6.850570080021070041e-01	-4.793655703253816847e-01	-7.802557138589106822e-01
nan	-6.730286524264350589e-02	1.348664008953752713e+00	-8.639984552785182625e-01
nan	-1.403417554748273566e-01	7.737817070250327944e-01	-6.592391850811893939e-01
nan	-2.318246838249689579e-01	3.336572051272172490e-01	7.537668815884059903e-01
nan	-5.173277002981719885e-01	-1.076793225229094375e+00	1.274949752116507629e+00
nan	2.792344070617677199e-01	-6.418421689447075806e-01	1.819052873458887554e+00
nan	-5.766292390789555522e-02	-5.963745565976066310e-01	1.649465266135303532e+00
nan	-7.314052845114100698e-01	-1.173860786792627481e-01	-5.848821401597719127e-01
nan	-2.303445845761169508e+00	-8.890056042062610686e-01	-1.868462033314230442e-02
nan	-4.221574537055110543e-01	-2.863895052566028943e-01	3.504691352746870936e-01
nan	-4.647507698791409902e-01	8.320594676241640508e-01	-8.759864653820127467e-01
nan	-1.650605771145623235e+00	-6.522824854521287463e-01	1.714014922673415819e+00
nan	-2.412992239748628975e+00	-1.403447912517284735e+00	9.323812965928149898e-01
nan	-2.143098316208112752e+00	3.911897133875277266e-01	-2.668330633866541346e-01
nan	-7.199426779140840615e-01	1.494942323442933763e-01	2.195459829304930111e+00
nan	-8.195271162815186416e-01	1.709271558197750507e-01	1.636528986809559605e+00
nan	-8.333198099113300339e-01	-1.422530238646858791e+00	-1.062690593600446043e-02
nan	8.202520073000745260e-01	-4.430695787416130682e-01	-2.041308538959861085e+00
nan	5.411698330502010545e-01	3.593054110726622286e-01	3.188876341793465130e-01
nan	7.187317145315041955e-02	-2.002164928162000201e+00	2.680482147095524792e-01
nan	1.431087757067631472e+00	4.380026098471702101e-01	-1.819004981360364814e-01
nan	1.978981688768710612e+00	1.212431851422827389e+00	-4.853157709790325014e-01
nan	-1.985572144805712869e-01	-3.896488831367569405e-01	1.030057208307305405e+00
nan	1.127439129032577370e+00	-5.645217518040546167e-02	-4.579869003550424145e-01
nan	5.809348969699961174e-01	-5.631981337852386416e-01	-1.197244091588044901e+00
nan	8.463177877970899932e-01	5.740122107546098418e-01	-1.042936039372716062e-01
nan	7.753320229422295817e-01	1.454479507629602431e+00	-3.880595918640258324e-01
nan	2.860836358649912370e+00	1.918585399214519871e+00	1.464980871534991458e+00
nan	1.859529490182316724e-01	2.335842623209058999e-01	2.305532259258390226e+00
nan	-3.142625822673194014e-01	1.357936760945788857e+00	-4.572196432608922612e-01
nan	1.433131438640303512e-01	2.829857049742730002e-01	1.543710325389968663e-03
nan	1.254654527079695159e+00	1.288408694740461380e+00	-8.024639573159630945e-01
nan	2.258848934468836722e-01	1.510203906227670423e+00	5.017776120856828337e-01
nan	1.724456979262506851e+00	8.971739916912977453e-01	1.135745727843991304e+00
nan	6.093259242488475724e-01	7.473826762344900621e-01	3.981886818191274768e-01
nan	-1.272202636082719884e+00	1.084845327492501621e+00	9.738103753735012358e-01
nan	-9.018793993232429029e-01	-5.315578927904864859e-01	1.732564432311692437e+00
nan	2.893149017710350268e-02	-2.603565194954012840e-01	-1.674265471960916685e+00
nan	8.382496796614010703e-01	3.090535319331879638e-01	-6.915676165984698809e-01
nan	-3.020515419639293042e-01	-9.108780729797056885e-01	8.069735768646363328e-03
nan	1.305505389565129737e-01	-2.375453467992995060e-01	4.818903525612607819e-01
nan	-1.076431408326924966e-01	-1.258111902106558544e+00	-6.334283684632438516e-02
nan	8.165455991980186123e-01	-6.104067207248378146e-01	-3.899840577470802816e-01
nan	1.983218184767750136e+00	4.825701261807315290e-01	-1.441985908504795688e+00
nan	8.276476779061922029e-01	3.850143009827339258e-01	-5.816384598258797500e-02
nan	-1.276748134608616470e+00	-1.374613067435036751e+00	2.854923422548739098e-01
nan	-1.741055180333785923e-01	-1.035910659900427966e+00	-3.315701279663013645e-01
nan	-6.313408302188203702e-01	6.446610885096473176e-01	-2.667441981314835342e-01
nan	4.620657714311926512e-01	6.284063196698569387e-01	3.960508556532053859e-02
nan	1.126720257017034932e+00	4.024220154268878802e-01	5.636531599183913777e-01
nan	1.323738662232908148e+00	-5.103740687844330326e-01	-1.067081765482551070e+00
nan	1.299929315795670670e-01	-2.252794438287931467e+00	-1.117111551352337750e+00
nan	-6.828610877619911701e-01	1.203864305293515180e+00	1.007522484686140807e-02
nan	2.449747648728701488e-01	3.723126079287583656e-01	4.108395112903098223e-01
nan	-2.435227940287015835e-01	3.694903412415201371e-02	7.127730219432977243e-01
nan	1.089651386857696025e+00	-1.180907867392790411e+00	-7.501682672827406084e-02
nan	1.092289688334872944e+00	3.920221339480357003e-01	4.070343663127491407e-01
nan	5.583828141829129121e-01	3.940989955693269264e-02	1.482593996171984507e+00
nan	-4.291801854616538181e-01	9.579786580043498923e-01	-7.159020017050538032e-02
nan	1.185625225865286625e-01	-1.070623510201236472e+00	-6.023196305305610343e-01
nan	-9.793865218640609438e-01	2.469788428208454234e-01	-1.756284069515155810e+00
nan	-4.820039351354415968e-01	5.204611511910088861e-01	-5.173561020664232402e-01
nan	2.040436820639978943e-01	-6.821097879177377976e-01	6.224983298948379984e-01
nan	-4.381894050998516033e-01	-1.141215136043739031e+00	6.943081896520504337e-01
nan	-2.308643418102740874e+00	-1.580187047195839689e+00	-1.495751812194648089e-01
nan	-1.273404475530050872e+00	4.895557331392852429e-01	-3.167035555338488795e-01
nan	2.326055561119748094e-01	-8.300741685206106113e-02	2.939225163222159987e-01
nan	1.339454982918073078e+00	1.831002529876140095e-01	-2.202988396947870076e+00
nan	-5.377939624756289394e-01	8.572620913564032996e-03	-1.579757369191713501e+00
nan	4.890762333256074568e-01	2.880855436566037708e-01	1.361584369477466527e+00
nan	2.203406487428120897e-01	-1.912745858631092588e+00	3.175786542980607585e-01
nan	-5.441595704935068278e-01	5.951991893846608761e-02	-1.582037145429814329e-01
nan	-2.532391947739596638e+00	2.628635526242456555e-03	3.058529199690939934e-02
nan	1.958009889755549793e-01	-1.430421586031802805e+00	-2.356302338184526057e+00
nan	-8.185529301822949133e-01	-2.291024093723082800e+00	2.297102855883652595e-01
nan	7.411581153677556655e-01	-7.907960975714249940e-01	-2.025494268698169620e+00
nan	-3.604813585102269458e-01	-3.718051563251447145e-01	-1.729434854714351877e+00
nan	-6.332047327409422444e-01	1.940398787002429459e-01	-6.043404021856011443e-01
nan	-7.770596175634971736e-01	-9.445123665504323585e-02	-1.072210980235748456e+00
nan	-3.329233597141575962e-01	-4.604557486712876901e-01	2.695523016829282636e-01
nan	-2.172302428452353995e-01	-1.916328475444039725e+00	-5.119860813602685745e-01
nan	-1.526385227211648488e+00	-1.057520947467356143e+00	2.689571361707792096e-01
nan	-1.174176742067952750e+00	-1.378236239694768939e+00	-1.282013228367578028e+00
nan	-1.085594945924467369e+00	-1.555105715708019698e+00	4.032846707061267244e-01
nan	-5.299603889990067707e-03	-1.901950200476832942e-01	-8.321711921329790762e-01
nan	-1.922060317420154485e+00	-1.895214815326461633e+00	-4.151080485331763992e-01
nan	-3.129586795808003252e+00	3.523825539829001929e-01	5.092109591964011361e-02
nan	8.076421024177717900e-01	-2.813673707874220220e-03	-1.102037939967731583e+00
nan	1.086135397715757289e+00	2.130881944004576756e+00	3.723378913962042680e-01
nan	1.068634062508048377e+00	-1.400000804838958945e-01	-4.059424997499655463e-01
nan	8.379545817845046596e-01	7.992093404173765681e-01	-1.597344060029606050e+00
nan	5.681232367889651469e-01	-4.851004677053744052e-01	4.002807010757572503e-02
nan	1.400771022006085942e-01	1.113376447344081255e+00	-2.810210729024331666e-01
nan	-8.264341317894136063e-02	4.924449893681186463e-01	7.688304131035066380e-01
nan	-3.934256795755037284e-01	-1.968661996959022997e-01	1.707355582188502252e+00
nan	-2.037595821087757608e-01	4.602751049027314911e-01	2.102834086514856260e+00
nan	1.247974974613877963e+00	-2.121512944711065884e+00	1.054763647603909948e+00
nan	-8.616686888123158417e-01	2.738898983131874854e+00	-1.221793592454693655e+00
nan	9.862551247533963839e-01	6.207276123925812295e-01	-1.318811200901543468e-01
nan	2.828961639830893215e+00	8.541022592736391417e-01	6.973913472024415583e-01
nan	3.445272807184167618e-01	1.693147864391043367e+00	-6.626969805427890270e-02
nan	1.585868504786227984e+00	1.918538788605874679e+00	9.683068833897301442e-01
nan	1.325199088798670877e+00	-5.340679412263769077e-01	7.975174906133164487e-02
nan	2.610543289136034728e-01	-2.684166554652358538e-01	8.657216594112271402e-01
nan	1.940707021990446535e+00	5.356831772496649657e-01	8.030047248091267686e-01
nan	1.022567630275909689e+00	2.493677832689837892e+00	2.685842281241445306e+00
nan	1.369568721935900291e+00	2.051071605362780659e+00	1.239213832866997045e+00
nan	1.170691504700994257e+00	8.245796295961030919e-01	8.220128866530042044e-01
nan	1.659519802993685289e-01	2.568321738744827609e+00	-1.203048576545839854e-02
nan	1.398632693423242035e+00	-7.192497474931269785e-02	2.558591392879667747e-01
nan	7.304373842445588405e-03	-7.610866714582882331e-01	-3.778526920346270135e-01
nan	6.109262496745526683e-02	1.229614961418217800e-01	-7.721437995260675979e-01
nan	-5.677027735238062700e-01	5.913072267069539034e-01	-1.122589924824738183e+00
nan	-7.975149677915538415e-01	-4.639227045114753811e-01	1.032925690159844367e-01
nan	-9.825831233995514502e-01	-5.932188940255455067e-01	2.882112011150117503e-01
nan	-6.842238069690441682e-01	-3.134548437795204645e+00	-1.252983478769672532e+00
nan	-2.101193668043076279e+00	-1.314457704164791352e+00	-2.356438042564994895e+00
nan	-1.397742586207080695e+00	-1.975026278602974861e-01	-1.862313520831999858e+00
nan	-1.878264457063705262e+00	1.332504837405714126e-01	-2.600760854665980504e-01
nan	-1.670361090626681921e-03	-9.029189307151402888e-02	2.353654314742851250e-01
nan	-7.016115428915815633e-01	1.088316343686591553e-01	-9.724687178606341575e-01
nan	-7.730929211263930512e-01	-6.509417514604340926e-01	-9.752085774832552900e-01
nan	-2.316305059316957848e+00	1.863370635880755799e+00	1.248212382176066448e+00
nan	1.287421709248066426e+00	3.668436131747326856e-02	1.636791546116163953e+00
nan	1.847694487246373418e+00	5.594737192623213673e-01	1.849469446058888078e+00
nan	7.383532765492860639e-01	5.683209784820033583e-01	1.110612359142398198e+00
nan	1.208500296227778437e+00	6.631176918067920312e-01	-1.962960820773627102e-01
nan	1.598612169782784309e-01	2.222204476074259638e+00	2.393945969640090543e-02
nan	1.174550822093922919e+00	2.173126689596022842e+00	1.553726379822548687e-01
nan	2.055557234018393853e+00	4.238515191133179760e-01	5.915263504451742094e-01
nan	1.216001922280282477e+00	1.059762884216981726e+00	7.532854760531892957e-01
nan	6.107712377620404531e-01	2.991420961163114844e-01	-2.795932511982699431e-01
nan	4.220946514711620412e-01	7.375475052927535913e-01	4.669587879047929491e-01
nan	9.259277303396200587e-01	-1.500889761213043627e+00	2.362554079428487996e-01
nan	-9.741963331605102416e-02	-7.750164726982999852e-01	3.292349387923887982e-01
nan	2.037926004702200755e-02	-1.391331366009560089e+00	-2.247286130055955233e+00
nan	-1.075228768037455485e+00	-6.547681012821917612e-01	-4.540141789183280707e-01
nan	1.151574304922986514e-02	1.395810905611872821e-01	4.555367887288694906e-01
nan	5.187903416063180950e-01	1.494459113391929939e-01	1.334436615395664383e+00
nan	5.424468055859408278e-01	1.520352260422666912e+00	1.742605329706715889e+00
nan	3.674864190369875327e-02	1.594703784734353480e+00	6.285312642355005419e-01
nan	-6.740516638033355878e-01	9.331171056957914267e-01	1.090593692017901351e+00
nan	-6.343951902165163581e-01	4.358004582143634731e-01	6.074134885813462503e-01
nan	-8.699339798712828475e-01	-1.273162246763111405e+00	-1.443298879316653460e+00
nan	-2.494342519195619445e+00	-1.145006709438125547e+00	-5.818906129283912820e-01
nan	-8.425424986328903243e-01	-1.745958318400774534e+00	-1.211868134879603875e+00
nan	-1.184061636687931074e+00	-1.597596918123945997e+00	-2.015940747037124892e-01
nan	-4.815550173972102943e-01	-2.238185617786638382e+00	-2.985509734640203194e-01
nan	-5.938104607491532239e-01	9.888061707378987819e-01	3.838882543499012590e-01
nan	-3.179769494972101707e-01	-5.245494043517002769e-01	1.924775521471050022e+00
nan	-1.110513878528045728e+00	2.475084732132147303e-01	8.974020002870051194e-01
nan	1.717651022940051009e+00	1.127870508711968922e+00	6.766690425654611207e-01
nan	3.604398020495680477e-02	3.289222581126297618e-01	2.190062231878230126e+00
nan	-3.898786663832504717e-01	-3.858734424068263613e-01	-4.959325365266712415e-01
nan	-1.213215148181127634e-01	-4.368482126289693901e-02	-4.866921942497273168e-01
nan	-4.588729184687754814e-01	-1.318662961695930669e+00	-1.789519539297658446e-01
nan	-1.120205018901306859e+00	-1.082035959805969227e+00	-1.888361192693283286e+00
nan	-9.616494275598690411e-01	-8.940405872771718387e-01	-4.816624527004059741e-01
nan	-7.725136494069325677e-01	-1.654034123095195485e-01	6.051793737154749220e-01
nan	-1.742651075912825087e+00	-1.369086224642064031e-01	-1.056628250849187767e+00
nan	1.367831473784172358e-01	2.955365249522757809e-01	-1.710764571950400548e+00
nan	9.294071804226258227e-01	-2.963711047235979557e-01	8.738729954331800887e-01
nan	-2.762075758139871162e+00	1.900081924577027070e+00	-6.049660521556751713e-02
nan	8.799573181514526166e-01	2.367546522135715037e-01	-7.832434542510928743e-01
nan	1.284528288941980456e+00	2.801309649188554740e-02	-1.076958188215001444e+00
nan	3.159635169011604239e-02	2.254266215189654865e+00	4.473639173473084041e-01
nan	1.133028097786864308e+00	1.500948706840673719e+00	2.134716145019617706e+00
nan	1.664258639321421596e+00	2.510453754611427613e+00	1.091639454549587995e+00
nan	1.589036078404241215e+00	7.679729188001157558e-01	1.657887514555857145e+00
nan	1.442215319578810995e+00	2.312610298273182430e+00	2.686260673783179009e-01
nan	1.941000613697664967e+00	-2.633943081237772876e-01	1.488194763981999014e+00
nan	-3.176923391989844303e-01	-1.441628081236830727e+00	-3.600962629077441579e-01
nan	-1.822613555708387789e-01	8.336113571303427339e-02	-6.132198137838924534e-01
nan	2.154695736642603110e-01	-1.891247248307529993e+00	-1.240229642046380976e+00
nan	-7.127327763494537560e-01	-9.520920107954569112e-01	-2.881579858404190730e+00
nan	8.715726540780054377e-01	3.363182045352303140e-01	-7.439821290821377886e-01
nan	6.755525871664862514e-01	2.726315635153499506e-01	-1.782446507679950498e+00
nan	1.324340560268092160e-01	1.860190448824101672e+00	5.128492493359932958e-01
nan	-2.632930169096610484e+00	-7.358207889925477696e-01	1.297428856206855885e-01
nan	-1.191943927347291599e+00	-1.156200929662301258e+00	-9.247723559667078153e-01
nan	4.403635721434798755e-01	-2.945575261136564649e+00	-7.276379456061635720e-01
nan	5.304978142218976789e-01	-2.597423741847698864e+00	-1.583671948581178324e+00
nan	-1.674418464442025689e-01	-3.215020352818393490e-01	-9.750441718208178177e-01
nan	-9.876137255062972242e-01	-1.106412849866076353e+00	6.547187967401739694e-01
nan	-8.329984280184211665e-01	-2.168329068098926449e+00	8.953583772094055870e-01
nan	-7.271974942625001326e-01	-2.602994818488817863e+00	-1.099213208358684968e+00
nan	1.354076946779013024e+00	-1.225055210472745015e+00	-7.018695561451464560e-01
nan	6.204556762754394050e-01	-3.471856464818335875e-01	-6.949177773073169639e-01
nan	-6.214394312084652316e-01	-1.185474857616842570e+00	8.525660741445761914e-01
nan	1.529903849564805629e+00	2.549044772772289802e-01	-1.194744089502360440e+00
nan	6.852871177847523754e-01	6.281802512021544826e-01	-2.609412441685764472e-01
nan	-4.245862771215086484e-02	1.053587189497084742e+00	7.994765569006346828e-01
nan	7.923010689650136218e-01	2.651630492784625037e+00	1.048753894711844215e+00
nan	2.070535208352381140e+00	1.656084887440115727e-01	5.066037235693782170e-01
nan	1.340281876894801050e+00	1.478359143900906059e+00	1.915608760353698869e+00
nan	1.068408413868644047e+00	2.630131771960086962e+00	1.665953606394988018e+00
nan	9.516704773687406638e-01	2.168084600484163627e+00	8.797067678380072753e-01
nan	1.984654127157458703e+00	1.748082970833430005e+00	2.319747954505946286e-01
nan	2.680416684133045013e+00	4.309420600653864897e-01	1.844958561012914000e+00
nan	1.621638593198602596e+00	8.869655517107871701e-01	1.955779824637428943e+00
nan	2.012072756994117029e+00	3.176745772938572299e-01	7.297595227119668682e-01
nan	2.102523406406088036e+00	1.807832146626653591e+00	1.592316713219894764e+00
nan	1.127114196046958394e+00	5.721713250022635311e-01	3.191554990896930732e+00
nan	3.183622482145608057e+00	5.188236672456845167e-01	2.184682133537156901e+00
nan	-3.334421573903998404e-01	1.703874291279887210e+00	1.020949068389390924e+00
nan	1.240737870576215096e+00	5.323846750677073691e-01	3.537955577588314249e-01
nan	5.442648840821702194e-01	-7.656481627882877339e-01	-6.821150265242763577e-01
nan	-4.110720318098371462e-01	4.178708512997788005e-01	-2.203587318170141973e+00
nan	-2.368377591536287574e-01	-1.319413721753700974e+00	-9.393948219651935272e-01
nan	-5.430231856375306032e-01	-7.013972099090828305e-01	1.339986071890513664e+00
nan	-1.698947728582013150e-01	-7.482147477887486353e-01	-1.189316217010848886e+00
nan	-4.936326933985849541e-01	-2.366014669886072230e+00	-8.719611980374136762e-01
nan	-1.364224013411896586e-01	-1.121750983819613356e+00	-1.685762878886725380e+00
nan	-8.803488977776392499e-01	1.016803617228572154e+00	-5.082581321229284743e-02
nan	1.487529358273729008e+00	-1.074241509775428094e+00	6.653788444751878028e-01
nan	-1.690177813414294405e+00	-3.098380425400156235e-01	1.925639682696310695e-01
nan	-8.141115769498681320e-01	2.347901251643743636e-01	1.160098202172280324e+00
nan	5.175953075685246763e-01	2.950110720561210931e-01	-3.546784544444099851e-01
nan	-4.294550653985498845e-01	-1.022515709892305891e+00	-1.705328055391565067e+00
nan	2.395538189762002723e+00	-2.257817901324937981e+00	4.633154285773236625e-01
nan	2.238584768109959378e-03	8.337336108711380644e-01	-1.170757184631646464e+00
nan	1.268498796863175571e+00	1.716853551323232363e+00	1.846308373462614283e-01
nan	1.409799728478901892e+00	9.460265218121189923e-01	-4.162144388737776257e-02
nan	-3.282459689263826919e-01	-9.614072457222965218e-01	1.419594504793078027e+00
nan	4.761492677405948504e-01	-4.645425596552489877e-01	4.986608388136909431e-01
nan	-4.459149934370985058e-01	-2.107430930124322976e-01	-1.517721707225394345e+00
nan	-6.921476658934923032e-01	-1.449214363418308116e+00	-5.811056938151470952e-02
nan	7.393108757354085459e-01	-1.549192009605760090e+00	1.006227231187777571e+00
nan	-7.607189136821614905e-01	-2.154403453049802408e-01	7.829953191624211550e-01
nan	-1.651495606544947758e+00	3.981723584418137007e-01	-8.860460020588414309e-01
nan	-3.024262879443606611e-01	9.070070121912476857e-02	-8.748149968461710335e-03
nan	-1.002608504573224257e+00	-8.267890457707843810e-01	6.161382517516771073e-02
nan	-1.729671165522195242e-02	1.741737723535615512e+00	-8.358260996830280121e-01
nan	2.019178507863320871e+00	-9.692287555485831207e-01	-2.018266063082393980e-01
nan	7.191184014332716590e-01	1.449736477729029138e+00	6.457203450932123001e-01
nan	3.647104645263870570e-01	1.435046771222614037e+00	1.143906000291007308e-01
nan	1.409043236796101883e+00	1.578459362152843326e+00	-6.625955255126174670e-01
nan	3.152995456226298510e-01	1.275576264712208197e+00	-6.466160478959331881e-02
nan	-4.692985238292223804e-01	-2.746003095966119134e-01	7.763986460441857362e-02
nan	1.189063288834200371e-01	-1.892351613367817098e+00	4.539512210449281882e-01
nan	-1.553615112865932346e+00	-8.357563209121507963e-01	-4.170905386943427051e-01
nan	-1.181039472666002510e+00	-1.976042209897149515e+00	-7.688930506933376874e-01
nan	-9.908971909834786151e-01	-2.159221217069405840e-01	-2.047871260774421387e+00
nan	2.290753275695623370e-01	-9.039545800196975289e-01	-5.290298799977299904e-01
nan	-6.926113920297305437e-01	2.968987754243540000e-01	-1.220814684204873268e+00
nan	-1.534365242849158539e+00	-2.709595466051942125e+00	-1.061178476541650428e-01
nan	-2.069705199597053902e+00	-1.123810869874699359e+00	-5.268539178178581750e-01
nan	-7.524223793663739057e-01	-8.812005758247923870e-01	-5.118428305571842696e-01
nan	-7.673066378526696152e-01	-4.293386629761630213e-01	1.527522290598760657e-01
nan	1.064648959473068812e+00	1.084258074198416688e+00	1.637572825484397532e+00
nan	4.809949744177172137e-01	7.145965480157342453e-01	2.162305023305944207e+00
nan	-8.220539415778809200e-01	1.206746244442780336e+00	-5.294417598358768240e-01
nan	5.805519480371883895e-02	1.602106681676357391e+00	3.509654620412075987e-01
nan	1.905993853152901929e+00	-2.899689813641695424e-01	7.611753242938867903e-02
nan	1.142600737201929562e+00	3.175248072226007356e-01	-1.291762362457632651e+00
nan	1.107254902144755748e+00	1.537213026272123084e+00	-9.822200248502723774e-01
nan	2.241651766714519933e+00	1.109679855698697759e+00	1.251875273731594573e+00
nan	2.814054506278029777e-02	1.640918168373300290e+00	1.535166221323882141e+00
nan	6.264093691560956856e-02	1.157783362948398675e+00	1.911556001047607811e+00
nan	5.745789770877659519e-01	1.854276024635812981e+00	6.488261201098675102e-01
nan	-1.769019368628010902e-01	9.400937644178862795e-01	2.584456956221377943e+00
nan	-1.530831697521984225e+00	-1.342826993068780395e+00	4.833282503662151841e-01
nan	-2.346654250881172743e-01	-6.497379451689238028e-01	-1.066095531530383500e+00
nan	5.222934711254629825e-01	-2.858112397886998668e+00	1.267746777165071448e+00
nan	-2.828950184697465176e-01	-2.677657401561754469e+00	5.525233291293176752e-01
nan	7.848578652516319254e-01	-1.586762252176807442e+00	-7.926949786031793899e-01
nan	4.815473059619357343e-01	-1.377457555715193571e-01	-3.455008392471554668e+00
nan	8.016376538233345173e-01	4.083070278248423501e-01	-1.831088822537942917e+00
nan	-5.994863518737358898e-01	-7.942665680042042542e-01	6.123333351650367407e-01
nan	-5.116656226854003897e-01	-1.260768575972341488e+00	1.284920867642704412e+00
nan	-1.524623741939602040e+00	-1.226757724987450615e+00	-2.348063942003467131e-01
nan	-6.873717653773359082e-01	-3.707469973512789174e-03	-5.560768884117264221e-01
nan	-1.117462050675487761e+00	-1.468572381581946251e+00	1.787018760840020093e+00
nan	-2.052582351858118770e+00	-5.707754220087130070e-01	1.072619847137017857e+00
nan	-1.054143011439347521e+00	-1.087893100352258724e+00	4.323606320849369689e-01
nan	-6.690444026880282280e-01	-2.029527931737105995e+00	8.808195901970284902e-01
nan	-1.952824186978883825e+00	-2.014587902289543209e+00	2.453542530117330811e-01
nan	-2.834297073373494680e+00	-8.032877139830629787e-02	2.775905298393454013e-01
nan	-1.170739189666731628e+00	9.067808337089020565e-01	-4.900869685644249629e-01
nan	-4.393841203459801781e-01	-1.862951926200652197e+00	7.740832661920333813e-01
nan	-1.585091424418281214e+00	-2.107125802951816063e+00	-6.223503359453073092e-01
nan	-8.039149883523366569e-02	-2.676004862267324036e+00	3.839825395910296812e-01
nan	2.447210056529682820e-01	5.637761772146885342e-01	-9.665180000634165935e-02
nan	-1.378522035969942383e+00	1.864491791841123458e+00	2.338334046831838542e+00
nan	3.954785244647822107e-01	3.300161608284295223e-02	1.077817147150687438e+00
nan	2.758883900139547096e-02	1.905823270432073668e+00	3.037709179312212404e-01
nan	1.027427449602142717e+00	7.685153454554098928e-01	5.396144835887926039e-01
nan	5.505255024048263390e-01	-7.117451611567160441e-02	-2.465720502769574995e-02
nan	1.051271333548667641e+00	8.986552135853442813e-01	3.958699156079169557e-01
nan	-1.742602156220889320e-01	-1.152255773762952407e+00	1.109709526064136309e+00
nan	-2.338955687969312969e-02	-2.780298654804855829e-01	2.266707956196543916e-01
nan	-8.200191306985296080e-01	9.660933691723523620e-02	5.156283547806574941e-01
nan	-9.651469219480186545e-01	3.765404091748849602e-01	1.843132504161501872e+00
nan	5.564278243083644604e-01	-5.165759352158499906e-01	8.201297251405268440e-01
nan	2.109976965600596444e+00	1.367660843090094391e-01	-1.625233566439823196e-01
nan	-1.021548495075080831e-01	1.662760895645042147e+00	-2.921810062231714467e-01
nan	-5.037056828091623917e-01	3.020390888859616041e+00	-3.735181496271944290e-01
nan	-4.006830520693710485e-01	7.328038338624887071e-02	3.244648135346294704e-01
nan	-2.865354266589666965e-01	1.775833625462598375e-01	9.872172180548848264e-01
nan	6.331219935872672844e-01	3.584962103303424574e-01	4.041961360894226196e-01
nan	4.610616213006906161e-01	2.112412196976864442e-01	3.808836324147798491e-01
nan	-5.393403177914659619e-01	-6.850677403747029715e-01	9.258675099287456689e-01
nan	8.800993890768493699e-02	1.290701777469437928e-01	1.156145491657111446e+00
nan	5.842163710019513401e-01	-1.020146178976158557e+00	1.691353270760752148e+00
nan	-8.922591685019758412e-01	-4.881231190347102844e-01	-5.630836658598090683e-01
nan	-3.238960261725697398e-01	9.715143326500969012e-02	-1.516692586076378690e+00
nan	-3.065712919628929001e-01	-9.317848338293679422e-01	-6.882665745633975707e-01
nan	1.243039705906594294e+00	-1.307301225081573648e+00	-8.750088899861774294e-02
nan	1.570233708885779178e+00	-1.043175376793239462e+00	-1.094814224472622888e+00
nan	2.547468452818618667e-02	3.378761589034637858e-01	1.082127419387527434e+00
nan	1.099203272029898981e+00	-8.658333472263886055e-01	1.183386480814278663e+00
nan	-1.218753536200049004e+00	-2.151226663338710321e-01	3.740703480395224934e-01
nan	-2.963647489395829782e-01	-9.167222676836386253e-01	-3.661499773842971650e-01
nan	-3.784179995585850165e-01	-1.760017779031135765e+00	-3.801638884136967489e-01
nan	6.579694722168045740e-01	-2.802315794341764033e+00	1.413854808331934665e-01
nan	-1.185900221447987457e-01	3.708878848732966027e-02	-8.771399121062548598e-01
nan	6.088904504596172051e-01	-1.800483175582019424e-01	-4.519298835132928849e-01
nan	3.291743862602335424e-01	-1.252687755136278502e+00	-1.296723362658408485e+00
nan	-2.765271214510764408e-01	-5.409409283444985284e-02	1.372495193333365560e+00
nan	-3.768630532638811426e-01	6.556405007877499358e-01	-4.679777514864034149e-01
nan	6.711234172388461094e-02	1.144441593654070832e+00	-1.214716427250940090e+00
nan	1.950808601262055575e+00	2.478251388163583258e+00	7.246435667931274693e-01
nan	2.331621185176851796e+00	1.253116980766161292e+00	2.018629368686930992e+00
nan	-1.370678824102733007e+00	8.936515137851284152e-01	2.246030137115796244e+00
nan	2.731761460429890098e-01	-2.454800685127587645e+00	2.946214111295565319e-01
nan	-2.157312885623850485e-01	-1.050118871206030757e+00	3.535784740808937121e-01
nan	1.588596449331000748e+00	-4.493654968602578403e-02	-7.750482979955877205e-01
nan	1.525846971952362630e+00	4.984019520117989321e-01	4.745841611755557410e-01
nan	-3.088892062794930116e-01	1.142705781723331704e+00	8.225457666518867228e-01
nan	1.937822280045783163e+00	1.542268546670306772e+00	-5.432808395912607224e-01
nan	2.016556057421639458e+00	6.522738462977126783e-01	-6.883142450534396328e-02
nan	1.470370814959091277e+00	2.518289128969982471e+00	5.938787346019345215e-01
nan	1.235914486638174603e+00	1.284648128132022560e+00	1.129620450019438893e+00
nan	1.381523284824560882e+00	7.949585612365674958e-01	-1.385374310980261869e-01
nan	1.525484328703476056e+00	-4.032317755513108448e-01	-6.241855260535367211e-01
nan	1.397800109059629481e+00	-1.928190320547560899e-01	-5.718243078387146294e-01
nan	7.688272793387040949e-01	1.967713157581878258e+00	4.591485126103233005e-01
nan	-1.388920744322072132e+00	6.389797079768504418e-01	2.705221469125965728e-01
nan	1.688343399218940721e+00	1.207264227896048148e+00	8.562489611758110630e-01
nan	1.055363708338285411e+00	1.787697348461660729e+00	1.093678571479501427e+00
nan	9.533993117380301641e-01	1.592464232519587686e+00	-5.249888456317102214e-01
nan	-2.824843040749506207e-01	-3.613398395953190123e-01	2.646541728977225283e+00
nan	-6.545972665738266638e-01	-8.314837521292518518e-01	2.550914944140654228e+00
nan	-1.348614426377886089e+00	-5.995381446195366948e-01	2.243396428024082012e-01
nan	5.642243754384161925e-01	-1.229661010939290255e+00	5.834326829719767293e-02
nan	-5.594012032187017924e-02	9.039772697343302355e-01	-7.402196892398743566e-01
nan	7.867992110854538090e-01	-2.203356673152417899e-01	-1.545910868378226888e-01
nan	1.083073528872438462e+00	-8.074599798772732484e-01	-1.259010277139690270e+00
nan	2.390616283986033874e+00	1.578696472930572747e-02	-5.141909801136671510e-01
nan	1.131571964443195633e+00	-8.126060543603308428e-01	4.931768343670547838e-01
nan	-4.168009938383358537e-01	-3.565667755171764153e-01	-8.613901891890360929e-01
nan	-1.110137917750920522e+00	-5.490581946556822857e-01	1.155248601683039222e+00
nan	-8.110930800738800350e-01	-1.590876603594352012e+00	7.617632304585228442e-02
nan	-1.059081748152677971e+00	1.044462629394060649e+00	-1.308119975557609838e+00
nan	-9.115378236876935381e-01	-7.411652477577551634e-01	-4.557815777333406454e-02
nan	-3.020921198422356291e+00	9.196694859867320382e-01	-1.768208908352121522e+00
nan	-5.942252502406133452e-01	-1.827960515704384559e+00	6.844580656673231456e-01
nan	-2.702253256967128703e-01	7.548338303601643817e-01	-8.811864340785020566e-01
nan	-3.649974092225797273e-01	7.096460887251695437e-01	4.416300428071197604e-01
nan	5.129336119459478871e-01	8.586081187569690742e-01	1.739841127831154299e+00
nan	9.795058508265558350e-01	-7.896361432394608526e-01	4.575399391882861710e-02
nan	1.773365789465723985e+00	-1.077694979933372821e+00	1.041591115647370724e+00
nan	-1.200512002016119517e+00	-3.307881864407473671e-01	2.474028142301504529e-01
nan	1.727710043286201591e+00	-1.254791594493487539e+00	2.129524665727028920e-01
nan	2.657460430198719803e-01	1.852458282920028121e-01	-6.600611255600090654e-01
nan	-5.884363282114674076e-01	-2.593676368646606445e+00	-2.372815798901300788e+00
nan	-1.884621688144095586e+00	-3.108254116256126132e-01	-3.037285750338265977e+00
nan	-1.636474441145542302e-01	-2.705097441086264265e+00	-9.993478720393770276e-01
nan	-1.878950504353623874e+00	-1.553459829083122745e+00	-4.320870106754898243e-01
nan	-7.901666344594292513e-01	1.094017602405765954e+00	-7.783656460146839429e-01
nan	-1.250359410257027015e+00	6.635396700188331831e-01	-1.115676525073562519e+00
nan	-9.453760681392089915e-02	-3.316391325115274347e-01	-5.039123546049887326e-01
nan	-5.795923619548177808e-01	-8.572468294031485025e-02	-5.227340540305129846e-01
nan	-5.117923015302811018e-02	-5.578841591862495619e-01	-1.191309644477806406e+00
nan	-8.129347142021542405e-01	2.223024775847139090e+00	-2.191105310925421712e+00
nan	-1.252379680675292040e+00	-1.556868923341436117e+00	-1.770544449973437295e+00
nan	-1.408983949082242226e+00	-6.090387656448512654e-01	3.411381399309908469e-01
nan	-1.311688532908284355e+00	-4.298797848197244420e-02	3.626396861959345352e-02
nan	-2.586059392248660771e+00	6.127486137420263823e-01	8.207566951635356656e-01
nan	-3.741372714416597578e-01	3.250230373309817011e-01	9.053867643534818654e-01
nan	1.809820074416826019e+00	-5.451030456125740553e-01	8.184997378053203709e-01
nan	1.461360158690827138e+00	2.216370298394714666e+00	8.705860593439139761e-01
nan	6.351914791549509998e-01	1.318054399559425827e+00	8.754270543545752403e-01
nan	7.842393500347911717e-01	1.248303581989457900e+00	-3.436031763643191406e-01
nan	-2.436375915558464111e-01	4.579004938247985823e-01	-4.037648193243770223e-02
nan	1.134193991557190584e+00	2.523806292892098457e-01	-7.418686569048444923e-01
nan	1.929983050015408486e+00	-4.510904137659629831e-01	-4.557871781235501851e-01
nan	2.048718322355044252e-01	1.847880057992037584e+00	-2.774379998289692173e-01
nan	7.453181401695391228e-01	1.814719275287322464e+00	5.487214904522270675e-01
nan	9.336541523478338878e-01	1.331775667549833342e+00	1.262476936769834968e+00
nan	2.858386444432381879e+00	2.223297467805459560e-01	3.351923467434764881e+00
nan	1.234217638915483084e+00	2.388533649568352679e+00	2.040454804047517889e+00
nan	1.706573309629871193e+00	-4.580625971683236486e-01	2.117174924716118234e+00
nan	2.085202820630381648e+00	-6.979615249089072826e-01	2.818518018159922311e-01
nan	-8.146034917197459979e-01	1.687554828494775450e+00	-1.348375015038629554e+00
nan	1.919950262828801879e+00	2.985312903746254465e-01	1.677276205421089017e+00
nan	3.667144550571283523e-01	1.635253321256170622e+00	6.832945450413061561e-01
nan	2.374248001633917582e+00	2.219614204779383204e-01	2.341022695249905805e-02
nan	2.649533744958962878e+00	8.264856956013012512e-01	5.613800311951450128e-01
nan	-4.562156558282721708e-01	2.254023864561762291e+00	9.558000858742448091e-01
nan	7.026806796188381776e-01	1.883797375671960594e+00	7.774632789039457315e-01
nan	1.100673661779574708e+00	-7.872786178932167367e-01	-1.704985633255914346e-01
nan	7.127381665290360990e-01	5.490193453540743729e-01	4.052518045244010159e-01
nan	-1.263955092604516439e+00	1.108207084052333036e+00	1.359233847111922300e+00
nan	-9.003992254096973014e-01	-1.178779510754013188e-01	9.581378401712581372e-02
nan	7.089725732083027587e-01	-8.161021241717547614e-01	3.918107695013430258e-01
nan	1.734070990576492000e-01	-1.149741498204916168e-01	-1.715639658785716726e-01
nan	-4.426141920726623380e-01	-1.219410300081696708e+00	1.090705810780205454e+00
nan	1.112699911655206986e+00	-1.640972263997952485e+00	-2.000626134447579307e+00
nan	-3.518176250014106721e-01	-2.033510466079679002e+00	-1.539569444756646366e+00
nan	3.015077590063776070e-01	-1.791749088901554821e+00	-1.523138960009543297e+00
nan	8.884168685710835955e-01	4.818011576735173329e-01	-1.975644808199459312e+00
nan	1.849677147275617051e+00	1.035085525632575054e+00	-1.133661366226551781e+00
nan	6.981426183222649851e-01	-3.155244338967545525e-01	-5.194203787650042425e-01
nan	-1.728302534329928086e+00	9.199918179033598209e-01	-9.121862322942282386e-01
nan	-7.271665054110995063e-01	-3.257323730417034380e-01	3.989735927900220913e-01
nan	-1.834109313099795191e+00	2.374905283146311330e-01	8.056612660408335458e-02
nan	-4.736686163112505676e-01	-1.935474686874216310e+00	-8.733383819057202180e-01
nan	-3.086678494075962842e-01	-1.761573052079517865e+00	-2.909194915118324953e-01
nan	1.850358644207128478e-03	-8.908501347648292157e-01	-3.993843779904223679e-01
nan	7.004343296845170208e-01	9.225684290839504254e-01	1.316816747319554115e-01
nan	-5.190213727867913907e-01	3.359379051720532416e-01	-1.590677371005076113e+00
nan	6.700777635815349798e-03	1.285609104690361493e+00	-8.771190539663453745e-01
nan	1.485011751293158433e+00	1.861383235369363787e+00	1.001635383445300675e+00
nan	1.460955484516495595e+00	8.871831584901381795e-01	2.549203731804992934e+00
nan	3.178419422216797185e-01	2.038029783085552715e+00	7.014384766169087237e-01
nan	1.176575546076196188e-01	1.720192058893437181e+00	-2.448817752078569221e-02
nan	-1.218664809494462986e-02	1.363459979523118926e-01	-1.294666355446871142e+00
nan	6.755175779844986572e-02	-5.302140997921193089e-01	2.824347221124845486e-01
nan	-1.053411747442938307e+00	-1.285367554933241951e+00	-2.755739288703861201e-01
nan	-1.318056625840787754e-01	9.793921989552265561e-01	1.896633402772900379e-01
nan	-8.771089565995959791e-02	7.135186531496278128e-01	-2.538035585506634439e-01
nan	-3.482271370892170426e-02	-8.406506795647489261e-01	7.697569197117671846e-01
nan	-4.079682027733587679e-01	-6.598636049231207945e-01	-2.411290232003317213e-01
nan	-1.003012504995814513e+00	-5.530761901303753447e-01	8.463132647758917493e-01
nan	-5.645500484039311928e-01	-1.242873887767291130e+00	3.701591953791902312e-01
nan	-9.657963886328679859e-01	1.043798326314360203e+00	8.095674566952358875e-01
nan	-6.621804151499746660e-02	9.284209079020828703e-01	1.224386880434356950e+00
nan	-4.266780286754585094e-01	5.681100085450161430e-01	1.758593546541276531e+00
nan	-7.188899448674103132e-01	-5.508816641222860078e-01	2.025324211025275378e+00
nan	1.015313614707414325e-01	-1.271261158171224315e+00	4.391847612533948397e-01
nan	-9.730448177051282954e-01	-1.037712701307188734e+00	3.053654984945720630e-01
nan	-8.872185288091851696e-01	2.029811565766381776e-02	-8.091470726786775813e-01
nan	-8.360540209112696797e-01	1.455004468809418361e+00	-6.977601567340042665e-01
nan	-3.472859660034474105e-01	4.268625295511214168e-01	-2.370434554731853105e-01
nan	-2.084640012050671398e+00	-6.522782209376007945e-01	1.380784701677043147e+00
nan	-9.614875818077355252e-01	-2.548749041472458954e-01	3.350075689533319467e-01
nan	-4.431132648666663010e-01	-1.314556737406386899e+00	5.208703474113830084e-03
nan	-9.763137325018695911e-01	-1.285565006537915167e+00	-1.886141329511524523e-01
nan	-1.478314713358110710e+00	5.908209031699812597e-01	-1.584003504286863873e+00
nan	8.327891287512653173e-01	1.425083668118384495e+00	-1.883409481821830322e+00
nan	7.279996070576917333e-01	1.182500457205847955e+00	-2.431917850126723846e-01
nan	1.254881749740881514e+00	2.608613972506550471e+00	2.419100596408650383e-01
nan	9.379061864971875995e-01	2.119031041941247029e+00	1.042844587921325061e+00
nan	-3.145440150028415704e-01	1.359088362102050196e+00	2.433583584286778123e+00
nan	4.226837812599546496e-01	-1.157971545905592592e+00	2.771166081807144632e+00
nan	-4.449501656692500529e-01	7.946574341866505797e-01	3.394930776062878297e-01
nan	1.115454849976357243e+00	9.963294647144169680e-01	2.629773302135452462e-01
nan	9.760406829759662450e-01	1.731170548812028809e+00	-2.648213121574461426e-01
nan	1.023798448480654377e+00	-3.265908016493174193e-01	-2.543458647833229946e+00
nan	1.844132741760352301e-01	7.599421751471981956e-01	-1.312823594302141572e+00
nan	-9.885343197949212346e-01	-5.069091582625767645e-02	-1.056106573261360815e+00
nan	1.299584899143446215e+00	-1.029486723041914409e-01	5.831220462625443801e-01
nan	2.339913089762569953e+00	-1.318800970346675427e+00	1.708331497149487843e+00
nan	3.728873770936511622e-01	1.264218845102009547e+00	3.038531757691823043e-01
nan	-1.162960010925441656e+00	3.006927601150403140e-01	1.730725628561487373e+00
nan	4.405808568012068438e-01	-5.603953992593031508e-01	2.245226528780483566e+00
nan	-1.261536100525184612e+00	-2.178108360872217375e-01	6.004187353842614927e-01
nan	-2.193615592326444208e+00	-2.238756871521017933e-01	1.074371539865314418e+00
nan	-1.864696424459263424e+00	3.953123229390047566e-01	1.245964357474290685e+00
nan	-6.398386129224304941e-01	-1.325319030653774099e+00	7.034419993040447183e-02
nan	-2.627236260206903040e+00	-5.285853826965891678e-03	5.572324212721648795e-01
nan	1.989853247965127636e-01	-1.488899984841368429e+00	2.782437229458633587e-01
nan	-1.611224945449739321e-01	-1.022058274861872285e-01	3.500674682073129373e-02
nan	-1.489177066010834161e-02	-1.624134768813523699e+00	-4.260085496126033711e-01
nan	-2.237745737592999440e+00	-3.025278443483349733e+00	-4.681445339732244193e-01
nan	-3.171369489529651808e+00	-1.149895347123713218e+00	-1.850292509263643304e+00
nan	1.485629460760480303e-01	-8.149428550106618818e-01	-1.820771266516856501e+00
nan	7.921103129706706936e-01	1.713825461894717961e+00	1.086311459020135040e-01
nan	6.147432963623269409e-01	-5.904085112503699717e-01	1.100899452206149265e+00
nan	1.054135625487952810e+00	7.538705753382181074e-01	-8.653811257486297981e-01
nan	1.834800390010310922e+00	4.502514233011923883e-01	8.994774982024082988e-01
nan	9.172321287425064806e-01	-2.030400812276814015e+00	1.482418292546119343e-01
nan	-2.031371495824354056e+00	-1.683042751501210965e+00	-1.128239299820464225e+00
nan	-1.024040199112557836e+00	4.328865476660987976e-01	-2.247639170643465523e+00
nan	1.054977582996076135e+00	-4.714367402585887268e-01	-9.778657497491648476e-01
nan	-6.526412402423431569e-01	-1.486542072619648491e-01	3.137349198865054256e-01
nan	-1.250043966594484690e+00	-1.680070268967652214e-01	-6.484235688849012691e-01
nan	-5.192706438711818251e-01	1.005555819366522052e-01	1.618718892131098208e+00
nan	-5.423611323037853538e-01	-8.723665945492254936e-01	2.469036178620004351e-01
nan	-1.034736477473658933e+00	-1.157482332413766635e+00	-2.433438415280858025e-01
nan	5.977097999363264469e-01	-5.585764584688817092e-01	-1.541009816346039285e+00
nan	-5.732160993692272388e-01	-4.154914406257095849e-01	-1.240388424612987706e+00
nan	-3.392495673815398849e-01	-2.338092520269186458e+00	9.081866678525853942e-01
nan	-1.675888325354304209e+00	-1.059197312523981749e+00	-1.073635378043890976e+00
nan	1.570231980228527169e+00	-1.497087630278890913e+00	4.199077688076158221e-02
nan	-2.352358684160233970e-01	-1.762995355272363396e+00	4.857097088525773043e-01
nan	1.390242218459493140e-01	1.072360514826212086e+00	8.048612143813869135e-01
nan	-8.346945260167298875e-02	-7.282375003852090689e-01	2.890258940188130121e-01
nan	2.914459573241522938e-01	-8.269634783254538046e-01	2.599282352891393311e-01
nan	-1.328214264876421469e+00	7.820249297842581937e-01	-2.062096874954560288e+00
nan	-2.130678522168380162e+00	-2.725016928302421260e+00	1.418829969353154752e+00
nan	-3.494427745698404753e+00	-2.287187303434327745e+00	9.549828899927722548e-01
nan	-1.622978690226116960e+00	-2.389208962535747105e+00	-1.581742078172390098e+00
nan	-3.281845260935964070e+00	-4.189769146421622459e-01	-1.654103980970182963e-01
nan	-1.343959797101202946e+00	-2.761986062173464873e+00	-7.948417870584743861e-02
nan	-9.685763047178845842e-01	-1.229198935410723115e+00	-1.346693960418324787e-01
nan	-4.348871873940755028e-01	-7.115371352164265861e-01	-8.053185324196354689e-02
nan	3.621436195875675779e-01	2.262698104488265471e-01	9.917952915605888764e-01
nan	1.211054531863256178e+00	-3.775931053403350779e-01	1.355502639598292092e+00
nan	4.889887997451719537e-01	1.082088105924678967e-01	1.453653456548595901e+00
nan	-5.368696016876588484e-01	4.725889661698011723e-01	3.682677460334508046e-01
nan	1.212067078024763989e+00	1.264223568367626616e+00	5.439139327058977180e-01
nan	7.077951090280820701e-02	1.350214114664447962e+00	-4.304082743667668742e-01
nan	-1.353890394935374886e+00	1.232757338106064360e+00	-2.856002040097191386e-01
nan	4.830242236117635590e-01	1.863448901159785454e+00	1.094964220549128786e+00
nan	2.125030597231563623e-01	1.957741148746710458e+00	2.405680551868107031e+00
nan	1.123104793259286360e-01	7.407188769569862385e-01	2.250115629727800659e+00
nan	-5.539243494138708090e-01	-5.990164411097560482e-01	1.820020889635990846e+00
nan	-1.911625627905711722e-01	-6.805415413049105133e-01	4.264285274529862058e-01
nan	5.892397961039286258e-01	-1.411496082342631464e+00	4.154497975453268488e-01
nan	1.982255102925878087e-01	-9.141869927406495178e-01	-7.985256003594886076e-01
nan	1.810013584171540069e-01	-6.695114476978433760e-02	-8.740286251584923338e-01
nan	8.531027962999448988e-01	-4.496264545903070897e-01	-5.753342186951990733e-01
nan	-5.929413510652914443e-01	3.925079708543350865e-01	-2.191042610765103760e-01
nan	1.671717741166293569e+00	1.148004142993615639e+00	5.709185708448814012e-01
nan	1.269732969454679505e+00	1.283925592834927354e+00	1.062006637236520001e+00
nan	-1.263665233027200907e+00	3.070646988628507046e+00	2.439082124060018675e+00
nan	1.773707805587463771e+00	1.252946736095729818e+00	2.013576791476125116e+00
nan	-7.866290093814782836e-01	2.460315358731183011e+00	2.005180584180907388e+00
nan	1.319373130049557474e+00	7.586930736049135593e-02	1.691751113477796054e+00
nan	2.096111949706055189e+00	-4.492658990929726537e-01	3.998131984090602109e-01
nan	2.076087825948865984e+00	2.831588438943293262e+00	-6.861310986161782699e-01
nan	2.167147454675895091e+00	1.633343141265008125e+00	-3.692663929388384503e-03
nan	1.990050182887535657e+00	1.235027261462312342e+00	-5.338998310657230295e-01
nan	1.689323714060237069e+00	1.548194504001588534e+00	1.755231701480425288e+00
nan	2.614163081110199904e+00	4.285102801476152745e-01	4.160756676543908572e-01
nan	2.454240514845222876e+00	2.032271286224474061e+00	1.419194974245205465e+00
nan	1.694426648687787251e+00	1.901067430646698364e+00	1.382656124706493461e+00
nan	-1.621391479478639930e-01	9.026767004214628631e-01	-1.334779938396722931e-01
nan	-1.033141831084583240e+00	7.599083684369760672e-01	1.306545337336359580e+00
nan	-6.177416791584484645e-01	-1.833224356187213022e-04	1.738757109478388685e+00
nan	-3.414916973064027750e-02	9.199319635527976047e-01	-2.605443443678959747e-01
nan	1.098628318403504611e+00	-7.122084805269390806e-01	-3.950423422535898066e-02
nan	1.471533578036334333e+00	-1.241069139822559703e-01	-8.885000769240344876e-02
nan	3.675438655335932503e-01	6.886597050383480578e-01	1.426683285211781227e+00
nan	6.869032669999669549e-01	1.306698143510939714e+00	9.461230479026745410e-01
nan	2.714182435231146107e-01	1.483196938009091248e+00	3.139342579535270517e+00
nan	6.418274257792011550e-01	-6.401393463306259690e-01	1.284291013708262152e+00
nan	-4.972897093830074833e-01	-5.602430675824525697e-01	1.761626518941557862e+00
nan	-3.823295047307480599e-01	-7.588828291759700528e-01	-2.316915598217280658e-01
nan	-1.627768811731880039e+00	-3.832502615158480674e-01	1.058027723132217268e+00
nan	-4.671987009291304060e-01	2.506183087602013027e-01	3.624229323751304577e-01
nan	3.132483129945602962e-01	2.248731759103224648e-01	5.063883006604283921e-01
nan	1.126548564354547644e+00	2.153660359797890944e-01	-5.335631603430252001e-01
nan	2.288117222570837939e+00	-2.775816422767575231e-01	-3.602786845403323918e-02
nan	2.437667606983985102e+00	8.544047039405474608e-01	3.144323943456963644e-01
nan	1.413787927067660322e+00	3.902542626139686721e-01	7.898149680423079966e-01
nan	1.105144765170668952e+00	-2.805653684100181122e-01	1.851036387363782509e+00
nan	-1.109190682736495681e+00	1.186677644080852634e+00	1.983452784454363016e+00
nan	1.538034795537731869e-01	-3.356418535545850346e-01	2.527088618550739518e+00
nan	2.120583900674844757e-01	-1.305333856236486900e+00	9.517921013177981227e-01
nan	7.316842939204588614e-01	8.591222120873547308e-01	1.228065461908585537e-01
nan	-4.044454955744279934e-01	-5.828498199177296613e-01	-1.460494982688033794e+00
nan	-1.874648253315626678e-01	7.767559945416118161e-01	-2.055111423178971108e+00
nan	1.210418410758179242e+00	1.298639557811879508e-01	2.097152830507318377e-01
nan	-7.993471587516371990e-01	1.031388736258477490e+00	6.869633888433293034e-01
nan	1.724990538800650786e+00	-1.359800733446708154e+00	1.453672605787286187e-01
nan	2.764344868063406957e-01	3.711295330559552519e-01	-3.753077199279366560e-01
nan	-2.017308435692573287e-01	9.319286527571901679e-01	-1.759397132488705051e-01
nan	-3.798282858454963273e-01	-8.407084478420925322e-01	-1.363663070917368270e+00
nan	8.614384260811647209e-01	1.004035116051044341e+00	-3.733670996335376469e-01
nan	7.210832241688620581e-01	8.717562971258507876e-02	7.761110003430302662e-01
nan	-1.500853947187034410e-01	-2.254727413037160566e-01	-5.337017286832779206e-03
nan	-2.095525558375884945e+00	9.311490536573641119e-01	1.647521180891846848e+00
nan	-3.751055153947789877e-01	1.459548214345761874e+00	8.553659182402155725e-01
nan	1.438761246184582454e+00	-1.423122983844341327e+00	1.142253157606726521e+00
nan	9.060660950202328312e-01	-4.037270960893816762e-01	-1.010609495376236566e+00
nan	-1.991799596859761823e-01	3.230701112582587409e-02	4.994131583715059608e-01
nan	-2.516801839375077399e-01	-1.931021183436081035e-01	-5.678853255180160708e-01
nan	6.570677125970683097e-01	-4.758002986742621010e-01	1.348147415074701261e+00
nan	7.272129371016902155e-01	-6.663759970632605611e-01	1.296662024359475751e+00
nan	-3.375267350449375203e-01	-3.593403967047855696e-01	-3.770221812135050588e-01
nan	-3.791186090468700587e-01	-1.998037002142538432e+00	-9.487324582178315868e-01
nan	-1.385928814524696850e+00	2.258525376987217115e-01	-1.119746212084602455e-01
nan	7.599026720498451848e-01	5.344803742207320241e-01	4.954204031246265405e-01
nan	-3.160492155440094431e-01	1.818948998420731655e+00	4.890776382220633489e-01
nan	1.749271703008929535e+00	-5.975588272041679749e-01	7.778370808239013501e-01
nan	2.370478069427988554e+00	-7.260591335980655092e-01	8.414816882494934314e-01
nan	-6.770492714327052131e-01	1.406935351701730674e+00	-5.325401755999676912e-01
nan	9.978592640427593752e-01	3.357932810211999297e-01	-1.466395159099543211e+00
nan	9.317782953700486370e-01	-1.197227334993357650e-01	-1.310809548477130104e-01
nan	-2.223424381560702656e+00	1.332390406513184189e+00	-3.067087837816220852e-01
nan	-1.556986919634630429e+00	-6.016577524098041252e-01	6.700455793858057785e-01
nan	-2.870005244871704164e+00	-2.495281784600410280e+00	-1.364312508040334215e+00
nan	-1.503954625665592459e+00	-8.754393879856596783e-01	-2.746456037258476757e-01
nan	-8.277029409955974915e-01	-1.840575817798113079e+00	-1.215492455343601508e+00
nan	-6.364858200144487554e-01	-6.250766047707158046e-01	-9.209599376127963755e-02
nan	-8.229766099584989725e-01	1.242112064941782168e-01	1.369994928762383157e+00
nan	-5.989301770707844419e-01	-6.261965087846019795e-01	2.424086340318307276e+00
nan	-1.566513563453632574e-01	-5.906963100064763772e-01	1.166582966047728043e+00
nan	4.462930762940383600e-01	-8.209072401471108060e-01	1.421163333231341142e+00
nan	-9.969767750721262312e-01	1.058719704866632361e+00	1.739218000435981404e+00
nan	-2.717935617094365819e-01	3.269682574475546444e-01	2.512119896529607654e+00
nan	-2.163577282932513043e-02	-5.555924895132704489e-01	-1.312603081873789046e+00
nan	-1.199914843852104340e+00	-1.851643553145120302e+00	-1.695737225312746066e+00
nan	8.278913073823560564e-01	-2.422009308933502414e+00	-2.019241119816620689e+00
nan	-1.988840696619794679e-01	4.766559027285540151e-01	5.390492317115966880e-01
nan	-3.407657008023311507e-01	1.908443460004048520e+00	-1.712916639338319280e+00
nan	6.069925662826936019e-03	1.287311005209055725e+00	6.876769001567592521e-02
nan	-1.090085578513926956e+00	2.686957899343592970e+00	4.358688648778268337e-01
nan	2.183528277559260378e+00	3.629896885837609055e+00	5.899429538931573180e-01
nan	2.869839222053666372e+00	1.241553881481027855e+00	1.604565019739490506e+00
nan	5.430567931736555165e-01	3.092976197968312357e-01	-9.023103998777981527e-02
nan	-7.961615959898943329e-02	-9.209322856994784923e-01	9.749098907839284234e-01
nan	2.424925206611452944e-01	-1.303052772048306718e+00	1.340696664064267241e+00
nan	-1.227725213393400461e+00	-1.003798044155376878e+00	-3.293576540018137988e-02
nan	-1.482198675856590153e+00	-6.746418594991572260e-01	-5.433003590550770090e-01
nan	-1.204657295143528595e-01	5.789026271493524778e-02	1.225057077887927504e+00
nan	2.754067864329988458e-03	-1.872769994906087421e+00	1.400802552655805222e+00
nan	-1.929454256187743244e+00	-8.544352902303911090e-01	-2.231518956261388797e-01
nan	-7.676920756622825914e-01	-2.172665314977293427e+00	-6.180538393940819830e-01
nan	-1.600056604257634740e+00	9.766531755672457349e-01	-2.831641010956571058e+00
nan	-5.756611525743403623e-01	8.030809821419691019e-01	-5.576890051826000061e-01
nan	7.989024662368539031e-01	9.125909643123185366e-02	5.814331969332259265e-01
nan	9.526347312122649402e-01	1.552500432181052936e+00	-6.320369339001411513e-01
nan	2.131499145432203868e+00	1.874567689340718823e+00	2.028011792918260170e+00
nan	2.112567225360453715e+00	1.724289044730331621e-01	-8.429857028287544018e-01
nan	1.041983608017305052e+00	8.750688741021863670e-01	5.792746429600641456e-01
nan	7.450662492655764080e-01	7.892648249820702899e-01	3.897367875296881556e-01
nan	2.274176205328391820e+00	1.315305941012967939e+00	8.583130701622401215e-01
nan	4.610040651253245469e-01	2.624434945361703964e+00	1.326398824539416932e+00
nan	-1.005572159107333885e+00	1.251606893339231696e+00	2.524132519395299035e+00
nan	-1.219330886743631437e+00	-1.355225142275731320e+00	2.152794832729694186e+00
nan	-1.074416747752631185e+00	-7.141104068485711887e-01	7.891118014644089573e-01
nan	-1.918481396901345892e-01	1.973463110862071490e-01	1.431931960269929374e-02
nan	-1.754705652546375783e+00	-1.940736398182729694e-01	9.675877566496075000e-01
nan	4.068949787548835628e-01	-1.323719409283941051e+00	-7.514632075009141099e-01
nan	-7.085080578150806385e-01	2.066527472509689378e-01	-1.947234539550908750e+00
nan	1.358178303177034918e+00	5.709058474590331667e-01	2.083637918453550286e-01
nan	1.969359292019214003e+00	-2.816233384993616085e-02	1.657490645121865391e+00
nan	1.833711446665176048e+00	1.810542981007085217e+00	-2.660356327222148654e-01
nan	-2.827896730524077640e-01	2.056909939386438957e+00	6.943456806736199027e-01
nan	1.471559954237825041e+00	1.727698686952827245e+00	-6.740114690247049900e-01
nan	2.984119963182676027e+00	1.767068336618556890e-01	1.160414817687246192e+00
nan	9.296783041515040980e-01	9.282374318819537340e-01	3.755170240992079522e-01
nan	-4.362183383786077950e-01	1.230057593220217793e+00	-3.632366355244116551e-01
nan	7.896750547875450721e-01	1.242094681563062464e+00	1.138284644435932247e+00
nan	-1.402644759822213594e-03	1.541639587303650916e-01	1.987405300111921846e-02
nan	1.742556067484343441e+00	-7.459263318897491057e-02	1.587086926336727544e+00
nan	-6.885203580674512658e-01	3.490418589857781084e-01	1.499713523771434853e-01
nan	-1.243620570986043283e+00	-1.213889307217363545e+00	1.286888209262093685e-02
nan	3.878921039029955553e-01	-1.960978241273382494e+00	-6.724233762952458449e-02
nan	-9.633053209307766984e-01	-3.495997688866719355e-01	-1.212083446549325760e+00
nan	2.272389845142078535e+00	-1.467269860294460271e+00	-1.382814703697179626e+00
nan	7.910351492668699080e-01	5.359990976328063983e-01	-4.039068293573725987e-01
nan	1.439436211062451676e+00	3.354581042484445774e-01	1.658810665551681551e-01
nan	5.668921505483299761e-01	9.246489299659019778e-01	-2.443028694288122971e+00
nan	-1.475004080102015891e-01	-5.387746185895680995e-02	6.231575487096217003e-01
nan	1.480278502856985146e+00	-3.403974991156409335e-01	1.495080114879714150e+00
nan	3.206603090624933761e-01	1.144456350718962290e-01	1.442382207377771897e+00
nan	1.035179657555255872e+00	-2.106270710588036721e+00	7.920619731644579220e-01
nan	-5.238329523278462130e-01	-6.872699503979093905e-01	-1.523346716476626783e+00
nan	-1.344421020227048125e+00	-9.304827479175257210e-01	7.376766250837940575e-02
nan	-5.424650956032166516e-01	-6.151543739297637980e-02	-9.929760115058532399e-01
nan	2.740315743428958228e-01	1.414276400024358837e+00	-1.265500851474476551e+00
nan	1.804530832718941991e+00	1.382437455252542025e-01	-2.170653626886977772e-01
nan	-5.647961930047462609e-02	1.464469835843851264e+00	-1.412360661374915782e+00
nan	7.282386179348312449e-01	9.617494726383417625e-01	4.163081299641351318e-01
nan	-7.981331628245103005e-02	5.943957667592076888e-01	3.454332094297739797e+00
nan	3.187162813816648010e-01	-3.740283291175426905e-01	6.886875918339770974e-01
nan	-1.001889835598852807e+00	-2.422751861981107813e-01	1.789551506696097083e-01
nan	-2.476005225546442368e-01	-2.201709108411070481e+00	-1.393545825076647704e+00
nan	1.096704734584627916e+00	-5.161602989451931078e-01	-1.250515306143504812e+00
nan	1.167918641573978622e+00	3.236427377697778107e-01	-1.170857814944608499e+00
nan	-1.183812567267918281e+00	2.157991313122996413e+00	-1.644252658588719607e-01
nan	7.144639729656365734e-01	8.416615331685428636e-01	1.553244948578365481e+00
nan	7.359321395077362826e-01	1.683607437161793730e+00	2.658707686652418967e-01
nan	-7.739401578494788936e-01	-7.082324852435428753e-04	2.344168084551397246e+00
nan	8.580641741782997212e-01	-8.081403482844731756e-02	2.163926900242848284e+00
nan	2.274320425479539498e+00	-1.028615239315726848e+00	-4.705748898284759507e-01
nan	-3.606111423327778565e-01	-2.283444640500910783e+00	9.940528453325785385e-01
nan	-9.072049859100212998e-01	-1.464230722614820790e+00	-1.929456318400734061e+00
nan	-1.212132114367942659e+00	-4.304670240117958735e-01	-5.396174394808785912e-01
nan	-1.022941199606558493e+00	-1.035544859783444016e+00	5.995878208211837812e-01
nan	-2.418517572045265074e-01	-1.258028644836525212e+00	5.997099390601398072e-01
nan	1.376108949801395198e+00	-1.492298334937715243e+00	-1.726607591294970767e+00
nan	-4.981546420985836776e-01	4.240272700683227480e-01	6.759850234578571593e-01
nan	-8.139707539661206193e-01	2.319407943874367273e-01	4.113437328525911263e-01
nan	-2.556804197782226229e+00	-1.731372538357422330e+00	3.338790491855446740e-01
nan	-1.775267106997836297e+00	-3.458378112310431796e+00	1.093383710154017585e+00
nan	-9.723085193496857626e-01	-1.117193514985146185e+00	-1.177051261018580375e+00
nan	3.836625147838780281e-01	-9.406786698090894294e-01	1.841317731207419373e+00
nan	1.213333835118243220e-01	3.536204955737916045e-01	-2.383916809729335062e-01
nan	7.368626130570181398e-02	1.906883160815179501e+00	-5.307153183439802246e-01
nan	-1.559687492531543374e+00	-5.507188796957189769e-01	-7.980543527043261198e-01
nan	-1.453181720959399126e+00	4.110205814338306896e-01	-1.854200605280627689e+00
nan	1.736480594421948576e-01	-2.139752371499746175e+00	-1.168822791783573400e+00
nan	-9.599028766252857281e-01	-1.164962944019351521e-01	-1.641484366171492404e+00
nan	-5.073509147755772553e-02	5.941046729101739921e-01	-1.336651749619712781e+00
nan	-1.856458695818038185e-01	1.843531690773798637e+00	-6.542955216492005732e-01
nan	1.522140989074145967e+00	1.712590855587309280e+00	2.405203394504612735e+00
nan	-2.378132011421267844e-01	1.048668781172994002e+00	2.076170203450098395e+00
nan	-9.210009607826703526e-01	-1.142935484692316317e+00	6.794068924075125082e-01
nan	1.740298729258349386e-01	-1.907829419308289864e+00	2.379318028708800603e-01
nan	-6.231058939175266875e-01	-2.064473232966363092e+00	-1.692310471154299112e+00
nan	9.389630166900542196e-02	3.248848450802077625e-02	4.822433655358964177e-01
nan	8.886219891973473617e-01	-5.258554154332257813e-01	-2.323446943603593162e+00
nan	-1.530970969126362047e-01	-7.134146539353894423e-02	-1.240386104289408209e-01
nan	-9.690790105827542522e-01	-1.172529816766142652e+00	1.171543137550902225e+00
nan	-1.156191197353448885e+00	-1.381295443754837038e+00	2.631632357671441214e-01
nan	1.047026283057621576e+00	-6.705991429073741017e-01	-7.582854209503651077e-01
nan	1.471689420991727504e+00	-5.793824476487360320e-01	1.634715399508246403e+00
nan	-4.195628707658555223e-02	6.466896680244617057e-01	1.354785219529106799e+00
nan	1.469567610165755656e-01	-1.548246333206377834e+00	9.672032513779071916e-01
nan	-6.393158502672652288e-02	3.896275020512371956e-01	1.141938390134774828e+00
nan	1.049054347445351310e+00	-7.442911058147039238e-01	9.848433974361177068e-01
nan	6.900529793122828215e-02	-9.741174526963418401e-02	7.251010827833407335e-01
nan	2.032023144874810949e+00	-9.982224360096147997e-02	1.249953608127604365e+00
nan	1.611457530771197577e-01	1.365310721188159437e+00	4.797593202755568997e-01
nan	7.645920890065838194e-01	3.081629961079994096e-01	8.930415677893999149e-01
nan	1.228097966411534347e+00	1.050076298712891543e+00	-1.218497342054962296e+00
nan	-2.941530993682335282e-01	1.018020174289328672e+00	-3.247890401588505727e-01
nan	1.821607774169271277e-01	-1.222550255894962135e+00	2.427247278369140393e-01
nan	-5.550076236027117194e-01	-3.340039850575643454e-01	-1.591268413677327853e+00
nan	-1.171356188930697539e-01	1.014678237622433365e-01	-1.438717471716017271e-01
nan	4.933758213968393869e-01	-3.023758934235337481e+00	1.502984735805484640e+00
nan	-6.032467408061187308e-01	-4.885794335703145252e-01	-7.765679071793876176e-01
nan	-1.160182241515613333e+00	-5.451346794181938238e-02	8.839565169917934506e-02
nan	-1.681904138861440412e+00	-1.372242234655058235e+00	-2.521584166989307429e-01
nan	-7.452368731723914008e-01	2.691590888541343096e-01	1.068304588533350863e+00
nan	2.133570194084375982e-01	-1.318821378207992279e+00	2.624685432361281823e+00
nan	-9.047223243634711087e-01	-6.374481054982277239e-01	1.031191134468848691e+00
nan	-3.362995548898094489e-01	-6.785000003014081127e-01	3.217092883588988927e-01
nan	-1.364199265556501173e+00	1.913458971862271318e-01	1.222062566477086110e+00
nan	1.802459877360480300e+00	5.268353553064542005e-04	6.994079488144518963e-01
nan	-2.377491955356886288e-01	1.065428268770570952e+00	-6.649875625223475861e-01
nan	4.382665693253251504e-01	7.050496866250355321e-01	9.696985427451855488e-02
nan	-5.801134194674864020e-01	-7.155403152611020667e-01	2.086829854722517918e+00
nan	-3.153909263931552465e-01	-3.135958242114551542e-01	-1.406735122669677818e-02
nan	-4.800318831880283632e-01	-1.069228195133348214e+00	-1.338202493341550170e+00
nan	-8.845692882259594825e-01	1.343022681891215431e+00	-3.346340023072327807e-01
nan	8.080069902168307561e-01	-3.811829741592573373e-01	-5.063714778617428580e-02
nan	2.749319386822036471e+00	7.684894732698519526e-01	9.938912114827070932e-01
nan	-2.303041596243060596e-02	9.837863606522276871e-01	2.121186612470419841e-01
nan	-1.235338769331821296e-01	-2.995925996272727487e-01	4.304707974794560466e-01
nan	3.917329192584940722e-01	-2.760344193182825423e-01	-8.826281913243472221e-02
nan	-1.156452098284578289e+00	1.274724084400966406e+00	-3.351408257717415351e-01
nan	-9.197150829508172754e-01	-1.149244871542320467e+00	-5.945424715171743202e-02
nan	-3.382719761869897201e+00	-1.380762035934778531e+00	-5.527251291894689222e-01
nan	-1.958509958386968508e+00	-6.710780063265496809e-01	-2.115973054160401823e+00
nan	-5.276219376597216515e-01	-9.459431869498977630e-01	-1.782148172137361541e+00
nan	4.686908278754995383e-01	1.290325251825894304e+00	-2.334571421781863609e+00
nan	4.335257877716513497e-01	7.288915361589746178e-01	-8.374942388981132524e-01
nan	-6.127352895878368511e-01	1.287391872652777547e+00	1.213439594084357864e+00
nan	-2.006751780650308514e-01	-4.709526883604626679e-01	7.768564291190970250e-01
nan	-4.138878625601011274e-02	-3.161131514519099350e-01	9.406914912801629669e-02
nan	-2.389685286655907070e-02	-4.195232827559608468e-02	-1.304140287931091935e+00
nan	3.983728458072656742e-01	-7.702750778966698242e-01	-4.207814035549679033e-01
nan	-1.239949567243582074e+00	1.119605427619198457e+00	8.770767687673142188e-01
nan	1.324445367607012480e+00	-3.199618799053284834e-01	2.197643897284594083e-01
nan	1.001051850363330109e+00	1.855063731960334694e-01	-4.006165806608747992e-01
nan	3.317252304731105106e+00	-1.182262363511915382e+00	1.352985231526695475e+00
nan	1.132554537647722182e+00	-2.117143625333361978e-01	3.803335491351263198e-03
nan	-1.662139889805592241e-01	6.667264272394016755e-01	-1.719677605900929995e+00
nan	-3.129167150142323495e-01	-1.373621013461664708e-01	-1.233443172887734640e+00
nan	-1.497368588319279326e+00	1.269855152706989454e+00	-6.829420947752369297e-01
nan	-4.993829388855413609e-01	-2.025990815110601528e-01	-2.624476978573301089e+00
nan	6.005296082375886080e-01	-1.621696542371711791e+00	-5.833290447551855440e-01
nan	7.863153425604221258e-01	1.153049793291682223e-01	5.447922897229318107e-01
nan	1.125146542238630865e+00	-1.813946622040656376e+00	1.746773514287463247e-01
nan	-1.088856227094046336e-01	-1.156045877980987902e+00	-1.637351951932149774e+00
nan	-5.047841864443829429e-01	-1.516668177459169708e+00	-1.840284391199357827e+00
nan	-8.293876999498578373e-01	6.474496551135516809e-01	5.320190879978814458e-02
nan	-1.166350172400848040e+00	-5.664354988969348970e-01	2.186353169503310601e-01
nan	1.621712801224068912e-01	-2.365064389042700554e+00	2.598716986948349517e-01
nan	7.782035154769270102e-01	-1.765931424481249845e+00	-1.457945911993474120e+00
nan	1.200549820884361463e+00	-3.516658297923787480e+00	-1.882578380807713447e-01
nan	-1.579162979415927204e+00	-3.278277277882826746e-01	-1.437804140196699887e+00
nan	-8.748924483713533817e-01	-1.074923531210559391e+00	-8.842215565823579038e-01
nan	4.403531559258462291e-01	-1.135913604442643665e+00	7.239754039274748365e-01
nan	-1.200420244292957905e+00	-2.777294969133432545e-01	1.105495320100235768e+00
nan	-4.323547786453774133e-01	-7.498578642071118683e-01	-2.997359685855124911e-01
nan	-1.644333354464370123e+00	-1.998002087920472680e-01	-5.139452961426291822e-01
nan	-1.604051803722361669e-02	-7.582045343714293173e-01	-1.440212718913922441e+00
nan	-1.332073902085971762e+00	2.997340471212291413e-01	-1.042983283393030813e-01
nan	-7.008781166648969663e-01	-1.052821426938177485e+00	-2.000335263576467515e+00
nan	2.208256412541026448e-01	6.673915862130880283e-01	-1.945256869156532620e+00
nan	5.598367536000643518e-01	-5.317409176281202576e-01	6.058132599203684965e-01
nan	3.151662763390201127e-01	-1.595740202466490620e+00	-5.315743775588839259e-01
nan	-1.060917764049300605e+00	1.234232432107565058e+00	-5.661644568399504251e-01
nan	-3.828206165991146492e-01	-2.752904960142709689e-01	-1.882653808201740331e+00
nan	4.162206416967121902e-01	-5.481164832810764276e-01	3.057778124466625780e-02
nan	-7.389084774510065179e-01	-6.740147424987102953e-01	-1.116015294659001178e+00
nan	5.506803752960138798e-01	1.532337363159301358e+00	6.510518060775111193e-01
nan	4.720268831462415271e-02	1.139074040879051175e+00	8.294461114824649428e-01
nan	-6.458871551231226693e-01	1.671576591964188063e+00	1.614855682813097770e-01
nan	2.373714591542616326e+00	-3.210195851311875015e-01	-2.432516570825270508e-01
nan	1.560632735204773747e+00	4.986596466921974780e-01	-4.459566630036585488e-01
nan	-4.047676997700242474e-01	4.001742288260741742e-01	1.313303016844538096e+00
nan	5.776465436985548374e-01	-6.487196969706076066e-01	1.834705805084301811e-01
nan	-2.292206558252368187e-01	-4.197997568403339375e-01	6.124929716581591910e-01
nan	-2.339180970922394742e+00	4.944858465676937875e-01	-7.993587296967593625e-01
nan	-6.197467926395905380e-01	-1.203230480032416061e+00	-5.003773053989676312e-01
nan	-4.202365130099932622e-01	-3.946837762937227545e-01	-8.168017550735442445e-01
nan	3.987630452866890440e-01	7.268370861267806626e-01	-1.551468088835105952e-01
nan	-8.001367276722606281e-01	-9.238317052518625339e-01	1.626093225128884268e-01
nan	-4.847643578718873747e-01	-6.665048658328004416e-01	6.630798483984659542e-02
nan	-1.264609494702017223e+00	1.374760987283525915e-01	4.177711996290984220e-01
nan	-7.698311150112049361e-01	-4.143276780494216660e-01	3.384026433248977783e-01
nan	6.024803420137512244e-01	-3.201249978850092548e-01	-7.094528620372155814e-01
nan	-8.621446935779144560e-01	-3.402946992490724076e-02	-2.135677586358076141e+00
nan	-1.855825769873903630e-01	9.413867997718310399e-01	-1.061757196840293460e+00
nan	-3.064940677455251783e-01	1.580713725146835058e+00	5.035689380487715638e-01
nan	3.905104891831439051e-01	-1.149411088293632588e-01	5.403853234612120415e-01
nan	-4.712691580924938117e-04	-1.012768783454357724e+00	5.161414636308933046e-01
nan	-2.791482683797088526e-01	-1.182253335902182234e-01	1.404616296987393431e+00
nan	-1.156876429165435205e+00	-4.820959936718247629e-01	3.451775732920560613e-01
nan	-4.580846930272606254e-01	2.607797733972125886e-01	-5.079312237354930426e-01
nan	-1.101560049832738253e+00	5.936554610286784994e-01	-2.300470773748598319e+00
nan	8.023789582260673625e-02	-1.270861080705661506e+00	-1.266768585875118980e+00
nan	-8.745590413426315157e-01	-1.068800897495448377e+00	-1.468593565260152278e+00
nan	-2.222492403606246114e+00	-1.374257384253080971e+00	-4.594436702240645154e-02
nan	-1.281069599631120548e+00	-9.538886583768197980e-01	-7.021250087178336763e-01
nan	1.745564131855809054e-01	-2.031987593828670224e+00	-1.262069329395237860e-01
nan	3.930079907104873094e-01	-7.345799332625206901e-01	-1.233535857678287329e+00
nan	-1.197756270716880289e+00	8.984679461442181270e-02	6.642925164622627277e-01
nan	-2.382098041544525313e-01	7.308908781152174683e-01	5.983319783499443378e-01
nan	-5.420480060652856924e-01	1.599740406485413158e-01	1.779242344832617562e+00
nan	-5.721270581335853311e-01	1.144855253296879344e-01	1.127763210091739854e+00
nan	1.930978731448104835e+00	-9.191732585591936289e-01	2.129897330733843130e-01
nan	-2.519859943269133762e+00	1.673471185174506104e+00	-6.830227538789326314e-01
nan	-1.158137893150968711e+00	6.722956144146494672e-01	-2.183418712627278047e-01
nan	8.145704677114601333e-01	1.201965801124786903e+00	-2.031673848355722178e+00
nan	7.965957785324109253e-01	1.431911112245754403e+00	1.546686752076417815e+00
nan	-6.000373941864515226e-01	-6.080114016405454569e-01	-3.768997725075873273e-02
nan	9.445671423927433086e-01	-6.488007804424353875e-01	-3.256159732024626052e-01
nan	1.223623275917164466e-01	-5.745640381693761789e-01	2.869323943180810965e-01
nan	2.089043226217996985e+00	1.349044868530978603e+00	3.306782566035638971e-02
nan	1.153592672622418824e+00	-1.023789984803012532e+00	-5.536258427280408290e-01
nan	2.117309315574675832e-01	-4.061168457188207848e-01	-1.493086743097730595e+00
nan	-1.630191937627637033e+00	-1.378018521830570720e+00	-1.514543640527378887e+00
nan	8.416975530661655602e-01	-2.503574383471173892e+00	1.300702470393944044e-02
nan	4.239000312331585030e-01	-1.347040026249179290e+00	-5.162072577518276306e-01
nan	5.569668504298235234e-01	5.253174305432521951e-01	-1.108823526553108119e+00
nan	4.849098505787313163e-01	1.275902054482078052e+00	2.421903020112449456e-01
