nan	2.108475408835686071e+00	5.690036253566385094e-01	-9.035314077840481684e-01
nan	9.029321074688398951e-01	-3.676692626585630341e-01	3.850508909727670681e-01
nan	8.617738992520630470e-01	-1.340585334715166832e+00	5.912930329011359953e-01
nan	-7.857271928246488402e-02	3.193197130572017484e-02	2.034416010227714899e+00
nan	-1.321819947047832677e+00	1.336883145793550942e-01	7.883235569248923102e-01
nan	7.577346344501207920e-01	-1.356851113067574777e-01	3.635311923159185721e-01
nan	-4.138301484144952247e-01	-1.415490745931119454e+00	1.333866842475347703e+00
nan	9.187136385902806568e-01	-1.310779309066796960e+00	5.843152356969837369e-01
nan	-6.599438302853484206e-01	6.458264868115359825e-01	-3.805091631766576166e-01
nan	-1.118277359364779899e+00	7.034532992375922555e-01	-7.247980602194050714e-01
nan	-1.796359113734878221e+00	-1.157512492572056795e+00	1.385383031020859468e+00
nan	-4.996011689050550708e-01	-1.408552900224122606e+00	-5.657789113900434375e-01
nan	-1.193799768662293204e+00	-4.182960368600990853e-01	-1.588194991641999732e+00
nan	3.503852940271270366e-01	-2.869341072771964818e+00	-1.376186247586312694e+00
nan	-4.938952960372408607e-01	-4.569544381816840750e-01	-1.056130235469600054e+00
nan	-1.047637330568883973e+00	-1.246863439823325537e-01	-1.236621488661266532e+00
nan	-2.562149883110303339e+00	-2.572926375549480227e+00	-4.738597416620124458e-01
nan	-3.485103282313722239e+00	-1.363056805899731216e+00	-9.187019817324093562e-02
nan	-1.973689661797874972e+00	-6.169396061735336056e-01	2.378287918805149115e+00
nan	2.793956804200836697e-01	-1.555050913499737675e+00	-8.171969276862450782e-01
nan	-1.046149270008174259e+00	-1.539350931472290629e+00	-1.156725362730192552e+00
nan	-2.965947677732798660e+00	-1.859561943580200438e+00	1.030348149952698078e+00
nan	-1.692775537305711397e+00	-2.051535782437689637e+00	-1.094565139371077356e+00
nan	-4.914865100154278688e-01	-1.078071770224274140e+00	-2.096229257604657725e+00
nan	1.595014753945596109e+00	-9.004716132631365166e-01	-4.534257868367805866e-01
nan	-7.201386686622546218e-02	1.490502146312307152e+00	-9.936018605483437627e-01
nan	2.155832445746790782e+00	1.987673016300630424e+00	1.826251162634070280e+00
nan	9.939061549587371314e-01	2.015295318501477695e+00	2.017841873579627965e+00
nan	4.110292633042670896e-01	1.809959899368989156e+00	-8.383607859477570923e-01
nan	1.360878324759819513e+00	1.421950594808452095e+00	1.793048804521785833e+00
nan	7.485992905763431127e-01	7.186877116361959361e-01	8.585170316581116623e-01
nan	3.327205826667036237e-01	2.844842942059524482e-01	1.890043653860790096e+00
nan	9.138092402736891495e-01	-3.112019851692773842e-01	8.877217554965098900e-01
nan	7.357924185562469965e-02	2.532633941198473848e-01	-4.070725309279618065e-01
nan	-8.041071176096663553e-01	-2.019876446975104045e-01	8.239109957989135813e-01
nan	1.026619750957757926e+00	1.025442934350584423e+00	6.802952937755830654e-01
nan	-6.038088380669195399e-01	1.862500722947225240e+00	2.064999723487068284e+00
nan	1.365067518065992136e+00	-6.840334920635050553e-01	1.179174399804147733e+00
nan	-3.907889156939456932e-01	1.364233395586074149e+00	9.751763743184385103e-01
nan	-1.486839382763121220e+00	2.957889220607716196e-01	1.593274915047427687e+00
nan	-1.210390973223429034e+00	1.364218691170592246e-01	1.775436616806222445e-01
nan	1.967041524242426065e-01	-1.084270920699903495e+00	-1.093795813878803758e+00
nan	6.226279404671442030e-02	-8.299261619130224865e-01	7.832758537608963678e-02
nan	-2.480532968991932541e-01	-5.559285604558111826e-01	5.548134661437067461e-01
nan	-1.292129392630160023e+00	1.860710761223010878e-01	-4.878913359811704598e-01
nan	-9.577141413694403305e-01	-2.804427896029685896e-01	-6.774830373678759621e-01
nan	7.487428662869327622e-02	-1.330227791946277494e+00	-1.116194721854881555e+00
nan	-1.011633905032697900e+00	-2.684022576778069546e-01	-1.773187173166446584e+00
nan	-7.104097494831651538e-01	-2.797803324561190519e-01	1.503698332603663479e-01
nan	1.735685883435265087e-01	-1.842051280816105585e+00	1.245945798363826018e+00
nan	-1.315321388805558156e+00	-8.097284844964592887e-01	7.046288249451817531e-01
nan	-9.642794934305162213e-01	3.691473128463095277e-01	6.249465044564449512e-01
nan	3.478588014647508997e-01	2.779342794417180018e-01	7.044520819978383752e-01
nan	1.114826863195266471e+00	1.975888141825850708e+00	3.759112839534304307e-01
nan	1.746127382244093695e+00	3.731207586637934615e-01	1.186480862811974735e+00
nan	9.817880336438958855e-01	-2.754349313794749454e-01	3.524963708467943602e-01
nan	1.833829970403446641e-01	3.935760094237288342e-01	1.589874999954440149e+00
nan	-1.820307433605398595e+00	-1.035792864348921427e-01	5.570844059950248450e-01
nan	-1.368305732651196926e+00	-1.186584589188059979e+00	1.657508450771968123e-01
nan	-1.195537359553224821e+00	-3.910733116035248202e-01	-1.113874550562842458e+00
nan	-1.121515715563774052e+00	-8.094992389617999828e-01	8.887585601367484767e-01
nan	-1.149268402250785526e+00	-1.001151528851011108e+00	2.958804732580814223e-01
nan	2.069071629734007267e+00	-1.221287484076500229e+00	1.981378776466517222e-01
nan	1.922611231166312828e+00	-1.900030940542285496e-02	9.686504286872247294e-01
nan	2.776229490954882806e+00	1.510138053534682889e+00	-2.432341439503453717e-01
nan	2.149257731929955284e+00	-2.505120683540806859e-01	2.245664703623572400e+00
nan	9.388213944419839807e-01	3.104668202353735862e-01	7.629924369370387760e-01
nan	3.872962747979175058e-02	1.410874864040085885e+00	-3.822993565174498398e-02
nan	-3.461505731596521418e-01	9.156202514044577967e-01	5.015402440879227486e-01
nan	-7.401425896977170682e-01	-7.384609496829551700e-01	1.347711282579741265e+00
nan	-8.087113924875004578e-01	7.207350469729872922e-01	9.171703342768924294e-01
nan	1.838176692513591837e+00	-1.021719555836068771e+00	2.110339463841103047e+00
nan	2.417273188813347407e+00	-1.516460523638368529e-01	-1.226272874217411712e-01
nan	1.146423656683680292e+00	3.509807954090587989e-01	-4.912007783608559053e-01
nan	1.389704391147345230e+00	1.061628000314392306e+00	-1.611031303209424559e+00
nan	5.745096183854619953e-01	7.959709568232151700e-01	-1.675113037070134592e+00
nan	-2.005954558230462759e-01	2.577591710734584485e+00	-2.083103038684626984e+00
nan	-4.613543984758917693e-01	1.090275503392467149e+00	1.808131055370486018e-01
nan	-1.369107278969133645e+00	1.149678929347563994e+00	1.084349735899933775e-01
nan	4.116954670860216436e-02	1.449105239687656699e+00	1.073074593213766414e-01
nan	1.335696753995616604e+00	5.784375306604770950e-01	5.839382950568631214e-01
nan	7.010085884820507207e-01	2.985444609949660655e-01	-3.143134093826528974e-01
nan	6.079618190258369026e-01	1.742751820256428053e+00	1.859878835325160518e+00
nan	1.771964118708291069e+00	5.738004912283187764e-01	1.952937236839780155e+00
nan	4.566444451613206335e-01	1.056111105641162728e+00	1.372998312858390246e+00
nan	1.089346000879852783e-01	6.319949457123870129e-01	-4.925460137858964638e-01
nan	-1.348467661926191496e+00	-5.572920023714400539e-01	2.519362207196537695e-01
nan	-1.756757768169367129e+00	-1.959169412069890814e+00	7.533842845345783967e-01
nan	-2.229878878119125662e+00	-2.359161869314026383e+00	-6.209350003250632133e-01
nan	-2.561331200321641521e+00	-1.830552872457467117e+00	4.402046276618688525e-01
nan	-1.873736389054725393e-02	-4.645354008226926235e-01	2.135207656634218742e-01
nan	-1.474037900039397941e+00	7.191860239479598293e-01	-1.968685260578446616e-01
nan	1.122980577649472123e+00	1.045588168780765104e+00	1.541894062472915605e+00
nan	1.040425020760019637e-01	1.682550897969627313e+00	9.524299030855601922e-01
nan	5.183229109399285495e-01	7.361936025315953813e-01	1.442163513670795538e+00
nan	1.560219863910613292e+00	6.261882898437465261e-01	2.758763105149230066e-01
nan	1.637440679027470036e+00	2.480611463772172121e-01	2.811611086035037399e-01
nan	-4.860811848320267803e-01	1.139658944374262184e+00	-1.087737957183477211e-01
nan	7.564677203543009876e-01	1.233619905212182566e+00	-8.214411848252850534e-01
nan	2.577594539645343019e+00	1.145622401763899401e+00	-5.295094654931501443e-01
nan	2.555375320123046023e+00	3.626129561973637783e-01	2.550938414565481760e-01
nan	-4.787437197818353862e-01	1.359047812504596386e+00	2.689820083804228545e-01
nan	1.078636986331312553e+00	1.615393468739718674e+00	-3.872489806277404356e-01
nan	1.370233692470952835e+00	8.750887309876734799e-01	-7.398000858351778675e-01
nan	1.289328119713516907e+00	7.205281211255153417e-01	-1.028979593734788756e+00
nan	1.227439415087701047e-01	-9.462107210739151286e-01	2.021583907325611218e+00
nan	1.541718078329367692e-01	-1.414637799980688948e+00	4.552580572937880987e-01
nan	-1.404343066719728750e+00	5.553574408240355975e-01	1.847959471618570992e+00
nan	7.137364072924790026e-01	2.327751663989013675e+00	2.925181034559488857e+00
nan	1.454591266999335497e-01	2.084152493424814789e+00	1.195996141833917559e+00
nan	1.278972271756712908e+00	1.201941627099921472e+00	-1.608895203293789766e-01
nan	-1.539494415710361830e-01	5.063777614772166924e-01	-9.659174918331877580e-01
nan	-4.400769011508172679e-01	4.199414554439450664e-01	-6.802324883496162489e-01
nan	-4.686636969643038220e-01	-3.160229611182929221e-01	-2.364305691026138412e+00
nan	2.835635017563994942e-02	2.714295620302556444e-02	-1.317023548261579080e+00
nan	-4.788106654448631705e-01	1.133656867545705715e+00	-3.665359367059856099e-01
nan	-1.391396227697326626e+00	1.073073162877928421e+00	1.249700114310506649e+00
nan	-1.237170962532063712e-01	-2.525745134820335247e-01	2.009672395053677452e+00
nan	-8.135358817591311631e-01	-4.413745258964949514e-01	7.427515795297052748e-01
nan	1.064660516935295176e-01	-5.901487439054917683e-01	-1.317701607593102731e+00
nan	2.413822800660830603e-01	3.648283835565540034e-01	1.188660945329768515e+00
nan	1.422722788068186084e+00	-2.826356722456285220e-01	3.145874254241184609e+00
nan	-3.626232392594529452e-01	1.822675245312914249e+00	1.762249430920158844e+00
nan	-1.680796212003170975e+00	-7.076294925413395553e-01	1.870534737333042319e+00
nan	4.952118694465846849e-01	4.694431120945418145e-01	4.877219596981154370e-01
nan	7.809275476236952063e-01	2.577956142598165634e+00	2.346148702059153379e+00
nan	1.184587410232792681e+00	3.756058472981173013e-01	1.281951865282064729e+00
nan	1.458568336103009067e+00	-4.989612132779495113e-01	8.937438529105617979e-02
nan	1.961540854225298336e+00	5.081767684886328018e-01	-7.739726373794357794e-01
nan	5.716135050334701928e-01	8.889655048817395322e-01	-4.282188100153418997e-01
nan	1.611901920357089457e+00	-2.402689475383852358e-01	-1.983472556128723197e+00
nan	4.628362845741666454e-01	-6.738370620609120953e-01	-2.766874588976328542e-01
nan	4.479612472421524716e-01	6.269754559748539346e-01	8.537952020408269282e-01
nan	-1.849633991707363645e+00	2.046656758190391834e+00	4.590777878117171529e-01
nan	-2.865138217816938782e-01	-1.209756725638518660e+00	1.325346519468727280e+00
nan	-7.513566223900352004e-01	-9.537036667159749515e-01	-1.525530441927908099e+00
nan	5.352234352417724050e-01	-2.274905548188995930e+00	-6.064845049828253565e-01
nan	-6.291296497260823184e-02	2.083554100537506892e-01	2.303237310337269417e-01
nan	-4.586928734325717016e-01	7.356200065590249304e-01	-1.284031444613617845e+00
nan	-6.935830570695619146e-01	-1.113701409699960676e+00	-2.455502544058558723e+00
nan	5.777362545883506506e-01	-4.497789925819291601e-01	-2.952982290977064661e+00
nan	1.375508094525146996e+00	2.958063292514181986e-01	-1.350977939064521349e+00
nan	1.781577606928925528e+00	-1.846714016086747900e-02	1.380959608004815653e+00
nan	5.639006862270776743e-01	5.134946914719449307e-01	-1.686325451917069174e+00
nan	-6.468300084028816288e-02	1.079018475610463712e+00	-1.403330956522937045e+00
nan	2.078750048633808856e+00	-2.911087711244190745e-01	1.377278239298556084e-01
nan	-2.502920643091566255e-02	-2.155432103101828645e-01	-6.229240648288217885e-01
nan	5.124876335913360892e-01	-2.494103268318034750e-01	-3.244203716877958055e-01
nan	-5.420716599909328748e-01	-2.381136334134255517e+00	1.052883024445827598e-02
nan	-8.079998885138742759e-01	5.441755317353136334e-03	-2.582788241162148335e+00
nan	-1.010813755686314763e-01	-1.565068943399924750e+00	-1.553446203698221950e+00
nan	-9.402291483061533395e-01	-2.217180762133022842e+00	-2.247589102975490416e+00
nan	-1.657095460045003410e+00	-1.199338941141160575e+00	-1.623312653785857762e-01
nan	-1.703830100265220526e+00	-2.746828459249376131e+00	-2.612914328970301070e-01
nan	-1.617690926415316532e+00	-2.945023957009425430e+00	-1.511317623442958391e+00
nan	-1.649881201306593104e+00	-2.776880069787246441e-01	-5.331542043381529705e-01
nan	-4.875996941061429557e-01	-1.270046406378205095e+00	1.332559545368914078e+00
nan	1.625188487433528284e+00	-2.048692260288377254e-01	6.766324883603512808e-01
nan	5.858546157354305173e-01	5.239500633427718324e-02	-3.298105990019564726e-01
nan	2.192173546803330542e+00	2.084628185995847927e-01	-1.115411489322396532e+00
nan	9.352069479409340635e-01	1.162469554851046416e+00	1.477242495210388196e+00
nan	1.419805467210212946e+00	-9.297228995969842869e-01	1.277223306338137743e+00
nan	-1.557540960587606493e+00	-7.587794174667906733e-01	9.121817129189889739e-01
nan	1.052584868918319261e-01	-9.455665798348130702e-01	-1.046811672361960932e+00
nan	-1.123146640199734758e+00	-6.668850906229468745e-01	1.989211997157770417e-01
nan	-1.120782464081026886e+00	-1.521976791461962630e+00	4.013775251233499541e-01
nan	-2.972715491398574827e-01	-1.305985230394489882e+00	6.197138814628244674e-03
nan	-2.655927873702309538e-01	-9.830871409442646369e-01	-7.242366247327981510e-01
nan	3.354207625882343891e-03	1.648306968027568153e+00	-1.101708352738626773e-01
nan	-2.998142807525215892e-01	1.111575626558559682e+00	1.609000317517280676e+00
nan	2.132508426676611002e+00	2.388258836841723465e+00	-5.099508782207453628e-01
nan	4.232141838714114090e-01	1.346758710320596020e+00	5.460763622335375045e-01
nan	1.335849020242945384e+00	1.946987530982745351e+00	7.577896172212150727e-01
nan	1.874942294448153302e+00	2.123154310840574821e-01	1.467957577212561038e+00
nan	1.920945479834560210e+00	1.434335884037284403e-01	3.035556912867397594e-01
nan	-6.017437379001003839e-01	2.573248122718798658e-01	7.789366127542913798e-01
nan	9.618108155849502960e-01	1.053794519372760030e+00	9.517627303764069069e-01
nan	-7.000720043405254112e-01	9.436247250353260174e-01	1.000353315372295659e+00
nan	-4.337123216021615546e-01	2.821206285493855770e+00	1.156458073054632774e+00
nan	9.384182914481140614e-01	-4.745392056282172755e-01	3.345492147393273052e-01
nan	-1.691961423562608369e+00	8.263311737474736685e-01	1.501503100968831994e+00
nan	-4.174909532249968525e-01	1.182000705777511929e+00	8.437895963642851882e-01
nan	1.955054658069696472e-01	-4.989675289388687540e-01	6.290673218774430753e-01
nan	1.857880492702306263e-01	1.140353792487547979e+00	-2.587207212307505166e-01
nan	6.867954786677048507e-01	1.415908622138977613e+00	2.564558210899983703e-01
nan	5.835336417541383547e-01	1.105900897490277313e+00	-2.122288665859047185e+00
nan	7.244456327814811081e-01	-1.553564696452980787e+00	7.769333468593336844e-01
nan	-1.107957197878317812e+00	-1.105221580312529595e+00	-1.869216883403637119e+00
nan	1.428899267596532630e+00	8.758052222830392530e-01	-2.589932706880076818e+00
nan	1.786230956885829002e+00	-1.232761177484939630e+00	5.705975750033458471e-01
nan	8.808095340854262822e-01	3.198655738672060433e-01	3.115837652888485687e-01
nan	-1.619267800115162359e+00	7.306528885022589570e-01	-1.092234311727862672e-01
nan	8.368918689525528531e-01	-8.253863535186911626e-01	7.398286479483958678e-01
nan	-1.619649273680296764e+00	1.609806744759236241e-01	1.579437763117855775e-01
nan	5.678282284431355187e-01	-4.277639755317688142e-01	-8.950615283997067628e-01
nan	-9.280092343479668937e-01	1.830639199839127595e+00	-1.843968132517561198e+00
nan	1.803349354484103273e+00	3.091333753216394253e-01	-7.310475723217196853e-01
nan	2.755975493480471883e+00	-1.220416332232543866e+00	-2.587670807881109480e-01
nan	-5.362157054575807935e-01	3.092114259733453330e-01	-1.327419975009957565e+00
nan	2.564001907193992902e-01	-3.297215371583004928e-01	-9.563201240883779652e-01
nan	8.728018229874316969e-01	-1.351261406210132687e+00	1.623079049816078534e+00
nan	3.546270075817187228e-01	-4.313936699882620629e-01	-7.330382136938706772e-01
nan	-9.082505772841512615e-01	-4.495253995710024597e-01	-8.452172289362358537e-01
nan	-1.883550215763008406e+00	3.542072356660135757e+00	-1.541367048670602147e-01
nan	1.629863538445367022e+00	3.790817427753626623e-01	3.220077914243870687e-01
nan	1.032774664994825731e+00	-5.016034160973819045e-01	-1.543811225613187288e+00
nan	-1.154421060364491991e+00	2.369025937811484461e-01	-1.929828373067933311e-01
nan	1.926983106182919570e-01	-6.699508533242175545e-01	1.127656809803499138e+00
nan	2.094734985608118771e-01	8.452498319309941222e-01	-1.446806658233445342e+00
nan	-9.014457397605180056e-01	1.111116239082940105e+00	1.803933560230543964e-01
nan	-6.270070429868559447e-01	6.776486475699272649e-01	1.167272718044898516e+00
nan	-1.064707599340900090e+00	2.709278266033949834e-01	-3.987020042424684885e-01
nan	8.722731562482303191e-01	-2.125228761504598107e-01	6.919765650991011041e-01
nan	-9.346125713146719027e-03	-5.372646681028541149e-01	-1.498457921605947374e-02
nan	-3.148326851932827797e-01	-1.332387668087255950e-01	5.548085201909550013e-02
nan	2.883903857416801886e-01	-7.545077149011482076e-01	9.379941196537215919e-01
nan	-6.571536112390132800e-01	-2.193434984903008811e-02	1.747216396327950338e+00
nan	4.547200621051448177e-01	4.209097964966911354e-01	-1.126867622087457388e-02
nan	1.222898909954310831e+00	3.302765103445204353e-01	-1.128827838605462874e-01
nan	7.485269920108256203e-02	8.910876007055296144e-01	-5.507252080989623044e-01
nan	1.292278206312501787e+00	2.245936034665875880e+00	-8.067469494478496372e-01
nan	-8.259496413656912672e-01	1.492878846280444538e+00	4.226183143466972214e-01
nan	-2.715381168256816857e-01	-1.692930905100701877e-01	-1.046299410190145718e-01
nan	-4.752879831169694036e-01	-2.545137734028415366e-01	-1.572266406452825116e+00
nan	-7.744458178368418544e-02	3.195758824463335035e-01	7.175106821612597940e-03
nan	4.427861186423162621e-01	1.433004227461631919e+00	1.881615655505464169e+00
nan	4.058906727443115647e-01	-6.575415693172798060e-01	1.665159805180432828e-01
nan	4.938806228576911317e-01	-4.571604469527142944e-01	-2.421870021143187890e-01
nan	-7.977896841041067777e-01	2.337565667139400449e-02	-1.416240318343721327e+00
nan	-1.364936086706762364e+00	2.048853692474644772e-01	-3.232443545442993393e-01
nan	7.353869724086783410e-01	9.274992678842564064e-01	5.545108786831560999e-02
nan	-1.950256934873391135e+00	4.440189594192031075e-01	4.771694672012523064e-01
nan	-1.016489076996965335e-01	-1.200497891848994580e+00	6.818552197655811664e-01
nan	8.924145116155994817e-01	4.121173033200146718e-01	-2.201356252862665119e-01
nan	5.392532926259139270e-01	5.280253807418298084e-01	1.236239347756854068e+00
nan	4.495685644882917997e-01	-2.458034745279563671e-02	1.528326380747888180e+00
nan	-1.244036221699692746e+00	-3.005087737733719289e-01	7.927762912135716267e-01
nan	-1.218571981453909103e+00	-2.812237554012674945e+00	-1.420074257388592942e+00
nan	-1.016042899695222879e+00	-3.669953381646811508e+00	-2.272800157013929123e+00
nan	-1.214915261068078234e+00	-1.272707563386099139e+00	-2.257778641045192991e+00
nan	-1.249225732763310726e+00	5.092800230372687142e-01	-2.148804186372053948e+00
nan	-3.258841767964967828e-01	-5.707674795806458867e-01	-3.705309361099030085e-01
nan	-5.599302196601644299e-01	1.274200855631212104e+00	4.247325624737312011e-01
nan	-1.292478353974730321e-01	-6.527955045326330197e-01	3.434688009386939189e-01
nan	2.622402665190508575e-01	-1.359102997701753246e+00	1.422523669359004650e+00
nan	-9.047337954700449547e-01	-2.131721500227113930e-01	7.023028957640180536e-01
nan	-2.235526199477556375e+00	-6.922386291037216921e-01	9.114809977900422133e-01
nan	-4.422375892429249444e-01	-2.215749040531712621e-01	-1.510331160489687963e-01
nan	-1.374138864157394169e+00	-1.323631581615689390e+00	-1.316208711269209353e+00
nan	8.250951387273307569e-01	-3.076070476846270552e+00	-1.286439751268492859e+00
nan	-7.254764764582645187e-01	-5.160443202286157938e-01	-3.219526226202018560e-01
nan	-3.338954523361508664e-01	-1.470384804786476207e-01	-6.215658149640924668e-01
nan	2.904584825894673816e-01	1.254531326955026671e+00	1.668006686159177354e+00
nan	6.281161715996146366e-01	4.969904539532321031e-01	-1.352162283942776044e-01
nan	-4.409895987108338744e-01	-7.035254084192119617e-01	-1.056315628096713422e+00
nan	1.407457603369515198e+00	4.355456071671153229e-01	1.078591960003351780e+00
nan	7.419137323894410274e-01	1.841458491766497341e+00	7.366474122501813770e-01
nan	1.627896486693365397e+00	1.115183120564687602e+00	1.451545692659399922e+00
nan	-1.455323365054311147e+00	1.517837738080938470e+00	-7.526997188410813333e-01
nan	-8.998743779301378032e-01	1.836796564698849554e+00	-1.215446805308273426e-01
nan	-2.874495530326869885e-01	-1.883063580102704471e+00	-1.106716035284476263e-01
nan	9.781385233401145296e-01	1.089229920367836613e+00	-6.021187363893998334e-02
nan	2.548881038025923029e-01	2.656814787988913684e-01	9.792557608317924434e-01
nan	-1.728150443237909950e-01	7.515595884105398528e-02	1.236590460913640444e+00
nan	3.425263180501753046e-01	7.151558322907631826e-01	8.193096614697098490e-02
nan	5.874699469393535045e-02	1.132526951581635632e+00	-1.138543024974224105e+00
nan	-2.895263353149226671e-01	1.754178792078248339e+00	-4.987917583885606021e-01
nan	1.309915247475827549e+00	1.452056017676643052e+00	-5.318279011243737253e-02
nan	-4.671217880236215869e-01	7.519014050845017616e-01	1.134425621263273065e+00
nan	-3.125784304851972895e-01	3.656739758873761015e-01	2.460996303101978255e-01
nan	-1.974260246331867918e+00	-1.536788356471118444e+00	2.209981272138477948e+00
nan	-1.885747727900750625e+00	-1.090984726858983400e-01	-5.123502396133616799e-01
nan	-8.708544636962199936e-01	-1.627548970317877153e+00	-9.273792171571102472e-01
nan	-1.528859731094465380e+00	-1.181732744431900350e+00	-8.808618597367734449e-02
nan	-6.702356713517837461e-01	3.097932446951965346e-01	-2.627726776846737722e-01
nan	7.404399245165051158e-02	-2.830329694701360310e+00	-7.776687078249047147e-01
nan	-7.207613746731438287e-01	-2.372630393308681640e+00	-1.849872239443913990e+00
nan	-8.681706630336410990e-01	-1.297103281232455663e+00	-2.910556961477847260e+00
nan	-2.594904626251115065e+00	1.977722279456540777e-01	-2.131842422028886741e+00
nan	1.965815256607575945e-01	-2.007687875992175464e+00	-7.634431834721773225e-01
nan	-1.761565915627242074e+00	-1.826258476801449482e-01	-2.386594313086656705e+00
nan	6.321496082936993721e-01	-3.510456786882469871e-01	-2.685530719300317948e+00
nan	7.709529594877208014e-01	-1.107637455322445064e+00	-2.058440555315728560e+00
nan	-5.393833019352316516e-01	3.203425744660428065e-01	4.978872749449273494e-01
nan	-4.451788396073566578e-01	-6.806097737030829264e-02	8.757886920085876659e-01
nan	-6.189896339231255595e-01	-9.479591133525342439e-01	1.181448016838576448e-01
nan	9.795470834241959412e-01	7.496344463191779717e-01	-1.711875910779419030e-01
nan	1.781078710192086634e+00	-1.106587049785662247e+00	-1.991794317291507355e+00
nan	-2.333512776800747979e-01	3.132064187506076181e-01	-1.894539857877238553e+00
nan	-1.670205826339643984e+00	2.857366973125738396e-01	-1.055904056641534083e+00
nan	-7.867097077661678872e-01	-2.149376583313226341e+00	-2.394543766899195347e+00
nan	8.559393817547323868e-01	-1.174755160806137289e+00	-5.067643595810318313e-01
nan	2.562814010745451121e-01	-5.035172905312581548e-01	-1.710621063470105230e-01
nan	-1.870793976189520480e+00	2.016369190228755937e+00	-3.189475426269933189e-03
nan	-5.541165672305893297e-01	-6.452295390165742051e-01	-4.992736052063437846e-01
nan	-4.809887255100950276e-01	-2.766129275039995949e+00	2.805348258755210877e-01
nan	-9.498036939331235828e-01	-1.980108935154480276e+00	-4.803163909738052961e-01
nan	-1.883809163098566497e-01	-1.204146184852628032e-02	-8.649700877840800217e-01
nan	-1.468885870727523857e+00	7.059634461013584994e-02	-1.130113102849595041e-01
nan	-1.834422868848663901e+00	6.283421615936997107e-01	-3.359927056753798658e-01
nan	-3.340616263756324145e-02	-1.880035311075055338e-01	-7.452175604589343916e-01
nan	4.665335308823392313e-01	-9.633379204744039193e-01	-2.256403205047150085e+00
nan	-5.914745837235932946e-01	-1.295123735697248701e+00	-2.323846786141251286e+00
nan	-6.797827952496588999e-01	6.424512316397227307e-01	1.537395910491083928e-01
nan	-2.486230742959735507e-01	-1.306749197994906131e-01	3.890270116705226711e-01
nan	5.369861505881763641e-02	1.684180545546380969e-01	-1.306671225584723484e+00
nan	6.261840193028118673e-01	-8.674526337218856353e-01	-1.717102256761242840e+00
nan	-1.787114986445348386e+00	-4.001749904402909785e-01	2.547761171480791287e-01
nan	1.616547426759437078e-01	6.124035762575359421e-01	2.894350739119156968e-01
nan	-1.663097163210027318e+00	6.830045941101414719e-01	7.355908654363689791e-01
nan	1.468455605136726461e-01	-3.012724274057072549e-01	9.856358197698064094e-01
nan	1.411404060139338945e+00	-2.343252156931381891e-01	3.591112649532564038e-01
nan	-5.003352020748160767e-01	1.490516017645259761e-01	-6.472903609531464875e-02
nan	1.878975526388016570e+00	7.951899940254739674e-01	8.725437034185842267e-01
nan	1.893348526618449323e+00	8.604454248061070842e-01	1.440074208665581335e+00
nan	-8.874270280802640798e-01	-6.642720539064279617e-01	5.868819910758351632e-01
nan	-9.556738605248746854e-01	6.432370835791085817e-01	3.811447262249332835e-01
nan	8.097789405804967089e-01	1.079693716791105373e+00	-1.161075968063569830e+00
nan	1.447174656780493285e+00	-2.232627394832769063e-01	-2.787730542392325428e-01
nan	1.133878194648250681e-01	-4.527476275816376683e-01	9.949392957800212711e-01
nan	-1.007450815113724696e+00	-8.861755937363736679e-01	-1.257867780022352555e+00
nan	-5.122523303605690526e-01	-2.103114371128342874e+00	1.342149667001638624e+00
nan	-7.567555571659493330e-01	6.224438521363422350e-01	3.532261212514230531e-01
nan	-7.183494129120679972e-01	3.961111946109321380e-01	-2.588337335237735903e-01
nan	-2.659015485201132289e+00	1.654465963737624945e-01	-1.184961588559659829e+00
nan	-9.359506470404733713e-01	-9.079905432254627984e-01	-6.373472515015325968e-01
nan	7.739369100128302703e-01	-2.235076321052263282e+00	6.524894113778403337e-01
nan	1.439079352797735800e-01	-1.493181059608123640e+00	-1.081842068207309993e+00
nan	-2.022994097742211173e-01	-2.211657151630575247e-01	-2.230341202224741082e+00
nan	1.222548787567490525e+00	1.902029088778265375e+00	-1.134160943585993175e+00
nan	2.652504735149213477e+00	9.630826133943817258e-01	-5.001251830860911074e-01
nan	1.705883948003836359e+00	2.407725714591022914e+00	2.087514863065006443e-01
nan	5.450613742193607392e-01	8.531341212555952902e-01	1.631205305762528646e-01
nan	3.213397115978640639e-01	6.478480957349238567e-01	8.696430642085828389e-01
nan	1.960492430821714205e-02	2.296745995166212140e+00	2.200593732162877458e+00
nan	-9.419643529534583726e-01	1.623301190552574713e+00	1.927263057087938325e+00
nan	1.249078966081997866e+00	7.922232954930831239e-01	1.310380738883750729e+00
nan	1.562763012464237100e+00	-1.679509165451172903e-01	-9.706859934513674126e-01
nan	9.940786707223115970e-01	-1.643616145245581084e-01	-7.161952322679798755e-01
nan	1.392470669810445427e+00	1.071092892466929403e+00	9.690298538000861051e-01
nan	1.650419446080204189e+00	1.440474611873743260e+00	2.311635357314192341e+00
nan	2.424481487455961037e+00	5.974449120765060739e-01	6.772549690482567719e-01
nan	3.251651144855648434e-01	2.489357666290960669e+00	1.601551706216964854e-01
nan	2.601894670704364643e+00	1.171882557418510107e+00	9.692831561891349645e-01
nan	2.889755664314943129e+00	1.277635904416785317e+00	4.477399352644870767e-01
nan	-4.899846230563371652e-01	2.419762311205168714e+00	3.683741442623661433e-02
nan	1.602166316326730122e+00	4.468112039211974973e-01	9.021309704571137678e-01
nan	1.845255856102953729e+00	1.922099450880293325e+00	-5.466620697978168408e-01
nan	2.938173643891256681e+00	1.616000026700891379e+00	2.155553723536921762e+00
nan	-1.287562938151312064e+00	9.707211792874970158e-02	2.604618388507397242e+00
nan	-3.947505830885916223e-01	8.224461001369468560e-01	1.883721023916400839e+00
nan	-1.471296536824415968e+00	-6.621006524529828852e-01	1.806350396595681307e+00
nan	-5.967630391212764840e-01	-7.374032998948452100e-01	2.311786646104537213e-01
nan	-6.833946034776514633e-01	-6.387935768655418345e-01	2.426596566582033543e-01
nan	1.339974194828392529e+00	3.432491231891188765e-01	-2.014991565077592028e+00
nan	2.197818915752647317e+00	1.199112306700611530e+00	-2.615611030163433881e-01
nan	5.093276784091101961e-01	-1.632347986053586109e-01	-2.289078833022315962e+00
nan	-5.963271128924118036e-01	1.622286735047670625e+00	-2.816446441637013187e+00
nan	8.310101622072100236e-01	2.056117280832689964e+00	6.451618679826385261e-01
nan	2.530085639322329882e+00	1.419189437679805099e+00	1.898991577757674909e-01
nan	-5.074019031545076164e-01	3.611039681782703070e+00	5.867042213302241516e-01
nan	-2.113146543889111717e-01	1.791587627160473151e+00	2.427699031824783749e-01
nan	1.233751686157396055e+00	7.546053205854720280e-01	1.054559981221696585e+00
nan	1.521729244793337710e+00	3.581071911272415420e-01	2.079117276931370384e+00
nan	2.303508728904373748e-01	7.659546956158543862e-01	1.866100083196569059e+00
nan	-7.684519438064241204e-01	7.388981205193525525e-01	9.501774705770129614e-01
nan	-4.878562682362145297e-01	-9.419992728795035797e-01	6.736525247686810935e-01
nan	1.337300875958535196e+00	-2.561927035615660930e-01	-6.617520018306882745e-02
nan	2.291770709657972471e+00	9.837602469269974836e-01	1.806963069326909643e+00
nan	1.223894463922844622e+00	1.416085309451869279e+00	3.146552533263154983e-01
nan	-1.141587798530759645e+00	-2.053365497053708522e-01	1.142952225631810870e-01
nan	3.686610066744990255e-01	-1.754849048347590035e+00	2.839641412699283496e+00
nan	7.660584229674463064e-01	2.062875122837886099e-01	3.904223591104172830e-01
nan	1.898945723005404373e-01	-1.167179208062120721e-01	-1.631427413572019980e-01
nan	7.963196459764865232e-01	6.871463090171150423e-01	2.329592763123231158e+00
nan	1.851212888760604414e-01	6.239155563122130710e-01	1.328785439264947410e+00
nan	-1.843204977521639698e-01	-2.341405139596630658e-01	4.772963493229059329e-01
nan	8.509730489687065136e-01	1.239072536210112041e+00	-4.410119624497756963e-01
nan	-6.827566226559234064e-02	-3.599634036312641117e-01	-1.963021261561882724e+00
nan	-5.472582938145063025e-01	5.148460946690955331e-02	-1.995326748067757894e+00
nan	-1.764337744163043231e+00	-7.205508536683562504e-01	1.123450182105528716e-01
nan	-1.152303802450177050e+00	-1.368140063807004037e+00	6.048985933740540499e-01
nan	-1.406736205754209657e+00	-2.282297699071418329e+00	-6.218861366972188165e-01
nan	-1.390693168183486650e+00	-1.569207933365214025e+00	-4.265176810770122118e-01
nan	-2.763419155889690337e+00	-1.880732325125349380e-01	-6.191820052192811286e-01
nan	-2.188812665831956217e+00	-1.176970591189776538e+00	-8.743720970979157459e-01
nan	-1.069228730245045167e+00	-5.075122773968259171e-01	-7.325834206415229310e-01
nan	-1.043342633701126232e+00	3.523812000087483409e-01	-2.110589225959560888e+00
nan	-1.017018872659762430e+00	-4.080529634360138269e-01	-1.243778115625486347e+00
nan	-5.496582871014366045e-01	-8.028287491056423919e-01	1.605848807941508527e+00
nan	-1.615821640425566308e+00	2.294882292309959326e-01	1.172084836856108536e+00
nan	6.464700772828896325e-01	-6.256012899741884015e-01	1.838555620286158154e+00
nan	-1.262257931958666035e-01	8.051370834548904343e-01	5.332530581974466166e-01
nan	8.970790535574763025e-01	1.006144250712649457e+00	1.058528645246252342e+00
nan	7.895199717841605569e-01	7.754318105501536440e-01	3.080733787866491546e+00
nan	5.369342182605958413e-01	-6.632197147311724716e-01	2.166952709356271267e+00
nan	-6.882857195212066515e-02	-1.359476924089801919e+00	4.749024109424443418e-01
nan	1.010252655987243786e+00	-1.159445815528304502e+00	-2.907037422917096436e-01
nan	-2.695131693980140630e-01	-7.831981565450192306e-01	-1.035821004550909974e+00
nan	-1.953699249125409043e-01	-8.265109715365253074e-01	-2.001688933391599257e+00
nan	6.046935313713917015e-01	-2.920362206681377804e-01	-6.319358421326337627e-01
nan	5.047886177732734403e-01	6.476448990525449645e-01	2.290408936138538243e-01
nan	1.288731707866977327e+00	-1.039921846498615299e+00	-1.156044313956261060e+00
nan	7.139497404963297544e-01	-6.060645066797657465e-01	-1.470466755332925590e+00
nan	3.148799507146826104e-01	-9.633579954004642398e-02	2.275603749455746838e-01
nan	-7.471860185760412776e-01	-1.721270253825563645e-01	1.273542750230906906e+00
nan	1.794969933361213466e-01	4.187244713319271394e-01	4.529915077087548481e-01
nan	-8.662768026050727821e-01	4.267199926049772274e-02	-7.395327872123922397e-01
nan	-6.367967860117398349e-01	1.365127036815355632e-02	-3.203442282246208306e-01
nan	7.275146625030926018e-03	-4.217428792843569418e-02	-1.483694069412497540e-01
nan	5.369800095790885353e-01	8.879525547170503963e-02	2.785593036266876266e-01
nan	6.242353544185113012e-01	1.391120493916323086e+00	1.078792027138669951e+00
nan	1.246611374315995668e+00	-7.846944813535194907e-01	-1.786796482794118512e-01
nan	-3.257063653704034834e-01	-2.447596984724578761e-01	-9.237001320403923632e-01
nan	-4.030778754885802062e-01	-1.208996233334084375e-01	-1.900655915469279034e+00
nan	-1.802360951842263859e+00	-4.309968565379823091e-01	-6.383990650100148656e-01
nan	-2.604015934832318635e+00	-2.136225764781003456e+00	-7.064069562083625797e-01
nan	-1.467712347778747040e+00	-1.801791617163291725e+00	-1.589523568736384451e+00
nan	-1.816163098509036011e+00	-4.087433144967012044e-02	-1.219737840948462049e+00
nan	1.337110723222602049e-01	4.957459357507018050e-01	6.436148255647315963e-01
nan	3.216095017032034042e-01	1.904858782974716558e+00	1.212530006346233868e+00
nan	8.558712747976986446e-01	-3.907049309341379395e-01	1.873866147634525969e+00
nan	1.459645371045010576e+00	-2.433221999480388309e+00	-1.417627056043754497e+00
nan	9.466442005429426265e-02	1.590784964840058491e-01	-1.565847746017910325e+00
nan	-8.918107669346742039e-02	8.189114225705170780e-01	-1.684192755020873955e+00
nan	-5.981765739657091130e-01	-1.286911576415053493e-02	3.256282422211558281e-01
nan	3.698153834685086183e-01	1.755028206532463608e+00	1.603644384574006709e+00
nan	7.541157051791774757e-01	-1.426640493766016426e+00	2.485385103833459119e+00
nan	-1.069507652345634385e+00	7.130735505795351425e-01	9.952440070889183588e-01
nan	7.955582769003207710e-01	5.053969399821009456e-02	-1.855933392243408919e+00
nan	1.467565973369346688e+00	-3.296027317615119467e-01	1.020353269977825050e-01
nan	-9.185350011189867825e-01	1.295772014792951676e+00	7.336843102264014593e-01
nan	1.420129638332020328e+00	4.355838720472784975e-02	5.766665416159399982e-02
nan	-1.053960190407904562e+00	4.179217773751772724e-01	2.031471764101493438e+00
nan	-7.258411597852704178e-01	-2.389273004838085690e+00	1.792554147160785760e+00
nan	-1.868653789846915769e+00	-5.945092627672752261e-01	5.745373395263878580e-01
nan	-9.651701015211999746e-01	-1.998643220772769125e+00	-1.863316699291657663e+00
nan	-7.501262667215418123e-01	-4.323946766060848823e-02	-9.870010535881843516e-01
nan	7.400255503577805039e-01	-8.960940901313056983e-01	-1.058747669723048901e+00
nan	1.841974450788630424e-02	-1.850307867530425754e-01	-1.010400857425295396e+00
nan	-4.276329794217285096e-01	1.833030183998788087e-01	-1.109355938123327112e+00
nan	1.713906476456821260e+00	7.819313447116749138e-01	1.176077911038949431e+00
nan	6.837799383334910441e-01	-2.067508717004784558e-02	9.024834976826517918e-01
nan	6.326820666623773626e-01	-8.538907059116012110e-01	3.880677075648428342e+00
nan	1.101720569603009542e-01	2.966824573000872434e-01	1.886309483488255223e+00
nan	-6.980180630856082091e-01	-1.182875407930314093e+00	1.261321705378962932e+00
nan	-1.944443065832911710e+00	-2.318087094429453821e+00	-5.381889708169564912e-01
nan	-1.623108464323026467e+00	-1.529807358571212195e+00	-2.146180836282356452e-01
nan	-5.136785138294197584e-02	-1.275763931764851478e+00	-1.405360305488392747e+00
nan	-1.080774458233959123e+00	-7.440586307049988912e-01	-4.328168830388133270e-01
nan	-2.368032700368229548e+00	-1.243598452275280541e+00	-6.441598878919485571e-01
nan	5.570180997922149491e-01	-1.758105942529903487e+00	-2.782823472794185848e-01
nan	-2.233923016615885881e+00	8.621709229407220620e-02	1.208656068307160103e-01
nan	-1.528497338410042872e+00	7.126631228969046994e-01	8.903439468253923628e-02
nan	-2.584834657361099186e-01	-2.173800639558141512e+00	-8.145642220016254820e-01
nan	8.157964061168030412e-01	-9.096558089013159210e-01	-1.397300389156862499e-01
nan	7.029030644691149909e-01	-2.545078192001259954e-01	-2.281194492647188987e+00
nan	-8.134973849691882197e-01	3.438791555164779634e-01	-1.196725588243117810e+00
nan	-1.152263015058155426e+00	-4.033831502090651222e-01	-1.529380993994867488e+00
nan	-1.046651666789643276e+00	-4.064955608478389992e-01	-1.928238070309562957e+00
nan	8.889239665468064988e-01	3.853170405886934824e-01	-1.055675112491517575e-01
nan	1.696657288813103182e-01	2.172110406623320722e-01	-2.285863228334242159e+00
nan	1.495137299674487164e-01	-7.418146626136761235e-01	-1.544708346957859302e+00
nan	2.416916548047753910e+00	-1.012919976653581244e+00	-1.833079090262013988e+00
nan	-1.658540112664447230e-02	7.895098045172028733e-01	-2.784052952114795865e+00
nan	-1.139037700732934866e+00	-5.601055414405662347e-01	3.727182622753302255e-01
nan	-1.835737890564175689e+00	-2.547755932598546602e-01	-1.653828105207085786e-01
nan	-6.745624897281201626e-01	2.698238358269758885e-01	-6.828066679617732504e-01
nan	4.519010026958990012e-01	-9.973285435836011237e-01	4.521269223294013262e-01
nan	4.216193084992280182e-01	1.426597794439088185e+00	-8.944821792292039220e-01
nan	-9.363483643706392856e-01	5.585507862407529389e-02	-9.201680271490109142e-02
nan	-9.727349133921636692e-01	1.279482381362150090e+00	4.348890376956464632e-01
nan	-4.274021262810899779e-01	3.705738402857942093e-01	2.197555485536724085e+00
nan	1.933337388078763125e-02	1.103799787877568495e+00	3.017651877114092329e+00
nan	-3.250615905594250177e-01	-2.092439980449399273e-01	1.459647021641347298e+00
nan	7.384271352104210262e-01	-2.090022329683567825e+00	2.224322116240823599e-01
nan	1.366526998826230743e-01	1.023857014294687451e+00	1.562133605559882232e-01
nan	-4.000245771125414684e-01	2.766794957380315778e-01	-6.620349272371706117e-01
nan	-8.027197482034090781e-01	6.249849104595405630e-02	1.664312685279550896e+00
nan	-8.232743259552020021e-01	-1.081128289667355524e+00	1.025141707634277921e+00
nan	5.756676662369190067e-01	-1.714027375264320696e+00	3.371069524501860704e-01
nan	-6.010957445484121919e-01	1.627266844783790689e-01	1.829410796057068245e-01
nan	5.268869018520461189e-01	-1.848182260436061763e-01	-1.055989662732272905e+00
nan	-1.516489426181581335e+00	-2.595052271402860655e-01	-1.021889003849455468e+00
nan	-2.337554283368341146e+00	3.709923369264280790e-01	-5.234699035137494461e-01
nan	3.762114786691872492e-01	-4.287720087791492829e-01	4.416225709971036695e-01
nan	1.654339972455017405e+00	-2.515732585661309972e-01	1.259510021554908210e-01
nan	5.601169356381430209e-01	-5.951757474261676339e-02	-6.311615588557321077e-01
nan	-4.106283746445409388e-01	-2.036914801600674119e-01	-9.632025335110547815e-01
nan	-5.371155727429153259e-01	2.707253284891416367e+00	-8.122990024789376040e-01
nan	-1.843377977189979422e-01	1.824551514854170886e+00	5.693696780707391270e-02
nan	7.807047419946042677e-01	1.569117286441297887e+00	-6.877305556045731905e-02
nan	2.139489220460725760e-01	1.854688663902377854e+00	1.224285393655261123e-01
nan	6.096707584173928218e-01	2.418964597030022645e+00	1.733988158845139793e+00
nan	4.845256354347314831e-01	-7.107370918285438322e-01	7.719919660031813180e-01
nan	1.297077905223867234e+00	-4.348185083770334525e-01	4.017208751562194591e-01
nan	6.743265119489302295e-01	-9.884425331512083357e-01	6.904836720176528442e-02
nan	9.492343639981937198e-02	-4.714765814390458609e-01	1.957815142307896661e+00
nan	-7.400898498708203821e-01	-1.155008954085369854e+00	-7.789938611745821362e-01
nan	2.632058110633638259e-01	1.302263153636057380e-01	1.692249954538061596e+00
nan	5.808278093775566253e-01	5.543526818526520739e-01	1.941642488232813712e-01
nan	4.022391503911822985e-01	-9.095623043569969202e-01	1.384332404234339009e+00
nan	-2.100100767032172300e+00	-1.231327483418163560e+00	1.268340564851105245e+00
nan	-2.179068130401609960e+00	-1.025936888952472925e+00	-4.337864938936161208e-01
nan	-1.086202557372982325e+00	2.720462406224590790e-01	-1.480421024342693515e-01
nan	-1.132028973659376270e+00	-2.742381021258053941e+00	-1.380291405159695284e+00
nan	-1.145894710833207597e+00	-1.229074720752410865e+00	-3.205429995612426364e+00
nan	-1.483937041798174983e+00	-4.946739560936620483e-01	-2.206017792142773715e+00
nan	-4.406341520123852051e-01	-2.899232938853829600e-01	2.199385923778999219e-01
nan	-1.399140664467937833e+00	-9.968134320263521975e-01	-6.742981493957062034e-01
nan	-1.349696948431168497e+00	-5.350097053545666004e-01	-3.607001477979149495e+00
nan	2.531848245224375127e+00	-1.408295209245319923e-01	-1.490162655265925729e+00
nan	-3.587394776511977357e-01	1.939103046160062682e+00	5.239039948344798026e-02
nan	1.844018096313068789e+00	-2.521169977458170841e-01	-4.998119045218043510e-01
nan	-9.248288822239570939e-01	1.686454126291339950e+00	-3.227515351643852615e-01
nan	2.170391269049698479e-02	1.323686388101510181e+00	1.096117553433259006e-01
nan	2.478755131352880781e-01	-1.886572143163344761e-01	7.120749154775678491e-01
nan	4.427953379616562241e-03	7.000000342122310037e-01	1.054513981489558772e+00
nan	2.029313671257119422e-01	1.454298626782197124e+00	3.928184554184487309e-01
nan	1.415751648047455458e+00	1.070278940752257935e+00	2.924553872401867149e+00
nan	2.226674517068394366e+00	5.995027080809416375e-01	1.619919708341414744e+00
nan	7.955667240957282615e-01	1.723574145876697994e+00	4.071034585135088757e-01
nan	2.007444723315977342e+00	-5.848637871529749344e-02	1.014617250258972980e+00
nan	2.424026923673717748e-01	8.898236497544338430e-01	-3.523674760693157881e-01
nan	6.377295100646653836e-01	-9.231768742441872622e-01	2.686746481050232838e-01
nan	4.419305568022773301e-01	-4.203415861803891929e-01	-9.718904966307636561e-01
nan	1.009907211585511222e+00	1.447897526935961743e+00	-1.461718119636376212e+00
nan	-5.708131083500659342e-01	8.943526227201656909e-01	-1.037555506529050486e+00
nan	-3.572437058152654332e-01	-2.199052462745061387e-01	-2.047775565686943688e-01
nan	-1.067856876644164954e+00	-2.117855862566375258e+00	-4.972291795789871016e-02
nan	-8.239042424464113612e-01	-1.573288357881785782e-02	-6.579688248180995958e-01
nan	-7.515022136260864905e-01	2.345314702239764126e-01	9.012219090993267567e-01
nan	1.575698657927217250e-01	-1.545540960794319907e-01	-1.011431875648166057e-01
nan	-5.015719197178850619e-01	-1.868297017437470897e+00	-5.912064195772455122e-01
nan	4.696099754908833468e-01	-4.362108389486081816e-01	-9.366735120262573711e-01
nan	1.388547133421884183e+00	-3.234096478318419621e+00	1.078424110725786145e+00
nan	-7.749073497455705173e-02	-3.857835948675535365e-01	8.888570577241440285e-01
nan	-6.505487518542791836e-01	-3.320455277538238992e-01	-2.257873936173580010e-01
nan	-3.731664229507294372e-01	-5.407431945486156355e-01	-1.218469755029213397e+00
nan	6.821023736943815363e-02	-9.284878863691751194e-01	1.992514523238229085e+00
nan	-7.208407992990417679e-01	-1.665082173947797450e+00	2.018938324232133485e+00
nan	-1.244857544144723160e+00	-8.327071003627768420e-01	1.386055637871890678e+00
nan	-1.130776748883809191e+00	-2.700526579590990739e+00	9.047901168889875834e-01
nan	-3.149393069017404123e+00	-1.505302768252650969e-01	-5.560835712052086821e-01
nan	2.358412346907645674e-02	-2.256496594804047184e+00	3.626534488383739152e-01
nan	-4.427952149184368746e-01	2.812480152029058766e-01	-1.744388853067664891e-01
nan	-1.686339712299884663e-01	1.283365112275491438e+00	-3.774231860461645938e-01
nan	-2.463096188729646308e+00	-8.053170209358654352e-01	8.273417960734569254e-02
nan	-1.165260955379572305e-01	-1.629046586114318629e+00	-8.189982389712689992e-01
nan	-8.664499171273776224e-01	-2.375830215008162050e+00	-5.446366971613356700e-01
nan	-7.299369042984368283e-01	-1.689145726622919952e+00	-2.707042930233652278e+00
nan	3.280833786315139333e-01	-6.302095640385356745e-01	-9.492528722297753907e-01
nan	6.845980545829268848e-01	-1.198377100770767756e+00	-2.309189859893406860e-02
nan	-5.504157013404397114e-01	7.120568655303531891e-01	4.354348447944559330e-01
nan	4.912762829772150952e-01	-1.722589338207459519e+00	2.820096105297520417e+00
nan	-1.143027758005538130e+00	-6.236362954404157666e-01	-8.218043485932808867e-01
nan	-7.456962728827667419e-01	-1.642330457303457614e+00	1.511996730433821656e-01
nan	-1.539984848520886462e+00	4.074383627833524368e-01	-2.456405294765904024e-01
nan	-3.527373351305144178e-01	-1.380649235651094653e+00	3.000813860143705658e-01
nan	1.816370707955229813e+00	6.028238780199191016e-01	-2.005338385207093843e-01
nan	9.456456350409072620e-01	1.071200327936756125e+00	-7.058430924723925193e-01
nan	1.290920922045421637e+00	-2.268667837263137699e+00	2.387175291267762400e+00
nan	-3.914099322525707580e-01	1.142901660443194523e+00	4.559798750791370647e-01
nan	1.159336107499009616e+00	3.057891338871308595e-01	1.629377075955754650e-01
nan	7.686813485366712495e-01	-1.290698813560677616e+00	-1.963613342320799315e+00
nan	9.861973335409981445e-01	2.903845386502989512e-01	-8.686259987070051869e-01
nan	-3.353828254887622484e-01	9.923470863880701209e-01	1.364104346222777542e+00
nan	-1.334273310501568277e+00	4.629771965988407345e-01	-8.968436614815816776e-01
nan	3.689558175353330194e-02	6.922122530343323143e-01	-1.098621079355356578e+00
nan	-1.144013226856576360e+00	-8.477776137427384118e-01	-4.173163594611385696e-02
nan	-1.795491193821128428e+00	-1.203409127761063013e+00	1.191936192386593207e+00
nan	-1.268408514865377423e+00	1.482156146013485332e+00	1.806233651705484444e+00
nan	7.790200073138231485e-01	-4.853746021394721166e-02	3.946818134527198207e+00
nan	-1.160656966921163880e-01	3.812932121403785346e-01	2.796988082474724635e+00
nan	-6.798404544146650075e-01	3.673149823381163248e-01	6.031112054143363821e-01
nan	-1.280382065069772146e+00	-9.700294809077029123e-01	-9.847522308918585932e-01
nan	2.721370624943689087e+00	-9.259334188259649157e-01	-3.930917390293888758e-01
nan	-6.615032020795885703e-01	-4.364144586485581012e-01	-7.650306307137618722e-01
nan	-1.320757034197689084e+00	1.065373554774780018e-01	-1.977634967812368361e+00
nan	1.356906007423250404e+00	-4.824674596527320780e-01	1.333619724680752183e+00
nan	-2.031211891348932985e-01	-1.001111185311910567e+00	-2.674025231543305514e-01
nan	-1.100201932281898110e+00	2.091052850892952675e-01	6.054471260174465463e-02
nan	-8.692776772396508811e-01	3.439964824351075534e-01	8.497916607883180262e-01
nan	-2.078506747727637549e+00	4.827773733469505890e-01	6.198814807623498346e-01
nan	2.396877682169196166e-02	-1.355423124831824921e+00	1.218000542693019828e+00
nan	-1.691200632755378575e+00	-1.167006749196699777e+00	4.320243266306459939e-01
nan	6.069159869570086574e-01	-2.252387704142400970e+00	-1.344382549763432078e+00
nan	-1.176706982528474832e+00	4.223917441248773996e-01	-1.737665971700243617e+00
nan	-1.248504072856632341e+00	-7.789924449739888956e-01	-1.793539080535016428e+00
nan	-6.342836249338867916e-01	-1.762051660715898027e+00	1.480788883897734554e-01
nan	1.592303864576189998e-01	-4.674616437198672037e-01	-6.117024236321303432e-01
nan	-3.435429655145147976e-01	-1.115239728660581742e+00	-7.844571221317766518e-01
nan	-1.219621362587153035e+00	1.360818622829322866e+00	-1.723842635958114378e-01
nan	-2.197983283334503102e-01	-4.493255320364002436e-01	-4.605152647469462623e-01
nan	1.414538374536326693e+00	1.427159218134340213e+00	-5.568305715549659585e-01
nan	1.250667387901118310e+00	8.382913332703356701e-01	1.408680790280369299e+00
nan	1.209648642713464284e+00	-4.667151658613597487e-01	1.881038778219818464e-01
nan	1.023967212676857030e-01	1.858895672534711663e+00	9.357840522558864560e-01
nan	4.588225659443758708e-01	-1.204246714334596291e+00	1.621802893043289950e+00
nan	5.718123339185015030e-01	-1.754933178684118689e+00	2.663147031371462248e+00
nan	-1.161992783544975261e+00	-1.516325539131459399e+00	-2.891969401492460179e+00
nan	-1.195223710338750855e+00	-1.777997676873300792e+00	-1.030613101106881757e+00
nan	-1.695430623565532979e+00	-1.580257954664497699e+00	8.663405127907862768e-01
nan	-5.443263337571813132e-02	-7.297961425660932644e-01	-1.362953863705550273e+00
nan	2.266443093110066087e+00	-5.359714453511930099e-01	9.456012082936080532e-01
nan	-4.399601422547767537e-01	7.338554250358511055e-01	-3.974445787606281089e-01
nan	-5.294813436280281227e-01	9.839133147920896549e-01	-5.997746119584330682e-01
nan	-1.385735890251191538e-01	8.913464586297104031e-01	-1.034750612067443232e-01
nan	9.983389105535862562e-01	1.562078218167042953e+00	-4.239093597884667775e-01
nan	1.089981769486586094e+00	2.259721429244218704e+00	1.616156675946735621e+00
nan	7.789485012180944468e-01	2.860597982069411849e+00	1.042355628794112032e+00
nan	1.388633884756008907e+00	1.941383214984806482e+00	2.652969427451479234e-02
nan	1.066910119785925204e+00	2.053652004810371245e+00	1.587313588149023014e+00
nan	1.518668932764949853e+00	-1.964952747955588386e-01	1.037649060794531453e+00
nan	6.437453717434944434e-01	7.412649520239604772e-01	4.323508600333570984e-01
nan	-3.586845842903751969e-03	7.449134668730608144e-01	-9.556571784110270418e-01
nan	-3.713204292432093490e-01	8.503527955402396810e-01	1.377244494628591553e+00
nan	6.492216766312546294e-01	-2.063467617273168297e+00	2.064568768754981409e+00
nan	-1.505866388207683038e+00	-7.499384873048504652e-01	-1.176226566153982800e+00
nan	-5.535934639041726335e-01	-3.643267257626752187e-01	-6.940331511813009335e-01
nan	-1.502689458994375338e+00	7.614082445759930984e-01	2.380188167742404159e-01
nan	-1.032152894234138918e+00	-1.042100283602180433e+00	9.783198631630416475e-01
nan	1.385685910252916653e+00	-1.348734270794924806e+00	3.987108749522698670e-01
nan	-8.781017736946395980e-01	1.244608160000742592e+00	-1.132370001442611018e+00
nan	1.365997485786556165e-01	8.189585117700223793e-03	-2.264140009585516311e-01
nan	2.842618842049095207e+00	1.173496271973188954e+00	6.653377830349491706e-01
nan	2.284164024148764849e+00	1.472593212777355554e-01	1.560971318252213802e+00
nan	-5.305608176100787832e-01	9.732939210595170643e-02	-1.951433100418609179e-01
nan	4.062947409132794396e-01	-7.564654790907314741e-01	-1.330656382994775733e+00
nan	4.286097747236606303e-01	-7.395929120948196989e-01	-2.874719640884242922e-01
nan	-3.314791274374883634e-01	1.738150905109024924e-01	2.352903030704362464e-01
nan	-1.042771603744757858e+00	4.821093599784249673e-01	1.084899160448983046e+00
nan	-1.689539960199913371e-01	6.585915746012999117e-03	2.522579981431279705e+00
nan	-7.858685544383386956e-02	-5.130962008815338482e-01	1.870844374746989836e+00
nan	7.152306910261186923e-01	4.080123724319522083e-01	1.305000941873380560e+00
nan	1.180438738359459672e+00	1.498572864848537023e+00	1.084676410768113719e+00
nan	-1.223129527755788537e+00	1.460045593509741169e+00	6.402589209835913842e-01
nan	-3.683855607018192702e-01	-8.444526265738439008e-04	-5.704986804888598773e-01
nan	8.299867625705502627e-01	1.346030807656970030e+00	-1.881320337893786832e+00
nan	1.608327358957228892e-01	8.094303504873401334e-02	-8.430694521987874834e-01
nan	-1.793572936476525992e-01	5.407266178118851352e-01	-3.777035317581298735e-01
nan	9.198222177939205935e-01	1.279351615912955209e+00	6.292917036838029388e-01
nan	2.338584606885134587e+00	2.697320691690123784e-01	1.601683165190725733e+00
nan	1.551012421096676031e+00	2.439175946147230434e+00	3.689737438093618760e-01
nan	8.735505126536283749e-01	2.020043415008997201e+00	3.964426063678594403e-02
nan	1.296109224100531865e+00	2.508470896723424826e+00	1.889897175515553585e-02
nan	3.281149746069188300e+00	8.452914898782526443e-01	1.428098624532251559e+00
nan	2.947617587497846081e+00	1.386271054033767491e+00	1.560351012918619329e+00
nan	1.168688425705565859e+00	2.711839041470662792e+00	5.500233114014063673e-01
nan	2.487135839840156848e+00	3.918119473970005373e-01	3.991663306328188110e-01
nan	2.198893830899422142e-01	1.197130620359963871e+00	6.022488124724694192e-01
nan	2.789088580739572887e+00	8.413328995591963233e-01	-1.216330849779578394e+00
nan	2.091255078702610737e-01	2.059020530232455126e+00	1.474811780749531342e+00
nan	1.201097181815865556e+00	1.478629869529794139e+00	2.504910241172359164e+00
nan	-1.794258163281330365e-01	1.773308722114362634e+00	3.303464009058479922e-01
nan	3.429544242995849590e+00	1.969356436081295403e-01	-1.684088903263063930e+00
nan	-1.786641577263634373e+00	1.014367938835610827e-01	-6.636802234998709915e-01
nan	-5.399187927697575162e-01	8.253210811254468871e-01	4.830016053064505321e-01
nan	-1.090832430454816260e+00	-1.227938035331280764e+00	-1.596920867853138803e+00
nan	-5.893011636713929580e-02	-1.291999417618237000e+00	-1.482970017587535771e+00
nan	1.626809657307498824e+00	-1.331803060862417620e+00	-1.096155750208556379e+00
nan	3.926265724468125939e-01	-9.486783374502276711e-01	-7.581640616269776922e-01
nan	1.681804221542139377e+00	1.238912183370719511e+00	1.001772073315181810e+00
nan	6.886832870001600160e-01	1.151723456754488950e+00	-2.615206338422769727e-01
nan	2.554885114099201826e-01	1.744051100009475164e+00	3.819724701885173768e-01
nan	2.141751028120722489e-01	-2.174971904473489648e+00	-6.738614589476679129e-01
nan	-1.045199440770497423e+00	-1.401703330228908806e+00	-1.152131917873777445e+00
nan	1.097873432960623008e+00	-2.929440332187878138e-01	-2.228752160869922339e+00
nan	-7.327385856366167571e-01	1.574031992663267543e+00	-1.042662451323604245e+00
nan	-2.645430435683780446e-01	-1.070828039948226396e+00	1.222002830956758629e-01
nan	3.928854028442410051e-01	3.776091501159198893e-01	-1.146546089158543280e+00
nan	-8.026021394479319060e-01	-1.168412473692340026e+00	-1.842676500753789859e-01
nan	8.542272926804561628e-02	-2.021492402669669008e-01	-1.253217611954128508e+00
nan	2.421058421117269766e-01	1.569110653130222632e-01	-1.522911537151732997e+00
nan	2.532698750767264695e+00	-4.138891440338002825e-01	-1.080876863356593720e+00
nan	-3.490486317724446064e-01	6.523703637556086399e-01	-3.400435668647173171e-01
nan	5.672824874774173853e-02	-7.323715641308254920e-01	-5.593488819770010834e-02
nan	-9.147517002011180676e-01	-8.295610665588888377e-01	9.425869770763780631e-01
nan	-7.024194955000575558e-01	-5.959146686593291831e-02	-3.302153586527970530e-01
nan	1.398534054132487547e-01	-6.746469911699129463e-02	9.504225153210158483e-01
nan	-6.748682062278357208e-01	7.686219443684570996e-01	7.394480877002616026e-01
nan	8.601132984718168339e-01	1.854841525845702277e+00	4.220150356592249352e-01
nan	1.371501246589587719e+00	7.750723254127421802e-01	-4.560568124276110913e-01
nan	9.177228697551154113e-02	1.725164218736848332e+00	7.149708140460926398e-01
nan	1.169557250913542124e+00	1.977237672543721736e+00	6.753086895229107878e-01
nan	6.250859473337475603e-01	3.435823820063160117e+00	1.943975915605895111e+00
nan	2.200353714421610096e+00	7.065348060613620973e-01	2.526918216101535997e+00
nan	1.163951854905254768e+00	8.681688296429652674e-01	1.999604167780709041e+00
nan	-4.915495629598216620e-01	-6.513200020900511422e-01	1.284481311857170960e+00
nan	-1.275390412935599460e-01	-4.035648027136026217e-01	4.025018688985737558e-01
nan	1.002691001427539474e-01	9.682734445712620763e-01	-2.593384333858551050e-01
nan	-8.789540142151235358e-01	8.268362988115749435e-01	8.039241977728994737e-01
nan	5.466412755029597115e-01	-1.083816211181124478e+00	9.091406388052940546e-01
nan	1.390768849202291824e+00	-2.095295228662384379e-01	5.787596997895795292e-01
nan	1.041404427183138193e+00	1.244990965616146639e+00	-2.531302272160521616e-01
nan	1.342387712210952877e-01	1.015690482926238314e+00	1.324684465843679826e+00
nan	4.603814158973932869e-01	-1.000034011092063579e+00	-1.839092135868113376e-01
nan	1.603421533040342517e+00	-1.312729174747581329e+00	-1.997211574994744443e-01
nan	-1.287317726272199980e+00	-1.718030854241448857e+00	-1.201087985209652764e+00
nan	-2.564254407129226365e+00	-1.079099465451847983e+00	-1.190707822959877538e+00
nan	-3.334729996490457093e+00	-1.742223036119260327e-01	-1.798413272152556308e+00
nan	-1.834751333987082234e+00	-9.793072654550682987e-01	-1.017786352418717399e+00
nan	-5.908464172522610580e-01	-9.900555072547813085e-01	-1.833400270674838239e+00
nan	-2.003571761556907305e+00	3.373779543436089545e-02	-3.349656909138153393e-01
nan	-9.813516850205852293e-01	-6.708627694300317579e-02	-9.944436204783771993e-01
nan	-1.103446829927685835e+00	-1.626505641999820007e-01	1.315968707294822959e+00
nan	1.644019205305281006e-01	-7.605559211201480263e-01	5.758292408138681040e-01
nan	3.610361706868110976e-01	9.448511044634333444e-01	4.084372377314464120e-01
nan	-8.610703779677714165e-02	1.077640510071606439e+00	-5.132276251418194102e-02
nan	9.289960080127869224e-01	5.985215907199908925e-02	4.880259083857659830e-01
nan	-8.447741637038697071e-01	-7.427329286097839045e-01	-2.944323883005268150e-01
nan	-1.095913118200216196e+00	-2.284433900346411583e+00	-1.912000405560094207e-01
nan	-9.603770116108558685e-01	-1.112052174457861753e+00	2.045235649826855351e-01
nan	-1.040613437854714052e+00	-9.805671188157618623e-01	1.690737326672647978e+00
nan	-1.726910615217254197e+00	-1.039157514699996732e+00	4.896575177213686736e-01
nan	1.752308225397122277e-01	-1.846649089427638391e+00	-8.238303978056171761e-02
nan	-2.178571848622434803e-02	-2.283709715435791487e+00	-8.013839332692210826e-01
nan	-1.645005301533712050e+00	9.905369212012116176e-01	-2.241310510323941685e+00
nan	-2.755683302067252760e-01	1.563131526179383668e+00	1.007439394252265252e+00
nan	6.718177614140689036e-01	-3.339160778073375080e-01	1.220383678862908106e+00
nan	-6.790302693421363944e-01	4.822754784795432736e-01	-1.807470421584523868e-01
nan	-1.371017189018856053e+00	-4.991919784001500049e-01	1.836549849225701525e-01
nan	-1.700761294702382576e-01	7.315289373508248039e-01	8.914180900413453124e-01
nan	-1.187402418594190490e+00	1.191643024753196306e-01	3.611810091354888397e-01
nan	-6.072257960930638188e-02	-4.501487089132966135e-02	1.529050525896907820e-02
nan	1.693978380376071513e+00	9.097610489178911131e-01	-9.995640897482271914e-01
nan	1.383426447271640214e+00	-6.197574315645587584e-01	3.570493340150739381e-01
nan	-9.584478145368732216e-01	-2.932124811474677850e-01	-2.446916233282609543e+00
nan	-1.346535159548492455e+00	-1.558561683068802273e+00	-2.368225662893843619e+00
nan	2.447135560458668646e-02	-3.474092839392294074e+00	-1.486108939558149489e+00
nan	-2.226065953169823697e+00	-2.302207201395994218e+00	-2.192549978722650561e+00
nan	-1.026762910952082830e+00	2.397234584362260001e-01	-1.064014291724846295e+00
nan	-4.260069466187503817e-01	-4.185955777371128117e-01	7.468462442522174616e-01
nan	-7.965372611804317771e-01	-9.771599910953179258e-01	-6.431557654576883776e-01
nan	-3.057277774995216468e+00	4.766555386965881658e-01	-9.439042647390455398e-01
nan	9.808903968885823721e-01	4.992375114483027509e-02	2.088900921774673236e+00
nan	3.200436798104058234e-01	-1.405853020720920776e-02	1.596333741305494769e+00
nan	1.036484925380122490e+00	-8.293027316457215470e-01	1.329522987554530022e+00
nan	-1.589389973044338378e+00	2.247134085219414379e-01	-2.487425343231275121e-01
nan	-8.710821973612747904e-01	1.756465121426845077e-01	1.965481001078074330e+00
nan	-1.330595956313886052e+00	6.270981223733297361e-01	1.759084679677023644e+00
nan	-5.106246969344211406e-01	4.396898300913983926e-01	1.841132380819499481e+00
nan	4.516527909597027879e-01	-2.335254457553420926e-01	9.878651800354703028e-01
nan	8.124844560455261044e-01	6.188055912053969099e-01	4.421013768798155441e-01
nan	1.593296108355807039e+00	5.751421565377041745e-01	-1.477484150906019367e-01
nan	6.615132381263160166e-01	-5.768067233814444528e-02	4.383059657572686008e-01
nan	1.225631752353329995e+00	-8.880955810304427267e-01	4.936850153609020908e-01
nan	-1.006843234261868059e+00	-2.488774642763091016e+00	9.444290977793616815e-01
nan	-2.891262253272593341e+00	-9.414243808723452567e-01	-3.430243817082566649e-01
nan	-1.319090227880794775e-01	-8.504043536383572022e-01	-8.831963566545057986e-01
nan	1.398610006613107526e+00	1.616157650750204011e-01	-6.569113554260603838e-01
nan	5.066737261691518501e-01	8.844332418091732650e-01	1.682502857371647842e+00
nan	1.075922706753652758e+00	-2.477705170890244224e-01	7.559729909746167875e-01
nan	1.259838427128766813e+00	1.312342500834935644e+00	2.736484646560903844e-01
nan	-6.262048456521402962e-01	-1.927699088668293204e+00	3.912433863361090558e-01
nan	5.405517127904690966e-02	-2.138607469219472978e+00	-1.698920183903781744e+00
nan	1.180439720695692918e-01	3.602291852899773827e-01	-3.387188740843435353e-01
nan	6.737809178438767255e-01	7.429361333180789506e-01	-1.657952466679989634e+00
nan	-1.913996760055707846e-01	-1.002648988697544929e+00	8.493356359841380820e-02
nan	-1.738354671181469246e+00	-1.657016358185016358e+00	-4.201927778954209214e-01
nan	-4.388055862168855903e-01	9.433579908504352574e-03	1.050445100527314324e+00
nan	-4.339142259890529374e-01	-1.929478418029901277e-01	1.308849121156776540e+00
nan	1.150078742962207246e+00	-2.119215024220713617e-02	-1.009326861023625566e-01
nan	8.545864202808438614e-01	1.056132686794496678e+00	-4.650678361533394090e-01
nan	1.871940346659948240e+00	8.142872883298383213e-01	1.153392061928470769e+00
nan	1.188916418576110745e+00	5.652331692621589410e-01	2.580570937553086086e-01
nan	4.000125714243173425e-01	7.224500300975515987e-01	1.314764047631978627e+00
nan	1.233228966352620137e+00	2.273964921472270695e-01	5.681284712320074926e-01
nan	-1.011381338872874291e-01	1.110792862409865966e+00	2.403511644683720139e-01
nan	4.238158955634161451e-01	1.071260657175933384e-01	-1.124402294640981959e+00
nan	1.163067489770729157e+00	3.671956458500785225e-01	-7.198462886287706475e-01
nan	1.392173038982341016e+00	2.228248720422068896e+00	-1.149836972045188199e+00
nan	7.295447775726258133e-01	1.179404768084963528e+00	1.170718238410424217e+00
nan	1.942913483560984034e+00	-8.199288193393594604e-01	6.884805182368342047e-01
nan	5.579942886777122801e-02	2.844724641214421146e-01	1.525331617073523160e+00
nan	1.088559538430411977e-01	2.376158177789695070e-01	9.546994116913258832e-01
nan	-7.180495243968166852e-01	-1.150482147614618755e+00	1.157761380581755262e+00
nan	-1.282086739741471026e+00	-9.642646482566699095e-01	8.952695887753854553e-02
nan	-1.950028666081203843e+00	-3.088599065766335916e-01	-6.480819833208848468e-01
nan	-5.808051084622338767e-01	-9.385753511514649539e-01	4.565622913699750596e-01
nan	-2.301825816629846644e-01	-2.054986201060668538e+00	-4.792083821135413313e-01
nan	4.795373415204213785e-01	-9.847876307526467476e-01	-6.449407476303240516e-01
nan	-1.385539461309814868e+00	9.788945136005203218e-02	9.409970374295368867e-01
nan	-5.470711941349026830e-01	-1.435043173497798197e+00	-1.414170307783716996e-01
nan	-5.897838965834603098e-01	-7.870727120980164360e-01	1.096360320284416989e+00
nan	5.131514671923821380e-01	4.525908347182641123e-01	3.448484924048438316e-01
nan	-4.147918244969894808e-01	-1.366792455797503081e+00	1.006166825887741811e-01
nan	-3.876873883891593486e+00	-1.170099982742559774e+00	-5.907796574143160395e-01
nan	-1.626099584020653133e+00	-2.666587787305611634e+00	-2.056281608380546633e+00
nan	-2.037269174003227157e+00	-1.579459815854158844e+00	-1.051651891456020671e+00
nan	7.765072064421250086e-01	-1.148029528825113221e+00	-3.807694128699690150e-02
nan	-1.258872630353909949e+00	-6.539428277332171024e-01	-2.678704096128126100e-01
nan	3.292106760369488683e-01	-1.433696032009681876e+00	-7.642414813776770011e-01
nan	5.485704229865268067e-01	7.291982396816150125e-01	-6.086659558823113159e-01
nan	-1.305995480133105291e-01	1.661387620012901634e+00	-8.417868947809885594e-01
nan	1.145414732416847770e+00	1.789228734043206259e+00	-1.005591275339501323e-01
nan	1.592418297303960451e+00	-8.216588341732946610e-01	5.355333729934032005e-01
nan	1.345437726032922665e+00	9.018170201037318812e-01	-9.002447457054389979e-01
nan	2.604665854346606690e-01	1.285111297450636458e+00	3.679424043282909507e-01
nan	5.397016271680592503e-01	8.185862452114767152e-01	7.651698617655512402e-01
nan	5.369862490085370865e-01	-1.944617574782364633e-02	3.237104535485441081e-01
nan	8.567360339094372279e-02	1.287219289862941984e+00	-8.192699897959609956e-01
nan	-7.917359114441110401e-01	-1.873939442301872926e-01	1.222631149785101901e+00
nan	-9.346939091249035769e-01	-1.159894805690307173e-01	4.270684494155692623e-01
nan	-9.076104390456428694e-01	4.389964345378550847e-01	-1.375908545176641185e-01
nan	1.516559129016684881e+00	-1.112835012541670138e-01	-6.792254396723466092e-01
nan	5.693825563537724399e-01	1.525254148192001225e-02	2.317165606253043797e-02
nan	7.528398076626003910e-01	1.292180992047884391e+00	-7.698034874230053060e-01
nan	1.964876000542376544e-01	2.304527997372490811e-01	-2.518599198821246943e-01
nan	-1.419284182049268095e+00	1.094382120861408403e+00	-1.604447015488264405e+00
nan	-2.207513970005096304e+00	1.129136701018419675e+00	3.707098282701922765e-01
nan	-1.185614499532724464e+00	1.630188011164445117e-01	1.807068343800985466e-01
nan	-8.365329798949265871e-01	5.114325406890649628e-01	-5.516073245272938852e-01
nan	8.370483196427171979e-01	-2.200925961129280850e-01	6.381098319876559177e-01
nan	1.469886014596239465e-01	1.455523249241226225e+00	1.998900918556716810e+00
nan	1.109239985617475943e+00	-7.728028720962984988e-01	6.869170706014007255e-01
nan	6.504153810046473527e-01	-1.878765636211395251e-01	1.184741276788928266e+00
nan	8.185057242025347568e-01	1.823536616263840282e-01	-9.663337741529844926e-01
nan	1.717672173725846907e+00	-1.329209916240876144e+00	-1.495934914944077876e-01
nan	2.494026009487449791e+00	9.543639046753373822e-01	-3.054578963977049089e+00
nan	1.744649468450885532e+00	2.122159552361420509e+00	4.681173989951536996e-02
nan	1.738506560258491929e+00	3.183632666535658462e-01	-5.288782074187048377e-02
nan	2.606432985651350176e-01	1.888524873693222972e+00	-1.379200088753769426e+00
nan	-3.748679143705018202e-01	1.546087773789803554e+00	2.712083575874387531e+00
nan	6.257492234830892563e-01	2.638280735386173692e+00	2.761314426051697524e+00
nan	3.069498921064067742e-01	-2.891751211534079324e-01	2.000519687570322169e+00
nan	5.843018143016357469e-01	8.546058288348984400e-01	2.071652972625519951e+00
nan	1.267863773641884295e+00	6.197195343917899502e-01	1.714004881433906391e+00
nan	-6.794239037318516861e-01	-6.777972121966993058e-01	-3.299554490442432320e-01
nan	-1.481610726149865109e-01	-1.017655304448347398e+00	3.004036200974423143e-01
nan	-1.739857360630173433e-01	5.328459961091347452e-01	3.608420879358784639e-01
nan	-6.260956528198238225e-01	1.459839189827136341e+00	1.319807169375861511e+00
nan	-2.688746608278703709e-01	1.798883766976747900e+00	2.057923483136601561e+00
nan	-3.223868576762278781e-02	-8.293362774898178635e-01	8.069653066305033651e-01
nan	-1.017060305401698006e-01	7.888490373441903181e-02	-1.087165408732479799e+00
nan	1.349001709257123816e-01	1.165674281334273532e+00	-1.087499215774810901e+00
nan	-1.536686928175802769e-01	-4.830889066056225922e-01	3.165487144387140739e-01
nan	4.142030502194316011e-01	-7.936554437058453149e-02	-5.939865127193928035e-02
nan	-7.596793559654192451e-01	-2.063115586360640741e+00	-2.908679041945925192e-01
nan	-5.537215929323386909e-01	-1.105785166958929366e+00	-9.008075354241777966e-01
nan	-9.302472138742789998e-01	-7.407134004695523632e-01	-3.332346621499374884e+00
nan	5.981291688383947314e-01	-2.202446058035803511e-01	-1.353927398828980166e+00
nan	1.357636395268700058e+00	3.083904474280665386e-01	1.147078064513131990e+00
nan	1.194167000767929032e+00	1.186745585870828124e-01	1.072994597185897181e+00
nan	1.272030777152961534e+00	6.585531671277944366e-02	-5.430571466206806086e-01
nan	-8.936621290693103070e-02	1.188882225590034869e+00	-6.235251124226559583e-01
nan	1.980214143548439498e+00	-1.026351066832845271e+00	5.561281917753969628e-01
nan	4.237505652104367471e-02	-4.633824254930959952e-01	-4.743770866226919569e-01
nan	1.657263925331063925e+00	-2.732201648519324566e-01	-1.038292214292691362e+00
nan	2.141375596853044572e-01	-1.172301733798128964e-01	-1.370907917310941748e-01
nan	-2.300791773204269308e+00	-1.013188665025847257e+00	2.451090424320312988e-01
nan	-1.856861232034137998e+00	-1.587573041167986698e+00	3.296264407526600104e-01
nan	-2.006666083573207082e+00	9.363739770132286644e-01	-2.803096710492202437e+00
nan	7.369825668439597965e-01	-1.614097462400710725e+00	-1.315132714865094865e+00
nan	-1.493300720766643774e+00	-8.243525996839480285e-01	-1.319213228858413300e+00
nan	1.329776313635696594e-01	-1.298569532971726170e+00	3.969897735417571294e-01
nan	-1.762797842425886774e+00	-5.917625912196875504e-01	-3.760218641093080461e-01
nan	-5.454648133466060145e-01	-2.822918460949193076e-01	-6.428010283007425940e-01
nan	3.282487489791043878e-01	5.467981591302073507e-02	7.939012874916637763e-01
nan	6.833113190153081717e-01	-4.982196120580533183e-01	-1.762332246712572825e+00
nan	-2.446436702153687026e-02	8.364981735955260289e-01	5.789804700072693766e-01
nan	4.100913671991553988e-01	-1.161657229999336405e+00	-6.569909937912893350e-02
nan	5.663595036046163989e-01	3.914611128830044473e-01	-2.232963097050118861e+00
nan	1.567331592191183010e+00	2.559242561788327430e-02	5.530508880461438848e-01
nan	2.669337095397366078e+00	-7.463024300153591195e-01	3.252088884908074795e-02
nan	-1.105089062142680545e+00	-6.305127034522657326e-01	-6.691637317488341452e-03
nan	-5.262809242156470946e-01	-1.062323423244950327e+00	-5.930443349479161408e-02
nan	-8.344072578291192865e-01	-3.375626578194119265e+00	3.047105089027330460e-01
nan	-3.420717017937708881e-01	-1.786074038185424318e+00	-1.621418600193100801e+00
nan	-1.043858611234298017e+00	5.813537442812698464e-01	4.253255880349471330e-01
nan	-1.416066362090406372e+00	8.046719809511546639e-01	-5.203276015716908898e-01
nan	9.754266515685613426e-01	9.438005518704871699e-01	1.700285441116001772e+00
nan	-2.509635390736224547e-01	-2.817787594027361120e-01	-2.836137654445182177e-01
nan	-1.353855414432426629e-01	-5.484977046480641327e-01	-3.425396089820061940e-01
nan	1.019425061668298271e+00	-7.181829999579307788e-01	-2.531693388423260638e-01
nan	-7.527455400983619205e-01	-1.035386103721742446e+00	-1.993380615449241944e+00
nan	-7.386923807428574795e-02	4.704612150854529107e-01	-2.170420801273747369e+00
nan	9.718735248418651773e-01	-1.318919017118788783e+00	-9.893581589011799515e-01
nan	7.853782732761598051e-02	1.432226023381614866e+00	-1.106592680855104760e+00
nan	1.410259238083186428e+00	4.109285464213294770e-01	9.558699342064738147e-01
nan	4.496297118337252985e-01	9.594307626496407782e-01	-9.613667611782968914e-01
nan	-1.617151016989239132e+00	1.073077605571614246e+00	1.380663977391934694e+00
nan	3.812426969927885656e-01	-4.716437850039051360e-02	-6.597368034489115018e-01
nan	-8.501818192402840202e-01	1.167892231506525436e+00	-1.893298772679313347e+00
nan	-2.379052147372234804e-01	8.606975868781338024e-01	-8.846684135867559640e-01
nan	1.251245665566806053e+00	7.952701416709055948e-01	4.673652520443836722e-01
nan	6.794030978505208873e-01	2.373055462723530074e-01	8.817788063921450092e-01
nan	-8.065374599268690936e-01	3.704722178480457373e-01	1.705390189669985901e+00
nan	6.351434111455814269e-02	1.285161238862135014e-01	-5.482163918362531474e-01
nan	4.591804497731361012e-01	-5.955632586076254897e-01	-4.585711038025711561e-01
nan	1.631710846214671440e+00	4.531912569769231958e-01	-1.626350470512598401e+00
nan	-8.068127231301457369e-01	2.559760428663290788e-01	-4.458326344728250068e-01
nan	-2.625106722056208541e-03	-2.406356724956904558e-01	1.231655405986206819e+00
nan	6.020631763978628870e-01	5.017380009616809744e-01	1.534232563308233654e+00
nan	1.446896259057895762e+00	1.297122176070918120e-01	1.411387301063665056e+00
nan	1.003649820055636521e-01	1.952525992502006646e+00	-2.989292013335855258e-01
nan	1.485538112130048383e+00	-8.297721927489082328e-01	2.000459697063674547e+00
nan	-2.309364855019218621e-01	2.029575179677415575e-01	3.446733730356230097e-01
nan	-2.123566904000963262e+00	-8.238366042927959265e-01	-1.574723288460570636e+00
nan	-4.314460601115117644e-01	-1.787144223517259434e+00	-5.348174267357586054e-01
nan	-1.193986203191640394e+00	-2.516615107982948629e+00	-5.535477457547002267e-01
nan	-1.558163384799357010e-01	-3.275973405076535894e+00	-1.499845720803761218e+00
nan	-2.912411919692513340e+00	-1.634722065417487880e+00	-2.149926194187172790e+00
nan	-1.450862402730591860e+00	-1.656559155865354516e+00	-1.957934486383807071e+00
nan	7.778976484612551978e-01	-1.291694002403459329e+00	4.975252501702003283e-01
nan	-1.222398248410779820e+00	1.030101723473312303e+00	8.285816967293321844e-02
nan	-1.989704594156558315e-01	-4.804109636068806810e-01	3.365425894858481981e-01
nan	-5.845257315096710204e-01	6.389225220373844216e-01	-7.745060058661076829e-02
nan	-1.889681469360500410e+00	3.184868408481062452e-01	9.615021090298050410e-01
nan	-2.057733866578679294e+00	-1.862188489830919891e-01	1.507180984521561795e+00
nan	-8.170535201347731702e-01	-1.073151637415319604e+00	-1.239368833645625667e+00
nan	-1.690626783473684558e+00	-1.006040606947757432e+00	-2.979099540204337870e+00
nan	-2.243831563889250980e+00	-1.754113459413902953e-01	-3.291569863461260015e-01
nan	-2.364835369983441793e-01	-4.153942461300330069e-01	1.292642022860503115e+00
nan	1.920250155811261406e-01	-4.691928263623650341e-01	7.088496902695781143e-01
nan	1.460190280938377327e+00	-1.592774185093621675e+00	-1.548132467941877533e+00
nan	-2.575183435254530195e+00	3.689056230241794521e-01	-4.493992821203824373e-01
nan	-2.956628332380383806e-01	-7.572428450581856207e-01	3.417619478865892568e-01
nan	-7.659519577015989622e-01	3.221378032891363263e-01	-1.024586604935187051e+00
nan	2.821844522737945171e-01	-2.189176992573482305e+00	-2.078862266407788262e-02
nan	-1.307851869056310345e+00	-1.966155763758988151e+00	-1.470143070332496471e+00
nan	-1.555475542825538016e+00	-5.794880462853573277e-01	2.334309042666899980e-01
nan	7.982826326936690586e-01	-2.459126489188484310e+00	-3.271449336130486940e-01
nan	1.083365575222341226e+00	6.308914662713369648e-01	-2.018771237313538691e+00
nan	9.774735820880673387e-01	1.378622103251770259e+00	5.103384567136808325e-01
nan	5.349853247108475873e-01	7.349429143926722308e-01	9.844797958588960007e-01
nan	-1.525409962359550953e+00	1.569009456600055419e+00	7.018242684525732855e-01
nan	1.429445497435910539e-01	-1.672390503794680905e+00	2.890096528845313983e-01
nan	3.405586387278307092e-01	-3.867556817611887965e-01	-4.160805960407581439e-01
nan	-1.887467582333366978e-01	-5.658585255383529189e-01	-4.972048282177829459e-02
nan	-6.061605381940063930e-01	-1.690688778762115652e+00	2.267642654593548246e-01
nan	-2.771953033648598019e+00	-1.372129031616891037e-01	-1.237858693807256105e-01
nan	-1.004142762296748037e+00	2.527540657850948946e+00	-1.974995140549556716e+00
nan	1.304336387585209867e+00	2.594236906222652905e+00	8.405407148397487926e-01
nan	1.490507011016225736e+00	-3.909639528833053213e-02	8.411666227254774864e-01
nan	1.194588082675325236e+00	-4.534184673149652123e-01	-6.755692235228586418e-01
nan	-7.280129523968609240e-01	2.888107231529016272e-02	-2.314274600132064208e+00
nan	-1.503012580731007519e+00	-6.691126642840716787e-01	-1.672206552222327280e+00
nan	-5.229385821782184252e-01	-2.631831541211093750e+00	-2.747456772111227519e+00
nan	-2.462556801837965992e+00	1.354138801325976971e-02	-1.426377141268774462e+00
nan	-7.019384800828664117e-01	2.558074491461289623e-01	-1.978269728325737997e+00
nan	-1.955521734853919558e+00	-1.071708391245379088e+00	3.122546995382832202e-01
nan	6.361686445271630408e-02	-1.725752087236145371e+00	-2.419099312127649615e+00
nan	7.172948011219442144e-01	-8.908678734049414460e-01	-1.718502746098153677e+00
nan	1.304165489989980831e+00	-1.314690711105042931e-01	-7.747159674900244708e-01
nan	5.896162981837643757e-01	2.709703882567575661e-01	-8.393125343866033594e-01
nan	9.924646061225930183e-01	7.788017230783512712e-01	-5.906500392937314992e-01
nan	-1.673608308853514748e-01	1.960528997605439194e+00	7.702157107139015468e-02
nan	1.205392440036458179e+00	4.126203391064675596e-02	1.480974140557911767e+00
nan	-2.136876861144404449e-02	-5.996219140819627480e-01	1.471682333052389824e+00
nan	-1.849124023847166454e+00	-4.196913374692445853e-01	1.724851344423766308e+00
nan	-2.251274554827662921e+00	-2.661106274497512469e+00	1.358969247347568965e-01
nan	-1.402731701684139187e+00	-3.852514310020689337e+00	-7.764257538598032804e-01
nan	-1.483695526900821404e+00	-3.191668566974910970e+00	-7.461826208225357249e-01
nan	-1.832251167022322713e+00	-1.301463022564079974e-01	-1.913857266740121688e+00
nan	-9.265734280249804389e-01	6.178388469263681460e-01	-8.204899984180769046e-01
nan	-3.189360404213010258e-01	-6.535199343265341021e-01	-5.181253662816817096e-01
nan	-8.714104858898669148e-02	3.142213117985271364e-01	-6.115971823196617585e-01
nan	2.113930584684894587e+00	-5.692757052374840532e-01	1.961251966641202882e-01
nan	1.173855162879456016e+00	1.362234041135952811e+00	1.026339916548453690e+00
nan	8.053378197449879705e-01	-3.356351506427233122e-01	1.003981534468384229e+00
nan	-1.944613457805779877e+00	2.629094087401604884e+00	1.026212257598948518e+00
nan	9.349586228861838100e-01	-3.735921932655901223e-01	1.767239726020213064e+00
nan	1.028437423725029332e+00	-1.337607468339812478e+00	1.084003225665817194e-01
nan	-1.660715899697603914e+00	1.933761253291348403e-01	-7.722088663873650782e-01
nan	4.211557731710197094e-02	-3.492369969355759718e-01	-6.460935815321178222e-02
nan	5.199690062556679149e-02	-6.585585915475022922e-01	-2.928057898286210436e-01
nan	5.382259251475142170e-01	5.459005950617976666e-01	-2.244210038035469312e-01
nan	1.196244318759188019e+00	-2.785746801973867925e-01	-1.345647511207074043e+00
nan	9.404621661731022986e-01	1.002509949126818345e+00	8.836833738676703742e-01
nan	1.933463157013168843e+00	4.521716021485638892e-01	8.111222196785597971e-01
nan	1.208576833505157655e+00	5.049338648839040156e-01	2.136842935013232747e+00
nan	-6.995014309525142693e-01	-1.284770039268558373e+00	1.318019416887646900e+00
nan	8.138935303915232344e-01	-1.455216261139887113e+00	2.447641795401716003e-01
nan	6.004389825252280932e-01	-2.912557128957394825e-01	-5.585176273247860479e-01
nan	1.805215654901130840e-01	1.680511690173100425e-01	-3.327113832828279549e-01
nan	-6.563123040277881737e-01	-1.898913942931899523e+00	-4.567502998929864194e-02
nan	-7.262379839022129469e-01	-2.852512170126433877e-01	-9.773012918250241210e-01
nan	1.464375043312994951e+00	-2.712858385728049715e-01	-2.079013141014029731e-01
nan	-5.512054293599517596e-01	2.841256708516856744e+00	3.503742696890848052e-01
nan	2.182177050311044919e+00	5.329541277455802639e-01	4.093668414967286395e-01
nan	-9.616266746589101633e-01	1.576394794414658795e+00	3.469458070505609726e+00
nan	-2.755269997786316538e-02	-5.621169077672508729e-01	1.104114393236508507e+00
nan	3.782222463812595636e-01	1.468726857624671200e-01	-1.168950397660592166e+00
nan	8.723011482844796882e-01	-5.040347674955011348e-01	5.281635597915779190e-01
nan	1.804286113865066987e+00	-1.083115579599295941e+00	-1.771500987387643056e+00
nan	-7.862003217989121939e-01	1.133424952767834615e+00	-7.792049068439180770e-01
nan	7.670050927867213542e-01	5.952136502991853262e-03	-1.857924037339470535e+00
nan	-5.479159879270226741e-01	5.616693895551155835e-01	6.396264599931494876e-01
nan	-1.205592682785390224e+00	9.936508901066707367e-01	8.196546026525044493e-01
nan	-7.213973042343234665e-01	2.691330148028575620e-01	-2.168830360990009476e-01
nan	1.163726980902535013e+00	2.599523541547983374e+00	8.633768288974254246e-02
nan	1.332066422026052299e+00	1.371639692355618445e+00	2.356166198364372910e+00
nan	1.011445968966489861e+00	7.330284796656794111e-01	1.334473119062748792e+00
nan	-1.252347834931732518e+00	2.421226458872353104e-01	2.238165691847691097e+00
nan	9.679763478525791331e-01	-3.212766990615991136e-01	2.020098031542400197e+00
nan	2.719285042576708999e-01	1.138641429873227251e-01	7.946917928309069623e-01
nan	8.595604705204540341e-01	7.876855642041283856e-01	2.351718702394804961e+00
nan	-7.199487621194116116e-01	2.009426327160335757e-01	7.004513031563719405e-01
nan	1.105927064336008625e+00	2.231531812293294226e-02	1.060851328097779822e+00
nan	-5.739752002253702967e-01	4.252019390797165954e-01	9.617599636904140548e-01
nan	-9.161125174209225897e-01	3.384263669254554130e-01	9.757857314328710618e-01
nan	7.173339099380002803e-01	-3.381052661131360715e-01	3.003742742108009844e-01
nan	7.672845318317046415e-01	1.271311939095553178e+00	-6.726241943699168280e-01
nan	9.986571880408668944e-01	9.489882927525343792e-01	-9.203878391373710999e-01
nan	3.347335376929307382e-01	-4.777446984908927385e-01	2.074414435674780399e-01
nan	6.925363719142136887e-01	1.573522726354640078e+00	-3.969250452712390631e-01
nan	3.466230652667892653e-01	2.637082238197430595e+00	2.051635821192053566e+00
nan	-9.090268348526533426e-01	1.992662559821201107e+00	9.996864961240453651e-01
nan	3.301729886150254201e-01	1.207111419918329487e+00	3.899421833154067540e-01
nan	3.126545018324310421e-01	-1.294334621183228506e-01	-2.464872122109890151e-02
nan	6.172413041305307990e-01	-5.964394662452742191e-01	-8.495000554399448900e-01
nan	1.134791825099067841e+00	-7.464419981821095451e-01	-1.735477177903696155e+00
nan	8.744265097353890459e-01	-6.816042122289427407e-01	-1.092840070170141509e+00
nan	6.123111087635133565e-01	-1.159399779524778795e+00	7.902049109286075623e-01
nan	3.530326535247649278e-02	6.098801705887528790e-01	7.402012109787018401e-01
nan	-2.512072478248405516e-01	1.086533445742592807e+00	2.677996562667576796e+00
nan	-1.539193266814812944e+00	-6.719875196024089892e-01	-5.978945704440623565e-01
nan	-1.612524049243125202e+00	-3.287698238606892698e+00	-1.294256135040306344e+00
nan	-1.960485019206855917e+00	-1.249555006836269522e+00	-1.738544860584612106e+00
nan	-2.480398334841242391e+00	-4.432787412252839898e-01	1.204677158309584106e+00
nan	4.560482502222595880e-02	-1.002013566260345101e+00	1.283147720704920891e+00
nan	-1.279518289136929887e+00	-7.315898283575759109e-01	-1.451972784471281530e+00
nan	-7.637374905544402903e-01	-1.557095972085181579e+00	-1.663607496008848496e+00
nan	4.989541994613585496e-01	2.191604027025401136e-01	-1.765959294091638654e+00
nan	4.170199567173367150e-01	-6.675934688395068761e-02	-1.275143587651544674e+00
nan	1.006823454833558618e+00	5.741649295402629916e-01	-6.451800305612847009e-01
nan	-2.751439945296395573e-01	3.863142241575855396e-01	-2.000079510419421891e-01
nan	2.435906891186834927e-02	1.046676225814605177e+00	6.990477495073057490e-01
nan	-1.238471888651627939e+00	1.865015947698165089e-01	-5.940129989410621869e-01
nan	-8.299231554957928747e-01	-8.710434290982218553e-01	-1.094085676735062185e+00
nan	-4.325596201109069283e-01	-8.196591578759673258e-01	-4.189701701754495189e-01
nan	-1.248817574065722802e+00	-1.037709090059705019e+00	-1.381199940455134278e+00
nan	-2.525662801097735555e-01	-5.599133394412179054e-01	-2.890996150350733984e+00
nan	8.267832160314387835e-01	3.405873428095174682e-01	-2.202676912233683559e+00
nan	1.968175695623734178e+00	9.041297525747837849e-01	7.667715273344676286e-01
nan	-3.586048346833936584e-02	2.246613896294105572e+00	1.520549805217033867e+00
nan	1.457199924641551902e+00	-1.483145724489249861e-01	1.580407630027553800e+00
nan	7.479020954320061421e-01	1.979272753841881394e-01	-7.383485614728018120e-01
nan	-8.188690513951928374e-01	-1.642552011510274079e+00	1.339178714391344949e+00
nan	-1.701390320392967670e+00	-8.056191497525353462e-01	-5.600082646419877186e-01
nan	-2.087995537189649475e+00	-8.261187179136475489e-02	2.656084714498365140e-01
nan	-1.626429474562307576e+00	-1.422209800498961840e+00	-1.290536344606588282e+00
nan	-1.641150476670620417e+00	9.414507272974660390e-01	-1.752167511314264292e-01
nan	-3.525810461687197694e-01	8.604484454447089981e-01	5.473293211731868890e-01
nan	1.073210908722908696e+00	-1.490484515925178499e+00	1.098152138165279901e+00
nan	-2.917508154372977502e-01	1.097570197784159540e-01	-1.959373731883617298e+00
nan	4.772875795605538429e-01	-6.873946496452671973e-01	-2.257965592316485415e-01
nan	1.116173791516053893e+00	-2.713596817095231123e-02	2.555809753574134202e-01
nan	5.373894462085284651e-01	8.045378665340692237e-01	-8.139502734314638666e-01
nan	1.642109859125747695e-01	1.547573794325154850e+00	3.355177364131068374e-01
nan	-7.608383239237327400e-01	2.704607962672519239e+00	4.755541992361276282e-01
nan	-4.470807901695655895e-01	2.389668847192151890e+00	3.665995881822818436e+00
nan	1.218506324960047515e-01	1.745672433780150357e+00	7.595191898020647869e-01
nan	1.115545488647952332e+00	-3.449309357583740798e-01	9.396955550498359289e-01
nan	-3.506430483728922298e-01	2.165294305934672148e-01	-1.185795454727610609e-01
nan	-4.883116686080561930e-01	-1.462680468626145647e+00	-4.101789106953478981e-01
nan	-1.310638968575216445e+00	-3.662938492481523367e-01	-1.181588903774356991e+00
nan	-2.062309587618025852e-01	1.884352010484768858e+00	1.551703650004981894e-01
nan	1.316326108175464915e+00	-9.341194447215982466e-01	4.385087798654571101e-01
nan	-1.036264972024118158e+00	-7.843385615683685919e-02	-1.155785069984384128e+00
nan	3.872488816413994228e-01	-1.118207348170682458e+00	-2.793162605051117686e-01
nan	2.366766498061171065e-01	-5.589128605699897334e-02	5.712478429162524129e-01
nan	-1.831989617108889190e+00	3.550744036165377482e-01	-2.960895811889766582e-01
nan	4.441179815492706795e-01	-7.004033413430565957e-01	-3.614621622578870208e-01
nan	1.596166833551971864e-01	1.141865927582999429e+00	-9.017517467269263731e-01
nan	-1.340854668108785730e-01	1.426302587531505628e+00	-1.234667109822400244e+00
nan	7.552846802098267531e-01	2.963753682131661904e+00	1.833114303855779781e+00
nan	2.535158703448832540e+00	6.403376305895741583e-01	1.215037107100580327e+00
nan	-8.185600293699191177e-02	1.056492858788021127e+00	1.316863346309238292e+00
nan	-6.011092544348786149e-01	1.455132224848145528e+00	-1.220716567668610253e+00
nan	1.535538230880564847e-02	3.082078571560364910e-01	-6.334180739846734243e-03
nan	7.217622767501727932e-01	5.032885090039379561e-01	-1.096816998837381707e+00
nan	1.830268633104092380e-01	-6.434519974448604795e-01	-1.119900674473222724e+00
nan	-1.380917908391653404e-01	2.000182945558773850e-01	-1.543107061778088429e+00
nan	-8.179037011036336402e-01	-9.972496209244289256e-01	1.616152612706067693e-01
nan	-1.645488397012482840e-01	-2.435712231369899783e-01	-2.502636635814028954e-02
nan	-1.107485873289704714e-01	-8.559770547710210398e-01	-4.589299852622807929e-02
nan	-2.553975510558095241e-01	-4.617836642349958387e-01	-2.950920458146605529e+00
nan	-3.735440748930514143e-01	-3.303595287170695727e+00	-1.197134594828601184e+00
