nan	3.382177887527497429e-02	7.426579573798658407e-01	-2.304594679502777410e+00
nan	5.765691172900794248e-01	-9.803665049968926515e-02	-6.926040374846142988e-01
nan	1.118356915057734657e-01	-1.445288377213707065e+00	-1.291697865129522782e+00
nan	-9.633601024318773076e-01	-5.457480068665421236e-01	-1.564409487088146200e+00
nan	-1.509641726236004899e+00	-3.747257155241924265e-01	-1.746263726549075912e+00
nan	-5.429966711878756458e-01	-1.912733999247139494e+00	-2.345503501408470193e+00
nan	-1.379733230454840864e+00	-1.063023185670394888e+00	1.117181375054250303e-01
nan	-6.227965970239925930e-01	-1.402965061604096730e+00	-1.011634376966625615e+00
nan	-1.734924696378850717e+00	-1.757074077296403081e+00	-1.820910966395096864e+00
nan	-8.040968219115003368e-01	-9.289022429922438873e-01	-2.274372562406365539e+00
nan	-1.223216605925505185e+00	-9.022900623943987952e-01	-2.726407524016430939e-01
nan	-7.129486792648392912e-01	6.116375102113158491e-02	7.595071255687446676e-01
nan	2.629812758780700199e-01	-9.903620874179583367e-02	8.710544941023219412e-01
nan	3.988074021768973632e-01	-4.221114869235974565e-01	6.814509076172049484e-01
nan	8.010059509675266920e-01	-3.080303932491412211e-01	1.467225055893282892e+00
nan	-4.500550919324100008e-01	-2.355855524650908861e-01	4.838354573733678610e-01
nan	4.861476051610421623e-01	-2.811621942287343412e-01	-1.190587601039358318e-01
nan	4.380070068396969551e-01	-1.420915118807557054e+00	-2.396847680767796862e-01
nan	7.270337732516847229e-01	1.168842071016964912e+00	4.187585770597174739e-01
nan	1.974997674595948993e+00	1.842793510834839665e+00	1.205795933813112342e+00
nan	1.360274551103228813e+00	7.049739350949650873e-01	1.214522478220726232e+00
nan	5.763859664858113074e-01	1.572796426483169530e-01	1.530531184732326633e-01
nan	8.767130925786206230e-01	-5.344403687797427693e-01	-8.928174134786831528e-03
nan	1.117339790597404070e+00	-1.539928787879975003e+00	9.246815444208617008e-01
nan	1.199379710983226599e-01	-9.771534100390281141e-01	-1.381401315582548195e+00
nan	1.167231212358276426e+00	-2.234030076722539171e+00	-7.152357386249635907e-01
nan	-1.059720024244175107e+00	8.015651309358468035e-02	-3.073341489397910520e-01
nan	1.468058319889578578e-01	1.657327903570202210e+00	-4.832493179003488626e-01
nan	2.879951683088955439e-01	1.652157523629022462e+00	-3.015697675206872042e-01
nan	1.697534561676212750e+00	2.018944503398642176e+00	-9.433847764411709136e-01
nan	-7.587623296941987672e-01	1.422657305946572137e+00	1.772364752949038502e+00
nan	2.511513734312934010e-01	2.486896375725548558e-01	2.809023646736657831e+00
nan	-1.721493886528687289e+00	-5.965302614148895177e-01	-3.681894366088068749e-01
nan	-1.451710827343853927e-01	-1.893212139998881050e+00	-7.484698664883305819e-01
nan	1.488603984749560016e+00	-1.967684968925718647e-01	-1.539942588953922442e+00
nan	1.300586560029698191e+00	-1.679308890884139149e-01	5.550337266382180390e-01
nan	7.938082925000053969e-01	-6.259980980391297578e-01	-6.305254211502480111e-01
nan	-8.712863107228060455e-01	-5.289433644123210376e-01	-3.192714701361168972e-01
nan	9.657554844399863780e-01	1.422094200338968051e-01	-9.620418754488314628e-01
nan	1.426858119458350949e+00	-1.833284592996704099e+00	-7.216009054313784477e-01
nan	3.000208227865406752e+00	-1.497394611542069986e+00	-3.190141230375873604e-01
nan	6.568906682332595892e-01	-3.215496488363810412e-01	4.661646264805469064e-01
nan	-2.411814348644406580e-01	1.169947968391012783e+00	-1.264480748373998598e+00
nan	7.718203787920376868e-01	-2.507533103922471307e-02	-7.023582252906478141e-02
nan	-8.016977062059560399e-02	2.218275326702379424e-01	-4.856490773475972689e-01
nan	2.265360887742949234e-02	-6.950511875192602051e-01	-3.430845983935161270e-01
nan	-1.449912391140671941e+00	-6.646205818698270873e-01	-3.555203006233484953e-01
nan	5.114602271340358275e-01	-1.421258014867673669e+00	-1.088390766762125317e+00
nan	-1.784608414660592501e+00	1.133054876189852456e+00	3.926316821854690664e-01
nan	-8.750384254642625814e-01	1.165936364422153204e+00	8.794245462778396139e-01
nan	-1.512920114745538225e+00	-1.713435259381658637e+00	-1.332500911022886925e+00
nan	-9.568903547665738030e-01	1.288005110519983010e-01	-2.142352524886001586e+00
nan	-6.618036999764107531e-01	-4.218008733884130446e-01	-1.266821193851239258e+00
nan	2.270990765926889088e-02	-4.068904729954153643e-01	6.985108561127134630e-01
nan	2.125968858110107718e+00	-8.770217742585887377e-01	3.483511718191231177e-01
nan	2.362931502558174301e-02	6.481645314619003395e-01	-3.737636581754892884e-01
nan	9.892249758375032398e-01	-1.746148931996089448e+00	-4.223554360725337298e-02
nan	-2.031313951449976174e-01	-2.184068786893270109e-02	-2.920112779557992422e+00
nan	-6.920276191962542178e-01	1.028355049868466820e+00	-1.451560798462455004e+00
nan	-1.080355794199272079e+00	5.802596154775170600e-02	1.395298006395413237e+00
nan	-8.446870552342811145e-01	-5.908507065049866114e-01	-8.103608653199271261e-01
nan	4.503745320450102119e-01	4.731613374647463122e-01	-1.538105754006667159e+00
nan	2.203819456549065969e-01	2.057261683547269904e+00	1.884816789249510460e-03
nan	9.900328441683612368e-01	-5.582868432297840577e-01	1.865114378983129484e+00
nan	-4.838757709251363393e-01	-1.502084874817097848e-01	2.620521579870038198e-01
nan	-2.528055572414749652e-01	-7.639021158995242811e-01	-4.023591423211133056e-01
nan	-5.537464538025750338e-01	-5.743076906822459637e-01	-2.227501748209767651e+00
nan	6.128243909311599236e-01	3.382221544311136974e-01	-5.554616569810417737e-01
nan	3.976453001405523269e-01	1.448382115791542635e+00	-2.582504084998572536e-01
nan	1.438838931824930834e+00	8.276500704971185840e-01	-3.168673707540012319e-01
nan	2.026968865036846701e+00	1.883337671916871958e+00	1.215383240004472842e+00
nan	1.773790286785493553e+00	-3.011679317179842830e-01	1.328304937293798726e+00
nan	-1.157349250939809338e+00	2.313081184554551584e+00	1.641066018287748174e-01
nan	7.608260638672187381e-02	6.968332373866956697e-01	1.803511823127590841e+00
nan	-1.025277924633337223e+00	2.097049240446703156e+00	-4.756046444111206029e-02
nan	9.944907339172230909e-01	-1.317021944559281454e+00	-1.333749225971182506e-01
nan	-1.296647363928241092e-02	3.530794890765129868e-01	6.202881965751810833e-02
nan	1.778146125496284480e+00	8.139617973502601966e-01	4.082773247490434354e-01
nan	9.056671143086585385e-01	1.324862695754322139e+00	9.555471454481645477e-01
nan	2.376729182254715966e-01	1.010521969371263040e+00	-3.926674274451769087e-02
nan	-1.117861323516867067e+00	-3.410744751959693954e-01	1.153993402660262735e+00
nan	-2.475925990173592495e-01	-6.454567894763881819e-01	-9.363234627221114215e-01
nan	-6.824250565513675371e-01	7.931927894941335211e-01	1.506303304454055247e+00
nan	2.224456029594088946e+00	-1.049223660254440915e+00	1.044637579710918640e+00
nan	1.974176589680059379e+00	-1.080309246611779739e-01	1.548843565812048517e+00
nan	1.935183026687699703e+00	9.180291257059274290e-01	-9.803004406808517590e-01
nan	7.462191515438365563e-03	-3.596277250991795071e-01	-4.033064728066126925e-01
nan	-1.502130981306326607e+00	1.544007872768735190e+00	-1.222371264287787307e+00
nan	-3.252081908228365847e-01	-3.954343781551295511e-01	-4.578966528390843171e-01
nan	6.865214980042393389e-01	-1.920150481834366651e+00	1.024683913826022197e+00
nan	-1.121589078402202677e+00	6.230177946167468894e-01	-7.710836305203681018e-01
nan	-1.105246154656234492e-01	1.024463766998232161e+00	1.458598969956215852e+00
nan	5.727885642728726134e-01	-3.572493959532752061e-02	2.670550742238162911e+00
nan	1.427689139209883384e+00	-1.375758289982490945e+00	7.289101575659447940e-01
nan	-1.823632553552295255e+00	2.046390177568201185e+00	7.907913100795205263e-02
nan	8.707466300831365746e-01	8.547185686719095399e-01	1.251190983980919658e+00
nan	1.705717398849288191e+00	-1.430965395717043620e+00	1.404473638960964221e+00
nan	-1.425249900136298598e+00	-1.903449299229401426e+00	-5.491659041472571334e-02
nan	-1.531205644482617867e+00	-1.927209772460949821e+00	-5.128914211773974996e-01
nan	-2.024919727498181832e+00	-1.187922884736922979e+00	-1.832650834480688218e+00
nan	1.314926561999206767e-01	-2.787298112601400923e+00	-1.359103350696810208e+00
nan	-1.674684471296760568e+00	-3.180493910733060425e-01	6.754748973650150923e-01
nan	-5.299376619915650011e-01	1.502695111820073759e+00	-8.121360696377682986e-01
nan	-6.854469939336791384e-01	8.766199112007782013e-01	-6.708684993006710506e-01
nan	1.025735327302044420e+00	-6.833971636921072623e-02	-1.039242938237176839e+00
nan	1.309359676479475154e-01	-1.829724024289429707e-01	-3.336209695857106361e-01
nan	2.179319315112290267e-01	-1.417313973040289499e+00	-2.024422329612954208e+00
nan	-6.835916395618152341e-02	-8.744941261082388451e-01	3.171403536335337670e-01
nan	-5.342219906742973201e-01	-3.885409626410220030e-01	3.174137751614578007e-02
nan	2.195936502501038556e-01	-2.570092112010554652e-01	-3.947854076498690801e-01
nan	2.228367378698151158e-01	5.637056982900860991e-01	5.747165086844171489e-01
nan	1.855209502387689113e+00	2.204816893181635873e+00	8.572429416882598741e-01
nan	1.471402339666660675e+00	2.234211216837139524e+00	-6.253141857132827885e-01
nan	7.463604999033439658e-01	1.860526027652827263e+00	-7.197375012235628366e-01
nan	6.587891095173614708e-02	1.099935634415594166e+00	1.151550723759413808e+00
nan	-8.210749244672327363e-02	7.947652147629205022e-01	1.435452591393940880e+00
nan	-6.669012375717950358e-02	-1.177712496747393978e+00	-3.691558427451119284e-01
nan	-2.407599947126568996e+00	1.897312471853846105e+00	2.840910686062858015e-01
nan	-5.822471699768230202e-01	-1.070062725136887938e+00	2.366339145459820159e+00
nan	1.216604443202558006e-01	9.041547773523145315e-01	1.252160619040964207e+00
nan	2.138570402592427921e-01	-4.187946027609056321e-01	2.457172918892514546e-01
nan	1.046935734370634918e+00	-1.158705019848373485e+00	-8.056653904926552867e-01
nan	1.245558646234549816e+00	2.010598963732724009e-01	-1.106370203307377009e+00
nan	-1.040174918849055219e+00	1.590957219468372319e+00	-1.453050164937022881e+00
nan	-1.988584664248341571e+00	-1.041231298098864055e+00	2.057623758862681118e+00
nan	-2.863366730793924786e-01	1.069689381994866739e+00	-1.658631843032738917e+00
nan	6.526507934124670118e-01	1.737561368625526459e+00	-5.562403297572124927e-01
nan	6.888736437000076984e-01	-6.775528523865869124e-01	2.718010549403116483e-01
nan	-1.458164559192166032e-01	-6.428557202784234148e-01	-1.426918946808365618e+00
nan	6.283858426154047550e-01	-7.712330166540141141e-01	-1.428366702912658326e+00
nan	1.960591528885525348e+00	6.577257969123618819e-01	-8.730355531024502902e-02
nan	4.644478965465348441e-02	3.820604178461400879e-01	2.385648637438880504e-01
nan	2.833573650342520178e-01	1.319903287618262033e-01	-1.309659265932495154e-01
nan	5.610863743575178475e-01	4.732366146262311779e-01	-1.553117214256241052e+00
nan	2.282257928047625450e-01	2.883919908211886041e-01	-4.844256738246652261e-01
nan	-1.218357635378615189e+00	9.079836778052704505e-01	1.335425876125827971e+00
nan	2.372199121749765549e+00	3.124076210527203523e-01	-5.733312094262631442e-01
nan	-1.110853974852199499e+00	1.420360282166710064e+00	-1.026182169752660744e+00
nan	7.530497279120006437e-01	-1.698021810412261301e-01	8.325286253929274904e-01
nan	-3.066171734240292768e-01	8.115365296953571672e-01	1.627925573852303298e+00
nan	6.422044316859873425e-02	4.611831180713362732e-01	3.342558472169104844e-01
nan	-4.777724320614852305e-01	7.909539036645554244e-01	2.525562296030361420e-01
nan	-1.130014054161154746e+00	6.496091536151022972e-01	1.085332259105428854e+00
nan	-1.302642131314144303e+00	-3.519816401920363713e-01	2.376507994853668038e+00
nan	5.949142657245090060e-01	-2.223506392545230859e-01	1.315333282020225703e-02
nan	-5.696234963932382822e-01	-5.091926259884700379e-01	1.038683195687808203e+00
nan	1.035956075218673611e+00	1.318052399610755709e-01	-1.068828442885902952e-01
nan	-1.932047302917629938e-01	-7.921206170804325764e-01	-2.646879630559648700e-01
nan	1.161311128112449076e+00	1.085650358832990214e-02	1.085490379051886833e+00
nan	-6.169080794984048710e-01	-8.470244985848481845e-01	-1.026833684531149871e-01
nan	1.916167272237888630e-01	-2.117736771261218287e-01	-1.440472265010831476e+00
nan	-1.317565809880497651e+00	4.620461951999771943e-01	6.456144213037302571e-01
nan	3.814877902150792255e-01	-2.078992984474434813e+00	-1.471138656924000920e-01
nan	-2.362389290784856488e-01	-3.285714365643286339e-01	1.526390119700000270e+00
nan	1.195582400005386514e+00	4.560190569603518318e-01	6.076777519600249367e-01
nan	1.076737681953622072e+00	1.157900646665388500e+00	-7.891947441614954872e-01
nan	5.536660028111390908e-01	-1.227599533154262179e-01	6.545554931600250370e-01
nan	-3.833898422431858410e-01	-8.395086742436830285e-01	-8.564909673144116553e-02
nan	1.757515239180972078e+00	5.912534294488198672e-01	-1.026085055947332680e+00
nan	1.014517310408882267e+00	3.649199165077460449e+00	-1.363822595865934462e+00
nan	6.697243216496003848e-01	2.860963098821789341e-01	1.708198249642267630e-02
nan	9.535168622538464644e-01	-8.494168552662983984e-01	3.636087666474595581e-01
nan	-2.687382645871874143e-01	-2.170070245339215553e+00	8.523791599479396686e-01
nan	-6.209579692028294184e-01	-1.554810476680662523e+00	-1.554439159751200283e-01
nan	-7.600517525563057486e-01	-9.131879665232470744e-01	9.141153520584954784e-01
nan	5.904382752693406733e-01	-5.826958722224159226e-01	-1.364186741426243410e+00
nan	1.079988643076874810e+00	-7.523323033181756880e-01	-1.701155734601845104e+00
nan	-2.938268742005528678e-01	1.003030380784753595e+00	-4.153342960421773089e-01
nan	1.808107844147090582e+00	-4.339245281225336814e-01	-2.382370034743123977e-01
nan	9.252489938600603203e-01	1.685044649724656507e+00	1.139434570414576298e+00
nan	1.230867035530138764e+00	8.378088129983702892e-01	1.763990964727514266e-01
nan	2.032821084002391476e+00	1.195819656629351968e+00	-4.571969492053470363e-01
nan	1.082245689039141423e+00	7.140788436993414923e-01	2.064958406310864358e+00
nan	-4.777879480823865599e-03	2.008589780804389546e-01	-2.580923378716357686e-01
nan	2.701299076681674127e-01	-1.360987083881124660e+00	9.722049958419580751e-01
nan	-9.261346643910564613e-02	-2.553248355310168138e-01	-4.301028495051906209e-02
nan	-3.578709658548503980e-01	-8.832349975699788081e-01	-5.230655014580814360e-02
nan	1.621170144533440327e+00	-2.378118535429383229e+00	-1.298545584377486684e+00
nan	1.299860080747828606e-01	1.321351177821162626e+00	-2.144889995946364980e+00
nan	1.875948141257328228e+00	-1.415756548988459596e+00	-1.052821968038416545e+00
nan	-7.347148804510864051e-02	8.886983201933348897e-02	5.789090520712560917e-01
nan	-1.909823322264998270e-03	-1.313890418815460537e+00	-1.715047395886974080e+00
nan	-1.559585423869840559e+00	1.831235447511609382e-01	-1.125778967024683386e+00
nan	1.346321369850285166e-01	-1.258201783874680846e+00	-2.307143133891446929e-01
nan	1.076526295146528867e+00	-4.437029511726307551e-01	-8.666238125291947370e-01
nan	3.137393700828111087e-01	1.980484770497300540e-01	-8.748075823509643412e-02
nan	2.641049638144780110e-01	3.784942019750864306e-01	-3.431953623999264291e-01
nan	-6.021953101231490857e-01	3.833151398192544690e-01	1.024267677455247494e+00
nan	1.058337972497977786e+00	1.725148062108305957e+00	1.005925198354106209e+00
nan	-3.912539887024625296e-01	5.559139925046412412e-01	-3.506873397464843611e-01
nan	-2.352345891923284249e-01	2.211901653035380111e+00	-1.448413544424585198e-01
nan	1.146039459108876279e+00	-4.111973047439549944e-01	6.070831683997817141e-01
nan	-7.079755562654874712e-01	-7.053937869626543122e-01	1.972493267603310896e+00
nan	-8.787049577612384699e-01	5.248115976900008528e-01	-9.950022752525531367e-01
nan	1.302558015618943410e-01	1.723627581721604018e-01	3.720240136794568109e-01
nan	4.919662619565377537e-01	-7.299745203956596873e-01	5.407955033990641258e-01
nan	-4.645850230076509768e-01	8.477200039978766144e-01	-7.410838581041271356e-01
nan	3.241114036668223397e-01	8.062179683419955500e-01	8.332905065702049807e-01
nan	2.931960831762824515e+00	1.879033776746315887e+00	7.732699852936490981e-01
nan	7.079698561704828030e-01	2.912043981885210187e+00	4.238637050993526167e-01
nan	2.177857522724730543e+00	5.895125996304534377e-01	1.889133458893402340e+00
nan	1.497745991008164079e+00	1.568899006228986259e+00	6.747052256122035852e-01
nan	1.492022358080379307e+00	-1.776989788564874440e-01	3.048249634328128899e+00
nan	1.211545599617004587e+00	1.238189151865526583e+00	1.880346634237839432e-01
nan	2.639933664706347383e+00	1.274682760246291791e+00	-1.001234212004782131e+00
nan	8.374429756373769074e-02	9.583810144687286980e-01	-1.021714376241780464e-01
nan	1.320170619432000869e+00	-1.044142453756783606e+00	-1.082288694586542643e+00
nan	-3.408261957280397936e-01	6.803097634080748080e-01	1.489279361562083626e+00
nan	-1.003265818174292834e+00	-7.485496020067273770e-01	-1.224757299523179244e-01
nan	-7.487920355529916749e-01	-7.845688202975618086e-01	3.511559012132418611e-01
nan	-1.577962856619136600e+00	4.738825950778971507e-01	-2.347925578940194047e+00
nan	-7.114802427602358037e-01	-1.286107978189737100e+00	-1.833602916532156790e+00
nan	-1.535746039621767700e+00	-2.457076558043601366e+00	4.894765363556370374e-01
nan	-1.509893306778430588e+00	-8.152569710088923838e-01	7.918724910382745064e-01
nan	-1.393721823431325557e+00	5.422335912806386382e-02	2.640972600808048631e-01
nan	-3.495528359444088906e-01	3.405888603724082642e-01	6.782370892863679446e-01
nan	1.238031451448187298e-01	9.779457388845729238e-01	1.025646166654232472e+00
nan	6.803049369648589417e-02	1.811106339155393430e+00	1.504406806224760640e+00
nan	5.529058793255915427e-01	1.530515237789688010e-01	2.834862163725168749e+00
nan	-3.297128222009164111e-01	1.569565037398367391e+00	1.822057860881320046e+00
nan	-3.758430854305173097e-01	1.228251351800616620e+00	1.221942623217749047e+00
nan	1.882834133245149033e+00	-1.042068306543786349e-02	8.065820352193405762e-01
nan	1.992016380208873283e+00	1.285815758840984868e+00	-1.608498954162590699e+00
nan	2.640349733509472774e-02	4.706592126731138359e-01	-1.262533919488539436e+00
nan	9.469370668679856218e-01	-4.673542366033610618e-01	3.799333229727198669e-01
nan	-7.685487303108388124e-01	1.431293742151449611e-01	2.133098617430462696e+00
nan	3.825969752848432659e-01	-1.250539941365061525e+00	-9.030286635368101056e-02
nan	-6.977882735317895158e-01	-1.591289366460915122e-01	-9.966781867085389157e-01
nan	5.005563763105058683e-01	-9.603953866802933392e-02	1.030996971026724385e+00
nan	-7.572020305533654350e-01	5.842229291682801140e-01	5.517568490019122418e-01
nan	-2.153102944492592541e-01	-1.402968892251706956e-01	-1.090830143923024353e+00
nan	2.464030169750119348e-01	-1.105876698917479806e-01	-1.551226128161851570e+00
nan	-3.594976280786816303e-01	-6.227228192259089967e-01	-7.693928047287430516e-01
nan	7.468132555908293391e-01	9.546478472132797766e-01	1.103549453686729631e+00
nan	-1.446745072724642256e-01	8.536413061514107614e-01	4.295218621040455265e-01
nan	4.921636607208887404e-02	-3.772999246411228302e-01	-3.798183204630830034e-01
nan	1.231328015047795932e-01	2.847162281349008284e-02	-9.451197337496154427e-01
nan	9.874759269627282343e-01	8.314102790959898570e-01	-1.390357997060701845e+00
nan	6.226319898868597491e-01	1.718039465969031676e+00	1.299180059523011854e+00
nan	-1.381613609500786488e+00	-4.130813458971850372e-01	1.374156447941638826e+00
nan	-6.333051479580075194e-01	-2.505963819906278922e-01	1.462546645821258595e+00
nan	-1.144071318571952212e+00	-7.153182113010494447e-01	3.735545109587326551e-01
nan	-1.931246112409656490e+00	9.617001678038067380e-01	-3.619287648780955546e-01
nan	2.107964280690510228e-01	-4.709112955032315195e-01	1.091663110685924920e+00
nan	1.635405423968058769e-01	3.370830570344379717e-01	1.695783790363491361e+00
nan	-8.722295294630064699e-01	-1.421932592137850726e+00	1.263169351790492723e+00
nan	-1.674789792728768045e-01	-1.997702981336935135e+00	-7.043554720794578117e-01
nan	1.090137727648249344e-01	-1.666542667091177155e+00	-1.633435172306487049e+00
nan	-8.904869346719834766e-01	1.299239302274618479e-02	5.289085749270526771e-01
nan	-1.665281561642709685e+00	-5.930020089195833788e-02	1.966646065639052754e+00
nan	1.560088868631959169e-02	5.607805183150866846e-01	1.557820620555338431e+00
nan	1.817121497717692380e+00	-6.414449750316155718e-01	9.046526632439223503e-01
nan	1.389505607560681089e+00	5.236732335553317963e-01	-1.186206867982383395e+00
nan	5.429636464693352593e-01	1.717365272654258757e+00	-2.474550627568019301e-01
nan	-1.100431667784181222e+00	8.335134195914428723e-02	7.105501248185714935e-01
nan	-9.651771635318495690e-03	-2.436238153174346888e+00	1.770213365183351151e+00
nan	-2.086503699271780032e+00	-2.712624756742609833e-01	-8.213617279092050305e-01
nan	6.887547606598649619e-01	-3.324608074107607281e-01	1.214217502872925403e+00
nan	-1.899612140156774043e+00	-7.176754808902602312e-01	1.499460007448412346e+00
nan	-2.081656054351583407e+00	-9.850953340416588322e-01	-7.398819873705158034e-01
nan	6.038198594463539681e-01	1.707251741377413534e-01	3.498104870415951195e-01
nan	2.805653848813250972e-01	-9.246095902754023488e-01	-1.139403115160586843e-01
nan	-3.454357331653762353e-01	-3.562299281157648156e-01	-2.137482907606844673e+00
nan	-2.104929749409465867e+00	-3.405430654250528599e-01	-5.708167311057450455e-01
nan	2.850767131711602342e-01	4.119870681040300742e-01	-5.924094174468300666e-01
nan	3.787389912416703197e-01	-4.358491163361699616e-02	-9.813241652382104219e-01
nan	2.740182569974408455e+00	-7.611057592125684002e-01	-1.566657532183243495e-01
nan	1.434981432370455501e+00	2.418280013678111295e+00	-2.619422921704301910e+00
nan	-7.356494232863997063e-02	-2.705152858440493802e-01	6.115300444689265591e-01
nan	-5.373635088231032420e-01	-2.393597209143489390e+00	-6.995293174362261501e-01
nan	9.628534442222058676e-02	-7.421488584899643692e-01	3.963909142982646738e-02
nan	2.351181791621613226e-01	8.430845307626988472e-02	7.787477841702632464e-01
nan	1.591363633183130455e+00	2.421598634020457608e-01	-8.855924412989706340e-01
nan	-2.968316705925758692e-01	9.418675694577622881e-01	1.627954424935023625e-01
nan	-9.590762270938357759e-01	1.429578088950210490e-01	1.463158375257815447e+00
nan	-9.277840620270798588e-01	-2.889431694753589186e-01	-5.133054380549137985e-01
nan	1.123908797194233866e+00	3.415306252898938411e+00	8.655138131390728296e-01
nan	7.528781157749299124e-01	1.869584381276442109e+00	1.148026370549026787e-01
nan	4.516554736245032009e-01	1.192395130753882260e+00	-2.207370517477632799e+00
nan	2.751108840912214748e-01	1.911630149738856588e+00	-6.464384255121435885e-01
nan	8.693601102815827764e-01	-4.482165916060844024e-01	1.307251846957210306e+00
nan	-1.765731954957142358e-01	3.925094340917901770e-01	1.538000474334560996e-01
nan	3.479730074169139709e+00	-1.330094583096540051e+00	-1.474129506003624801e+00
nan	6.239930839456626632e-01	-1.033256881796815740e+00	-1.221675224000850601e+00
nan	1.307161403366923658e+00	-1.009007194555743503e+00	-7.812617247661853837e-01
nan	-1.579762993782355851e+00	2.458281861799101353e+00	-5.689599925257113888e-01
nan	5.465663100344417824e-01	1.042989796138417358e+00	2.459215328869323702e+00
nan	1.715817404421494441e+00	7.751725837228574667e-01	2.243984608878550890e+00
nan	-4.294876060091691317e-01	7.059514641931887713e-01	1.039461342934040244e+00
nan	-4.723585491744484166e-01	5.044669654695596028e-01	7.030857117328478401e-01
nan	-1.717288112751268025e+00	6.762959994508184192e-01	1.500529822164910820e+00
nan	7.412093134016943807e-01	4.541955178330961407e-01	6.507740562541866058e-01
nan	4.391861883748468531e-01	-6.851319380535081383e-01	5.404172994811393682e-01
nan	1.795333203866026350e+00	-4.348762909134239463e-01	2.273093491866757243e-01
nan	-3.956516751071287308e-02	1.462527758203525430e+00	1.456120978730351512e+00
nan	-1.189317213247387817e-01	1.126934994983664007e+00	1.774465632619409927e+00
nan	-1.109196190693705564e+00	8.161976187682074002e-01	2.286859633910197420e+00
nan	5.600562072973637173e-01	-3.550639205818537092e-01	1.623116840961836171e+00
nan	-5.900266963184305213e-01	6.130165433068281988e-01	1.685092612061924733e-01
nan	-1.512644190723478221e+00	-5.015901273775415919e-02	-2.071040824115758294e+00
nan	-2.305969157018354920e+00	-5.035111965560166158e-01	-4.154426757304847673e-01
nan	-1.726223333195912035e+00	-4.729547551656199667e-01	-6.823174067605495274e-01
nan	-1.448777745301331077e+00	-3.827063479687097813e-01	-6.462998988901093034e-01
nan	-4.383959826917305236e-02	-1.069842519410346693e+00	9.914858319983532731e-01
nan	1.525640068816663253e-01	3.095925760545076288e-01	-1.120218445954518138e+00
nan	3.185312860806563395e-01	-2.669989670364794065e-01	1.417915889091254211e+00
nan	-3.388469820795727561e-01	1.554648553693563917e+00	3.925158459910306208e-01
nan	-1.052418792456214058e+00	4.795278593012484714e-01	1.367410740400107905e+00
nan	-1.958983666898264087e-01	-2.714204194935765369e-02	6.083156569091089372e-01
nan	-4.064326981749215029e-01	9.084074698273076898e-01	8.373110867557613801e-01
nan	4.510056812266740600e-01	1.089691204468413999e-01	1.111439799446465537e+00
nan	3.843558358216373483e-01	-1.122401412328369874e+00	9.307322952172930597e-01
nan	5.055446147896449638e-01	5.425884794340980477e-01	-8.546912368741187149e-02
nan	-9.961400220790381788e-01	-1.465668759774606533e+00	1.778832240634495299e-01
nan	-1.174090993246755366e+00	9.795579255704679467e-01	-1.264400610497794286e+00
nan	-2.960717006183167133e+00	1.723809943145776069e+00	2.415904314309402334e+00
nan	-6.606948654804747356e-01	1.771427581615896973e-01	-1.856753755562781105e-01
nan	-1.302508940335853849e+00	7.747323471459272026e-01	1.348136456364554814e-01
nan	1.219146850223285838e+00	1.207957896397931497e-01	7.106593575402194718e-01
nan	-8.207750413344760965e-03	6.968293643731392484e-01	1.264835530824013787e+00
nan	-7.328249733905163321e-01	2.257676191021922296e+00	7.663677382861702192e-01
nan	-4.617068365497810634e-01	-5.650498052141224026e-01	2.202316397933034686e+00
nan	-7.590624900231628391e-01	7.196521072182737733e-02	1.347791960163036595e+00
nan	-1.401455420343416414e+00	-8.631225348629620875e-01	4.970010411003242257e-01
nan	9.015369099935471864e-01	8.064810940844030496e-01	2.110381406604047994e-01
nan	-5.924575447063965550e-01	-8.199260414309296197e-01	4.392709727504401362e-01
nan	6.790043833267271900e-01	-8.388710116660141880e-01	1.921513020071555777e+00
nan	4.970652339474425085e-01	-1.637232614824164045e+00	-9.081956880850996505e-01
nan	-1.790728092288944584e+00	-2.312822629532565788e+00	-6.225997327804546622e-01
nan	-9.579806871220077902e-01	-4.088012321214261613e-01	-1.824630685185709034e+00
nan	-2.152887002286698603e+00	-2.121085884796387599e-01	-9.055720166276761685e-01
nan	-5.287428830455916939e-01	-1.630444830919573374e+00	-5.900511566247370610e-01
nan	-8.758099400804877366e-01	-7.011923394897983108e-01	-1.358386714466879974e+00
nan	-1.050674197052961611e+00	-2.764211338841850552e+00	-5.609631938448332855e-01
nan	9.233764755844553473e-01	-2.455664993660752415e+00	-2.502961268942245354e+00
nan	-1.541362067303011285e+00	-1.938323689381251880e+00	4.444354655485551753e-01
nan	-4.892675825101774345e-01	-2.067150082874230854e+00	-1.969723126902465093e+00
nan	-6.615084402996792567e-01	-8.052576923035167367e-01	-4.179004139509898685e-01
nan	-4.231007597259654474e-01	2.390670692467293801e-01	-5.961449674059600135e-01
nan	-1.070726736735506945e-01	1.403160103058802344e+00	-5.851888501815797339e-01
nan	1.376683402139390111e+00	1.367777307997588010e-01	1.053981632989627881e+00
nan	-7.751716436824607204e-02	9.145323516768719685e-01	-2.607669035669638036e-01
nan	-1.470865845442962172e+00	1.502327067469967914e-01	1.537431731314573335e+00
nan	1.611741879034360281e+00	9.142539571729130232e-01	2.905394817609537883e-01
nan	1.554611405391756129e+00	1.445404359439747655e+00	5.409241316042019410e-01
nan	1.189902553833726895e+00	1.982596777243955666e+00	2.861936295380840711e+00
nan	2.204220528370421484e+00	1.546751258384380989e+00	2.561551139571487390e+00
nan	4.928617391862172292e-01	7.783400462153543531e-01	7.102421372283451717e-03
nan	-7.217354540225817683e-03	-2.042955181258847563e-01	1.048444733408438356e+00
nan	-1.327119739078457705e+00	7.989886724009626073e-01	8.101212698400749312e-01
nan	-1.969418942013199392e-01	-1.196952324845227178e+00	-1.251296295509660927e+00
nan	-2.342967411984818504e+00	-1.401809171991881264e-01	5.167048034752442787e-01
nan	-1.013364543037090781e-01	9.670838166221484844e-02	1.519216720002318777e+00
nan	1.064758625258301006e+00	7.867236703370148465e-01	3.099946207072787896e-01
nan	1.592126420093727290e+00	8.873486674102458727e-01	5.035905920756535981e-01
nan	1.512147362440024345e+00	1.652236136011672851e+00	-1.688935164103827491e+00
nan	1.455646149298542191e+00	1.838062955174875945e+00	-3.978986131056408970e-01
nan	6.527552974928095830e-01	6.196069132203489982e-01	9.347665439447292446e-01
nan	-7.842672796690067782e-01	3.127162104838766554e-01	-1.490639047356431268e+00
nan	1.403962623437580604e+00	-1.262454235812237924e+00	2.257200381807909495e-01
nan	-4.947998188054296420e-03	-4.543870338727457048e-01	7.456018005883574551e-02
nan	-5.985278820938328970e-01	-8.414447028632814074e-02	-8.358847603028706219e-01
nan	-8.736532513647656817e-01	3.596063019699794472e-01	-1.478106335893374368e+00
nan	-1.315761681162410657e+00	-1.361665250383233605e+00	2.360116209857308078e-01
nan	-1.399222097047535307e+00	-5.403205277964095998e-01	5.435613944539857689e-02
nan	9.455682913396601386e-02	7.488351408444153812e-01	-1.215682285546679342e+00
nan	-7.505780038236564700e-01	-1.458487892235336703e-01	7.055223428809338504e-01
nan	8.316910190185383689e-02	-7.108406150735826490e-01	7.828286597112616985e-01
nan	5.446229800944776267e-01	-2.069475530401911900e+00	7.093051901810869531e-01
nan	1.075680811387357494e+00	6.694369157642811041e-01	-9.053608731084932248e-01
nan	-6.794206308100618763e-01	4.915992140126894672e-01	3.663015588034361780e-01
nan	-1.061030653700197002e+00	1.373572729169713624e-01	-1.711095454842653796e-01
nan	-2.140816015456904253e+00	9.947621879055107419e-02	2.716878364028881609e+00
nan	1.135107726067004386e+00	-6.462690734506180146e-01	-6.208535123935726707e-01
nan	1.047740827172263911e+00	5.789809382882814548e-01	-8.990490666763101268e-02
nan	1.708102218100614245e+00	-1.132761647307707564e+00	-8.877523732984287097e-01
nan	-6.363831328469642390e-01	9.798423688288406819e-01	-1.425048263795686943e+00
nan	-8.876108020103556928e-01	2.124295112325274903e+00	-1.030096803795340410e+00
nan	2.950556338591243222e+00	-1.126684076456242245e+00	3.967801834132455019e-01
nan	2.341535214065314285e+00	3.949176754388330490e-01	-2.187663858465590305e+00
nan	3.823287147213212944e-01	-1.335970655332458623e+00	3.184074662355992347e-01
nan	1.080987611823808203e-01	-3.929807068620826960e-01	1.412478493477053787e+00
nan	5.704952942928722681e-01	-6.509133451630412237e-01	3.461284795128858893e-01
nan	4.626870818526334084e-01	1.903215493121427349e-01	3.458774818332792655e-01
nan	-2.072146426791263152e-02	-1.000879537389304019e+00	1.632994820307749562e+00
nan	-4.366685965000223213e-01	-4.943312742062784815e-01	-1.757562388975741241e+00
nan	3.366616377445294517e-01	-6.327336790995937710e-01	-1.824903220693702810e+00
nan	-1.523774473886979175e+00	-1.086681328994771656e+00	1.038463374110373261e-01
nan	-1.213784211621743658e+00	-2.004507887872209349e+00	1.373665168178789031e+00
nan	-4.240697919665693538e-01	-1.094757370766993976e+00	-8.230287847299544435e-01
nan	-6.997166715891034450e-01	-1.014763961683590399e+00	-3.027692003896175210e-01
nan	-1.106536341836719561e+00	-8.099492855127155000e-01	-1.116498003222285984e-01
nan	-9.301350700515158554e-01	1.288293397577042754e+00	1.684527722745594591e-01
nan	1.460778254084920125e+00	8.417454704124136544e-01	3.409709081902029482e+00
nan	-1.207563945734833499e+00	-7.165666874479170723e-02	1.961194339253881758e+00
nan	4.637987680648442135e-02	1.138010981353204443e+00	5.218773700224562662e-01
nan	-8.883379319993613965e-01	1.063177254671210825e+00	-1.062465897092561007e-01
nan	6.576946056878864300e-02	1.583865670523393332e-01	-4.487312016602329479e-02
nan	1.364532038335033892e+00	1.609995414518183010e-01	1.469725221856878150e+00
nan	-1.564474238138591655e+00	8.381240199869994800e-01	-4.332923995345328017e-01
nan	-2.243537855876078346e+00	-2.607365725334312989e-01	2.616015841235193040e-01
nan	-7.095261948362081572e-01	-2.033162993127674678e+00	-1.928253773017612582e+00
nan	4.218365076067898123e-01	-1.528895911769084126e+00	-9.216751245691943151e-01
nan	1.202054641460204021e+00	7.814407214275066460e-01	-1.830566319429099975e+00
nan	5.379538158968710793e-01	-2.863265965683775560e-01	4.765301923588889932e-01
nan	-2.855054915333368193e-01	1.762784902604094039e+00	6.601995823231204819e-02
nan	6.164656734478672906e-01	2.566275294402181606e-02	-1.993229539014540475e-01
nan	-1.504785518693956714e+00	8.535373274396278465e-01	2.258539827709943604e-01
nan	7.349762393856000831e-01	1.899744456220386901e-02	-2.740554974902644214e-01
nan	1.313655617094920292e+00	5.236733763662468899e-01	-1.576413239692966983e-01
nan	6.117964483107306561e-01	1.502359437542899467e+00	1.754001429370199538e+00
nan	-7.071903196487743237e-01	-3.302894269167901964e-01	-3.299223994095762391e-01
nan	1.675557270915057351e-01	-2.993545863103193594e-01	3.433523270572409469e-01
nan	1.665466257901974778e+00	-8.609328243169115380e-01	1.728644276336696262e+00
nan	-5.250536880335667789e-01	-7.985540511733417723e-01	-6.383529844148625454e-01
nan	-1.441888163589949645e+00	-3.851764869358473287e-01	1.391248842996861690e+00
nan	-3.617028772859766095e-01	-1.573353164044054786e+00	-6.028715347242419309e-01
nan	-2.860579081533384804e-01	-3.048102299412513982e-02	-1.059481309118102343e+00
nan	-4.891679331855031676e-01	6.242337559900588140e-01	-1.633643425966011309e+00
nan	-6.481863778523841990e-01	-5.446111912408413414e-01	-1.202728839314542775e+00
nan	-4.895617871973172996e-01	2.614873057756972319e-01	9.315194173038782166e-01
nan	3.143060733840632448e-01	-7.669387014624643450e-01	1.646801362001006241e+00
nan	-1.255313887614170509e+00	-8.511011640461376704e-01	1.304055896139153070e+00
nan	-1.315718461421185426e+00	-1.648045420117159598e-01	-1.230829991490254516e+00
nan	-2.103541787073408553e+00	-9.248187576797028964e-01	1.824034681985733375e-01
nan	-1.857293112883209529e+00	-1.581489272204849028e-01	4.823874673646061928e-01
nan	-7.858167054405466034e-01	-8.584179338035702322e-01	-9.456227622802791943e-01
nan	-1.210182090284742440e+00	-8.364305630412076642e-01	-1.245287170768621055e+00
nan	-2.984965370502499216e-01	-9.521427134935992465e-01	-7.999341946800310188e-01
nan	-8.501188240075945313e-01	-4.118682833719344849e-02	-9.137714951286992626e-01
nan	4.003969051658201606e-01	-1.876567279324211857e+00	5.319844985542214744e-01
nan	-2.422312106660646780e-01	2.001082514080687602e-02	1.407543065981107233e-01
nan	-1.093589539473673045e-02	-1.623116181718611273e+00	-1.422514334420640791e+00
nan	1.066040816765650545e+00	8.517373893372384153e-01	-2.082109483970590258e+00
nan	1.266658704414246994e+00	3.840709494829074311e-01	1.030872281077906738e+00
nan	1.524836342355259777e+00	-8.448768800571319071e-01	2.132632205757068800e+00
nan	-1.632398468533183156e+00	-1.062183686019157802e+00	1.167241547119085787e+00
nan	-1.480574619395682134e+00	-9.318379444007530710e-01	3.310030521222949718e-01
nan	-1.736349410605847243e+00	9.379567178550060058e-01	-1.561060662198728854e+00
nan	-6.802711050159063189e-02	-3.532693246455542724e-01	-8.227409570677759465e-01
nan	-3.913956260988851743e-01	-9.267767421157500074e-01	2.281427912161571592e-01
nan	-2.027778003668271600e-01	-4.701079768005445025e-02	-7.646339874850750506e-01
nan	-6.260437332814744460e-01	1.918621982551851124e+00	-4.361851197248027834e-01
nan	-8.051046902109444403e-01	-1.005760985261395124e+00	2.616204813953662001e+00
nan	6.288976908235615060e-01	-1.350593487196995568e+00	-2.468954052556551759e-01
nan	-4.453029694718501630e-01	-2.845988743238247465e-01	-1.204808995460073362e+00
nan	7.030686689615006646e-02	-8.574275922385778959e-01	-2.040439203842585592e+00
nan	3.407649154382302314e-01	-1.450042096283224335e+00	-2.353926174666426618e+00
nan	-5.007307311706770125e-01	5.210480375350050597e-01	1.942159673807586362e-01
nan	1.318048176493948453e+00	2.880020816363859648e-01	1.618435580737416224e-01
nan	1.262663325867046771e+00	1.178202986884329562e+00	7.516442549757966773e-01
nan	7.015438197439037848e-01	-5.171416328978825083e-01	1.451438557568978549e+00
nan	-5.095308833845713092e-01	-9.176820549663350368e-01	7.756537539703382000e-01
nan	-1.900384957769274685e-01	1.052347425927301350e+00	-5.270537207059569074e-01
nan	6.901307459728056592e-01	1.077533558296934091e+00	1.582289740329344996e+00
nan	2.982129381683137348e-01	2.307131933253054878e-01	1.536640315781072630e+00
nan	-9.221473554472389145e-01	2.651578411694874404e+00	7.164984036525723354e-01
nan	2.043724501509718738e+00	1.911048287504534482e+00	2.214792671645076982e+00
nan	6.965480619153081587e-01	2.015249956893221395e-01	3.700228803851838277e-01
nan	3.495749350912382702e-01	3.697562606060218471e-01	-3.075614029512749870e-01
nan	1.059334451268565402e+00	1.028680391400013772e+00	-1.039341679876882640e+00
nan	-1.915962786321717903e+00	1.376714688059267999e+00	-5.529638654428005173e-01
nan	6.550283360732811477e-01	4.448900624452554187e-01	1.214522815002934575e+00
nan	-3.721866653468560160e-01	2.207230918382368845e+00	2.340297533960396414e+00
nan	4.064745929853206263e-01	7.704078116737305137e-01	3.694264134896523277e-01
nan	7.551885164046494570e-01	-1.890711667968010934e+00	-9.424503926071082782e-01
nan	-1.835508499554319606e+00	-1.249593829448165105e-01	-1.880041794710367586e-01
nan	-5.778672497028591870e-01	-8.286413212424503794e-01	-9.099193964626541842e-01
nan	-2.283107097856341028e+00	-2.195457389753967981e+00	3.727489954996766608e-01
nan	-1.081305308318335712e+00	-7.056641253479116749e-01	-1.904291767431729010e+00
nan	-9.739597726869301253e-01	-1.114531953427670530e+00	-1.363931808294202463e+00
nan	4.055849561510838086e-03	-3.072394738644916856e-01	5.585788726484647304e-01
nan	1.407040706745422032e+00	-5.552661456499112802e-01	1.340735456830206007e-01
nan	1.183619316165266666e-01	1.243317104131429762e-01	-2.920261143429733197e-01
nan	1.216598520581096299e+00	2.319806613990324506e-01	2.390620900826556650e+00
nan	-1.075289284130719336e-01	-1.046516121497031104e+00	7.964468043370522832e-01
nan	-4.745036629931980166e-01	-1.079986160020027786e+00	1.925646114020986011e-02
nan	-2.378809029518933194e-01	3.606895896049586714e-01	-7.732839174072628219e-02
nan	-2.199335271292885974e+00	8.587908583910033866e-02	-1.668207731324358845e+00
nan	-1.172902358299951375e+00	-1.435605776179916582e+00	-2.237811546106963423e+00
nan	1.487199126420809758e+00	-1.230331744420596785e+00	-9.653087628134482401e-01
nan	2.067809381268716606e+00	-2.893796228539655679e-01	-7.235956480005713010e-01
nan	4.826681595691217908e-01	2.623991728555788439e-01	-4.631588984880960491e-01
nan	-1.838690980090222693e+00	-6.114069092901273095e-01	8.460267790843377378e-03
nan	-3.672353480985097729e-01	1.178401856987223884e+00	1.688262293543015602e+00
nan	-7.821437271298746774e-01	4.498374316856290633e-03	3.460095334911065246e-01
nan	-1.461785973409365225e+00	-6.094426309880378589e-01	1.609147827923741225e+00
nan	-3.289721854345957208e-01	-5.422846959394448385e-01	2.303829285240827085e-01
nan	-1.921920915397903551e+00	-1.898777072351064632e+00	-1.639149264949050000e+00
nan	-6.917765800354040984e-01	-2.383105285576930576e+00	7.385316535730934717e-02
nan	-1.879646079691593918e+00	-1.219284699771864933e+00	-2.185273341269465597e+00
nan	-4.739730766148758656e-01	-7.470026872130359763e-01	-9.689459305295873293e-01
nan	-6.402277794997230931e-01	7.044896047211512968e-01	4.788364495655318409e-01
nan	2.126868639789447901e-01	-1.293166804204455289e-01	-4.750132584170179695e-01
nan	-9.956047346390892727e-01	-8.148670198760448180e-01	-1.091721653889613730e+00
nan	-7.162587286091894878e-01	1.138006636852090692e+00	-1.228972106089834426e+00
nan	7.846599635140234508e-01	1.763054960454765729e-01	-4.513011258328529784e-01
nan	4.931030842314552132e-01	-4.342448562212583019e-01	-2.061500163721373458e+00
nan	-1.603922686922266472e+00	7.970972184043384479e-01	-7.438156274751999142e-01
nan	-1.807338592494083018e+00	9.391133418785873044e-01	9.645562706954258214e-02
nan	-1.884270212336063288e+00	5.337307314794074165e-01	1.147680136764981373e+00
nan	1.772825742950166372e+00	6.197456220670501947e-01	-2.264456207060947524e-01
nan	8.454948769787775653e-01	1.136008378835432930e+00	4.883606196698129787e-01
nan	1.441027533210638367e+00	1.927135226864689965e+00	-1.224645084272145912e+00
nan	1.487869155774257823e+00	6.895312759044591733e-02	3.012367543779559398e-01
nan	4.531344654841342745e-01	2.458072451148645143e+00	1.201298483205211154e+00
nan	1.346906041637716100e+00	2.382673342655095006e+00	-1.019777744785710372e-01
nan	6.071286323026957588e-01	1.472462937400247585e+00	1.476975892779035959e+00
nan	1.321585654389473952e+00	1.291353885335146945e+00	3.415880909506675556e-01
nan	-4.276554947019686193e-01	1.933457089793129358e+00	2.360543172678628565e-01
nan	-6.679796183008031019e-01	-2.363297620321279657e-01	9.171068035007468033e-01
nan	7.745131630971147096e-02	-7.052715864238523480e-01	2.589330652862284476e-01
nan	-7.587950584657918718e-01	-1.661686162441523340e+00	-7.571729866848904145e-01
nan	1.014589310376202702e+00	-6.900910342918693541e-01	-4.143495238095378230e-01
nan	6.793621248469353668e-01	9.613553254801823766e-02	2.026109451384197069e-01
nan	1.713331596135481583e+00	4.563648275596610127e-02	-7.589148083042658310e-01
nan	2.391248646498158603e+00	1.073256263593650450e+00	6.651256535908200984e-01
nan	1.496000460481128780e+00	1.176383935842618467e+00	3.789152531028154303e-01
nan	8.246575670871741925e-01	4.848376249515828906e-02	7.888411443620668706e-01
nan	1.084430931775752560e+00	-1.164087649845344075e+00	3.157674998973427072e-01
nan	-1.136370380494667431e+00	1.390400975186014909e+00	-2.972135312150502862e-01
nan	1.579743623447533163e-01	6.642177552652669403e-01	-8.655154122837849240e-03
nan	9.092082623384667439e-01	-5.794981716330596111e-01	-3.310400877877130998e-01
nan	-1.884338680712926983e-01	1.437328416155754018e+00	2.219644031332005940e-01
nan	3.999820702949936080e-01	-5.873919468430072177e-02	-9.155024228209296400e-01
nan	-2.097953860137033721e-01	3.905564690689076190e-01	-3.494547063433809941e-01
nan	-1.942948897748122850e+00	5.395622099747118816e-02	2.987756004877240579e-01
nan	-9.441459376816618843e-04	1.150795267473240013e+00	-2.271052877923833424e-02
nan	7.652138081479206155e-01	4.915323502616504303e-01	-9.055508234572564596e-01
nan	-2.031143925917778814e-01	1.312396695717611639e+00	-1.869435622337783043e+00
nan	5.258324212934284425e-01	6.122709666644825521e-01	7.287726071898753544e-01
nan	-4.833568710638391774e-01	1.147786667002426597e+00	8.859667383637651605e-01
nan	1.590959017792806796e+00	-3.600163101270876798e-01	1.000174618956026551e+00
nan	-1.502064540227522338e-01	1.296110923599954390e+00	6.326050317102588361e-02
nan	9.560451479953834264e-01	9.397467871781213233e-01	-1.194328703401923431e-01
nan	5.728942382370363351e-01	-1.426082330179228030e-01	-2.354193898384172035e-01
nan	-3.708808529359276518e-01	7.302072867484933338e-01	9.573426840450116604e-01
nan	-2.577651156481449157e-01	2.062634981692013980e+00	6.973914954924255172e-01
nan	1.734170833027826930e+00	5.029039033294341321e-01	1.684765179445085748e-01
nan	4.405376902898427982e-02	4.064650545487552558e-01	4.608688911804748600e-01
nan	-3.876918866429962529e-01	8.309756291343083356e-01	-5.641824499351302258e-01
nan	-1.017101733747431513e+00	5.186177708678889609e-01	1.862069607363763257e+00
nan	-7.881763703806778931e-01	-4.516760628093517971e-01	1.331552363965311514e+00
nan	4.012064898563721949e-01	1.672712229118351601e-01	1.410649677374082867e+00
nan	-7.683479057295198311e-01	-1.652824780984174513e+00	6.686532877983840661e-01
nan	-1.509676692567057721e+00	1.357828972696517589e-01	6.919658897978824275e-01
nan	-7.195817276203061441e-01	-4.332545515085579058e-01	-5.592218537779111154e-01
nan	-9.439695470895652640e-01	1.712878307271247791e-01	1.401043080455779632e+00
nan	1.757674573534500961e+00	-3.239536858347881187e-01	1.386478545500068993e+00
nan	4.395889279838144925e-01	9.694344690393565944e-01	-1.307583335626536281e+00
nan	2.785021339183393341e-01	-7.462470271772253527e-02	2.100112547904821714e+00
nan	1.851706445076687579e+00	-1.148656156817981389e+00	1.488654755133665408e-01
nan	-2.284030601713707420e-01	1.200229658623911622e+00	-2.823271928173360923e+00
nan	1.274560964635063742e+00	4.460739236082756909e-01	1.990836937121438499e-01
nan	1.376640580349010268e+00	4.448286338610527024e-01	7.007679481105161257e-01
nan	-1.163276520443002893e-01	1.854432844662280200e+00	1.754028297967084260e+00
nan	1.721749512570056151e+00	-6.708288298718093623e-01	1.548819432406207230e+00
nan	-6.797318839424923986e-01	1.025093549554135119e+00	6.984380375217330572e-01
nan	1.152371717912997529e+00	5.812181753198388812e-01	-3.233030401306128399e-01
nan	-3.379495463024617674e-01	1.390073046762516196e+00	5.092686309025231672e-01
nan	8.249244991875319677e-01	-1.969915072193412664e+00	-1.550060930153349892e+00
nan	5.584195643587969160e-01	-1.007358806539626173e+00	-2.065372431094488981e+00
nan	-1.320847867966078004e+00	-9.113212607264592480e-01	-8.852152472404469785e-01
nan	-5.974456020338392293e-01	-1.337082321452141453e+00	-5.926764074634310875e-01
nan	-3.127840440248471632e-01	1.149619888057875627e+00	-1.310290326642028269e+00
nan	-2.562241353181465842e-01	4.901713235533449731e-01	5.535489488455334062e-01
nan	-1.588167764917382263e-01	-3.945556680777260183e-01	1.713608308049781592e-01
nan	-1.184365802954098879e+00	-8.116509352492838891e-01	-2.379075236923126890e-01
nan	8.213290435987947724e-01	-8.778176503064634151e-01	1.647722550098047467e+00
nan	1.299143013924490830e+00	-9.577014725161047126e-01	7.767005296005741188e-02
nan	-1.779288710895514436e+00	3.877602945395587919e-01	-6.929714497162318132e-01
nan	2.794494485533268180e-01	-3.489074662287272033e-01	-4.799933397436929178e-02
nan	-1.677386457556942156e+00	-1.069323387699585792e+00	-4.843080138802252632e-02
nan	6.246669143067011820e-01	-2.680595458379003482e+00	-6.781180878469794671e-03
nan	-3.690075336035457454e+00	-2.188774487644878697e+00	8.436104520227923897e-01
nan	-8.461749493709630476e-01	-2.602838985188753895e+00	-5.418219618365335277e-01
nan	4.297110067379805720e-01	-1.734729194888170678e+00	-5.519976932288568339e-01
nan	-1.522122002532693363e+00	-6.976419637024602327e-01	9.458174227279131374e-01
nan	-1.250501108662332328e+00	4.971195066507857474e-01	-4.695116256479415773e-01
nan	-3.462613646356881292e-01	-2.059185738917301278e-01	4.796908458370789941e-01
nan	2.866781783671377704e-01	-1.219660024657946318e+00	1.296540154143192680e+00
nan	-7.029518060585364658e-01	1.483278356851328361e+00	-1.714071069484871535e+00
nan	-7.964204510261446712e-01	-9.988448108218656030e-01	1.728147836758522349e+00
nan	-7.136555051978620279e-01	-1.958231150397717446e+00	-8.527229754552699825e-01
nan	-4.382139437263880000e-01	-1.175607626619543655e-01	-1.569875153002606050e+00
nan	-1.387598216522463401e+00	8.195602106476886917e-01	-1.955009002748259395e+00
nan	-6.213341903804532329e-01	-4.283889400563676841e-01	4.049095053357033569e-01
nan	-1.021462968548858763e+00	-7.314054471233173427e-01	-6.452218254968302702e-01
nan	-8.748507671832904675e-01	-6.532345012461250322e-01	6.442755070550312269e-01
nan	4.285874441974956706e-01	1.004249205927961075e+00	-1.652099099716750064e-01
nan	5.844484448613560534e-01	-1.548834473849380888e+00	7.118166661537688178e-01
nan	1.721558818348205566e+00	-3.515755609962064598e-01	-5.888239047759857847e-01
nan	-1.416644221697966000e+00	1.717089656456214808e+00	4.947214513475389763e-02
nan	-1.675984818104284679e+00	-1.373251526351682905e+00	1.791292230792885576e+00
nan	-1.031196890943548716e+00	8.668589367866837980e-01	2.965028226696398983e-01
nan	4.922461653045558938e-01	-1.440442507803061822e+00	1.104511450654834137e+00
nan	-1.051632398762171849e+00	-1.476091720173962618e-01	1.668757463972491362e+00
nan	-1.026867692261323572e+00	1.597959048451270014e+00	-1.956816939434862790e-01
nan	-1.108561571158773518e+00	-5.012194038507735705e-01	1.726970337707940617e+00
nan	-6.210885090254375518e-01	4.033003786400639612e-01	5.168585629559168115e-01
nan	1.186993031592718378e-01	-1.100060243886010619e-01	-6.407050401879532675e-01
nan	5.216670159772854309e-03	-2.577150102698146039e+00	2.683158887401559389e-01
nan	-1.136448169149816279e-01	-8.658709152643681017e-01	5.732693318775915481e-01
nan	3.087772432217184559e-01	-3.043900365456461699e-01	-1.264113063551306704e+00
nan	-6.719717781963393533e-01	3.839089640932917269e-01	-4.660612720795471731e-01
nan	9.741392499255810966e-01	7.359445234929400392e-01	-5.873952368450451322e-01
nan	1.041402283698860565e+00	4.792360770172729989e-01	3.822638248285151197e-01
nan	-1.838748312482903491e-01	4.401848874991324823e-01	-1.681199816847285478e+00
nan	-8.126837732843276152e-01	-1.298968941971743396e+00	7.572216468641099762e-01
nan	-1.071972571223482884e+00	5.896180880485701881e-01	1.441153700651527092e-01
nan	5.547770980924368600e-02	1.251289930721466437e+00	-1.055082153673585932e+00
nan	5.772827655253820467e-01	2.001463124324519338e+00	-1.028920418181114682e+00
nan	5.237701928426825582e-01	1.459031197490491261e+00	-2.691469639920462953e-02
nan	1.461881732717155824e+00	1.263078260198260971e-01	3.177449367948970704e-01
nan	6.460770647344147299e-01	-1.142443290279872015e-01	3.493820886983999841e-01
nan	-1.313223298935566330e+00	9.470078559206637214e-01	-1.334951595320776008e+00
nan	4.255005172221684728e-02	-8.446808696898930879e-01	-9.601746435710027949e-01
nan	-1.400083737597706657e+00	2.793125948387534807e-01	-1.373527852773404945e+00
nan	-7.507290723435354751e-01	6.318369084722463835e-01	-6.289708950315517910e-01
nan	-7.451420305832915369e-01	-1.228525223520192000e+00	-1.388461415156831524e+00
nan	7.854740652115920208e-01	-7.045948698383595055e-01	-5.252975267848347674e-01
nan	4.121034283486466610e-01	1.007451419944612292e+00	-1.362713736045267243e+00
nan	1.915159307697014146e+00	1.198152852666960921e+00	1.586356205864209334e+00
nan	-1.139178535727023878e+00	2.288125573939021606e+00	3.234506003530527307e-01
nan	1.451902661891573576e+00	1.927927692270227922e-01	1.900547744064650324e+00
nan	-8.033434624993660567e-01	4.434158285960961843e-01	1.501797693303356773e+00
nan	1.861345276126949166e-01	7.828862285485510553e-01	6.392973652748896729e-01
nan	1.870145027752742495e+00	-1.378492137409942364e-02	-1.844043352186020002e-02
nan	4.017429019609293217e-01	8.008919697003840099e-01	-1.109732549530835222e+00
nan	4.341921475155465782e-01	1.301012221104674627e+00	-5.310205365712848680e-02
nan	-4.196149926933390173e-02	-2.042979919940369760e-01	1.219945890092579921e+00
nan	5.128570853561372767e-01	-1.180364178970132460e+00	3.895774248633400161e-01
nan	-3.203312930287585680e-01	1.047359331156668905e+00	2.992298717269955555e-01
nan	-3.288824508576005945e-01	1.103541893977469934e+00	4.901217628460423636e-01
nan	2.161319620545735787e-01	1.104802192170553976e+00	-1.454356660749349661e-01
nan	1.022811062436648211e+00	3.666244092936379317e-01	-2.532742487203604842e+00
nan	-8.890223956572012032e-01	5.930424124933226793e-01	-6.312062299856835423e-01
nan	3.845012643583628487e-01	1.825029425207735090e-01	-1.960496557457913069e-01
nan	1.195899638193414383e+00	9.968319360265461004e-02	-2.780595575278526077e-01
nan	1.355079548157983371e+00	-7.659964731394596216e-01	-1.092666820967130192e+00
nan	6.403389615151870717e-02	-4.513898128794278097e-01	7.928767475277749277e-01
nan	-1.004832565645474185e+00	-1.500409623136476522e+00	-2.015577884827442379e+00
nan	-1.106517261025946386e+00	-1.589442515868466188e+00	-6.345496652870072918e-01
nan	-7.596002652469353578e-01	5.913868048462872506e-01	2.815591871799427715e-02
nan	5.880388029031099473e-01	-6.699950717392514354e-01	8.479656717108619013e-01
nan	-9.127817845632502092e-01	1.026996129273731517e+00	-2.687687084970906137e-01
nan	2.467777767521978305e+00	7.446519783993717223e-02	6.245978435661539430e-02
nan	-3.466307606841498856e-01	2.151370746212066809e-01	-3.194778830338826370e-01
nan	-5.990590300889387931e-01	-1.623158254604759154e+00	8.309935023864009618e-02
nan	5.290906242305550844e-01	-1.272543095787471268e+00	1.651771624177349906e+00
nan	-1.722871865712411132e+00	-1.562048644676938269e-01	-1.493078170360508383e-01
nan	4.951016042120441885e-01	-1.990382404808337391e-01	-1.458011138877400192e+00
nan	2.560686485628468345e-01	-7.583656046017378527e-03	-1.426796727713126600e+00
nan	-2.285179675972442148e-01	-1.139853507081609152e+00	3.829916097097663119e-01
nan	8.825244853038827220e-02	-2.138463759251937324e-01	6.061642132889439871e-01
nan	-3.529225608480620058e-01	1.202386394375864143e+00	-9.277548964953491462e-01
nan	-3.003126123489555099e-01	4.581497181053889589e-01	-7.139539541984560866e-01
nan	3.118849440124958905e-01	-1.348113404415532290e+00	1.551435171120624790e-01
nan	1.771549925717499918e-01	2.839552008156540075e-01	5.644401474520257533e-01
nan	-1.435238171313491184e+00	-8.052391686731114051e-01	6.946169368823350565e-01
nan	-1.142793714197909427e+00	9.981200107470555860e-02	-6.533790301065101058e-03
nan	-1.972945172964216676e+00	-2.741177925596062215e-01	-5.462431258368105613e-01
nan	-1.007594130461108684e+00	1.360378338978878832e+00	-1.733159749100792180e+00
nan	4.313678130169792957e-02	-1.261394918271782295e+00	1.764223399885811450e+00
nan	-5.774026433871495279e-01	-5.287050703526576800e-01	1.645113487216156134e+00
nan	-5.266428214506140293e-01	-8.535990343964616756e-01	-1.713810603554149159e+00
nan	6.089007710962809350e-01	1.319592562156686189e+00	-1.409830682827715176e+00
nan	1.752439092977956303e+00	1.962744366057600942e+00	1.875455785988281221e+00
nan	1.210002062810083601e+00	9.729641379857130179e-01	2.179267499247123929e+00
nan	2.027655341655352217e-01	2.003992509817074996e+00	6.093570253213509424e-02
nan	5.010542135534306052e-01	2.854324130480543897e-01	7.181459612428087169e-02
nan	-2.192735002188277438e+00	5.154740964506969725e-01	1.436674853452146294e+00
nan	-9.215730633116534509e-01	-6.552818733110605809e-01	2.045516192790741705e+00
nan	-5.098711073966806229e-01	-1.527404038249975393e+00	1.706131301839951819e-01
nan	-2.162524403093736280e-01	3.693544260877605900e-01	-9.581733801014713503e-02
nan	1.028471861520282804e+00	8.411370117857317474e-01	-4.754573789933761452e-01
nan	5.951323839620723533e-01	8.671178583464934642e-01	-4.320716594450290660e-01
nan	-5.819882819459747392e-01	-8.152139652755546750e-02	-1.131962200889330639e+00
nan	9.570038936159684928e-01	4.552338948717027378e-01	2.840641017653481093e+00
nan	1.736886995175212611e+00	-1.759093566952902199e+00	9.030121296938351527e-01
nan	-3.133356973776909582e-01	1.370051629053160358e+00	-1.755981872638369579e+00
nan	1.763913249388948667e+00	-2.338855499957380957e+00	-1.004133586467732098e+00
nan	-4.776702008413913347e-01	7.774616587956462155e-01	-9.818881642646369867e-01
nan	-2.337285824623679398e-01	1.493998548153554762e-01	5.302109510912376977e-02
nan	-4.321826846506583997e-01	-4.037817885188581257e-02	1.934450524469631394e-01
nan	-5.415657996799078111e-01	-1.607518475196741958e+00	-9.305604456729918983e-01
nan	2.638100034663304339e-01	8.480516558509368918e-01	5.149816853493576208e-01
nan	1.219371072671254552e+00	3.974106386367193267e-02	6.670772742646194908e-01
nan	-2.343980533034393687e+00	1.822719426621585370e+00	-3.011092665484541575e-01
nan	-4.133166123042826545e-02	-6.783756295045351159e-01	5.973591421209062391e-01
nan	1.603583951126283935e-01	3.874013687829475083e-01	-1.871021687015909235e-02
nan	2.006408582090531967e-01	-9.175184285358903846e-01	1.704121431217432703e-01
nan	7.642747313820174027e-01	1.506110770335104820e-01	-1.420046899609142210e+00
nan	-1.427679851808308475e+00	-5.610280886949821078e-01	6.790987951989726490e-01
nan	-3.119659993342579707e+00	-3.573520591125103341e-01	8.722181185982355034e-01
nan	-1.043058522915220054e+00	-1.316432517610907071e+00	-1.001238470775285272e+00
nan	4.374600580799341554e-01	-3.535490986790081336e-01	-7.612969965584128751e-01
nan	-1.044568644472842339e-01	2.113424815698631942e+00	-1.338049311790411089e+00
nan	8.485313114464410056e-01	-1.076684248123893628e-02	5.663004276716687713e-01
nan	-2.991236229866958696e-01	3.071619988844574989e-01	1.542326444686972220e+00
nan	4.238916088463950266e-02	4.004025691438825030e-01	5.809222430911331614e-01
nan	2.016948101733700427e-01	3.594154298804729253e-01	-5.794134210706709531e-01
nan	-4.295951359832695937e-01	7.615420799333036950e-01	-2.573564715400982195e-01
nan	-2.237779742822559870e-01	4.898805663355691453e-01	1.227889266561127624e+00
nan	-8.716022986972764564e-01	-4.839070442155432583e-01	9.185797426824111600e-01
nan	7.043769549260046059e-01	-8.735150757861753767e-01	3.545303098202911007e-01
nan	9.885595323341211937e-03	-1.183793244907703768e-01	-6.214944059733961135e-01
nan	5.653118439547633045e-01	-6.786131182512260551e-01	-1.674061626365900057e+00
nan	-9.105153055109211913e-01	-2.889996653487553191e-01	4.801266284452699873e-01
nan	-1.785633812212752636e+00	1.411943192861220275e-02	9.305188235322060519e-01
nan	-1.000122142012723092e+00	-8.469995338456375311e-01	2.287574069688086631e+00
nan	-2.416976208774848534e+00	1.271745394070141089e+00	1.157222697341212747e+00
nan	8.951335029921725361e-01	-6.666432695599204816e-01	1.433273549087256349e+00
nan	8.401662436472213946e-02	2.215183174381447628e+00	1.325212793289943569e+00
nan	1.536182148422758242e+00	1.357139478369097318e+00	1.819000186069158476e-01
nan	1.529937527565756294e+00	-6.479039002496127519e-01	1.147594908401732283e+00
nan	1.593181317091739491e+00	-9.036512771686275869e-01	-5.204966316646746360e-01
nan	5.634837084638663063e-01	-5.160632963037553589e-01	-2.384536655421878315e+00
nan	6.369928702364573425e-01	6.453073112595162364e-01	-7.198091539788166182e-01
nan	1.336234394449504759e+00	1.637629581829469494e-02	-3.821362431830918061e-01
nan	-8.257758986949610414e-01	-9.858718082872186539e-01	1.415462538113061997e-01
nan	-5.756753700306199706e-01	-4.248231342270506472e-01	1.841113577011997404e-01
nan	1.411019301172077300e-01	2.709396110457053530e-01	-2.201094379575409210e+00
nan	8.329304677356352826e-01	7.541684934026156029e-01	2.159981420607037794e-01
nan	-1.075639138964177288e+00	1.703108394536480663e+00	-1.069591199944258220e+00
nan	-8.481732251518482313e-01	-6.591700700106061239e-01	-1.349805459388956075e-01
nan	-6.375945096565552861e-01	-2.338132237657909451e-01	-8.047408243450671073e-01
nan	1.545727835796489869e-02	1.225343559098531543e+00	-1.641613308303299101e+00
nan	-7.459134101771436320e-02	-1.018444938429472701e+00	-9.183669012331057147e-01
nan	-6.794804650821134606e-01	-5.610343741480157131e-01	-1.685126771226873599e+00
nan	-1.488079656955602070e+00	6.632813545692267665e-02	-1.778114922342641346e+00
nan	-2.695881534656819678e+00	-6.105886616314200044e-01	-1.364431178098413078e+00
nan	-5.834915354269647469e-01	-1.132621912634939720e+00	-1.273680359034536247e+00
nan	1.000507065743151403e+00	8.491131302019971905e-02	-1.395369892841959114e+00
nan	-4.526632275689195795e-01	-1.378118824883301174e+00	9.774150802940828608e-02
nan	-1.984650064869637021e+00	4.995074242973291945e-01	1.032239839596280628e+00
nan	-4.790874153096101318e-01	-2.188094357977590498e-01	1.076083537704921600e+00
nan	-1.806696617554682360e+00	9.395695111190305315e-01	1.734732191856628081e+00
nan	-1.297527511625490071e+00	-4.383377089183332354e-02	2.027401179869272596e+00
nan	-5.193626021115199665e-02	1.402989850762094814e+00	1.472357158729637794e+00
nan	2.777071524829391791e+00	5.786323223645523095e-01	4.586642995438790504e-01
nan	1.467854355580363812e+00	2.208819103652536420e+00	3.096489381722105083e-01
nan	1.539192695027008728e+00	-2.362873092619151016e-01	3.690109346718546401e-01
nan	7.745406605489365548e-01	-2.947553312700084693e-01	-8.290138241621746173e-01
nan	1.574487067043786714e+00	3.769257744051364711e-01	-1.511971462948994205e+00
nan	-4.935755093976548213e-01	-1.019929616435423680e+00	1.645658437293404108e-01
nan	-1.690924366136704382e+00	-4.667863966277948085e-01	-1.818194302306578303e-01
nan	-7.974884137445203969e-01	-1.508364748138582234e+00	-4.840223341300706195e-01
nan	-8.452491731167510736e-02	-3.079126828583810815e-01	6.136053647078879569e-01
nan	2.946693109422896528e-01	-1.919528146839220573e-01	1.909423436829578380e+00
nan	8.502389776514990283e-01	2.115505221619273790e-01	2.688424985600113004e-02
nan	2.198993051142821287e+00	-9.873959362662459993e-02	2.810579862958259567e-01
nan	1.375982225447221818e+00	1.763989686310855509e+00	-1.172881685612434666e+00
nan	2.161440156239368804e+00	1.335362930553593230e+00	-9.772642986166721890e-01
nan	1.701052325156208855e+00	5.478973256287337223e-01	1.173322891515472310e+00
nan	-1.271530778120310679e+00	1.163091047201494366e+00	2.875603180023316163e+00
nan	6.892950447201982023e-01	1.767347058595425957e-01	8.022148275519437322e-01
nan	7.748114220020634324e-01	1.537510500067120756e+00	9.088390850509895369e-01
nan	3.303052749322658577e-01	-1.510743572591325634e+00	7.066276454850503042e-01
nan	-1.602472074902275834e+00	-1.565845406829018183e+00	1.781682086264546383e+00
nan	1.879329369622870782e-01	-3.220083569602293361e-01	6.418616230291879221e-02
nan	3.093828801944943918e-01	1.118032666947290421e+00	-2.306490728623454833e-01
nan	-8.241319960341186857e-01	4.212895635273955497e-02	-2.096506095130580505e+00
nan	-6.498938261102134017e-01	-6.546483854042400852e-02	1.551858116558867406e+00
nan	-2.093694408347534619e+00	-2.243120554906054831e-01	-3.938299033290194595e-01
nan	-3.738724571683245124e-01	-1.244677901242258411e+00	3.910535001719890325e-01
nan	-6.505949990916992665e-01	1.625425966692259250e+00	-8.649029626388975434e-01
nan	-6.442294339526813962e-01	-1.183193951107577302e-01	-4.555729663052742184e-01
nan	-2.425905213854395281e+00	-5.539745697358884335e-01	-1.558872096124370055e+00
nan	-9.623057474701578462e-01	-2.690034523383061371e-01	-1.600973873459886621e+00
nan	5.589192171281157639e-01	-7.642272168979880043e-01	-9.263576688032451045e-01
nan	1.638608193348321529e-01	-3.066413686575701347e-01	-1.496607504185650583e+00
nan	-1.014839719498073084e-01	1.172874020021668073e+00	5.201598895739111272e-01
nan	1.580618184730265829e+00	8.899911209442851190e-01	6.958577298925331389e-01
nan	-5.125078221635137599e-01	1.268723335827933063e+00	1.868730541528996758e+00
nan	1.448027034352803888e+00	4.384738134049385172e-01	2.027614547768394893e+00
nan	5.376674381414164872e-01	5.597202505514435877e-01	-1.156750036550419081e-01
nan	8.503682956636977597e-01	1.986655761917158092e+00	-2.288484656362891612e-01
nan	7.897078166387730969e-01	7.884415023396958988e-01	1.461087511345863010e+00
nan	8.372256063285530292e-01	-3.767414133138785592e-01	-7.780048138934899660e-01
nan	-1.758763560402858417e+00	1.119148317898255307e+00	-4.635757745498325089e-01
nan	-2.881785559558331933e-01	-1.812134275991749588e+00	-4.709223654923209157e-01
nan	-1.386497037486946304e+00	-6.642934395835472516e-01	-1.316642469424765371e+00
nan	3.632499460548276327e-01	-7.746296266894011628e-01	-6.318569342703407310e-01
nan	8.379910955955059970e-01	3.597583734992478854e-01	-1.167424376882908010e+00
nan	-1.703736312749293824e-01	-3.090390644463485992e-01	1.302127165137302867e-01
nan	-2.430806377736058899e-01	7.963200697418282292e-02	1.703632464307505423e-01
nan	-1.561702442437004290e+00	1.942703836203936385e+00	-5.201429693163408530e-01
nan	1.890998841875521475e+00	-1.473053514679684595e+00	6.960153834025026853e-01
nan	1.949603136854708429e-01	1.124468743956427819e+00	-3.113549325142657698e-01
nan	-2.374368405239206115e-01	2.526800659849527175e+00	-1.540098582095296376e+00
nan	1.257188103869158802e+00	1.447005218795496262e-01	-3.136297863276960585e-01
nan	-3.118159267353439734e-01	3.542935213122829219e-01	3.648944643895672968e-01
nan	1.079764854581785283e+00	2.756532831432348396e-01	-3.686820417855803944e-01
nan	1.476887986555859844e-01	-4.272203155014834275e-01	7.194776444661309389e-01
nan	-1.230199432255972614e+00	6.028279504473322836e-01	-8.314167203248286064e-01
nan	-1.032302778782111963e+00	7.543251025515378405e-01	6.368496256117959220e-01
nan	1.451106266051718663e+00	-4.329591812456937833e-02	1.974316807828234710e+00
nan	1.778392387007362352e+00	9.709321370974970389e-01	2.758906790606834858e-01
nan	6.412878067109256675e-01	-4.027325833931338916e-01	2.154864484130516900e+00
nan	1.114401069915291198e-01	7.706489945721248791e-01	5.878471663621896992e-01
nan	4.990375414576377899e-01	-9.346179301106063431e-01	1.192370136772232803e-01
nan	-1.362412355787601115e-04	-2.371891824070973542e-02	-1.649646979420268944e-01
nan	-1.804106988938505074e+00	8.303881552189537052e-01	-2.199710446389556484e+00
nan	-2.000807757395780817e-01	-7.340516697032972715e-02	1.494748310605967800e-01
nan	-2.585529085611600220e+00	-7.461237287120034978e-01	-6.729983784609552266e-01
nan	-2.083270410595899680e+00	-2.356540855512621491e+00	1.819989202581788090e+00
nan	6.306954668689506160e-01	-9.741098512699151168e-01	8.954739136559782819e-01
nan	1.761453370524826756e+00	-1.524016247159802440e+00	-1.362451385790170999e-01
nan	-5.101919830339119999e-01	1.653463904226261771e+00	5.557623769198121177e-01
nan	2.234084324123233045e-01	-3.403896779738339595e-01	2.165673770731441294e+00
nan	7.581638967573240961e-01	2.365443091495178063e+00	1.078216013051424227e+00
nan	1.415337639389101509e+00	1.121799610458984464e-01	1.832588388818310765e+00
nan	1.838934048191002146e+00	7.819020630270445693e-01	2.243112094338419737e+00
nan	2.905372227780252725e+00	7.845838177366000199e-01	1.898196016853869850e+00
nan	1.503980397057078644e+00	2.249737490256655370e+00	7.836111654542786686e-01
nan	8.863425301214952201e-01	2.343541226916344478e+00	2.329430874522654182e+00
nan	1.446102019168901798e+00	1.119564673563954615e+00	2.602541105216145567e+00
nan	4.907216349403447642e-01	-2.979575652885683157e-01	4.131052138530466600e-02
nan	-9.248540535714799837e-01	-5.336132099465031864e-01	-1.492623185529869945e-01
nan	-1.021590466857129620e+00	-4.207438579652402311e+00	-5.545107835565822318e-01
nan	-1.758948434149243623e+00	-6.974864232170528977e-01	-5.318186511735738531e-01
nan	-1.417355766045930165e-01	-5.521310970995516598e-01	6.141153554337168696e-01
nan	-1.039634954792984844e+00	5.513408922049092276e-01	-6.829319601069010481e-01
nan	-2.002476295198375666e+00	-2.090897595248636165e+00	-3.566402288678256483e-01
nan	5.283216031533282120e-01	-8.178108203022667055e-01	-1.352840384448029010e+00
nan	-6.632112303800585806e-01	-1.425546501189782211e-01	-1.411800864126840915e-01
nan	2.500913074997915819e-01	-1.451542206649561795e+00	-1.940885783361136152e+00
nan	-1.642886233038099553e+00	9.220058953890779563e-01	3.675455539397565197e-02
nan	-1.807177614640750773e+00	-3.222334956490917612e-01	-1.041109054109835563e-01
nan	-1.576071478718908736e+00	-1.134172885596554492e+00	1.800722903363604521e+00
nan	-2.496430225873992992e+00	6.334245997293705965e-01	1.385637967330296982e+00
nan	4.994731711811493113e-01	-2.484467389951936500e-01	1.473014392031939845e+00
nan	5.985464419316669504e-01	-4.790250142284951940e-01	-6.452027603782095611e-01
nan	1.241813171278870920e+00	3.183104018315212613e-01	-4.314092108205037635e-01
nan	1.058750910963008329e-01	8.114264365492855902e-01	-1.509887977774316603e+00
nan	-2.542953423016556802e-01	6.102742739769206892e-01	-1.449377086734572551e+00
nan	1.262072554491606435e-01	4.122209865358871239e-01	2.367051043781486785e-01
nan	3.513465546063548883e-01	4.322128186025524510e-01	3.711418696944404072e-01
nan	1.064122190008536029e+00	8.021297251893558800e-01	1.598158702376136775e+00
nan	6.415680141133083270e-01	-1.027267326154395199e+00	-1.420733196561942524e+00
nan	5.461779534065824837e-01	1.326386541542354580e+00	1.063038810423788227e+00
nan	-1.421621670497814627e-01	1.145261299730951476e+00	3.080987044339897896e-01
nan	1.202508108474544812e+00	1.457789686449427524e+00	1.956198447704416310e+00
nan	3.234000521311689580e-01	1.559413240673897416e+00	-6.851286205342903557e-01
nan	7.357698811685848828e-01	1.904904383893078368e+00	1.526316283460153356e+00
nan	-1.093550632299800096e-01	1.831391264099510696e+00	9.490421321104608454e-01
nan	1.675372101964384575e+00	5.949632161546507536e-01	1.881843554760247450e-01
nan	-1.084106947902436335e+00	-5.223937788472687860e-01	4.052028473689776034e-01
nan	1.023179131404960751e+00	-2.381978865561593384e-01	-6.918335769048915562e-01
nan	-7.841929307550401518e-01	-6.639036300985973194e-01	-1.679039490343189778e+00
nan	1.715894487121633061e-02	-6.230778816033202272e-01	-3.391911555712916915e+00
nan	8.889232780031086634e-01	1.934862984693695998e+00	-1.444697405386998978e+00
nan	-1.080790434726915272e+00	4.469963153529826205e-01	8.397473089928755297e-01
nan	-7.474020206773184238e-01	5.677713155907304632e-01	3.157010078207506121e-01
nan	1.545383653009647640e+00	8.481415163865937412e-01	-1.116355704685337180e+00
nan	3.761799450628784958e-01	1.114617457479607943e+00	-1.358018029921058911e+00
nan	1.267272725995935101e+00	1.616551726288997681e+00	8.879891496744021229e-01
nan	2.138697950919068447e+00	1.952613163033100063e-01	1.539453079734305563e+00
nan	5.319082486080566330e-01	1.902562463408469906e+00	5.171158765148874403e-01
nan	1.478074472358890112e+00	-3.872429886919225295e-01	8.654896957064708296e-01
nan	-2.717966222957762246e-01	2.428137926065567775e-01	9.712176058777040044e-01
nan	-1.287097536173044343e+00	1.941209792680477220e+00	-7.395765142039036899e-01
nan	1.465805732021951691e-01	1.843876316043526309e+00	1.722329221235572527e+00
nan	8.126335425245891919e-01	-3.947398076204858830e-01	-1.424399975862074008e-01
nan	1.506008909721257449e+00	1.262177856137222332e+00	-1.396651928822326139e-02
nan	-8.267662601974112846e-02	2.411842899232802040e+00	1.847830829792780793e+00
nan	1.261211722869520768e+00	1.204928949115565029e+00	9.803757046889458593e-01
nan	1.811900409904346976e+00	9.237771163525374529e-01	1.318443628838737780e+00
nan	8.555335889505751856e-01	8.805866668559647614e-02	-3.181216858221981303e-01
nan	1.555110059187883476e+00	1.948668892984533052e+00	-1.534724349945787658e+00
nan	2.190803125999429390e+00	1.214411370895345010e+00	2.907667213093254599e-01
nan	4.288316314566437804e+00	1.171996484535223537e+00	-7.319640507433377019e-01
nan	1.031865640493669245e+00	1.145795049811900279e+00	2.341583454961777555e-01
nan	1.282560763557905936e+00	1.769339703054172652e+00	6.505254850160948621e-01
nan	1.360447573395018761e+00	1.590412829981076026e-01	1.764500870976797753e+00
nan	1.095285387391674359e+00	6.875057669168471719e-01	1.441432990640115097e+00
nan	8.930345937031597403e-02	6.432418065111087380e-01	5.760836642672094721e-01
nan	1.106798124260133243e+00	-2.569208842403290505e-01	-7.949643994153786641e-01
nan	4.560450140436499433e-01	-1.059469103766098153e+00	2.795285140114216471e-01
nan	1.166622942443313438e+00	-4.901187245692101291e-02	-2.134829617352437814e-01
nan	5.238174989546805493e-01	5.354988685895432088e-01	-7.859874780977305075e-01
nan	3.955432016628210867e-01	4.345102699777267929e-01	-2.524306924807126595e+00
nan	1.244697414505294975e-01	-6.396778781901834021e-01	-1.252324579351683287e+00
nan	1.142563126118866235e+00	-5.682480233882707399e-01	5.105587027996327798e-02
nan	-1.774512178253998818e-01	-7.774781645787843809e-01	-8.935196810994510130e-01
nan	-1.182067819396549258e+00	-5.272232794385739441e-02	-9.449203519169375731e-01
nan	1.701372571152678370e-01	-1.117219295208264240e+00	-9.130756998681541781e-01
nan	1.137599000966930340e+00	-3.419459754692438791e-02	-1.163107314694273864e+00
nan	-4.260659498410913626e-01	-1.427359051943455914e-01	6.128880480010068244e-01
nan	-2.224202274332676421e-01	-9.328368840872798273e-01	-1.124551118416421636e+00
nan	-1.655304701092145114e+00	-1.830852554105483643e+00	1.142350534374276805e+00
nan	-1.924890775593769643e+00	-7.883253930469557025e-01	-9.100426662770038089e-01
nan	7.879472610430481305e-01	-4.507555842229598597e-01	-4.652907154871428475e-01
nan	-2.712216733406136449e-01	3.753469401789825133e-01	-1.903635098926364178e+00
nan	-5.995659986476804537e-01	7.514212083647404672e-01	-1.451508206338215867e+00
nan	5.430825465222106629e-01	-8.256055479682613552e-01	-7.410928134366008280e-01
nan	1.426424234912928801e+00	-1.296145459992191773e+00	7.581723884147566483e-01
nan	1.856140803577292497e-01	1.621846342301554778e+00	-7.754669971502723413e-01
nan	-1.435793728584066065e-01	2.882268131555286717e-01	-1.204763261275669128e+00
nan	5.594330186839852753e-02	-1.054353387761087779e-01	-2.970416365878059128e-02
nan	4.421140819705068892e-01	-3.477437062346445118e-01	1.136754289940698603e+00
nan	9.147951808437750076e-02	3.137525680939497463e-01	8.552394873107396212e-01
nan	-1.547730138697289926e+00	-8.557274561691573522e-01	4.596325653485033857e-01
nan	-1.244254840861713340e+00	-1.631215824988827556e+00	-1.482593079389261215e+00
nan	-1.117136505141230973e+00	-3.043869271275108979e+00	-1.998607265168092839e+00
nan	-1.784535784276118697e+00	4.516887059062835164e-02	-1.560713596495255651e-01
nan	-1.135039181508727957e+00	2.828246146892914314e-01	-1.811410401599837794e-01
nan	-1.062058064705266036e-01	-2.735677144272958272e-01	-7.836511239169761112e-01
nan	-7.790543731115999737e-01	1.709168221611440663e-01	-1.152604110829900552e+00
nan	3.574930452152793592e-01	9.089978289204524442e-01	-9.495533667116777821e-01
nan	-2.297559039035304007e-01	9.772338666614742708e-01	-9.213260324996832562e-01
nan	-9.038616782194669463e-03	5.650877421099212428e-02	-3.848431437770364338e-01
nan	5.006011337668730965e-02	1.367882989748409495e+00	-9.752546150243337486e-01
nan	7.723414129871907230e-01	3.457389740857140237e-01	1.237821931979463441e+00
nan	3.424944219815976298e-01	5.562364009370384110e-01	-4.481862372811570294e-01
nan	-4.160099042243216028e-01	7.987397027050386900e-01	4.281887889186035134e-01
nan	-1.125026117295794936e+00	-4.733933897200369167e-01	2.281318869851436837e+00
nan	-2.313271779618490509e+00	-1.177516892069321752e+00	-8.432010330533930009e-01
nan	-1.766781550328790695e+00	-1.392455887158855488e+00	-2.024682028993588290e+00
nan	-1.758469710723325807e+00	-1.531865280881168356e+00	-1.918738444686298728e-01
nan	-3.095355333223221095e+00	-1.544272065518123238e+00	-4.476066121368688089e-01
nan	-9.844695152626710133e-01	-1.148159079522949710e+00	1.397936297248946191e-01
nan	1.647365086590987238e-01	-7.593809923369339021e-01	-1.073819945433102330e+00
nan	-1.033825776055437462e+00	1.688857136451006324e+00	-1.977021936733521112e+00
nan	1.466696867739440524e+00	2.008134679254487853e+00	-1.262394698635516121e-01
nan	5.540699711992496113e-01	2.582456870277422656e+00	1.952856556320673231e+00
nan	1.771165798073341069e+00	-5.520569760259985692e-01	1.696067981435768424e+00
nan	-4.793753921947752072e-01	-3.457360178278154894e-01	1.069369697596797286e-01
nan	-4.153464247366822626e-02	-1.707171361753105909e+00	-7.709533400164229056e-01
nan	-5.332989016018785389e-02	-5.744854945229475041e-01	-1.687395626754386369e+00
nan	-5.750645538951925095e-01	1.024059988018446665e+00	-2.143152082208738540e-01
nan	-6.409589605891646835e-01	9.824903176139321292e-01	-6.416109135160605881e-01
nan	-2.439720200043483944e-02	7.843399596747696600e-01	1.150770306864032033e+00
nan	-4.543132201559675343e-01	9.762674651238142931e-02	2.023067253988535263e+00
nan	-1.702842490953706323e+00	5.664557465903734546e-01	1.648677217814210394e+00
nan	-8.574399153775663640e-01	-1.686780891479149114e+00	1.276940562067613971e+00
nan	-2.425549785723128959e-01	-1.987779866708483612e+00	1.019850311679652233e+00
nan	3.804093481911793306e-01	-4.674102935294679462e-01	-2.118558475218241810e-01
nan	3.157333674373581922e-01	-2.329069384645800600e+00	5.331798155295202069e-01
nan	1.005483921150978510e+00	-7.579390932296189431e-01	4.575786801474803767e-01
nan	7.499786737909658330e-01	-7.786650358989399834e-01	1.151250431497254034e+00
nan	1.083216940775167281e+00	-8.906337667329331520e-01	1.547057913923662431e+00
nan	6.710250053550792515e-01	8.224641769507765598e-01	-4.867372296955737587e-01
nan	-5.235614306905813642e-01	5.080816743796648938e-01	3.752687523042671502e-01
nan	-2.550159638176978105e-01	-1.684100151138120838e+00	-1.628392092495348775e-01
nan	-2.371606838374782811e+00	-5.539146898366487104e-01	-8.224337235977479121e-01
nan	7.512614813082374443e-02	-1.015392212546980089e+00	-1.898634908258270748e+00
nan	9.244490022768183657e-01	6.135974035145663752e-01	-3.943688602024493228e-01
nan	-3.590039491855206988e-02	9.180076693997514248e-01	-3.138700043975387599e-01
nan	1.547973351209221748e+00	-1.452214837926655844e-01	1.743573417020404470e+00
nan	1.979885931480371397e+00	-1.837455054325148884e-02	-7.080761466404763560e-01
nan	5.139510558161867193e-01	7.417206577840315118e-01	-5.629575648182786329e-01
nan	6.994293168717600206e-01	4.878436009134884399e-02	-1.639636555139075691e+00
nan	-5.852880301666786300e-01	-4.106653238086536151e-01	-1.970052588525626813e+00
nan	-1.686178142690492265e+00	-1.309029887893870536e-01	-1.427238129302882408e+00
nan	-1.825593979982429671e+00	-1.523159354352068284e-01	6.668146322227039846e-01
nan	-1.251076418410783653e+00	1.694662302826692057e+00	-1.608585045742477737e+00
nan	-4.739088559088738828e-01	3.827212178939644605e-01	7.482040428003138011e-02
nan	1.613668598691975875e+00	-1.033324245420452980e+00	8.515898222995069711e-01
nan	-1.304670697265622459e-01	7.201324427505687575e-01	-8.770467197828307748e-01
nan	1.298480611460348932e-01	2.018257642717270262e+00	3.242567180632690005e-01
nan	2.866452721157695116e+00	-6.595343477124250287e-01	1.590701464523869291e+00
nan	3.033966727224551296e-01	4.482646672280634625e-01	8.697189010110251139e-01
nan	8.873890307704130898e-01	-6.996639659424095381e-01	-9.056220357403570453e-01
nan	-5.369879043549476982e-01	-3.716722645803874903e-01	3.151029082596847330e-01
nan	1.410197006291927124e+00	-5.882811085294116227e-01	-5.615893673097029914e-01
nan	6.024788096925326464e-01	8.990697830228272514e-01	-3.470076232743486422e-01
nan	1.793287069241192855e+00	-6.377263381519310270e-02	1.458141036653455958e+00
nan	-6.567427790147353228e-01	5.827908149196201482e-01	7.467475418889827354e-01
nan	-7.034979093869885292e-01	-3.905681933828790697e-01	-6.880586607827389178e-01
nan	6.539431344860736628e-01	-7.287055688278170074e-01	-1.455941756621138117e+00
nan	-2.096990456977335882e+00	3.651330897775993956e-01	-9.257274514064137705e-01
nan	4.914217619961229744e-01	-7.765896405709586947e-01	-3.074856872260108842e-01
nan	7.995834128169690969e-01	-6.312745247383413361e-01	-2.578098293110653305e-01
nan	4.489759968036186738e-02	1.434346512844888455e+00	-1.470279474453453972e+00
nan	3.155738257935924995e-01	1.498223492727368544e-01	2.023822011919343411e-01
nan	-2.753979793837872503e+00	2.634898426637128921e-01	-6.195370780291052926e-01
nan	-1.263113747595580483e+00	-2.575040499643024283e+00	6.267173739065116100e-01
nan	-2.158234167576222440e+00	9.464636544982640842e-02	-1.613662067463238259e+00
nan	1.139188811793950595e+00	-2.075535649661126025e-01	-8.711427311659547534e-01
nan	6.198589793344234655e-01	1.089776872009981190e+00	-9.344027353431521021e-01
nan	2.111444765355740660e+00	1.723744151105273570e+00	1.466681923347282757e+00
nan	2.896281362732269216e+00	1.560002165803436425e+00	4.629572339298461126e-01
nan	1.579604053876001446e+00	6.251086886353927063e-01	1.868955011311456804e+00
nan	1.372684955055230027e+00	2.591373183238597111e+00	1.978246310614099723e+00
nan	3.077955819258456405e+00	1.947682377268209919e+00	2.593946357676359504e+00
nan	1.842566734218901825e+00	1.985681994626382618e-01	2.152602279423780463e+00
nan	2.056271805176598022e+00	1.981155145958959363e-01	2.860677241363587253e+00
nan	5.607080806910937909e-01	1.104936220531798963e+00	3.113828693321982755e-01
nan	9.605587337433838524e-01	2.167491363307345598e-01	2.987670055264642355e-01
nan	4.561767989650945543e-01	1.765355661557794775e+00	1.926074743659919264e+00
nan	1.299915193284687742e+00	4.516043526833712907e-02	6.435397850010464715e-01
nan	3.010691930387692783e-01	-1.721332279509553143e-01	-1.652912233612118253e+00
nan	-5.261374518917422832e-02	-1.101573623020986048e+00	-1.925143065412687537e+00
nan	2.951420983299467005e-01	-2.730533131421412074e-01	-1.236166268204220486e+00
nan	5.987129954497992790e-01	-2.551131523226686793e-01	-9.669315592000218285e-01
nan	9.558127440104482453e-01	3.216937586461769083e+00	-8.581156234025943963e-01
nan	1.540029539662531866e+00	-8.873316075909354339e-03	-4.452374138280277283e-01
nan	9.874496365497857919e-01	-4.336531327231243904e-01	-2.221015702758684096e-01
nan	-9.861207917043653959e-01	-6.100358527759027760e-01	5.000650148258123373e-01
nan	3.753102818836965282e-01	-1.255412489380290708e+00	3.806860221566104041e-01
nan	-1.482979012229094895e+00	1.896543498540749773e-01	-1.282733512304533585e-01
nan	-9.675645575125477738e-01	-1.241636838364928774e+00	-1.161322217734632178e-01
nan	-6.550799314038664445e-01	-1.061731260358992790e+00	-2.279330007567650362e+00
nan	-9.210530168434782894e-02	7.482776388975229676e-01	-2.572392995999353005e+00
nan	-2.936328572819977278e-01	-1.347864769436056542e-01	-2.883504729252099885e+00
nan	-4.106651447321092996e-01	-8.447344218397599969e-01	-1.772871172466606415e+00
nan	-1.203224648259114238e+00	-1.120236073231885454e+00	-7.996073221281807530e-02
nan	-5.845985298287696974e-01	-1.141777377095839485e-01	-4.151258432201638815e-01
nan	-9.019238003348459820e-01	-7.491519503244775668e-01	-8.720099016699244254e-01
nan	-2.139490755608824735e+00	-9.514665605870571419e-01	-2.892229185049792761e-01
nan	3.340830268868221209e-01	7.386515426603544876e-01	-1.525872840601439684e+00
nan	8.932215255936704068e-01	1.073404858689520402e+00	-8.883090949768945865e-01
nan	1.624943672302046949e+00	8.153014398677213004e-01	-5.269946545897843393e-01
nan	1.671856380383940355e+00	2.419748374768538879e-01	3.099404246674295482e-01
nan	1.580577245773888695e+00	1.223084104095548019e+00	2.796526672043943562e-01
nan	1.463343175437467725e+00	6.046963717168285513e-01	1.253784616251407025e+00
nan	1.391431367090504079e+00	2.470956346877042353e-01	6.301610214149885314e-01
nan	9.146119807036776628e-01	6.129641231664438861e-01	7.838092539371832590e-01
nan	1.077832508590453431e+00	4.375901537234226923e-01	1.678316327727851665e+00
nan	7.508664987384345846e-01	3.037124682263242503e-01	3.552997970352824275e+00
nan	-5.989984111403945377e-01	9.491117940339888204e-02	7.812339545404813901e-01
nan	-6.042263416758857364e-01	5.888758388405511690e-01	-6.433345464275395109e-01
nan	-5.361406581357676115e-01	-3.929733058309189397e-01	-1.221588809850449930e+00
nan	1.483860762437879677e-01	5.484583160768191634e-02	-1.929645886367786556e+00
nan	6.044964508776192735e-01	2.660410678001654677e-02	-6.111703974326296862e-01
nan	-2.394709952154382981e-01	-2.558096492713748393e+00	3.285085031488070850e-01
nan	5.387920980065761256e-01	-1.552888756591266350e+00	7.167276272391243097e-01
nan	-7.777069013304620526e-01	2.785462024623949762e-01	-9.592811125317550758e-01
nan	1.800147131602319650e+00	-2.441420235253405124e+00	-1.071125397431783144e+00
nan	-8.116545242256996140e-01	-7.760890614217997863e-01	-9.322510875232853378e-01
nan	8.572042913845625556e-01	-5.604849590955542915e-01	-1.624064375039204977e+00
nan	-9.674893015408358998e-01	1.103969977986928974e+00	-2.548175385351783895e+00
nan	-1.960085596591220058e-01	4.569328157688109515e-01	-7.426939738572565508e-01
nan	2.270881530056379632e-02	-7.997461354886174767e-02	-1.331638208398017831e+00
nan	1.581564091722545529e+00	6.238330174137810546e-01	-9.034257917099723922e-01
nan	3.147537838520257925e-01	5.832519145671156702e-01	1.030487884010085953e+00
nan	-9.919981320608848296e-01	8.596540955195153266e-02	-1.190662368572648511e+00
nan	-1.658169246882935099e-01	1.176060137825924556e+00	-4.175901425991130900e-01
nan	-1.834081726210510799e-01	1.097678369246789243e-01	1.696878814047406703e+00
nan	-1.838301838523024312e-01	6.501983820979795325e-01	1.838992450931345446e-01
nan	1.452748966633158778e+00	-2.823928306066050831e-02	-2.546533714850834351e-01
nan	-5.047187381070781242e-01	9.563660527108976961e-01	-5.547016842503766920e-01
nan	-1.594443759002072802e+00	9.264709082320343736e-01	1.755732074102048512e-01
nan	-8.276629827834520725e-01	1.875057211710743355e-01	1.080302285774482396e+00
nan	-9.350284867740132899e-01	-3.549041424514809417e-01	-6.095021323673137648e-01
nan	-2.991968927651277088e+00	-1.788718696070195513e+00	-8.703824349616177125e-01
nan	-3.082525559316376729e+00	-1.088185999248413971e+00	-6.765868421478207217e-01
nan	-2.905999407670513790e+00	-6.067988869124557594e-01	-1.052481583869631310e+00
nan	1.958985924076950269e-03	-6.204590740678455063e-01	-6.413649291083929338e-01
nan	5.076925055206978898e-01	-8.736143849353572577e-02	-1.572879817793586543e+00
nan	-2.218883402931431104e-01	5.609040047771259863e-01	-2.335873291862615275e+00
nan	2.166137376383979463e-02	-6.153086030268317685e-02	6.184865320880372774e-02
nan	-1.914036729890417510e+00	-6.040524952298362837e-01	5.510525446594428667e-01
nan	9.143470468184566879e-02	-1.589583482256283098e+00	3.331271506304480101e-01
nan	-2.283060680996666647e-01	-4.820994543627004636e-01	-1.682750366574811807e+00
nan	-2.531878831224853243e+00	-1.564571179227482123e+00	-6.861454444580791234e-01
nan	-1.707540199266770697e+00	-1.054227602431563771e+00	-2.086114198421533672e+00
nan	-1.115882001506003141e+00	-7.909321838119816039e-01	-9.951270499515806334e-01
nan	-1.073854647066677437e+00	-9.840586993624291789e-01	-3.262650563863471742e-01
nan	-9.046560711681962408e-01	-1.258193505550451619e+00	-5.924424602975987275e-01
nan	-1.424569123617515753e+00	-5.566808880182743113e-01	9.868588337879562467e-01
nan	-8.994683581378546400e-01	-6.757100182367604679e-01	9.038863431171328955e-01
nan	-4.615485204029196042e-02	-1.082954113388321149e+00	-4.248870631963904132e-01
nan	-1.017848152747983015e+00	-1.615471880444537156e+00	-1.252573240366701701e-01
nan	-2.302981520090612300e+00	-1.855874380763791187e-01	-1.253520150003613942e+00
nan	-1.541077525833940864e+00	1.737881233900694378e-01	3.816843664185467500e-01
nan	6.066531028668644687e-01	1.151773980889616134e+00	-1.363973207423397060e-01
nan	1.364192810311078974e+00	1.465795248090156822e+00	7.010843174768255359e-01
nan	-7.170447837659076340e-01	1.426004921855992258e+00	6.015477860923204023e-01
nan	4.777809515950344199e-01	-4.361829517383453148e-02	2.117559854443695766e-02
nan	-4.490631796883131077e-01	-1.775227091262876478e-02	-1.120374887929870500e+00
nan	-8.349631591321786672e-01	-1.778346498960146072e+00	1.900504880638126948e-01
nan	-4.197219587274305108e-01	2.020835881756143371e-01	-3.724727416609278641e-01
nan	7.108163123500912395e-01	5.301341401020760458e-01	-8.404934696506848046e-03
nan	9.232030869361806946e-01	9.138181702346502844e-01	6.915080840058807077e-01
nan	2.892709282860005615e+00	5.283542741370123030e-01	-7.786205510241386296e-01
nan	1.055030609586218748e+00	1.563594900937379961e+00	-7.289977223695029984e-01
nan	7.640230514657031513e-01	4.649135524636250905e-01	1.253627074184845203e+00
