nan	-4.006690792012517210e-01	1.080648821801770021e+00	2.062699842688795915e+00
nan	-1.531738935757634423e-01	4.577949935198867837e-01	8.348211446647523237e-01
nan	-3.642467801540612005e-01	9.371217783205073593e-01	2.259487057117212760e+00
nan	1.300705085647424930e+00	3.781793196726591644e-01	2.307914691129327345e+00
nan	-9.714147590886623718e-03	1.534607383699399641e+00	1.522010088706075681e+00
nan	1.476040487736804074e+00	2.828112860871226930e-01	3.930671977103106229e-01
nan	3.379755089855764894e-01	-3.870657262094638895e-01	1.411772902013387621e-01
nan	-5.958478670726820026e-01	-4.451418894474110100e-01	-1.849670977237652392e-02
nan	-5.191527770765719252e-01	1.152764953790291980e+00	9.003919484976117271e-01
nan	1.869743125964811625e+00	-3.432233015236151319e-01	7.913632768515777016e-01
nan	-6.450537550474575443e-01	-5.413045124635011973e-01	-4.261230117736600764e-01
nan	-3.294523842049703610e-01	1.508125265888050071e-01	-8.692844560698511636e-01
nan	-4.753569516055277666e-01	3.204092310542672184e-01	2.900557800527327479e-01
nan	3.608372036041057052e-01	-2.858658219867727390e-01	1.595715787892043380e+00
nan	-2.851819117256657599e+00	9.999701624864475169e-02	2.036734042808937772e+00
nan	-8.880198036782593896e-02	-5.621595969438413221e-01	1.068656805572810065e+00
nan	-1.493263402043040422e+00	2.575419968218453093e+00	-3.556811623814801759e-01
nan	-8.400288389425675240e-02	9.940015174006386345e-02	1.670188714840819544e-01
nan	-1.313601385480881456e-01	1.766649352508037563e+00	-5.188949410882800484e-01
nan	-1.952494542146717915e+00	8.175815109720436791e-01	-1.059853863825183762e+00
nan	1.018301516764102965e-01	2.363710759777818970e-01	-7.894715118936393994e-01
nan	5.538573790045103751e-01	7.785917357521665583e-01	-1.297850295337575344e-01
nan	-6.439412304446421320e-01	5.434580082363745790e-01	-5.019454963426941974e-02
nan	-1.388110339506489099e+00	-1.136215094036825635e+00	-2.351033479557188832e-01
nan	-1.363753602784395502e+00	-2.351210715092828529e+00	1.001091117898791905e-01
nan	-5.931295330330481619e-01	-1.304394900072337604e+00	7.968173964430302902e-02
nan	6.502250565691318762e-01	-1.837306056075423522e+00	3.373297422416338676e-01
nan	-4.187566950049049219e-01	-3.027069386402932438e-01	-8.874085828487496830e-01
nan	-2.083279632158486216e-01	2.186750729432591633e-01	3.645255292078164455e-01
nan	-1.852334948021207683e+00	2.312604287463475572e+00	1.021120053360392133e+00
nan	-5.783169929200926429e-02	-9.553407837031903105e-01	9.022151621125844567e-01
nan	-4.445075419241730774e-01	-1.668104876353412314e+00	-1.984846228021470482e+00
nan	-1.219838215340459220e+00	-1.537566144432520820e+00	-8.530831326132959358e-01
nan	-4.346393758612875913e-01	-1.012851355176407120e+00	-7.771648826949906219e-01
nan	-2.323722811389143383e-01	4.931124185832772566e-01	-1.879531497512479055e+00
nan	-1.850610214900663797e+00	1.521323908126047952e-01	-1.373599474889906302e+00
nan	-2.384102717330431886e-01	1.326026282032641834e-01	-1.063544781415724394e+00
nan	5.825879508583005351e-02	3.326606861161270912e-01	4.061449522488670971e-01
nan	1.195207733292289465e+00	1.276301992917552308e+00	6.378813743178396445e-01
nan	1.768936308153156833e+00	2.102136785607244374e+00	-8.512210985517182360e-01
nan	8.686094285924537139e-01	1.963779413613897074e+00	8.371805066915799509e-01
nan	-8.220048741998079445e-01	7.762305538631355528e-01	6.453967439754260127e-01
nan	5.355225092064062054e-01	-8.063597995325257894e-01	-4.356665488401417763e-02
nan	5.788289675759199504e-01	-6.257329149933524293e-02	-2.453424323227460846e+00
nan	-4.977401422347904614e-02	7.159507663556351487e-01	-7.993610428036888038e-01
nan	-1.265844156544153387e+00	7.331129269379305091e-01	-5.142873677507574237e-02
nan	6.979686715760103910e-01	1.556818561742628226e+00	1.257220743998818335e+00
nan	2.704824790820239855e+00	8.204550340049945323e-01	1.721723997739725842e+00
nan	2.195925527884916573e-01	3.454977497855491020e+00	9.889564681474605212e-01
nan	2.110640026986474904e+00	6.005179086274928801e-01	1.719740424264168066e+00
nan	-3.973981343860387705e-01	1.588064898744442566e+00	2.788556070442447687e+00
nan	1.021886644088528806e-01	1.154963014832171841e-01	1.359679997979485577e+00
nan	-9.526642164545897629e-01	-1.031829458943852806e+00	3.803822780664016801e-01
nan	-2.233098982342629046e+00	1.022345011995020148e+00	-8.760443146034546658e-02
nan	6.616848045893564123e-02	-2.985389809658441918e-01	-2.124144476299661966e-01
nan	-1.738964244534777714e+00	-7.358960826450354764e-01	8.680242487593952116e-01
nan	-3.621721751703237402e-01	-5.864962474074997267e-01	-9.843012365975944977e-01
nan	-9.770183643613975510e-01	-5.781704945441439314e-01	-1.657791713543544265e+00
nan	-1.774051062176786431e+00	-9.345745196777097696e-01	-1.206871756220218250e+00
nan	-6.293115328966929489e-01	1.036226983155563275e+00	3.316447521249337171e-01
nan	1.525844284558990127e+00	1.258057942635872006e+00	1.568397033516229833e+00
nan	1.631756815193840193e+00	-1.935218891660814844e-01	1.581832624516804620e+00
nan	2.639469216436199916e-01	-6.442577835701215339e-01	1.403698266876473921e+00
nan	8.796975631289890574e-01	-7.915898891442701979e-01	-4.842739339974595492e-01
nan	-5.978065021472585006e-01	-6.888714379759899309e-01	-2.184538304655447294e-01
nan	-2.963526212835013718e-01	-1.225261337836183184e+00	-1.245572056768193603e+00
nan	-3.747603510234500668e-01	-6.962526448092888343e-01	-7.133721927744269831e-01
nan	-1.905722003979244683e-01	-1.314548764715913087e+00	1.958824118337594289e-01
nan	-4.764700315185491641e-01	-1.460144668469890217e+00	1.721323113711986652e-02
nan	-1.559680377012297114e+00	-1.956684410285322029e-01	-8.812281615808170709e-01
nan	-7.542694703374352994e-01	-1.285341810190614886e+00	-4.052793400453661987e-01
nan	5.418896125408048103e-01	-2.800365143399218271e-01	-2.433357661279227813e+00
nan	-1.177156610336469317e-01	3.915309549222504848e-01	-8.741522598415032430e-01
nan	-2.324772829382729111e-01	-4.430028218975729515e-01	-3.831811278071993732e-01
nan	1.129090049619519753e+00	7.076311377028121630e-01	-3.981819876542257441e-01
nan	5.302502652232276015e-01	1.343965807236787269e+00	-1.019679251970866535e-01
nan	6.813128937851510303e-01	1.589627873196371333e+00	1.064830966025551495e+00
nan	-6.798204735450946723e-01	1.182258657445153238e+00	6.919997271897920799e-01
nan	-1.417208821587276679e+00	8.243132948625049305e-01	8.536906637356822536e-01
nan	-8.205241826591840315e-01	1.305332529491991744e+00	8.976466324799576846e-01
nan	1.919170609416080975e-01	-1.412758755530527655e+00	2.265809366658519952e-01
nan	3.904931664666790314e-01	1.575388068610533487e+00	5.690542285149469137e-02
nan	3.463842507374401691e-01	1.552882952341734235e+00	7.344084016484619948e-03
nan	1.885477136081384342e-01	1.771833887181772926e-02	-2.003577836501445053e-01
nan	1.339236968321017018e+00	9.691309286807398005e-01	7.444933769218050612e-01
nan	1.505872967557526643e+00	-3.862424914006659105e-01	1.236784994627853962e+00
nan	-4.544656010519612654e-01	1.378101895998226967e+00	5.364438995687523803e-01
nan	9.264295205279177159e-02	-1.148844731068218161e-01	1.028971130335195161e+00
nan	1.640258553358874272e+00	-5.083754488296693408e-01	6.192786701907013192e-02
nan	1.061008624920453114e-01	-1.361122215049271333e-01	-6.765153271810584457e-01
nan	-1.594658383343210972e-01	-1.273158736986462536e+00	4.111770115180152230e-02
nan	-2.067306043062997756e-01	-7.898014067423055895e-01	-1.194866276852714737e+00
nan	-4.208447621881338252e-01	4.374894816161644107e-01	2.778342252420460401e-01
nan	1.117263694017330167e+00	1.752911329779342164e+00	-9.604908501164773904e-01
nan	9.339200970879713015e-01	2.462179711033138041e+00	1.429147628101754108e+00
nan	2.206620092586297766e+00	3.464359558127865224e-01	7.289593965480298809e-01
nan	1.119138493109598231e-01	1.758067197758825806e+00	1.190569549756989032e+00
nan	3.347095119797179885e-01	1.061002411257685907e+00	1.929778167191293470e+00
nan	-1.085786735382109125e+00	2.940343900190168780e-01	1.166670622959889325e+00
nan	-9.819733749765708897e-01	2.254223304909235559e-01	2.079502868675655036e-01
nan	-4.157629977437456992e-01	1.107486693139997147e+00	6.000504412382434705e-01
nan	-5.648135266091637297e-01	7.531445692968372629e-01	8.494434962370346343e-01
nan	-5.239640924174251424e-01	-2.918457866550988600e-01	4.528222882230011348e-01
nan	-4.396017524128567611e-02	2.736903163930071159e-01	-1.015303246238253160e-01
nan	1.353671416147063933e-01	-9.264029352179630195e-01	7.355934006073142628e-01
nan	-1.396529739312094343e+00	2.404447546887998333e-01	1.754939580279071043e+00
nan	-2.387761242095176595e-01	2.044721012875478916e-01	-6.121241246660807933e-01
nan	-4.068353982033697247e-01	-8.728791182217993105e-01	3.381628506766662934e-01
nan	4.697581898713303894e-01	-6.907039682646329837e-01	-8.848659865945817105e-01
nan	-7.528963539198685329e-04	-6.894912594772298897e-01	1.126223754003765620e-01
nan	1.038688937725241956e+00	1.067275851677590204e+00	-1.042206104965353930e+00
nan	2.392069449153911176e+00	1.325849652772449705e+00	-3.868415805550745601e-01
nan	1.309232572655396165e+00	1.600869636661938600e+00	4.601656024823486124e-02
nan	1.612862549898002484e+00	-4.587363490881735117e-02	-8.471134678785290362e-01
nan	-5.003792235160278157e-01	1.218377586641248511e+00	-7.746722978953721750e-01
nan	5.909585359969775631e-01	-2.354284743386089174e-01	-1.220442888660423941e+00
nan	1.404387474560569782e+00	-4.615600548366464162e-01	-1.082143554293131693e+00
nan	-7.487969977243431607e-01	-5.238794386278058379e-01	-3.071394753091416518e-01
nan	-3.534762847787787932e-01	-7.234245470664275590e-01	-5.263914162165240773e-01
nan	1.725189746366226906e+00	1.202628662262161807e+00	-5.712439072760119307e-01
nan	1.433024508054231649e+00	1.538351186414526506e+00	-2.927038789960951348e+00
nan	7.380417520822334376e-01	1.600832670823771897e-01	-8.123367172496920308e-02
nan	1.481518906534553093e+00	3.390786311613823711e-01	-1.371415824905983571e+00
nan	7.613659881716952071e-01	4.949243205813697033e-02	-4.109847349341925193e-01
nan	1.015383779340332193e+00	6.381994246678887039e-01	3.697007683915649601e-01
nan	1.008059647579005569e+00	-1.126179242670418468e+00	7.456822053243087334e-01
nan	-7.374096968249007622e-01	-3.995307891047734095e-01	-4.662674727191907231e-01
nan	-9.057741293736196742e-01	-1.441924763044114322e+00	2.112187938158894274e-01
nan	-2.398614126520470791e-02	4.563066023350013101e-01	-1.233582884374150757e+00
nan	1.272099294645342216e+00	-1.052641202287358801e+00	-9.928924500162153999e-01
nan	9.262531465165730893e-01	-2.549472947533423905e+00	-3.545597585231481941e-01
nan	-8.549745654272364881e-01	-1.025279403359966146e+00	-2.278814884440118149e+00
nan	-2.366523413170711909e-01	-2.933599300035238944e-02	-1.769409518152747163e+00
nan	-2.059243731595694071e-01	1.794588615624286843e-01	-6.922584200868331372e-02
nan	-1.214537906656207200e+00	-1.009593829968440382e-01	-7.683945020873966802e-01
nan	1.267137678658269984e+00	-1.218286609974017942e+00	1.718108200510863881e+00
nan	1.537705659636571687e+00	-1.294093650914246663e+00	-3.073681473796411323e-01
nan	1.361841800857107376e+00	-2.272720226372632712e+00	-2.307026975868366581e+00
nan	7.203627895009850901e-02	-2.117861073828851026e+00	-1.399799803415146426e+00
nan	-1.491021923090259271e+00	-8.458442635993075331e-01	1.235168026782960116e+00
nan	-4.719437119221427945e-01	-2.496181551136955612e-02	-4.585487303382155821e-01
nan	4.465875310182051972e-01	-1.043144659227874582e+00	-2.782836575978403504e-01
nan	5.244064825839320765e-01	2.171521060898348732e-02	-4.504665066289704756e-01
nan	-4.024346925256363505e-01	3.774226044057102936e-01	-6.627952164330913609e-01
nan	-1.646874118130285669e-01	7.660401935251291983e-01	1.363894670027923528e+00
nan	-1.030341255765240271e-01	-1.381287477066966307e+00	-2.266134901342972130e-01
nan	-2.165550565964788454e+00	-2.305746807628615169e+00	4.543416654534655486e-01
nan	-1.314666929148178509e+00	-5.096292864380950194e-01	-6.631508849142034867e-01
nan	2.661348849940897709e-01	1.222522327791023544e-01	1.731645494941924657e-02
nan	-4.398184692068458079e-01	-2.542881346787721486e-01	-8.589044432002586327e-02
nan	-8.247839683241919850e-01	-1.953436996139411297e-01	-8.947653689675412192e-01
nan	2.187818908007898577e-01	1.024800241165932047e+00	1.294743022874986771e+00
nan	4.934172669946210177e-01	2.828304709756666036e-01	1.620356032889557873e+00
nan	5.910226701754339729e-01	2.071089245375623555e-01	1.512541896938772279e+00
nan	1.145180984133755686e+00	4.854950281216301455e-01	9.290387441926182266e-01
nan	-1.173912986706695527e-01	4.728111051471365900e-01	1.207041371058323320e-01
nan	-2.889655767811645237e-01	2.164358669487868037e-01	-4.122007638378124561e-01
nan	1.597632887946937696e+00	-4.406264957596406906e-01	-5.598000666332815234e-01
nan	-1.858618567774594332e+00	-5.306412082034170918e-01	9.242732561216759901e-01
nan	-7.579383515876111366e-01	-7.817167766877544111e-01	-2.730553984463195971e-01
nan	-1.808736966325952267e-02	2.947772478851977240e+00	-2.051981843145377127e+00
nan	6.909025646369408857e-01	-1.471041841234401737e-01	-1.067586728390967465e+00
nan	2.204239606473304303e+00	2.057027320564039918e-01	-1.437695477589962856e+00
nan	5.297721560816104347e-01	2.400066172583037449e-02	-7.553318172299723354e-01
nan	8.846419999660422029e-01	-5.529497698451410481e-02	-1.143638927654194504e+00
nan	2.540318622386440461e-01	1.086412921764461137e+00	-2.277695796420839691e-01
nan	2.022174511389542850e+00	-1.101770038863771894e+00	1.832389332558104211e+00
nan	-7.525801762318301558e-02	1.116697528460347533e-02	-2.158647981065053012e-01
nan	-1.831895736497840987e+00	2.762220211186434682e-01	-8.621885689298180999e-02
nan	-2.559694164028002650e+00	-5.119020600650781017e-01	-4.820327991054346173e-01
nan	-6.979827643991030062e-01	-1.354844401669594189e+00	-1.164076931892388811e-01
nan	7.053584291218847335e-01	-5.315195392374530980e-01	2.490706070890303936e-01
nan	-4.220343149756731749e-01	-1.236787138326301605e+00	-6.546559856008955514e-01
nan	-8.989585147264466114e-01	-2.310165791115493583e+00	-9.872966566153353885e-01
nan	-1.677751457399360380e+00	-1.107067461710841361e+00	-2.154322255647270534e+00
nan	-4.966687916827686178e-01	3.322431272087713605e-01	8.194974528017218152e-01
nan	-5.882590127675375591e-01	-1.944482384310548817e-01	-4.582664003284492305e-02
nan	-4.663681059896105374e-01	-1.210601929375879182e+00	-1.110465763112949145e-01
nan	-1.803753738315191368e+00	-4.263859472739095491e-02	-1.114972727037534916e+00
nan	-1.588284835476021506e+00	2.365421917203016644e-01	-7.357954943735084408e-02
nan	-1.524041820902495736e+00	-3.429649746270129196e-01	9.130990090710963125e-01
nan	3.048089115210848021e-01	-1.063210767244615607e-01	-6.191296839618584125e-01
nan	3.115963501521314516e+00	-7.354020575368116486e-01	-6.605446723228165506e-01
nan	7.153042860905266531e-01	9.859758034038468288e-01	-2.395482711404328668e-03
nan	6.193621564081660535e-01	1.017258555177316559e+00	2.623279334692961706e-01
nan	-2.849992562818457476e-01	-1.214813190918469843e+00	7.837404956022735458e-01
nan	-8.386964356576738222e-01	-3.812891661507837315e-01	6.267944406119854150e-01
nan	-5.828725830361720650e-01	-1.081951489425706514e+00	-7.809279217819651286e-01
nan	-2.185105146110347896e+00	-1.535456470783812755e+00	-1.116840959504088904e+00
nan	-5.374647647981883880e-01	-1.137857791182724565e+00	-1.152097627080993281e+00
nan	-1.035831398998075858e+00	-1.805317694709862142e+00	-5.856790959808446662e-01
nan	1.095317450594336162e+00	-5.244689584364116142e-01	-1.116280752929741604e+00
nan	-9.898913016222740113e-01	1.422254849440639957e+00	-4.328940791618491879e-01
nan	6.687828567617192244e-01	-1.067884655950099404e+00	6.695620705851307308e-02
nan	-4.872646078715166251e-02	-1.103429278960435411e+00	-2.004625324506437434e-01
nan	-1.019399879002417908e+00	2.390920810607385927e-01	1.192559377151522604e+00
nan	1.567483310750916070e+00	6.203035348244732017e-01	3.883817395251292770e-01
nan	-1.674851321114748437e+00	-1.112209906386440128e+00	-4.221714828279681808e-01
nan	-4.991265877830360354e-01	-1.321106297466843715e+00	-2.289785452177203862e+00
nan	-2.169980214185416867e-01	-1.381976018597121270e+00	-1.531519833054891144e+00
nan	-8.788518931357226505e-01	-4.178433451532360676e-01	-2.103275900621452532e+00
nan	-4.452719073978108066e-01	-2.930325144412031513e-01	9.101647849584235672e-01
nan	-7.194514933955706848e-01	1.432411972324540095e+00	1.062038621651378190e+00
nan	1.622993981735452729e-01	8.781065831636031271e-01	3.424397480812766958e-01
nan	-8.712685818017007477e-01	-1.107998731237298307e+00	-4.829022420919456549e-01
nan	-1.112957643731475654e+00	-6.952372275659939316e-01	-8.209155544002713079e-01
nan	4.411110367316863901e-01	-8.015353302721193174e-01	-1.785404759899101190e+00
nan	3.471878061036887120e-01	1.701864472103998382e+00	-1.236008000139062979e+00
nan	-6.180251953972881740e-02	1.708277635532149397e+00	6.306709237607910357e-01
nan	-2.020702686392467085e-02	-4.565867399833950513e-02	1.459374057951265957e+00
nan	-1.100390165722388569e-01	4.522967494327486127e-01	1.048602411380668897e+00
nan	1.048523432281627032e+00	1.279073844924160652e-01	1.007971564690080646e+00
nan	1.521206329453161032e+00	7.227321324005376857e-01	1.176617159406499580e+00
nan	3.055208734807947080e-01	1.260356147418392414e+00	-7.414404627590310826e-01
nan	-1.938668220296420608e-01	9.677970154971862193e-01	5.413996523889561541e-01
nan	7.929590622473299266e-01	2.382359897650525138e+00	8.693026852715131092e-01
nan	1.544549570605304956e+00	6.803401867300296058e-01	1.164023946425564171e+00
nan	1.086313328246524046e+00	1.316153007539556885e+00	1.663082384523204338e+00
nan	7.409720531275769684e-01	1.547068894125113392e+00	2.240429923285119251e+00
nan	-5.733051154060240240e-01	-1.446854528273755491e-03	5.175234722609645122e-01
nan	4.645532876194872207e-01	-8.666241990881884405e-01	-5.800979058250995690e-01
nan	2.136905202592431219e-01	1.120709081792384820e+00	-7.874658034750581237e-01
nan	1.826531823254856191e+00	-1.556620886240686508e+00	2.329670906207056968e-01
nan	-8.255606392030584439e-02	1.109963863784964921e+00	6.506090578529514223e-01
nan	-4.318610144947544471e-01	5.508932414359517526e-01	1.789633119964872954e+00
nan	4.325574843385321944e-01	-2.365361980016871812e-01	2.456168586502758266e+00
nan	-6.648599869061748713e-01	8.101417343863051013e-01	1.163443996319942331e+00
nan	2.063278102863085550e+00	-1.866482625734741108e+00	5.635312726929120331e-02
nan	-1.811920402221577353e-01	-8.862250681002404873e-01	4.770795830570542240e-01
nan	-1.661252444108244575e+00	-5.256356350510495989e-01	-3.477503773078167715e-01
nan	-1.407703776878495461e+00	1.476044397197538105e+00	-1.084443970207222607e+00
nan	-9.246609274197427064e-01	-1.166916894829685969e+00	2.665022319493580705e-01
nan	-1.231700220881510877e+00	-6.957497772611036524e-01	4.064686536018337626e-01
nan	-7.868936088028025688e-01	-6.967971455698092065e-01	-1.054709175452110542e-01
nan	-9.877300603728045303e-01	3.612943179543673389e-01	8.315142192513617081e-01
nan	-1.133525976542363312e+00	-4.880595767644653193e-01	5.091645488895546467e-02
nan	-5.913106890107890923e-01	2.141604445545598479e-01	-7.322386714540334296e-01
nan	-3.108080472251451565e-01	-2.682788960002105982e-01	-4.967118481826626741e-01
nan	-2.104341194553192462e+00	1.300110713925118233e+00	-7.190656419944965738e-02
nan	5.821409793255790666e-01	-8.498121120118300453e-01	-1.034340150330736563e+00
nan	-1.491571279247940529e+00	-1.824722292141858770e-01	-8.103884317273017945e-01
nan	-1.209693072594801855e+00	2.037191692279672894e-01	-1.558123084864870000e-01
nan	9.943587809672362887e-01	-7.697260862826715844e-01	1.971059906376936510e+00
nan	-3.818944512508198330e-01	-1.599664136355787303e-01	3.933069261804178485e-01
nan	9.820739019604485254e-01	-2.251140877306316845e+00	5.655448222202130726e-01
nan	-2.883152372990252399e+00	-3.163180747446307506e-01	-2.693669859361790264e-01
nan	-2.781817279403740795e+00	-1.774999669310286077e+00	-6.567258749885611646e-01
nan	-2.386503650252913555e+00	-3.013269593395880186e+00	-2.116592405673606514e+00
nan	-1.900202694662893599e+00	1.565995744048676031e-02	-8.944457864140944459e-01
nan	-2.224841375136710209e-01	1.732056443335927565e-02	1.163044743722726704e+00
nan	6.846085417833343012e-01	-5.180823515615775587e-01	1.133436284452007392e+00
nan	-2.563670706008007172e-01	-9.742882492093977165e-01	-7.920098254842078411e-03
nan	-5.037378973837818297e-01	-1.836785743936798276e+00	1.195622769621794923e+00
nan	-1.309128780038747886e+00	-8.571946425070228193e-01	6.712073872795456531e-01
nan	-1.427917373052731698e-01	-1.160059440789704688e-01	1.345198887550845268e-01
nan	-3.804186179479390750e-01	-5.101324529122222562e-03	-8.317670558358861710e-01
nan	1.741503954991184266e-01	-5.181374811398946623e-01	-1.042213051010293157e+00
nan	5.231815863807156575e-01	8.955036755834857587e-01	-1.236943540051848478e+00
nan	1.999088463713603492e+00	9.143608135059435593e-01	8.312434237031816886e-02
nan	1.222546442475358486e+00	1.106573904008156140e+00	1.677138357363408272e-01
nan	1.239402424352925358e+00	-6.076418802741634373e-02	-4.078476181561638270e-01
nan	6.764036831319408805e-01	1.024886019447098340e+00	1.612571559313722203e+00
nan	-1.519749322537907732e-01	-6.242008475842142357e-02	5.534740405115786688e-01
nan	-1.355783122432734578e+00	6.024192329538345936e-01	3.906912550692507313e-01
nan	-1.297982015826130153e-01	-2.137726644019259936e+00	8.226309894682125590e-01
nan	-9.564405864417636627e-01	-1.589884237930000443e+00	-9.800011373120094404e-01
nan	6.413244526995778294e-01	-2.945027069857763635e+00	7.204246662497082454e-01
nan	-1.043054360472976949e+00	-7.584320969317392969e-01	-7.063121263203435696e-01
nan	-1.124531397713802727e+00	-2.182845726578181433e-01	-1.043424059073760901e-01
nan	-7.596798644907145626e-01	-6.756565797476630220e-01	-2.849208669365091429e-01
nan	-1.519084020243695266e+00	8.577134869008240514e-01	-4.178929310883127135e-01
nan	-1.898597692616854182e+00	-2.081818585318403692e+00	-1.275405378640720677e+00
nan	-1.434163839772982341e+00	-1.817512478732359327e+00	-1.556418359226028114e+00
nan	3.998514690162576768e-01	-1.626542849546271041e+00	-2.239311178037622696e+00
nan	-7.955826283893311368e-01	9.651414363755581594e-01	-3.685531170246716393e-01
nan	-2.981337559205033960e-01	-8.577869021562816165e-01	-1.337448898212258985e+00
nan	1.024129667618012274e-01	-1.365122326380027618e+00	-1.446913211690171730e-01
nan	-7.404395317626502049e-01	-1.386714587223219830e+00	4.900435297869523699e-01
nan	-1.730761258694049731e+00	-1.788343643729880972e+00	3.376133782220502866e-01
nan	5.787985471880685573e-01	-2.574203315737352060e+00	-9.544492202155163696e-01
nan	-1.089182730458840620e+00	-4.599537989651245606e-01	-1.264030778727942783e+00
nan	-1.318394288128805325e+00	-2.318704160842177675e+00	1.551886567306910436e+00
nan	-1.631045546329793261e+00	-1.639677626273380096e+00	-9.035952150435389019e-02
nan	-3.727511499726539057e-01	-7.703447473289321001e-01	-5.882316664480716772e-01
nan	1.088467690041895253e+00	1.025540356635235906e+00	-9.448447387868172953e-01
nan	1.020936695355313173e+00	-8.267081562487099688e-02	-6.979434154314012595e-01
nan	-1.656527858621018590e+00	1.202946809411671758e+00	-4.765332473516224465e-01
nan	-7.031182222605685261e-01	2.531945788935793806e-01	-2.447171487492642572e-01
nan	5.163619131126668815e-01	-7.260095497619217797e-01	-2.036369365640801898e-01
nan	-7.349394388515317900e-01	1.835603403428482383e-01	-1.081292810986042907e+00
nan	-1.699469453459892865e+00	-5.926359942669623404e-01	1.990057784843486943e-01
nan	-1.170995169261342284e+00	1.708911328601943946e+00	8.091345139318046886e-01
nan	-1.746230255394203568e-01	-7.466979801725607269e-01	1.084357079592070505e+00
nan	1.525120309316576606e+00	1.457414708766828215e-01	-1.980622658084199017e-01
nan	-1.768215359536565723e-01	-1.422672685755911770e+00	9.399932604857702545e-01
nan	1.027825232288382962e+00	-2.613078105966022413e-01	1.085461344729202304e+00
nan	-4.819332465102961205e-01	9.717552847230051527e-02	1.799558087048992672e+00
nan	-2.746138710966217644e+00	1.783553781861435761e+00	-2.429086915840111827e-01
nan	3.671407678897348759e-01	1.121108969582803150e+00	-6.610057262013263601e-02
nan	-1.339993823685038832e+00	1.291265759976030658e+00	2.329412871173106858e-01
nan	-1.668517846157854256e+00	5.231476576650326976e-02	-8.482101189113875339e-01
nan	2.509427762477355883e-01	-1.177710094744920610e+00	5.341780581401822658e-02
nan	7.808550664988824774e-01	8.963335141251731475e-01	2.850089764566202111e-01
nan	-5.112577857936150272e-01	1.863482430891156394e+00	6.538879808102613378e-01
nan	1.408652702872605911e+00	-1.494921871786716316e-01	-1.007011006682838383e+00
nan	-5.636544274456314341e-01	-5.709166333568431728e-01	-4.254793382622671927e-01
nan	-2.964090895064483422e-01	4.575040893324627822e-02	4.842598466208785646e-01
nan	-4.024616592778614832e-01	-1.981662955546078242e-01	-3.182884698510021426e+00
nan	-9.023580522902905354e-01	-1.372297451963757187e+00	-1.285133461691362777e+00
nan	-1.972563409993253414e+00	-1.617741286739355022e+00	-1.252763352412443076e+00
nan	2.626584854788243106e-01	-8.634143759273138485e-02	-2.900222454364568048e+00
nan	4.910623922442982486e-02	-3.745613005071981028e-01	-8.640613802263089616e-01
nan	-4.145609307990878456e-01	-1.080549113397314187e+00	-4.402120796599164887e-01
nan	-4.877974112291932896e-02	-2.022401745237922821e+00	-2.243917221055778288e+00
nan	5.005353761355774145e-01	-1.629113264742717337e+00	-2.857034392792019872e+00
nan	-3.018033955511270627e-01	3.901952124979307102e-01	-6.322504645573467918e-01
nan	-1.373583995405756319e-01	6.449901850673036424e-03	2.325888034804715510e+00
nan	-4.195843212212771456e-01	-6.068387568435825719e-01	7.354906788692852082e-01
nan	5.905709930154169340e-01	1.215640335872956834e+00	-1.019840391729266438e+00
nan	6.458265446130864174e-01	-5.981444567840042970e-01	3.921349484319021084e-01
nan	1.190739435680396863e-01	-7.705464468724425586e-01	1.972004141365722774e+00
nan	2.057672575333827358e-01	3.100541065255804640e-02	-5.187338331212091314e-01
nan	-7.557836521095196991e-01	-6.888402736189146447e-01	-7.578131028372359079e-01
nan	-1.558285327975460266e+00	9.389307203272672098e-01	-1.269181035967180460e+00
nan	2.968382519891753502e-01	1.387447289117487159e+00	-4.504472025971203442e-01
nan	6.323603334742923243e-01	1.906206438293104100e+00	2.788657536454525743e-01
nan	-5.774187810880193616e-02	1.044837390375395803e+00	1.314368619429614693e+00
nan	-2.352496628194634121e-01	-7.811754086378919215e-01	-9.740557890037713218e-01
nan	-5.400147517392674956e-01	2.020799073027196302e-01	-7.847543880568831343e-01
nan	-1.315695427554888663e+00	1.790745079328642797e+00	-4.015249485829173182e-01
nan	1.461723150742968880e+00	6.094956493192047464e-01	8.142979584644471913e-02
nan	-2.280823454519791404e-01	-2.954238675157272453e-01	1.571894983344535035e+00
nan	1.706596054827419495e-01	5.949798600333163767e-01	-6.854509607071481714e-01
nan	1.046023262873310600e+00	2.007061266711727132e-01	-3.354100244804744668e-01
nan	9.976293214109366314e-02	1.690690232892234857e+00	1.450450625794266479e-01
nan	1.830846021363434106e+00	-4.070577651600157942e-01	1.187736086450593032e+00
nan	5.931993133067020585e-01	-8.135227644488440824e-01	7.519640342176813208e-01
nan	-2.102449526172504579e-01	3.335240756583999766e-01	2.449145465843644565e-01
nan	-7.914068967486505013e-01	-3.863728432030621440e-01	-4.576461776238058277e-02
nan	-2.987923300174689878e+00	-7.109069484286267837e-02	-7.703435798960224234e-01
nan	-1.274431207590928761e+00	-5.963474249518796455e-02	1.712421610686258200e+00
nan	-7.865684602351579180e-01	2.544977728878771162e-01	1.815601697245255552e+00
nan	1.038618837425490993e+00	1.417920930572100779e+00	1.703729140056450486e+00
nan	1.209257846443656970e+00	-2.743767490056164826e-01	3.278108073600326522e-01
nan	1.427649704332460079e+00	2.802537591342532663e-01	1.200457633953137870e+00
nan	-3.913812195266896943e-02	5.988622506624919906e-01	1.219222644608290107e+00
nan	2.254404538121061452e-01	6.988748165048528360e-01	5.499760537844872177e-01
nan	9.748024549719342957e-01	-5.012839377305713384e-01	1.107853615808622738e+00
nan	1.263491511062178052e+00	-7.427111433970033927e-01	-1.063782406673069225e+00
nan	-5.504702831737477986e-01	2.030512873535883778e-01	-8.054048524904446893e-01
nan	1.623097297450575072e+00	7.604879344533710395e-01	1.041652895429678205e+00
nan	4.823491681664284769e-01	1.793126467338701513e-02	1.203898688277772688e+00
nan	-5.217277110704795495e-01	-1.380361073773344049e+00	-8.967172861607719536e-01
nan	-4.300679741339337725e-01	-7.720818618343814332e-01	-6.325619955452665977e-02
nan	1.295485658134560181e+00	5.025645126283391217e-01	-1.451415416131798253e+00
nan	2.224798192712927225e+00	1.242038470159716912e+00	-1.812732801061791799e+00
nan	5.511103903509063651e-01	1.154020712079749211e+00	-1.713069889137525559e+00
nan	-3.788217311987488456e-01	1.679625264961046804e+00	-4.090241611819381840e-01
nan	2.553867181071330261e+00	2.268474564596973053e+00	1.809563892820573949e+00
nan	3.969492601965751710e-02	-1.359479587277899748e+00	1.867757375147565124e+00
nan	-3.234794698440198735e-01	4.928939081412703205e-02	-3.077593407604132247e-01
nan	-1.773352876245950505e+00	3.454173911007686615e-02	7.534036266895001166e-01
nan	4.564119555091954439e-01	1.075503151097905175e+00	-1.262575120439487941e+00
nan	1.524010516920693892e+00	4.742494846626976734e-03	8.834606639415396034e-02
nan	7.884704323619484700e-03	1.494501019917888307e+00	-2.679250103595097521e+00
nan	1.763398211206433364e-01	-6.065663239569274445e-02	-6.574756003678454697e-01
nan	5.674441646713627163e-01	1.081885043297433624e+00	-1.339124123776082254e+00
nan	3.354112985344639419e-01	3.302416837541077843e-02	-6.941775591600427564e-01
nan	-9.584267059652573639e-01	6.774323839848231388e-03	-2.112368275989416899e-01
nan	7.109330098273654031e-01	-1.941319919484642442e+00	-1.937265536238825803e-01
nan	-1.653487184456799763e+00	9.125328790274278568e-01	5.520474580513384799e-01
nan	-1.173456620958333918e+00	9.011299730298445443e-01	1.284270465662497029e-01
nan	-3.420090448899106850e-01	-8.261132590421726984e-01	1.035486824231342418e+00
nan	8.592379730128050230e-01	-5.889005833880920360e-01	-4.307084655232519821e-01
nan	3.679285950115396275e-02	1.458360172332248128e+00	6.254796384397900422e-01
nan	2.759500006576897646e-01	-1.318213699730059529e+00	9.540007940565287115e-02
nan	3.463901168642132267e-01	-1.733423430919598607e+00	-6.078837906274454639e-01
nan	1.075180169949691567e-01	-3.387262049351547066e-01	1.106924422694770538e+00
nan	-1.525149131271087977e-01	-4.681561389928305394e-01	4.731535816541695416e-01
nan	1.362656693925158313e-01	4.636679682894889187e-01	-1.261690874171497723e-01
nan	-3.408236107890195155e-01	-5.959470670705588891e-01	-1.605554804167643734e-01
nan	-2.269529083819570303e+00	-1.457284374845741581e+00	-1.339962673126236625e+00
nan	-1.930014768581044260e-01	-1.255988877786251567e+00	-4.269318273898958238e-01
nan	3.008982128648674537e-01	1.651345431044379586e+00	-1.303941794705308910e-01
nan	1.382160886373624553e+00	5.012164402109772210e-01	-8.759628701857609112e-01
nan	6.565379510361133431e-01	4.245407775827114705e-02	-2.987516531036089606e-01
nan	1.262900931501718338e+00	-4.166918982240402913e-02	1.687289126401878836e-01
nan	-5.084617212159148192e-01	-1.088327832012828011e+00	-1.341563952060551568e+00
nan	-3.496087289359687267e-01	-9.267742751600971385e-02	-7.700531620037351921e-01
nan	-7.209385242578267294e-02	5.957529013190104861e-01	-2.238395362264276489e+00
nan	7.968377915215785201e-01	-1.621753548282892088e-01	3.691047548732057093e-02
nan	-7.142689243986725112e-01	7.668576656778807177e-01	-2.734235062017353890e-01
nan	-5.682633169863365863e-01	1.427540600763020251e+00	3.320715790385843080e-01
nan	1.014486428349611336e+00	7.292512841460555562e-01	1.160043405246044212e+00
nan	1.040288331450307524e-01	-3.403066513626173961e-01	-7.554008736476609531e-01
nan	7.694636955288050029e-01	-1.535253166187464657e+00	-4.260747421232652377e-02
nan	-1.654456846659740910e-01	-3.091073148903361600e-01	-1.300515907921160341e-01
nan	-7.054053800965648380e-01	-3.494891193104282534e-03	-9.731485364187306697e-01
nan	-9.534635503008075386e-01	-1.826527589354053349e-01	-1.980347030321941260e+00
nan	-2.430580110834656526e+00	-1.359492253219704017e+00	-1.581718225208900819e+00
nan	-1.024812059997984637e+00	-8.017358662975195838e-01	4.273783823180217212e-01
nan	-2.995663022084433802e-01	-1.589813068168454802e+00	-1.558804275246549409e+00
nan	4.469361875828770092e-02	1.054128162982347350e+00	-1.465194949973246397e-01
nan	1.009521535167731798e+00	5.042303717407881081e-03	3.320677751845086956e-01
nan	4.367911870710050048e-01	-1.227050546100039163e+00	5.985980865878374191e-01
nan	-1.548135651499415344e+00	-1.747211147380395846e-01	1.320383580092512554e+00
nan	2.016891726500124049e-01	1.810095514938369732e+00	9.915812791610734145e-01
nan	1.536688805009928327e+00	4.919673561042283705e-01	6.694070649091258263e-01
nan	-3.817436149708555160e-01	1.830805516694630874e+00	-4.044336809565161617e-01
nan	-3.780784763400634185e-01	1.220334425942798173e+00	1.805544366005204404e+00
nan	3.851005737424478825e-01	-3.487038733704567739e-01	9.456417730487132189e-02
nan	-6.535331083514103190e-01	-2.936447947268870928e-01	-8.432611297006525897e-01
nan	-2.101858151553150922e-01	8.486291637044394154e-01	-1.498174897373823145e+00
nan	-4.074709521015377200e-01	-1.422900695279366579e-03	-4.860565893172712482e-01
nan	-5.679387566555833544e-01	-2.095493381328007998e-01	6.131631017040697351e-01
nan	4.313717229215807691e-01	1.320197458456493778e-01	-5.583924608043250304e-01
nan	3.314789503240669344e-01	5.614369863085760803e-02	2.637005046320033963e-01
nan	3.769247692049144116e-01	1.930223155024669568e-01	-2.753062296331359349e+00
nan	9.484120753201976672e-01	-2.169159777473543271e-01	-1.288439509951713635e+00
nan	7.263745790646274347e-01	3.861017040619699747e-01	3.707218234726981088e-01
nan	1.724478159974541569e+00	1.135192817311490243e+00	-9.148636301135498750e-01
nan	-5.517634160185085346e-01	8.488290624268882700e-01	7.988984312306250946e-01
nan	-5.162935200396412405e-01	2.275230938952125803e-01	1.114604311583132557e+00
nan	-7.962659253975268303e-01	-1.685380947968114551e+00	-1.565754972728183869e-02
nan	-1.507643683985997018e+00	1.206030000241234745e+00	-7.012034594585142555e-01
nan	-2.360286131445235469e+00	3.010672968354297652e-01	5.350379412521932831e-01
nan	1.821732970445785194e-01	-1.686060374535615081e-01	-1.943364276846563321e+00
nan	-8.458944896828990423e-01	-9.734367627235428477e-01	-4.771957088952660797e-02
nan	-1.031358025772979858e-01	7.904473991402449773e-02	-1.506207707858369993e+00
nan	-2.065051653727209835e-01	9.031989816355183720e-01	-4.978436329050435205e-01
nan	1.036693801869428000e-01	1.039406911844863585e-01	9.940238969117015655e-01
nan	-4.590247809755094721e-01	1.195953606027910343e+00	-1.793643875443744484e-01
nan	-2.889298874760832803e-01	6.851515553548217508e-01	-7.041347106731650207e-01
nan	-2.345178477078107837e-01	5.037330065657449341e-01	-2.824373881279172438e-01
nan	-3.814784491116638976e-01	1.900109224319558310e-01	-7.824429786979405499e-01
nan	2.474599213159144107e+00	-7.738586910101176164e-01	-7.622479461752207364e-01
nan	3.915516134656413794e-01	1.516085214190764585e+00	-3.571502335069772771e-01
nan	-8.878339602389379026e-01	1.920599662626490955e-01	-1.310359852274320280e+00
nan	-4.776974155812533929e-01	-1.395195046069981126e+00	-4.127255066099244640e-02
nan	-1.427438622216245623e+00	-1.466865737373331147e+00	-1.737069659029692126e+00
nan	-4.088165361341355442e-01	-1.229591643502419895e+00	-5.709634028484835699e-01
nan	-1.170212549058573970e+00	1.224719163909480102e-01	-1.100448704764067642e+00
nan	-9.664441368440697122e-01	-5.002716165324271325e-01	7.664837639758553811e-02
nan	-2.622672221689726246e+00	-1.533451110996989497e+00	-2.957177418902166566e-01
nan	2.877927088091221108e-01	-1.642541116409746094e+00	7.191080331783568091e-01
nan	-6.259549451253042518e-01	-2.425253403142674513e-01	-1.441749372935680285e+00
nan	-2.057114462671320698e+00	-2.485221814023155784e-01	-1.195563142049666405e+00
nan	9.061038728403025821e-02	-6.991694297752623077e-01	-1.510499198010659683e+00
nan	-8.671262639716885712e-01	-2.211905893865115491e+00	4.158647878994448099e-03
nan	-1.526733823044410077e+00	-2.396035176056091398e+00	-7.669508160653156770e-01
nan	-2.749406218484783393e-01	-1.862495382980845715e+00	-1.925639567767740701e+00
nan	1.287550541439129725e-01	-6.646270683193712392e-01	-5.077832208441394046e-01
nan	1.456259401873038373e+00	-2.593638654040162361e-01	4.868666959568365149e-01
nan	1.195627428193146491e+00	-8.176456724420233524e-02	-2.367077087396294854e-01
nan	1.643631934078857160e-01	4.657909617578563921e-01	-9.415245741184178341e-01
nan	7.314470681050395662e-01	3.560929748595049738e-01	-6.576166413746229455e-01
nan	6.020902772451307561e-01	-1.136719889709124853e+00	5.921679043488466132e-02
nan	-8.008486516962088908e-01	5.380342076880827440e-01	-5.069064004916601363e-01
nan	-1.355651269756263044e+00	-5.180780740385200200e-01	-1.905085978281182202e+00
nan	-6.865157616997014101e-01	-1.358559678957476646e-01	-1.855933984788087354e-01
nan	9.481606388835134291e-01	-1.505838064842918822e+00	-9.046583362582907295e-01
nan	6.628531353475511922e-01	1.263792955123208550e+00	-3.281554330267345554e-01
nan	2.583661594180683974e-01	1.169374758947365756e+00	-7.345087513098875753e-01
nan	-4.695647454995577341e-02	3.584231581870939154e-02	6.034892009856372697e-02
nan	6.064437548337878736e-01	-9.513593821428538433e-02	-1.428039623480535258e+00
nan	2.997267054946100906e+00	-1.807814765347412200e-01	-1.164513412589238239e+00
nan	6.128030645111819386e-01	1.863237774911453926e+00	-1.993318651441338796e+00
nan	9.121502438415811653e-01	-1.309832057885437218e-01	-3.779897975571707147e-01
nan	8.760630368429390691e-01	1.388201065795015454e+00	2.352679759533769510e-01
nan	-1.430557954754845706e+00	7.298010670157757396e-01	5.341552160823257456e-01
nan	-1.293183060910539028e+00	-6.746550082697952977e-01	1.206243707407978594e+00
nan	-2.212985533161238028e-02	-1.493939151368094409e+00	7.136841664299153898e-01
nan	1.089014179771419677e+00	-2.394866456100963603e+00	8.744407219378774743e-01
nan	-3.200789909046012571e+00	-3.993357977629716782e-01	-1.120953457583721002e+00
nan	-1.521193207186835039e+00	-1.360667252754526491e+00	4.367883445177393464e-01
nan	-7.012471259306738425e-01	1.319283281573063515e+00	-1.006135137325333329e+00
nan	8.915442839282056164e-01	-2.044002197110710295e-01	-1.311956525061688694e+00
nan	1.096993233914659582e-01	2.072611647530284262e+00	-5.906865163897601079e-01
nan	5.317657712239234336e-01	2.354158494521737310e+00	1.649653560778886252e+00
nan	1.735996098199822590e+00	2.355920520563775655e-01	9.093564974904437825e-01
nan	6.210682103410289923e-01	-4.532979837555115576e-01	1.174647259668583743e+00
nan	-3.033300428643412316e-02	1.689940688350131115e-01	1.433540356237858471e-02
nan	-1.591677018584057413e+00	7.613743802052794774e-01	-2.535679490570257322e-01
nan	8.233300532803664584e-01	-1.144397348450771235e+00	-8.107373136722535456e-01
nan	-1.056424837205708900e-01	-1.934748489879853706e+00	-1.815547367882052399e+00
nan	-7.776753670974030364e-01	-1.805397198752801691e-01	-1.040187361869486571e+00
nan	8.560857400011483431e-01	-1.140890136175819691e+00	7.230746143318813601e-01
nan	-4.924474437940653399e-02	-7.058621114267504826e-01	-8.961174234579999398e-01
nan	-4.076267166926509367e-01	-1.472734020646578657e+00	-4.410430514926436119e-01
nan	-9.955001928205947648e-02	3.175957106691355003e-01	5.963201944161713453e-01
nan	7.739464795349009218e-01	-5.123189760917547242e-02	9.117953478058469230e-01
nan	8.428228172149696551e-01	6.618430418106918678e-02	1.629410768448923130e-01
nan	2.310053273036844212e-01	1.247982969795141672e-02	-8.199529176601173530e-01
nan	-8.326770408222312625e-01	-8.915540825898488064e-01	-1.082796496731863289e+00
nan	-9.509453786725887703e-01	6.795662828452542215e-02	-1.554426351225799197e+00
nan	-9.144868617837697000e-01	-5.368040222630718339e-02	-9.298347475618848890e-01
nan	-1.816493040745791099e+00	-7.393087485231815137e-01	-7.971002899047632262e-01
nan	-1.071555055640716514e+00	-1.631853895286536904e+00	-5.598026281763993639e-01
nan	-9.016941197195122992e-01	3.099822617964164140e-01	-1.445435748809554610e+00
nan	7.313359477572524137e-01	4.742947660919691888e-01	-1.051253503477194151e+00
nan	-1.410915287609741386e-01	7.598673712318588791e-01	-1.019837851799889172e+00
nan	-6.495704645508677544e-01	-8.096068918573624540e-01	-3.225415240340686829e+00
nan	-1.725008129628502029e+00	1.000158157818765270e+00	-6.832784374132662153e-01
nan	-1.713198231138745031e+00	-6.936080559651532917e-01	1.306393101871033746e+00
nan	-3.769137215118767981e-01	-7.372172326413949373e-01	-6.247989718775902590e-01
nan	1.239898669240419915e+00	-6.868349415918789669e-01	5.325160377802822254e-01
nan	-8.998715797789809123e-01	1.468540677533601568e-01	-1.991574683060989837e-01
nan	2.673827934885766311e-01	8.182454711545430470e-01	1.169411471970374539e+00
nan	-1.180599219607990635e-01	-8.978519910603214305e-01	1.832332533881924963e+00
nan	-2.054280151723771208e+00	1.172767007009215989e+00	-2.060979442586569066e-02
nan	-1.595372810594598345e+00	-5.036570343625484947e-01	-2.965322558907174666e-01
nan	-4.674587177433800478e-01	-5.898421132398677935e-01	-6.175370226464300671e-01
nan	8.622301168165866780e-01	1.752045693735019283e+00	5.873186573276913958e-01
nan	1.720937249781151479e-01	1.552217637408062068e+00	1.056692412114207613e+00
nan	-5.196992588033255700e-02	8.643695719663010424e-01	-9.397675618001577469e-02
nan	1.379911280009461505e+00	-2.346586995257305130e-01	8.979086410207880453e-01
nan	2.685580030465822610e+00	-1.351154497153387313e-01	-2.008265202840408215e+00
nan	-1.058850614420593583e+00	-2.783378189895557853e-01	-6.139075194568018867e-01
nan	-3.825721413166642826e-01	-1.279569740998836580e-01	-5.542866855540169446e-01
nan	-2.839568411071858867e-01	1.838420547231025770e+00	4.422674265796752158e-01
nan	1.518410762551085091e-01	-4.900936091089895807e-01	6.851842959687065582e-01
nan	-1.397626667443158333e+00	9.459287192841460412e-02	-4.141893823320608736e-01
nan	-8.058731052687984064e-01	1.139185593329683721e+00	7.404046866922178727e-02
nan	2.837396706329650686e-02	7.657231576263914263e-01	2.094244389904762471e+00
nan	-1.131001493489046217e+00	5.600844315951960528e-01	1.415204777734205388e+00
nan	-1.906884947006728392e+00	-3.558561343112194297e-01	2.414032428019334375e+00
nan	-1.817047227152891686e+00	2.099196947167573102e-01	1.077605684556312005e+00
nan	-2.442159623037444549e-01	-3.092693503147985190e-01	-1.229863733732102116e+00
nan	-2.776472902905013918e-02	-1.529908387184251428e-01	-1.560906011603761856e+00
nan	-2.557884135443089679e+00	1.484039909281185565e+00	-1.001498137849905490e+00
nan	-1.350168174665816456e-01	1.053723333031246323e+00	1.715897573390732678e+00
nan	-1.401316486316448229e+00	8.425371097313509861e-01	2.189309848726607832e+00
nan	7.781112158910763466e-02	2.224198054504927802e-01	3.123009622509738570e+00
nan	2.198754000911277706e-01	9.983172769406449820e-01	1.023157166291866593e+00
nan	-1.303220733539061094e+00	1.403133186931609100e-01	-2.019813107082774062e-01
nan	-5.187583602028994489e-02	1.215122679666006178e+00	3.936928905902032927e-01
nan	1.388130715249002556e+00	1.274542887898166388e+00	-7.381630496636176764e-02
nan	-2.114376751392740283e-01	8.235911724435218684e-02	-9.090672444895273596e-01
nan	8.132349117840963204e-02	4.042423582090152734e-01	-1.484976781556542336e-01
nan	-6.585372653475926041e-01	1.246332590433145260e+00	-1.264429031872297271e+00
nan	1.951813428077805890e+00	1.210192496296853104e+00	1.318717397842844585e-01
nan	1.656934275484066799e+00	1.722961420524195653e+00	-1.920317392421541092e-01
nan	-6.465356748918640317e-01	6.515063262272136058e-03	-3.026379309056246303e-01
nan	-1.372559612373409177e+00	-2.889315548014662061e-02	-1.302632641672381908e+00
nan	-2.603695048340846085e+00	-1.068857125750056980e+00	-9.230551984441791591e-01
nan	-1.424403679851372617e+00	3.958652432702767232e-01	-1.945315167102813714e+00
nan	-8.465286751853022817e-01	-1.094800046473515476e+00	-6.143141766689317329e-01
nan	-2.517212423404861510e-01	2.880506465043064512e-02	-1.114109005316644918e+00
nan	1.046702993686867700e+00	-5.939195948696549543e-01	-9.153996533789394707e-01
nan	4.546361845300589399e-01	3.702645195922862342e-01	-1.493306386825675736e+00
nan	4.755879927938130858e-01	2.137228809842662614e+00	-1.983649174911449542e+00
nan	-1.788400322945378207e-01	-8.498287576016253508e-01	-7.582278557750973258e-01
nan	-1.157903294227402569e+00	1.144908009842949270e-01	9.163952685985345958e-01
nan	3.962423395056478004e-01	-5.141243499902028447e-01	4.814900299246424598e-01
nan	-1.323640821166837345e+00	7.919782896277226258e-03	-1.177324040850770803e+00
nan	-1.794798853897812796e+00	-7.657443219159184578e-01	-9.587408277108546706e-01
nan	-3.621663315581246101e-01	-5.718249731287161630e-01	-1.835876362718511956e+00
nan	2.868967080575651196e-01	-9.217975842000218911e-01	-1.177313819242949755e+00
nan	-7.521674366725642491e-01	1.275933996192682329e+00	-4.193310989878723527e-01
nan	-4.020226997829012827e-02	5.712666956160787901e-01	1.052026858810318988e+00
nan	-1.895243826000641285e-01	2.971629852451799225e-01	4.283762534413368961e-01
nan	3.111313187049440376e-01	-1.127131485106119602e+00	5.840452795426823718e-01
nan	-8.213433401400621614e-01	9.247626438237548374e-01	2.378817004921122968e-01
nan	1.576362121323522159e+00	1.270199181080112538e+00	-8.209997163051276914e-01
nan	9.588229148210667407e-01	2.182683321242949503e+00	9.896719350265620330e-01
nan	1.226754340201071880e+00	-1.147255408649751729e+00	5.171462404715749805e-01
nan	4.961487366956989775e-01	-5.863411355009614523e-01	-9.452611789686604649e-02
nan	5.887848452733764892e-01	-3.069778555528947933e-02	-1.063417655212768320e+00
nan	-7.925934411454775841e-01	2.361813926407681785e-01	1.672872887548321197e-01
nan	-7.486334149693899542e-01	-1.177975764579115570e+00	-4.682149579012622742e-01
nan	-2.840565539730929845e-01	6.164192975137301467e-01	-1.473053779008637321e-03
nan	-1.416417693383621890e+00	4.571539663644876295e-01	-2.012800342764498485e+00
nan	1.266959514574829582e+00	1.420469023012967735e+00	-1.179726788275345495e+00
nan	-2.400671792392794490e-01	1.436415046540849394e+00	4.479654668050018773e-01
nan	5.375152464335042346e-01	2.742856298981448115e-01	-1.118262359666395200e+00
nan	1.352211140427271863e-01	8.379679730318814190e-01	5.078655294823464228e-02
nan	1.142850931878762744e-01	-4.858910749680996899e-01	1.033856267894242453e+00
nan	8.367157036971940576e-01	-7.988847565445825749e-01	2.469661903027999372e+00
nan	-2.263548628065720880e+00	1.307613418343534617e+00	-4.681388415884224496e-02
nan	-4.341106179622139516e-01	9.270899226046209751e-01	1.072097886169224856e-01
nan	1.063348049115938831e+00	-2.617829754649225737e-01	-7.240530372441522644e-01
nan	-1.698082469541584150e-02	1.293915414527071706e+00	1.168107163945242721e+00
nan	-8.844355667050727288e-01	1.111084383331635506e+00	-1.292286671629716777e+00
nan	-2.953148866206082857e-01	2.650650006378394430e-01	-1.343145614415041544e+00
nan	3.644037754951915398e-01	-2.170888043465000639e+00	9.964895874455561575e-01
nan	-1.677756437221476382e+00	1.097712369034423485e+00	2.399516430990552007e-01
nan	-6.813105846505601582e-01	-1.363255127477137396e+00	-1.393420383710251009e+00
nan	2.076858638436084314e-01	-1.659313246392456254e+00	-1.079201874983181098e-01
nan	-2.077106784768251391e+00	-1.040052323083109576e+00	1.147742708153320246e+00
nan	-1.527446405051802181e-01	-1.925458890129422285e-01	6.057259529689567046e-01
nan	-1.182279786253120246e+00	-1.157882931225343304e-01	5.412802548786170842e-01
nan	-2.238425620672487015e-01	-1.315246774644025507e-01	-1.315153979219318703e-01
nan	-8.712514130559719794e-01	3.871736138058716747e-01	6.528759603469137529e-01
nan	5.665674462880813111e-01	-3.768237149686856635e-02	1.166662904960252822e+00
nan	1.884783360982037692e+00	-2.999475875365003041e-01	8.152379216671928885e-01
nan	7.594444817440676454e-02	1.255016926968389512e+00	2.040066958644067285e-01
nan	-5.470745223313990824e-01	1.219074940139669438e-01	-1.127765905609363073e-01
nan	1.269897277239153244e+00	-3.682799795671017895e-01	4.637319966228677370e-01
nan	6.042632132844172332e-01	2.919001339986074806e-01	1.600508711366826764e-01
nan	2.185906591689508183e+00	-7.009811862725582321e-01	4.889804220175981708e-01
nan	-1.289062685075071268e+00	1.613374452359944922e+00	-1.052693413466222250e+00
nan	-1.205847867443195498e-01	9.673205387322161841e-02	-1.465993434300501441e+00
nan	2.307608932920067468e-01	2.179330091176781892e+00	2.669464370460551406e-01
nan	3.729464733865205384e-01	1.076232081789045392e+00	2.272242925002614378e-01
nan	9.176426330874267734e-01	-1.678962129103051648e+00	5.748762990576579135e-01
nan	5.285984689319555008e-01	1.537440636211285794e+00	3.057199461741542668e-01
nan	1.456089023389216530e-01	1.372369392245516462e+00	-6.501194709915972814e-01
nan	1.589254880252387814e+00	3.961764403485132924e-01	-2.786232584224386244e+00
nan	-6.162072649835923510e-01	-2.911213896816537972e-01	-6.094338504224905417e-01
nan	5.269415745811318885e-01	-1.085630101554095062e-01	1.515624169047766201e-01
nan	-9.669640678323847549e-01	-1.222791664425003644e+00	-2.017598425608548407e+00
nan	1.378053013927872383e-01	-2.178645688883367737e-01	-3.824558306350296366e-01
nan	-9.416513494135276829e-01	2.105010186440270728e-02	1.355151081572642191e+00
nan	-1.887442174105780079e+00	-7.873729393321018399e-01	2.648988674975283342e-01
nan	4.684564051700663700e-01	-1.931559147244273911e-01	-6.433242588848941956e-01
nan	6.411712269429456490e-02	1.243360626290296533e+00	-1.746638816568804042e-01
nan	-3.343042916759773608e-01	4.323543578039723556e-02	2.332432467864734016e-01
nan	1.123099369102674272e+00	-2.171773990182637448e-01	9.806391990589240493e-01
nan	-2.114522282385057905e-01	1.878087718240221582e+00	6.869562743124065785e-01
nan	9.779610309401762791e-01	6.115336319104478502e-01	2.586280241319688589e+00
nan	-2.237968262281685661e+00	7.883919697358129364e-01	1.067915441597334647e-01
nan	-3.948391508843253739e+00	-8.858481325761453640e-01	-3.583556013700873177e-01
nan	-1.393244706579157111e+00	-9.235731529181635535e-01	-8.063619217027733210e-01
nan	-7.429102830828776538e-01	-1.576514452363151353e+00	-4.513747367507282560e-01
nan	-7.138520768984361053e-01	1.066700938336365478e+00	-6.609028729345088893e-01
nan	-1.349516207062867013e+00	-1.116612725288949060e-01	-5.487587882616464796e-01
nan	1.989021452395432377e+00	-1.792722339391869868e+00	-8.664029064227094512e-01
nan	-4.918211200616859902e-01	-9.588160191577659308e-01	3.961385774153833861e-01
nan	-2.965876135949584658e+00	-2.051318807066403460e-01	-5.986117894059087008e-02
nan	-1.268526198079547918e+00	-2.623209952913853282e+00	-9.795030121104281173e-01
nan	1.627094168904203997e-01	-2.904907201371395020e-01	-1.055762714463296614e+00
nan	-8.308567989914705798e-01	-7.319445865941809348e-01	-3.389594046205386402e-01
nan	6.134262736919560144e-02	1.391387146764653249e+00	-1.766034242551262068e+00
nan	7.118544282930114875e-01	-8.417528624660484127e-01	-9.122117988959792534e-01
nan	-5.827674710472323660e-01	-3.683739356399718390e-01	-1.318054527142220600e+00
nan	1.582352650022111895e-01	5.774288522674722035e-01	4.849431193775286530e-01
nan	8.649311636316461271e-01	5.148578033310666768e-01	1.255212015981368001e+00
nan	-3.269417301361343675e-01	1.254480072264025359e-01	1.418264416880402390e+00
nan	-1.235071468342605172e+00	-4.097283764831163300e-01	1.394829170140463814e+00
nan	-7.072476701730743276e-01	-8.426302097054364504e-01	-6.013656719348785540e-01
nan	7.533392360732423798e-01	5.959994973088723613e-01	-1.014988181261184397e-01
nan	-7.723538570755272836e-02	2.296770475596993932e-01	-3.057623449116059766e-01
nan	6.942798198742567983e-01	9.628532244164420550e-01	2.747084186159888808e-01
nan	-1.587469506999226176e-01	2.217301823272427974e+00	9.366179761927496683e-01
nan	1.254770367761933292e+00	1.219541572139554830e+00	1.497906260006482082e+00
nan	1.930187210383452756e-01	2.404827671242736997e+00	-5.589237256705270607e-02
nan	2.769687627307115818e-01	1.905139290589579204e+00	6.783261443771932964e-01
nan	-1.198298588094791617e+00	1.473396996878392207e-01	9.221030625045465445e-01
nan	7.981110281317179700e-01	-1.408434681385585474e+00	1.481186011896450605e+00
nan	2.218311517093141672e-01	-4.108589205546082090e-01	8.711645453647189896e-01
nan	6.771995335439819907e-01	1.131813713808307753e+00	5.076850571184894356e-01
nan	3.137556682848418710e+00	1.575455066741635157e+00	-6.950254503036499276e-01
nan	1.271951827662344048e+00	1.946755875464516672e+00	8.631463354865913651e-01
nan	2.233447844109905045e+00	9.202609806796132608e-01	1.391743671805430349e+00
nan	-9.150369678403479368e-01	2.255897095852366974e+00	9.822579984699699729e-01
nan	-9.957635034259000317e-01	7.082377272811521962e-01	2.035416083101480922e+00
nan	-3.632903362119360158e-01	-5.163831681939835549e-01	8.690553985577820217e-01
nan	-3.032523657332775735e-01	9.502365343786428609e-02	7.149582097826565064e-02
nan	6.908050328579214971e-01	-2.417149597104965575e-01	5.534667494325918868e-01
nan	-9.432918837329314909e-01	2.461212356352552089e+00	-1.128492758005502916e-01
nan	7.311926565051780624e-01	7.011471926006649369e-01	1.259151154171454401e+00
nan	-2.723642784047001220e-01	-2.831114039028003182e-01	8.965429710552212939e-01
nan	1.729970848836738240e+00	2.397231088879675509e-01	-9.088562674223545912e-01
nan	-6.373541006970698808e-01	1.131381578753313910e+00	1.035210358675031639e-01
nan	-6.052011435998218003e-01	-8.407317246887447970e-01	9.294414096750271970e-01
nan	-5.344666240406321656e-01	-1.684437380570394938e-01	-1.202606253443465389e+00
nan	-2.042644999256865823e+00	1.047455897276623027e+00	5.784598773116405024e-01
nan	-7.303904305778656791e-01	-8.488127036306021278e-01	6.898521931980732269e-01
nan	-5.361681905302972950e-01	-1.132747724751117513e+00	2.321689905779147356e-01
nan	-2.635257781945580247e-01	2.436269360734719669e-01	5.724563004396154842e-02
nan	-9.000375193829801557e-01	1.405199225911746563e-01	3.686169008254801538e-01
nan	8.540008771583271763e-01	-7.805100079849299766e-01	-9.285283463905747992e-01
nan	2.399761251038202148e-01	-5.729965794587641437e-01	-3.929553259839114743e-01
nan	8.019443966332380214e-01	3.221898399213541930e-01	-2.605973239683748166e-01
nan	3.295458556016028773e-01	5.109379142221263104e-01	1.426054039296477949e-01
nan	1.470570640907390425e+00	-3.250225700218249969e-01	-1.151141937889063493e+00
nan	8.460154490649021142e-01	1.371019624199582010e+00	6.621313952525592628e-01
nan	1.162589537473440071e+00	1.057291274131690439e+00	-1.008200348106380595e-01
nan	2.086454847410180946e+00	7.582217281204803871e-01	-1.760365163216193185e+00
nan	5.162380361520639838e-01	2.195204094419740848e+00	-9.248413101327057628e-02
nan	2.013531781584795510e+00	1.266617241903169155e+00	-1.059746248238525368e+00
nan	6.191630426928791398e-01	-5.208425651813839430e-01	-7.548362817034437455e-01
nan	-4.879746674461354350e-01	-9.805740324491324378e-01	-9.606230101970236746e-01
nan	1.182502194258358563e-01	1.791204003059281846e-01	-8.017724095860462308e-01
nan	-1.114671586574864426e+00	-8.578117979218028433e-01	7.361340397548908898e-01
nan	-1.072399699940788320e+00	-1.104699423540072001e+00	1.368265675239939361e+00
nan	5.550481438373841003e-01	1.413539571004802653e+00	-4.647498545444410101e-01
nan	-1.101253041268027699e-01	-1.427979808639632253e-01	-4.478443874443538419e-01
nan	-1.887617446301687485e+00	-2.068743758552409884e-01	5.179861828559010339e-01
nan	-1.783280063097198997e+00	-1.147152342304609718e+00	1.383519864853880010e+00
nan	-8.754013797066172442e-01	-8.331162013768563801e-01	1.856216813843341251e+00
nan	-5.174379764413753469e-01	2.029824243666527472e+00	6.303915136793519780e-01
nan	-5.273892203554424452e-01	-6.701938216403968696e-01	1.241389071860176774e+00
nan	1.990096676087816929e-01	8.783583387390270225e-01	-5.593024823482136698e-01
nan	1.489229991666954078e-01	1.399859527315851615e+00	6.477544239721775288e-01
nan	-1.151862325057090297e+00	-3.045852644933270681e-01	1.286710815474146674e+00
nan	-3.243344146364733893e-01	-1.288612548986549644e+00	2.958704678151771184e+00
nan	6.509880196024888654e-01	-6.417425184957610274e-01	-1.148183433893873229e+00
nan	1.110996135394894724e+00	-1.489378829407268512e+00	-4.855346884653173323e-01
nan	-1.154092226366370877e+00	4.926188370442671771e-01	-4.039282254717263543e-01
nan	-1.148943501965816960e+00	-1.950746735040076174e-01	-1.812520515699879819e+00
nan	9.105677192835375244e-01	-5.958686095219350998e-02	-1.495952937622168299e+00
nan	-1.642199358631733386e+00	-5.852675602720913695e-01	1.197426470340072324e+00
nan	-1.958353952370492035e+00	-1.473418751225521905e+00	-2.663620420428811642e-01
nan	5.015018352304612126e-01	-1.424291625393555361e+00	-5.185998680755743440e-01
nan	-1.808984316054071506e+00	9.278474170416559641e-01	-1.116324364225798060e-01
nan	-2.992633555952372015e-01	1.303277460279968381e+00	1.609457967652315080e+00
nan	8.010711408607809059e-01	-5.262846937723475449e-01	-5.651498145764659586e-01
nan	-9.716352432517851856e-01	6.886223828639663758e-01	7.563853460564311515e-01
nan	-1.393486980525113772e+00	-5.515857175424018211e-01	1.902718397256452310e+00
nan	-1.291404354807881294e+00	-7.225839514657522722e-01	1.030596072123000084e+00
nan	-5.341996511307911533e-01	-6.627580398975198017e-01	-2.803584823924374358e-01
nan	-1.486483322184602773e+00	-9.587421474695759782e-01	-1.392090793130911663e+00
nan	-1.911457393323323650e-01	-1.370085877815781172e+00	-1.346130263802471472e+00
nan	-3.409255343349820722e-01	-1.155883325876623235e+00	-1.891791957383228251e+00
nan	-3.370116722226464967e-01	-6.389352124559827262e-02	-4.236593945549966822e-01
nan	-1.977050812371513033e-01	-1.169865014497816214e+00	1.228162205174239130e+00
nan	4.941073533461799450e-01	-2.061025260817766380e+00	-4.553435656479419280e-01
nan	-4.889017157716596396e-01	-2.061917613749186806e+00	-5.461132231919132440e-01
nan	-6.069298369329969578e-01	-4.971551049071529782e-01	-5.226186434537678505e-01
nan	-1.675358008378106667e-01	1.299124549006271501e+00	-4.099345959770105408e-01
nan	1.152553844190775001e+00	-7.941495492888708263e-01	1.666911643074155513e+00
nan	2.515975431512371241e+00	1.101484843796708857e+00	-5.233550729833068571e-01
nan	9.355734016314141144e-01	-1.383100008118092639e+00	1.957139552366464308e+00
nan	-1.232468155202703031e+00	-1.410786079454758035e-02	8.886919135119103474e-03
nan	1.778513283165455983e-02	2.948972894299917158e-02	-4.557637307610586386e-01
nan	-8.283397103186304067e-01	4.601242129380032631e-01	-5.885309664556481746e-01
nan	-6.823038857165881765e-01	8.100067371881586320e-02	-3.936505362317086476e-01
nan	-1.002909871734044778e+00	-2.954964176610193061e-01	1.432366452014568692e+00
nan	-7.056535989408816434e-01	7.747544747917276542e-01	4.898770769120136537e-02
nan	5.496564087911470775e-01	-4.238722754700384732e-01	-4.528347259418276094e-01
nan	-1.593616595616601239e-01	-5.365426323315919399e-01	-6.727302496759837158e-01
nan	1.501865469829944288e+00	-2.274056325587451022e-01	-1.840962682066414891e-01
nan	1.270186366762879882e+00	1.003227027858176523e+00	1.419308033216539533e+00
nan	1.094195008022659010e+00	1.631756106162466136e+00	3.581638191560960749e+00
nan	1.716076663406874925e+00	1.661269825560964808e-01	4.809443010551380127e+00
nan	-9.503742549923843708e-01	8.569731240349981460e-02	4.856456910305146923e-01
nan	1.047276689935455307e+00	-1.893578801920739463e-01	-3.905856317497096719e-01
nan	1.957792427634342580e+00	1.472261813380435491e+00	8.982928990971061900e-02
nan	1.836323272926350780e+00	1.436535010274021307e+00	4.682852440226593083e-01
nan	5.109457405712901634e-01	-4.613031199883010913e-02	4.621916334215401267e-01
nan	-1.054718108654732367e+00	1.254702806620021427e+00	1.749577418376925264e-01
nan	-1.558279419339626770e+00	-9.571194936248332841e-01	1.996136999815496305e+00
nan	-1.482127616989844743e+00	-6.899870100924937466e-01	4.333626641879850250e-01
nan	-6.915976230414678794e-01	-1.790546978946337520e+00	9.606494005069727837e-01
nan	-1.779571244352195603e+00	-4.403696134254038719e-01	-9.363986432091410128e-01
nan	-1.275305793309356117e+00	-1.819506164706923945e+00	4.959986826480333733e-01
nan	-2.008233628124997949e+00	-1.534174178473288741e-01	-6.817221775890870417e-01
nan	-1.557619000017507194e+00	-2.942389134246209625e+00	-9.442355845912764334e-01
nan	-1.577750420802806808e+00	-8.854846930116845316e-01	-1.850265371576603535e+00
nan	-2.769013859373782971e+00	-8.759183294860783953e-02	-7.793918772802882478e-01
nan	6.671262413843710437e-01	-2.493837869265850493e+00	-1.997769961793117943e+00
nan	-1.296566019777839696e+00	9.644025319201177116e-02	5.437279320844450314e-01
nan	-1.318612720954658535e+00	-4.184825781806806311e-01	-1.967734194279373572e-01
nan	5.496740707220792999e-02	-7.617309928023152654e-01	9.176686165290767749e-02
nan	-3.937818706071338770e-01	2.874559101458025179e-01	2.765425132378931949e-02
nan	1.388439215091010093e+00	7.041291146454772831e-02	1.207753620412229223e+00
nan	1.780725315114365825e+00	-8.891395428212618413e-01	4.389345675950113157e-01
nan	-9.531754178674338718e-01	1.203496496864964405e+00	-1.826447192504484285e+00
nan	-6.992161086512147516e-01	1.265495557117585657e+00	1.398031819120996833e+00
nan	2.681222901351785759e-01	1.312279703720350188e+00	-6.863229531592885957e-01
nan	1.604394238052451627e+00	-4.089642464877623063e-01	9.068997629498959379e-01
nan	8.631017480332647818e-01	-7.414050273468917318e-01	-1.669757553356663982e+00
nan	-2.652406897173713585e-01	-8.170893534842460504e-01	-6.281417572128283888e-01
nan	-6.899960176044281912e-01	-1.786704472260270959e+00	-7.021486867866163495e-01
nan	6.054001188353210772e-01	-1.917023698905589768e+00	-7.518796011038042515e-01
nan	4.679398288922700933e-01	-3.600273811623206921e-01	-3.126739078238875980e+00
nan	-5.534337139108964632e-01	-9.286595125516299287e-01	-7.712826590474504140e-01
nan	3.269390350950897028e-01	1.426948104428505948e+00	-8.553117504982032937e-01
nan	-1.361989557224509984e-01	2.872171418767253126e-01	3.054970888809299123e-01
nan	-8.221523185552052082e-01	-2.462384921410661676e+00	1.261507643174565985e+00
nan	-1.018033415464617564e+00	-5.450397355606495520e-02	-6.382021658682222043e-01
nan	-5.915538555447312774e-01	-3.229251222562487644e+00	7.020365561574348767e-01
nan	-1.750313138643257993e+00	-2.198510265389596041e-01	-1.257116561712191327e+00
nan	-1.150330189029207029e+00	-6.948699171986283396e-02	-4.337422468643442608e-01
nan	-8.572879516571514369e-01	-4.624793579244240727e-01	1.229154883773111440e+00
nan	-3.827927610048486584e-01	-1.629508354914241952e-01	9.767930938701145926e-01
nan	-2.912719728912493977e-02	-5.241369482516448075e-01	-6.297394600950648180e-02
nan	2.734623175868124978e-01	6.041467278621296400e-01	-1.198362055535787452e+00
nan	8.141894919178696566e-02	9.280091540129939975e-01	4.105351821025400860e-01
nan	3.218674885463572721e-01	-6.159409131820298144e-02	-1.182101147750335701e-01
nan	-1.102728673658053271e+00	5.032922309785082815e-01	1.813956809454543517e+00
nan	-1.385753901394778165e+00	-1.219851685899109972e+00	1.614713239982972670e+00
nan	-1.481408303243579194e+00	-2.043590865130361367e-01	1.016742500452048281e+00
nan	-9.212009574431789805e-01	8.532144731450421737e-01	2.080014714409077481e-01
nan	9.159323504583576359e-01	1.646996912642042732e+00	-6.427801515143622968e-01
nan	1.823013587121905754e+00	1.777811275269083335e-01	-5.062572578232082954e-01
nan	-6.235786950167989673e-01	6.156692952394241525e-01	-1.490194731183293320e-01
nan	-8.060132514121396419e-01	-2.593376477819431258e+00	-5.671873173763758436e-02
nan	-1.447213046535108072e+00	5.011690686403835748e-01	-1.047207384866046143e+00
nan	-1.327999745282428812e+00	-4.436633521447771455e-01	-5.715789702914710890e-01
nan	-1.977237461702274990e+00	2.603408895641431187e+00	6.412151096371165870e-02
nan	-1.736288671745969681e-02	-1.023836785204337962e+00	1.336246360742395112e+00
nan	-2.540042145420678965e-01	-5.538779368313873075e-01	-6.566868702741661679e-01
nan	-2.277350362084885615e-01	8.126664323393728573e-01	-9.844957603662470857e-01
nan	2.671123423048071377e+00	1.283386116417922995e+00	-4.024852354716624836e-01
nan	2.878626400376476546e+00	5.503597066354574130e-01	1.863316701486039118e-01
nan	1.706264200168742473e+00	7.422517928788316954e-01	1.514075227945457458e+00
nan	1.299847623986546630e+00	7.495326607736670921e-01	1.771112541016605313e+00
nan	-1.329844094076365613e+00	1.126056706212015257e+00	4.204968938441857040e-01
nan	-1.184481420573315180e+00	-1.277456015949032020e+00	-2.534835875130818095e-01
nan	-6.189756238699811730e-01	-1.863382967132758417e-01	-1.506672890987829083e+00
nan	1.442750512476168812e+00	-6.719677196805335928e-01	-1.039503551846441720e+00
nan	-2.757389014726591148e-01	2.143139277034731283e+00	-2.749100947345010093e-01
nan	2.054198282600035341e+00	5.860804515801285586e-01	5.704203064146303737e-01
nan	1.433075533291676917e+00	7.708723662653794717e-01	6.422467605841970517e-01
nan	2.042225327262491064e+00	3.094957807535954064e-01	4.806509631791235915e-01
nan	9.125099398110543270e-01	-5.014881956713348465e-01	-1.266515463978221123e-02
nan	-4.967536472157241256e-01	-2.857256857584030696e-01	4.793671618274226720e-01
nan	-8.082429308570316939e-01	1.708089572634073239e+00	6.981171669928215584e-01
nan	-1.365980144458774914e-01	-1.008595682421369988e+00	-8.801873135980834428e-01
nan	-1.087496374422395107e+00	-1.610244629957611195e-01	-5.957375161355982218e-01
nan	8.948862556674502811e-01	8.851505617333655929e-01	-3.015036772341971316e-01
nan	1.048903316922480400e+00	4.008103488520590174e-01	2.909877888129427381e-01
nan	-9.150025394901816211e-01	6.490893159063241269e-01	7.367477824650576768e-01
nan	8.093752664786847684e-02	-4.865170418906221705e-01	1.512461597774239941e+00
nan	-2.605020219353327837e-01	-1.647632098738817663e-01	-2.316013350919504887e+00
nan	9.184443221957747649e-01	8.964073953345070844e-01	-2.078255326731704322e+00
nan	1.055064157645717593e+00	-8.452920967090663540e-01	1.453695359191837788e+00
nan	6.787447431414646015e-01	-5.118841437364515246e-01	-1.167387084147736565e-01
nan	2.624821811998273580e-03	-5.173390495605808548e-01	1.348324416285859306e-01
nan	-4.157427574939150938e-01	8.885344149040887984e-01	-2.148051653727272581e-01
nan	6.761479335545037550e-01	9.076249610482154395e-01	-3.834162343704873299e-01
nan	1.766494726478968325e+00	6.077919921064136588e-01	-4.930701333393523456e-01
nan	9.890025089971313799e-01	4.609894092534563836e-01	-4.470800790560245375e-01
nan	-5.939733877138884122e-01	-2.000739002841415815e+00	1.115742279975048712e+00
nan	2.716405276333300201e-02	-1.213707742227008168e+00	3.759422835119617945e-01
nan	1.342940720515607644e+00	-1.964496803877382680e+00	-1.365109529853518744e+00
nan	-8.284800134913888892e-01	-1.373439476486095767e+00	-1.314564602976943108e-01
nan	-1.704772352235495614e+00	-4.658314407152857051e-01	8.686308691664814674e-01
nan	-2.114617707763637000e+00	-1.752700420979689921e+00	-2.518408076037947918e-01
nan	-1.328983567539377519e+00	-4.642002544533196939e-01	-8.349875233071973879e-01
nan	1.342140075210161765e+00	-7.232495350189354077e-01	-2.735709868772904230e-01
nan	-1.994326819788566407e+00	6.110257936480180119e-01	4.994479953743607425e-01
nan	-4.378485754723443479e-01	1.881627011858093113e+00	1.533298881969840100e+00
nan	2.682811348087528636e+00	-5.577760477127780003e-02	2.180668927712251293e+00
nan	2.954130311864336944e-01	1.611333582960690070e+00	8.560804677678863772e-01
nan	1.958745334135892247e+00	2.987821568424838814e-01	1.640576044289349777e+00
nan	4.610650013348527310e-01	1.758712544413539636e+00	-7.637374807085669515e-01
nan	-1.970540560678880615e-01	7.288601468792094140e-01	-8.371919786759727256e-01
nan	7.355239670202090574e-02	3.401626259949397380e-01	1.706229234060766764e+00
nan	9.034847219750389291e-01	5.201422171599253685e-01	6.439310844787593524e-01
nan	3.106494718155229373e-01	9.032350676384797161e-01	-5.480424915641440853e-01
nan	1.867526731951387742e+00	9.778309261026829624e-02	2.438245173333601468e+00
nan	6.928866132420381518e-01	-1.871557854980940849e-01	1.654328877000318609e+00
nan	-1.585405816930657019e-01	1.885845249005014823e+00	4.461164408780581847e-01
nan	9.638842517249710529e-01	1.835287007296134032e+00	1.594447857908431132e+00
nan	9.693911962667964843e-01	1.546021635163995489e+00	2.148622859504209170e+00
nan	-7.434463243040813074e-01	1.322936935641164657e+00	1.339148654579410902e+00
nan	-1.580813041971510735e+00	-1.238643247899742672e+00	2.271823833653578983e-01
nan	-1.639224530640549293e+00	-2.363762958631104860e-01	4.303637650659681846e-01
nan	-6.179394845045226292e-01	-8.953511478670119761e-01	2.058366712314806807e-02
nan	-5.139576165306091182e-01	1.382868794268989898e+00	-6.423909650906400870e-01
nan	2.404105873851599462e+00	2.000588627325607938e+00	-7.875558823145993870e-01
nan	1.622311281611191536e+00	2.932684397802085563e+00	-1.579038290978350911e+00
nan	2.145650824242707699e+00	-3.738647939536912101e-01	2.140031780726300514e+00
nan	2.933174406631211539e-02	1.429932017897280971e+00	-6.997332132114902903e-01
nan	-2.923792419924929331e-01	3.927837571728204913e-01	-1.035495701436571103e+00
nan	-1.162706757305091987e+00	-2.317290174769808253e+00	-1.238766375883438853e+00
nan	-7.719659947714491155e-01	-9.597132028516801583e-01	-1.789505783599507405e+00
nan	-1.193927729797646276e+00	-2.302458770992793502e-02	-1.174202964137731398e+00
nan	-8.747632026547689232e-01	-1.010611060558289642e+00	-1.657845246062003286e-01
nan	5.374140030217833264e-01	-9.987342184387546506e-01	1.086518945040062523e-01
nan	-1.071674718479876942e-01	5.012724245627251385e-01	-1.000731481328290595e+00
nan	2.444028312246736334e+00	6.838327036518984103e-01	-6.033071770286690949e-01
nan	9.986008958758754162e-01	2.799381427352711338e+00	7.275283792431523899e-01
nan	1.165490192806087233e+00	9.389546053185763297e-01	1.272289264114021767e+00
nan	4.452214635032399337e-01	3.092418313354601267e-01	8.275296405941612310e-01
nan	4.431452358799191638e-01	5.789129328105085959e-02	5.759243740481589935e-01
nan	-5.807082143330809521e-01	-1.891916461921319403e-01	1.382235662447194535e+00
nan	2.261700557536172607e-01	9.906088995028943245e-01	4.993408106346904352e-01
nan	1.073332297006497349e-01	1.340702263211111633e+00	5.692750092357934388e-01
nan	1.528803900172273300e+00	5.702337451802044210e-01	1.016280354735055180e-02
nan	-1.083315337874721340e+00	-9.449089065873405024e-01	-1.528344444876585384e-01
nan	-3.807385587499192425e-01	-6.807084910831328051e-01	-1.286715235118711664e+00
nan	-7.789433666761064190e-01	-3.658730906145656880e-01	8.211688800047045600e-01
nan	1.907413690605758161e+00	6.613424275924992823e-01	-6.471981375582261387e-02
nan	1.266012119248404844e+00	-5.862347031603725167e-01	1.086348369627076149e+00
nan	-1.321565370005697848e-02	-7.351234410184843693e-01	4.283679989005727551e-01
nan	1.347374026551199977e+00	4.402785928678912275e-02	-9.690763298824563166e-02
nan	-4.084188842937067632e-01	3.858315362111984226e-01	-6.590533054846957686e-03
nan	1.341238266266595813e+00	3.751990256129560802e-02	1.221774468020279780e+00
nan	-4.158011424540322687e-01	5.567875758857373514e-01	-9.468225306503434968e-01
nan	1.894696105598695279e+00	-2.014287505433356718e-01	1.157100039057942092e-01
nan	1.776278138654399541e+00	-8.330096123987299483e-01	-2.364876789205397623e-01
nan	8.839238067527067644e-01	-1.024092905279286203e+00	-6.763056814554058160e-02
nan	-8.251380904835853292e-01	1.255293941339442831e+00	5.745098980148879431e-01
nan	8.978531569333099149e-01	5.132247846154787130e-01	1.416067414962528526e+00
nan	8.763098640291088204e-01	-6.290771245257567035e-01	1.978318198003118922e-01
nan	5.217358178986228889e-01	-4.151191751664459750e-02	-2.383247885516385889e+00
nan	-1.522901088981274187e+00	-1.794772190676702683e+00	-3.138978771392908484e-03
nan	-1.347467022421719562e+00	1.675761815141781907e-01	-7.178746021767118402e-01
nan	9.979129033369174007e-01	6.308120440751654456e-01	7.068733779572292653e-01
nan	4.023074174658293756e-01	1.794692243442472801e+00	2.282244619061932323e+00
nan	1.342407965796077463e-01	1.214707356545930317e+00	1.156091029731436626e+00
nan	1.508072587709566648e+00	9.431702687962804088e-01	6.235552546896974135e-01
nan	5.592626686081487719e-01	-6.206815842452554355e-01	2.968383328374668118e+00
nan	1.741651169549335521e+00	-1.106911517916769200e-02	-4.607686569817692757e-01
nan	7.770534920415810287e-01	8.299192623349274101e-01	1.259650446199816809e+00
nan	-4.281473508430187480e-01	1.075032419205450118e+00	-3.351112150017709901e-02
nan	-1.014645231815223481e+00	8.655157096159725727e-01	7.420763067233708821e-01
nan	-2.161101487592542725e+00	3.912012316461963568e-01	5.473991601758210201e-01
nan	-2.499858493880750654e+00	1.601034832930128271e+00	-5.058756648140292356e-01
nan	7.392448652501145689e-01	1.355550587088261705e-01	-1.271672100856117371e+00
nan	-4.393603324280845879e-01	-1.415765658040259445e-01	1.570199859098321937e+00
nan	-5.639090666443368205e-01	-2.111366952770717398e-01	5.320082174596676428e-01
nan	-1.259716773297530068e-01	6.805902169490526954e-02	-4.901169439552697793e-01
nan	1.234548419066568758e+00	3.908750279134923233e-02	-1.080100036399415320e+00
nan	-4.515679355344189294e-01	1.551032567452715893e+00	7.287868773082593066e-01
nan	-1.533066108456878851e+00	3.217258984067479788e-01	2.935590311607190750e-01
nan	-1.692309328656013578e+00	-1.165025598807787333e+00	9.838412126330273733e-01
nan	-1.101147814799697144e+00	-1.637147788251371860e+00	-1.003872364049622989e+00
nan	-5.714233962595391958e-01	-6.455829704997919638e-01	-5.941291465748012035e-01
nan	-1.676787998741205765e+00	-8.089590125821782829e-01	-2.031586667334584762e-01
nan	-1.470668324113907355e-01	6.718672399516473215e-01	7.453002714769907389e-01
nan	1.074997375625742768e-01	1.299132442806942844e+00	1.599026962531997498e+00
nan	1.762254854503720658e+00	1.299344268124438706e+00	9.585017086806791875e-01
nan	7.630964314408854587e-01	1.389180351535634683e+00	1.241598906930043489e+00
nan	4.114473785356257407e-01	1.468517910837018547e+00	1.521526078435184060e+00
nan	7.504402753625832867e-01	3.097970391907216570e-01	-8.239963661120104366e-01
nan	-3.762997391300836880e-01	7.757331628893699982e-01	1.155811819475794477e+00
nan	1.209502008886180313e+00	-1.264333083943711689e-01	-4.451747557561466229e-01
nan	1.048122639102917475e+00	-3.845577281677896586e-01	-2.392967920775718738e-01
nan	-7.182609880000477842e-01	-1.082486541354013565e-02	-3.563080946012012751e-01
nan	-1.367621626672467894e+00	-3.897318978977130088e-01	-1.037751285474339813e+00
nan	-1.538194383268988608e+00	-1.262605789323327343e+00	-4.664527459756918626e-01
nan	1.307262942034078446e+00	-5.604901364083452187e-01	-2.522143825289820285e+00
nan	-1.049543068993524508e-01	5.231065897900347705e-01	-1.577654670877911336e+00
nan	6.370169120873194757e-01	-1.250193399171914299e+00	-3.214972331285697593e-01
nan	8.584925193811598909e-01	-7.453094364914134573e-01	-1.037898125290350304e+00
nan	1.279788408646687747e+00	3.685162042913835978e-01	1.098321761870394653e+00
nan	-7.364605005803290805e-01	2.849847157814854093e+00	2.290713541471592229e+00
nan	-1.422366414756567554e+00	-1.332555106113759713e+00	7.901891140932022495e-01
nan	-2.082122549123321065e+00	1.548262616512379175e+00	-2.057255858690291817e+00
nan	1.306422548579422083e+00	7.361928349834209739e-02	8.489269972519339902e-01
nan	1.311081812983742489e+00	1.259531255364147562e+00	-2.023487861138965060e-01
nan	4.813516751837315089e-01	4.768739369388099725e-01	7.036965167078932382e-01
nan	-1.213955099655102510e+00	1.451426619997343126e+00	-1.324235030038143135e+00
nan	-7.016266053714786954e-01	6.847478002339451031e-01	1.473981288796641642e-01
nan	2.638821143741780229e-01	-4.586587439184399706e-01	-5.583871945565965778e-02
nan	1.747761536139823269e-01	1.111983375214955272e+00	1.171672373261093136e-01
nan	3.109353921757118222e+00	2.762701326372524191e-01	-4.812482856123348474e-01
nan	6.068261379055583937e-02	4.555333662909807346e-01	6.630343841599574128e-01
nan	-8.626502682629499930e-01	-1.576799124685824172e+00	1.404018646743687704e+00
nan	-2.562640547689887249e-02	2.607027096938616673e-01	3.346881976772304035e-01
nan	-9.338047396514999043e-01	4.235062373348826015e-02	5.871852565496148424e-01
nan	-5.677483398720930552e-01	-1.582137146031766584e+00	1.878189643048456148e+00
nan	-9.864231621395880278e-02	2.169144402000361405e-01	4.023589628430767617e-01
nan	4.609027182703459569e-01	-4.426388498459826737e-01	1.271120386697259352e+00
nan	1.707909198301155840e+00	-1.305877838071669572e+00	1.629970544881157668e+00
nan	4.457504759803292971e-01	3.289425630454981264e-02	-3.644859162102039307e-01
nan	2.694433713725261637e-01	-1.452916738175784150e+00	2.224210152719547362e-01
nan	-1.091711144475354667e+00	-1.714605338788013356e-01	-1.315944798885136713e+00
nan	-1.676141038822721585e-01	-6.103250960001260772e-01	2.989516306016627434e-01
nan	-1.054654399384168828e+00	-4.009993894924581692e-01	7.510854039646852609e-01
nan	8.582318052570299116e-01	4.824759290112750620e-01	4.899432705419610179e-01
nan	9.627297825070030290e-02	4.238742823117384595e-01	9.639710372730625476e-01
nan	-2.079687108255039441e+00	1.494634396419006750e+00	5.930769279200535093e-01
nan	-1.911621689555586423e+00	2.655264300189347226e-01	-6.756557075028599701e-01
nan	-1.718047755178019331e+00	2.070685101155597674e-01	2.389776990364153253e+00
nan	-1.270020242748864936e+00	1.150199227524298928e-01	1.408333855197481999e+00
nan	-8.265509419819723202e-01	2.945760519685645118e-01	-1.388463266978849919e-01
nan	-1.622487447472567679e+00	-7.287428508988555986e-01	-3.055334966860877577e-01
nan	9.363791529265586000e-03	-1.107519486062412906e+00	-3.235908395630653356e+00
nan	-3.045382227609292336e-01	-1.486674582073591155e+00	-1.298718379115697541e-01
nan	8.809418262634653995e-01	-3.450126946496822056e-01	5.283891454083802230e-01
nan	-7.271020928383331583e-01	-8.232808373104875121e-01	9.966193854710038158e-01
nan	7.484642675955055502e-01	-3.496696942849154000e-01	-6.119327693441264371e-01
nan	-1.181577677515842417e+00	1.069724618139453742e+00	1.127927383838135955e-01
nan	-1.543452304098576366e+00	1.465925142414534532e+00	-3.410446561651612751e-01
nan	-8.880393693865173965e-01	3.272009215216167277e-01	-5.244399752821833349e-01
nan	-1.320695447203159789e+00	-1.002295003760178993e+00	6.467163848235684132e-01
nan	4.560676499778564263e-01	-1.066154020406893110e+00	1.787879991347810948e+00
nan	-8.921712567708538211e-02	-5.717775643700986343e-01	1.729625621437990368e+00
nan	-1.236278340825042316e-01	1.299855889456771330e-01	5.639066215838896001e-01
nan	6.192450369423626449e-02	5.246471841628028709e-01	-4.933489305127933267e-02
nan	-2.069730271384398357e+00	-2.684166777584526820e-01	2.300187324891601381e+00
nan	2.641710225334050754e-01	-2.074980189397169106e+00	-3.816850051683274847e-01
nan	-4.730233094710550312e-01	-1.271220214727664333e+00	-5.225402012199373836e-01
nan	-1.597751210178969261e+00	-5.898982726626738060e-01	3.299869681116819331e-01
nan	8.762552160035846915e-01	-1.726024578693892586e+00	-3.860220924186530400e-01
nan	-1.240898247417736577e+00	-9.468523021884558410e-01	-7.171642499411037264e-01
nan	-1.402308461308024778e+00	-1.471396725324342736e+00	1.047825337165730453e+00
nan	-1.430205496043321478e+00	1.714495382826671133e+00	3.656931905751255041e-01
nan	4.461023064954804385e-01	7.478620399592821322e-01	-6.811867300142834258e-01
nan	-1.115482232168055532e+00	6.583635350316141555e-01	4.053386023516845071e-01
nan	3.547475948192694295e-01	-4.291242741957336793e-01	-5.445637602107191722e-01
nan	5.716583365191100219e-01	1.197084946413551065e-01	1.049670979332729126e-01
nan	-1.404880395981591645e+00	-9.961789420675547513e-01	1.849436257588248644e-01
nan	-9.723368049353611209e-01	-1.728100493048956743e+00	-4.813878766887281779e-01
nan	-1.351336090863453965e+00	-4.178208777108305405e-02	-7.940192072671845569e-01
nan	-8.395471547149226943e-01	-9.773256227197324453e-01	-6.622554247974167252e-01
nan	6.173899507598423764e-01	-2.393031460920487241e-01	9.675611777577874939e-01
nan	-5.038264627857561573e-01	5.834486927418059965e-01	-2.443315194450434991e-02
nan	-3.274449897403313714e-01	1.334085037794698225e+00	-3.164888292333830622e-01
nan	1.339575154149698355e-01	-7.557935627770735465e-01	9.426829755732356597e-01
nan	-8.640933948715285862e-01	-3.371804617720704500e-01	1.018609284691683436e+00
nan	5.981882416134826075e-02	-1.296163810151886420e+00	4.535211251604624461e-01
nan	-1.235543765968578622e+00	-9.592029658236848055e-01	-6.274355185375527499e-01
nan	-2.644298098856895596e+00	-1.397621444340633401e+00	5.105315981443357964e-01
nan	-7.536832448322554612e-01	-3.263926939174428554e+00	-3.819672182810620042e-01
nan	-3.482757423829706545e-01	-1.236782225506757538e+00	-2.728037723850900154e-01
nan	-1.582948948158725777e+00	-3.069482151353153387e-01	-1.159530391141432304e-01
nan	-1.787789206341188653e+00	-2.775447173394291478e-01	7.910124465808326955e-01
nan	-1.408791348495917140e+00	4.528402876007625588e-01	-1.031003369410649295e+00
nan	1.727648250120098261e+00	-7.548631545055408676e-01	-1.556012747139212671e+00
nan	7.561706335793898504e-01	7.872241082486107766e-01	-8.115976113015528348e-01
nan	1.019795941322809929e+00	5.381067606216255461e-01	-1.385180654585805193e+00
nan	2.230654894237311225e+00	1.919027718985966580e+00	4.830836477705506282e-01
nan	6.132991689805252777e-01	1.074986437339596534e+00	1.207460701372648160e+00
nan	6.363810747576884586e-01	1.904982675102064871e+00	8.593907426713338626e-01
nan	4.504233689590540490e-01	1.655246557163968291e+00	2.571096665923519708e+00
nan	1.566825895689065717e+00	8.986071980007754867e-01	1.377368146307111685e+00
nan	1.112220395085701252e+00	1.096172673042007162e+00	-1.016183046524157252e-01
nan	9.846174240500096264e-01	-1.147666942100786791e+00	4.154968624670177801e-01
nan	-1.671487555837049888e+00	-4.931453961678200493e-01	-5.550686451710826752e-01
nan	-1.307974735581116654e+00	-1.102843806389204762e+00	1.055346993448319504e+00
nan	6.634443232974707172e-02	-5.515333893326551662e-01	1.812789232547596940e+00
nan	-2.896685263349234596e-01	-3.565353857331481358e-01	-3.513467134123908209e-01
nan	5.342563395447634811e-01	4.970369974613744191e-01	-1.047726875360893262e+00
nan	3.287642180794100311e-01	7.252995356440155028e-01	-8.409204913479235988e-02
nan	-8.807920365393773210e-01	4.626125148799882236e-01	1.113284273746564024e+00
nan	8.270693101468518105e-01	-4.862874404174485354e-01	1.804756693908956322e+00
nan	2.200360052072141415e-01	-6.221976375029527606e-01	-5.853667925193334343e-02
nan	-2.717714177354792482e-01	4.461681443829297322e-01	-6.259890470442648347e-01
nan	-2.028190926932717519e-01	4.630857912716322411e-01	2.138398143356491365e-01
nan	-1.184771215512928411e+00	6.026020707851301728e-01	-5.039599931960922485e-02
nan	-1.274782585899574494e+00	1.535222920847112205e+00	1.470510540555039602e+00
nan	1.320817249492731937e+00	2.030281072428788747e+00	1.057684988708847751e+00
nan	1.155707315060966911e+00	2.196742281136364383e+00	1.065794552772670878e-01
nan	1.913202046844719728e-01	1.602351145304985680e+00	-6.650048166894335644e-01
nan	1.355702649084256972e+00	1.952869164672715208e+00	9.705271059012565704e-02
nan	1.816809117315009603e+00	-6.499357519306605546e-01	-6.143063566296996791e-01
nan	1.734284024762628107e+00	1.944705204075749261e-01	-1.251259827353082610e+00
nan	1.455244155059300493e+00	8.893586791823804294e-02	-4.367515061696999323e-01
nan	1.668806842371750143e+00	-1.496354679389608977e+00	6.683110550107576042e-01
nan	3.044331213108670831e-01	4.600818839668165405e-01	1.334148460641618295e+00
nan	1.022654706808073133e+00	-3.361738485302654400e-01	9.058271886368294279e-01
nan	-1.183053557586853044e+00	9.859782540861764533e-01	5.637020264545212767e-01
nan	-2.712123457556965822e-01	4.553516168960937693e-01	2.258521451968262816e+00
nan	8.509113097474625409e-01	-1.809125988167289645e+00	1.849090657804858706e+00
nan	-2.348469966486696758e-01	-5.835502056153524242e-01	1.964421147574053617e-01
nan	-2.063505995270586979e+00	7.383123290020814355e-01	-1.959510857129855621e+00
nan	1.425730003245304633e-01	8.067830262445960798e-01	-8.805293395643716270e-01
nan	1.095030035318574624e-01	8.198189162671130070e-01	-1.338817241780337675e+00
nan	-5.198801219356679049e-01	-1.585321734200043076e-01	-1.922193274836698496e-01
nan	-3.010340898030546830e-01	-1.058701384443418103e+00	1.367963311106547231e+00
nan	2.333252167862365778e-01	-1.409342534120263002e+00	4.580452619437838102e-01
nan	-1.218677700230767602e+00	-1.819566916780691879e-01	1.847590800489118390e+00
nan	1.693165106302914058e-01	-1.579076832733550262e+00	4.147428126813120786e-01
nan	1.363096872820293459e+00	1.177215403209764810e-01	4.144732826761289290e-01
nan	-2.385221391418302361e-01	1.258005863403619307e+00	8.483149374267533460e-01
nan	6.277446862338611488e-01	9.169136127911632350e-01	2.922073082775755726e-02
nan	1.126370402073456400e+00	2.691474259923273493e+00	-1.058880960522104453e-01
nan	2.857971190457986310e+00	1.289763034776061579e+00	2.250739059916644802e+00
nan	1.291669093467282758e+00	2.384139081706679875e+00	8.915831283318224054e-01
nan	7.701558853922905179e-01	1.133858466322732017e+00	1.329185030762628283e+00
nan	7.821753875307364545e-01	1.432918177924131564e+00	-2.284353410754229596e-01
nan	9.847088078489028007e-01	-8.919124392428285919e-01	1.803102210097706493e-01
nan	-2.718256942875201809e-01	-8.686719162686681317e-01	-2.345008668987024758e-01
nan	3.524759270275979461e-01	1.464638480407846277e+00	-4.164516234263472838e-01
nan	1.909272166526064129e+00	3.269405023300264723e-02	-1.140607540577003309e+00
nan	4.604532737137390086e-02	-6.580800416596507274e-01	-3.415672496098923760e-01
nan	-4.065945799441028630e-01	-5.356916476793213699e-02	-1.832885329695519427e+00
nan	-4.329405455034798234e-01	-1.709756093652607944e-01	-3.952700456485505054e-01
nan	4.024642585421763785e-01	-4.324837551762411580e-01	-5.521801748987057445e-01
nan	-2.441284316172818603e+00	-1.832666796898569511e-02	1.261722002111073104e+00
nan	-5.312397106003980962e-01	4.996601899043356942e-01	1.370035242882808646e+00
nan	-1.018653881440998221e+00	5.316783800431607726e-02	1.643594230333566220e+00
nan	-2.099760470883523134e+00	-2.004025354915070167e+00	2.301624768444070934e+00
nan	-2.612444012445898078e-01	-2.089275294587271237e+00	3.068827903523032585e-01
nan	-1.345442273363550711e+00	-4.282885822126231146e-01	6.960000910303225652e-01
nan	-5.936858478180520038e-01	-5.618098009886824951e-01	1.858322933862190496e+00
nan	9.517871543271955170e-02	8.350928189559317927e-01	-8.470538873105862843e-01
nan	-2.560610230997206749e-01	-1.978481388635722427e+00	4.987005147321654785e-01
nan	-1.317799369677721044e+00	9.431129148002781459e-02	-1.363914624814429377e+00
nan	-1.387654600708062347e+00	2.039745803500619403e-01	-8.786643426295248638e-01
nan	-8.597776091479336635e-01	5.309320279659170971e-01	-9.901126926384347104e-01
nan	4.334604935181969876e-01	-1.729909371230393955e-02	8.864617642886558624e-01
nan	-1.380598176172182834e+00	1.174486021368242733e-01	8.187039584261954772e-01
