nan	6.815187159102446823e-02	2.041633333153640706e+00	-1.440415640896117067e+00
nan	7.472489893457889831e-01	6.247942646558041213e-01	-2.603995682285657476e-01
nan	1.653226045569530456e+00	-1.591453392248078247e+00	1.660580510946033206e+00
nan	8.815740752289951132e-01	7.022519157330570083e-01	-1.923919168365384236e+00
nan	-3.523283477947610209e-01	-8.490000221342236530e-02	1.335580315306015842e-01
nan	1.712391799575448070e+00	-9.651659324535132312e-01	-1.378560751399383166e+00
nan	2.875047159205426528e+00	1.903633162926777533e+00	3.556242835953226100e-01
nan	2.063787479423440097e+00	2.627434373363876752e+00	1.206305405204832981e+00
nan	9.531165206503426912e-01	1.484545890819015668e+00	2.522521650758677403e+00
nan	3.749211886215245704e-01	-3.386260486909165035e-01	1.448639379884404166e+00
nan	-2.626114664678688704e-01	1.364379229883928124e+00	6.072714341150589057e-01
nan	-6.035614242679160357e-02	1.824066920068699860e+00	9.503451547228294327e-01
nan	-1.508831557026184544e-01	8.983260494072072833e-01	-1.021977937163513817e+00
nan	5.880097782238573600e-01	1.891013311414036835e+00	1.320238816329530607e-01
nan	5.123088229875573107e-01	-9.835791610393133100e-01	1.243748911237773314e+00
nan	7.471955994293264514e-01	-2.539751839737049155e-02	8.159506564562044040e-02
nan	-1.353810473125780511e+00	6.572130063168055703e-01	3.491240498825394223e-01
nan	-1.828861102276521655e-02	6.370852839595219086e-01	-1.045383782748726453e+00
nan	1.230850307770356977e+00	3.237603481892609159e-02	1.408865663964652959e-01
nan	3.049108579836688482e-01	8.099193710075369701e-01	1.468119317669223767e+00
nan	-2.716395993033869694e+00	6.057593053634984237e-01	2.568729847706147762e+00
nan	-1.868334639900032901e+00	9.536991142024583423e-01	2.345920753412978677e+00
nan	-6.983739533580970438e-01	-2.193689507797434324e+00	1.433310979807420393e+00
nan	-2.045296329961498571e+00	-2.453686590314457128e+00	2.734657989319305704e-01
nan	-1.635439542920518630e+00	-1.379300639075168311e+00	-7.397057598291626457e-01
nan	3.773578462162530123e-03	-1.573691054137702716e+00	-1.292525456086027091e+00
nan	1.447417328181664908e+00	-1.112332778038399583e-02	-9.050079600531280022e-02
nan	-3.776603487831090011e-01	3.088571882649199463e+00	-2.459102373461967694e-01
nan	-4.007233643035378323e-01	1.916754686701005461e+00	-6.660971696038338052e-01
nan	1.014888752561919461e+00	-2.245517764957497553e-01	2.136071362567374676e-01
nan	-1.596871379796913404e+00	1.235855403578237088e-02	6.518963116207830977e-01
nan	4.927512550645964384e-01	-1.099030270464999237e+00	5.391558991776894683e-01
nan	4.635145808980665194e-01	-1.298665319653557138e+00	-5.831293153920830141e-01
nan	-5.006406161638150554e-01	4.443713962193575062e-01	-7.163072515068347190e-01
nan	-1.284484284130455123e+00	1.607528229218800897e+00	-1.138490127504096394e+00
nan	-1.115058677410955212e+00	8.582065627472998393e-02	-1.413859508736186488e+00
nan	2.694936763352307474e-01	-8.245511927532991892e-02	9.163360331471742670e-02
nan	-9.505358867148826496e-01	-4.593221272751811801e-01	-1.888617123259886288e+00
nan	2.083438420368060040e-01	-9.265855408291256978e-01	4.736878024731913106e-01
nan	-8.733722857917324278e-01	1.505548674306283585e+00	-6.962520393159837839e-01
nan	-1.062905330241928625e-01	-8.669477749997753224e-02	-2.383432102567244470e-01
nan	-2.300698371218420912e-02	8.380743629356431912e-01	3.552995143088513164e-01
nan	-1.280130645436273973e+00	-4.128420878088300272e-01	4.229699404156530007e-01
nan	-1.893498327015738503e-01	1.821789365872201749e-01	-9.522267976479905638e-01
nan	-1.037634230795265289e+00	8.416108924254483981e-01	-7.343390600910471022e-02
nan	9.365050642964248828e-01	4.451949151244746772e-01	1.341737596016327139e+00
nan	8.146661705181381663e-01	7.929203819746377668e-01	2.782913650544566186e-01
nan	4.808179081130285470e-01	1.411335126308018162e-01	-1.098419578257881168e+00
nan	-2.699003826391968563e-01	7.762316923992379492e-01	7.055607534859131835e-01
nan	4.634185732166277161e-01	4.416703377035399170e-01	1.531105988204358170e-01
nan	-2.574477185333924334e-01	-6.107106380237626864e-01	2.634490719080981314e-01
nan	-3.480130828603208437e-01	-3.610655667165892369e-01	-1.925928467059420113e-01
nan	1.593680865503510069e-01	-1.391228843340567511e+00	-9.018945775800659703e-01
nan	2.527441135993216403e-01	-4.229878856830309175e-01	2.047008141033503925e-01
nan	7.776296077086988223e-01	1.013099664959535628e+00	1.013312595145225092e+00
nan	1.002426474078596641e+00	-2.309839954421952779e-01	-1.531578547750538810e+00
nan	-9.122737954381160419e-02	5.922409047799896964e-01	1.729219921348338351e-01
nan	-1.476823275339957275e+00	-9.994034202853416815e-01	-8.913594238746763709e-01
nan	-1.083544405548335199e+00	-2.031523232715867433e+00	-3.594374321462072697e-01
nan	-1.412089593805421206e-02	3.774305385800076351e-01	-1.680444228864489631e+00
nan	1.017620468709515613e+00	3.812856751553192480e-01	-9.302812843856061997e-02
nan	9.243438906418293133e-01	-1.254060679544270474e-01	1.222267233315658785e+00
nan	7.763408076658082080e-02	-1.974671990433268132e+00	-5.736453698393031431e-01
nan	-1.811279338422314034e+00	-2.167065605124549044e-01	-1.005761360962224016e+00
nan	-1.242609696128648356e+00	-1.201440813855870093e+00	3.667836436808958878e-01
nan	5.731984921740448380e-01	3.126684846159243358e-01	1.865431083938250412e-01
nan	1.043416037848545752e+00	-8.055947836345436208e-01	1.806423568727617557e-01
nan	-5.387073997765357003e-01	6.305873916275697155e-01	6.710258099356162242e-01
nan	-2.343177793446815649e+00	-1.312373678005792077e-01	1.391056603603459729e+00
nan	-1.615467445682502001e+00	-3.685183348089585142e-01	5.329550223868930736e-01
nan	1.753550116276487936e+00	9.069598136323449022e-01	-9.956753544320769977e-01
nan	-4.993603887884210391e-01	-1.150752542515530719e+00	-5.610523912729009632e-02
nan	-1.386113607317500218e+00	-5.358629761978055406e-01	1.418172585870183910e+00
nan	-7.488111841811527780e-01	-3.396877487133578288e-01	-3.068725445232495797e-01
nan	7.419865956042570598e-01	8.137240676366712666e-01	-1.931579308055411670e-02
nan	1.106006382777029007e+00	1.906040961763957764e+00	6.360176816118634502e-02
nan	1.887155348799847143e+00	1.704421825536367230e+00	1.074185857565798652e-01
nan	-1.026322374231579015e+00	6.523028238737493822e-02	-3.978638508223806269e-01
nan	1.255770517016857601e-02	-3.728562351417160081e-01	-5.857583070518072033e-01
nan	3.599386281183503677e-01	-7.524986109214418795e-01	3.790320134356757742e-01
nan	4.396627487407831492e-01	1.386345871353390935e+00	-1.408064990616627155e+00
nan	-6.162982241192852539e-01	1.104097405621905725e+00	-4.062378826823529465e-01
nan	2.124820955931650879e+00	-2.416348760780868687e+00	-9.238066841889130965e-01
nan	-1.101960528261483274e+00	2.752547810263074046e-01	-8.844503783762791560e-01
nan	-6.117593447994859046e-01	-1.514192082815410068e+00	-2.961407389701366522e-01
nan	-1.797071582470196383e+00	-6.241848454360601206e-01	1.311109988323132525e+00
nan	-1.102102679531288931e+00	-7.097240109350371196e-01	-8.214253138644866947e-01
nan	-3.404493473815406457e-01	-1.080240880298034334e+00	-6.978196860050432937e-01
nan	2.989277310124355269e-02	-8.142612407278402298e-01	-6.712699867751465987e-01
nan	-1.286663394713014608e+00	6.965657941600744696e-01	-2.143431481355274060e-01
nan	-1.524188612915593932e+00	-3.433147381335163173e-01	1.500768177835931638e+00
nan	8.117280951007332934e-02	-1.525199174469179964e+00	4.901547077057871737e-01
nan	7.698891634643783011e-01	-1.514203910408972620e+00	-1.834097842769622400e+00
nan	1.258947099084167798e+00	-1.183604147550918917e+00	-2.840028239291122469e-01
nan	-5.865900651840043611e-01	-3.046967259618864610e-01	-5.135782455129077606e-01
nan	-1.432492353304654742e+00	-1.608115842236042203e+00	-7.644363540963873271e-01
nan	-2.300952686935542335e-01	-1.533626951246766845e+00	8.121574837382922185e-01
nan	6.377550955973199098e-01	1.097346150339849835e+00	1.185149116083645149e+00
nan	9.797165917312291583e-01	1.116852914076351677e+00	1.053767051730631232e+00
nan	6.973225080186542524e-01	3.818999800211695383e-01	9.356329303321795354e-01
nan	-1.068590941182014364e-01	1.111010012548648840e+00	4.858405875090270332e-01
nan	1.365664591087525137e+00	8.039687662589716233e-01	1.587081375394232552e+00
nan	1.077967668868545115e+00	2.116530524033573446e+00	6.804752502598069297e-01
nan	1.226617189499884297e+00	1.854140896172455255e+00	1.776043712745971170e+00
nan	5.572700113853754633e-01	2.953174663703206804e+00	2.724981111864141159e+00
nan	5.831977883735059986e-01	1.599042345071992610e+00	3.091788375232881858e+00
nan	1.135210573193823347e+00	-2.837163134033026113e-01	2.369015536705728397e+00
nan	9.716124783986239688e-01	-1.312765236354885401e+00	1.451123061568609929e-01
nan	1.207209494222440727e+00	-8.556168899980045595e-01	-9.806276133625596581e-02
nan	-1.627494736825183752e+00	-1.256325775246426746e+00	5.230277668560080473e-01
nan	-1.089129363025241215e+00	-9.272937056676406886e-01	4.385370300071986804e-01
nan	1.020128388113856310e+00	-1.832589344305295409e+00	-1.106468658518464432e+00
nan	1.218606525255433892e+00	3.632578564507232821e-01	-2.455737543242635823e+00
nan	-7.883882646179298792e-01	-7.324066825569270911e-01	-2.165234161559786763e+00
nan	1.073513976011049920e+00	1.693137573231914939e+00	-6.612624009558329963e-01
nan	4.585947245122134475e-01	1.532648407431662863e+00	1.091583953855714828e-01
nan	1.105937273367824769e+00	1.541158358562438213e+00	6.616323255133227388e-03
nan	1.604931754688089018e+00	9.519992179947639466e-01	1.151319158558146372e+00
nan	3.481812005032572932e-01	8.174088933701104676e-01	5.645405364281681493e-01
nan	-2.344536342608142920e+00	1.500747424991003998e+00	-1.239894008222612420e+00
nan	-6.236648977407105443e-01	-1.396606382857842110e+00	3.825829256534253320e-01
nan	-1.090292385123557084e+00	-2.706603259057641653e-01	-1.242254950984213124e+00
nan	-2.379367921077870929e-01	2.519447419891188145e-01	1.384145201830040972e-01
nan	-1.284893470466156318e-01	-1.189965434999893601e+00	1.356384620810761943e+00
nan	-1.083271636754408629e+00	-1.100796710125093947e+00	-9.805815526776003876e-01
nan	8.318244456029256773e-01	-2.972521552057255878e+00	-1.945531510939823017e-01
nan	-2.642174535115524581e-01	-1.976460524736333157e-01	2.665070861415992365e-01
nan	9.149251947190690792e-01	2.347233786057075999e+00	1.703551602010724420e+00
nan	2.718555490655077733e+00	9.636317492228430037e-02	1.676052837727581624e+00
nan	2.057379977627997292e+00	-6.525410768315875742e-02	1.868278606021958055e+00
nan	5.353680330113872454e-01	1.547412806450315870e+00	1.187146206944875160e-01
nan	7.003192290461541791e-01	4.317351917487280977e-01	1.934314899257051357e+00
nan	1.212175354189852561e+00	-1.013481391672959253e+00	2.106292024940636054e+00
nan	6.881187122620515684e-01	-1.882992315347916668e-01	9.634020302233209376e-02
nan	4.000853167028845525e-01	-8.669944854613302887e-01	4.141048939848758215e-01
nan	-1.106483786271228009e+00	-8.481960330395297287e-01	-6.830589116816340178e-01
nan	6.946753988007814407e-01	-9.837670361971256883e-01	6.193487207340162559e-01
nan	8.267578178569092717e-01	-2.304470188652610219e+00	-1.437844550505125163e+00
nan	-1.633991789405729311e-01	-2.204750906736183402e-01	-1.521372332278316586e+00
nan	7.297961675847358665e-01	-1.182059806409385683e+00	-2.061093073014935051e+00
nan	-1.312056034537224969e+00	4.651190956605972260e-01	-1.372057200233234520e+00
nan	-4.919688251875800056e-01	-1.313015070683438701e+00	1.930031795821307572e-01
nan	1.444506522883836741e+00	-1.690345622399525016e+00	-1.071877846772465226e+00
nan	-3.190974091487856490e-01	8.652609252554898100e-01	-1.808172388578890066e+00
nan	3.556229464343700908e-01	-9.370207973191435613e-01	1.243677373409921572e-01
nan	6.336801023896415641e-02	-3.490743353307838026e-01	5.610033556801714560e-01
nan	-2.659471051399235342e-01	-2.189880668538279007e+00	-6.477379932637382653e-01
nan	-1.909857241328270394e+00	-1.126708137914361085e+00	-7.269722599511119210e-02
nan	4.189361784467560135e-02	-2.423996251088460063e+00	-8.192631448835809849e-01
nan	-1.144529533508669150e+00	-1.889877892157384220e+00	-2.478184660931755268e+00
nan	3.182428347545342984e-01	2.809780158759875857e-01	-7.600568268272236416e-01
nan	1.525751958018467969e+00	-4.151520047247803102e-01	-1.375289416411251686e-02
nan	-7.301492587255727917e-01	2.795968648219968600e-01	-4.506313535418449145e-01
nan	1.109840944695313247e+00	1.360061959707457024e+00	-1.509911979059768372e+00
nan	2.226547521591021317e-01	1.399870425301855015e+00	-5.300593321867167473e-01
nan	9.754568501757128196e-01	6.086483603586773095e-01	1.142885468769271107e+00
nan	8.271627864417462339e-01	8.932178198257558766e-01	-9.936173606618703413e-01
nan	-6.012281797491694224e-01	6.744774765485617163e-01	5.560477707267288405e-01
nan	-8.134674022741139598e-02	7.945504099633023953e-01	-1.815611107659790835e-01
nan	-1.006828410692399922e+00	9.550064564712187343e-01	5.600363252043016882e-01
nan	1.500958073468396936e+00	4.001671225029245216e-01	-4.303309145710035866e-01
nan	5.415463029027081099e-01	1.509368991895397860e-01	5.209000483959996819e-01
nan	-2.749021444017948901e-02	2.027309712795873076e-01	-2.982106939795511336e-01
nan	4.524357067372775099e-01	5.044296681113779046e-01	-2.296507065446506263e-02
nan	-4.747227124080866667e-01	-5.249022613060321252e-01	-8.593297302325234033e-02
nan	-2.670397433904405649e+00	1.070891439191967720e+00	6.253917670541944140e-01
nan	-5.595989487294034115e-01	-1.301510227072503745e-01	1.286961014799518077e+00
nan	-1.175750618038394757e+00	-8.895549521650869540e-01	1.387056450555591125e+00
nan	-7.108948128326926241e-01	-1.074513818492585315e+00	3.464270077591286023e-01
nan	-6.167794052902876301e-01	-1.695748923931368890e-01	-8.672676710099530561e-01
nan	3.814938837062217258e-01	5.237316294540882433e-01	-4.112977556200737572e-01
nan	3.962572918558165957e-01	3.498531395470136363e-01	-1.167306448796856078e+00
nan	2.714333412077201579e+00	-1.086851317710883835e+00	-3.734877609081498906e-01
nan	5.327272070260153924e-01	2.363745676290304742e-01	-7.256447018521801073e-01
nan	-3.606280159506185523e-01	-4.733660300378431662e-01	-3.093100255827662126e-01
nan	1.130587998677086592e+00	9.168071874279620781e-01	-1.498471697915419565e+00
nan	2.753306966457850002e+00	-2.420127281331732050e+00	6.011214978463439440e-01
nan	1.115289191318907136e+00	-1.433656541616675217e-01	1.145352395426270320e+00
nan	8.345795904796569076e-01	5.913226348250889552e-01	-1.135937040010573718e+00
nan	-9.508528927726314084e-01	6.650956868767693431e-01	1.989658515145582007e-01
nan	-1.609273564691725111e+00	-8.520250139748579699e-01	-2.162947664486351673e+00
nan	-1.807254335585042337e-01	-1.058349798145806764e+00	-1.506154606376743255e+00
nan	1.195744233870473128e+00	6.782675485253844005e-01	-4.839400725611984755e-01
nan	-2.308421991413743823e-01	3.274835524811645193e+00	-8.675609989759917040e-01
nan	2.732026983493407446e-02	-4.774280912437393054e-01	-3.072798689588884802e-02
nan	-7.154599246986010908e-01	9.121192934672323060e-02	-1.940852090800177621e+00
nan	5.693677003587254148e-01	1.447499858979294007e+00	-1.253482052454657047e+00
nan	-1.161079335294677106e+00	1.587091700344410938e+00	-8.028958952168918639e-01
nan	1.000213434924215772e+00	-1.280015643476843934e+00	-6.445373029547674104e-02
nan	4.660045535263331040e-02	9.844730996699507797e-01	-3.506723093627355237e-01
nan	5.338872894317152618e-01	2.416447367637685417e+00	3.748068553831969130e-01
nan	2.296126144700128435e+00	1.753542520047663533e+00	7.304961015705734306e-01
nan	-7.950136163301857462e-01	2.502147772329593733e-01	8.840516881845584818e-01
nan	6.395240463295315259e-03	6.312668540941873685e-02	-2.675635174106359426e-01
nan	7.707124588545016808e-02	3.778055637551171186e-02	-7.081400284363517650e-02
nan	2.677642274072250306e+00	-4.935348722924674525e-01	-5.587792029667422167e-01
nan	3.234193793959915242e-01	-8.919571732659091756e-01	-1.645323986923645787e+00
nan	1.506531866938229935e+00	-2.233441797190616196e-02	-6.578363054156787237e-01
nan	-1.134989120880768310e+00	-1.227222975917542369e+00	6.365824787488031378e-01
nan	3.806534507834191672e-02	-1.741769247607013238e+00	-1.155446762631828106e+00
nan	-8.041967017698876674e-01	-1.787925186404215827e+00	4.807226645355571204e-01
nan	-2.640833918236689115e+00	-5.869626199449559101e-01	-5.874968660711982205e-01
nan	-2.337927580940852845e+00	-2.103321833844759681e+00	2.427601558683367688e-02
nan	-2.371448673301115306e-01	-1.543068490173804541e-01	-5.957557651073746019e-01
nan	-2.405652822889099984e-01	1.524011593069765080e+00	-7.522779520270493903e-01
nan	-4.163785230657002234e-01	-8.257941224669504976e-01	4.334450650779143599e-01
nan	-4.598549025093588982e-01	-1.617245165127208173e+00	-5.978920156849960588e-01
nan	-2.418619283113131235e+00	5.613785626655932726e-01	-1.029365333218789313e+00
nan	-1.867526914269284521e+00	-3.633216149618766488e-01	9.556085980816866887e-02
nan	-1.274618824930766392e+00	-6.097128011160071193e-01	3.622263800919484078e-02
nan	-6.500986267430082233e-01	-4.166716663151606159e-01	-1.200108614129490547e+00
nan	-3.045962819202140959e-01	-1.115929983547468751e+00	6.761570413258117807e-01
nan	-1.067580701573956681e+00	7.927434890513551657e-02	4.227370913805809094e-01
nan	6.670801235636598658e-01	-1.007627314911826888e+00	6.196524277847332840e-01
nan	-2.147431002733140026e-01	4.272783848088025915e-01	-7.002097228378252325e-01
nan	-4.586504224746948966e-01	2.393928630102792443e+00	-5.907407621127528374e-01
nan	1.102090350827106824e-01	-1.113633317980592619e+00	-9.861592921333889317e-01
nan	-1.303326696231712933e+00	5.374209433318869467e-01	-8.186562253436105996e-01
nan	5.436092081263091402e-02	-4.956897490425896668e-01	-2.178637213552546137e-01
nan	2.078624217676537378e-01	-4.983435136338379423e-01	-2.385243299026783281e-01
nan	8.790875684540560009e-01	8.704359322813391975e-01	6.470718823370091854e-01
nan	-2.428187128317835786e-01	-1.448869038754112548e-01	2.162450133691910525e-01
nan	3.337238307423351924e-01	-6.941441750862256121e-01	7.793908322270218791e-01
nan	2.785624924979689165e+00	9.085803328941719492e-01	-1.928425104735044804e-01
nan	1.565148114059401019e+00	1.211125155303600875e+00	1.941657094567163178e+00
nan	1.279703392606772683e+00	2.855874848378495479e+00	1.573393736901842699e+00
nan	-1.729877811167677137e-01	1.860513635315261816e-01	1.156487038318412486e+00
nan	-6.510904769135303360e-02	5.570675750472892096e-01	3.554363605394080250e-01
nan	3.105606597283934733e-01	4.835793056515169663e-01	6.773014494981896005e-01
nan	5.094667541780266706e-01	2.318113591080997460e-02	-9.858437504793059469e-01
nan	1.363926852398587686e+00	5.375658238066560735e-01	-8.359448122988580310e-02
nan	-8.220230647779694921e-01	-1.373918738696912722e+00	2.493138243198329551e-01
nan	-1.310525951349045259e+00	4.687188432164919316e-01	-3.050393446870545699e-01
nan	-2.442660750327836805e+00	-6.590279565535563933e-01	-1.073375963996829441e+00
nan	1.392238712517860355e-01	-1.400211640068400154e+00	-1.617956154265281832e+00
nan	-6.028853620724528017e-01	1.437133348951569189e-01	-1.282776260229678833e+00
nan	-1.900104798464084865e+00	-1.056023056650430947e+00	2.005447649902220020e-01
nan	-7.499109751011345804e-01	-2.042194505936131943e+00	1.324976810708269781e+00
nan	-3.110571412227657984e+00	-1.918439476878975869e+00	2.123997030181629664e-01
nan	-1.351992406327133356e+00	-7.597816121610955209e-01	1.556014870556475582e+00
nan	-1.144582331311386092e+00	-9.042025080155960959e-01	-3.132330692624435420e-01
nan	-1.154951136894452501e+00	2.830708458007510364e-01	2.509692466772888708e-01
nan	1.672899962406474428e-01	-4.655236137952230013e-01	-1.089649647215291672e+00
nan	1.407888294827927211e+00	-7.069209234026045952e-01	-4.805199722559996278e-01
nan	9.720287253537135408e-01	4.281103894501603335e-01	-9.022660055597366835e-01
nan	1.435663008895617487e+00	2.704827463459741343e-01	-1.380035425781175329e+00
nan	1.827632453216115671e+00	-1.350620864051902181e+00	4.262555146634233183e-01
nan	-5.365748160849694859e-01	-1.001344335252000839e+00	-5.917487099218248225e-01
nan	7.915936823429559066e-02	1.392371422907952461e+00	-1.300151396025075679e+00
nan	1.863646031934829805e+00	4.528555798425991097e-01	-1.691844787963495467e+00
nan	-1.758952209081631635e+00	1.819016602565213914e+00	-2.159507695146084816e-01
nan	-2.784119441928206151e-01	3.462042259301954528e-01	-5.018635887827096465e-01
nan	1.105133740291458722e+00	1.431794585353493021e+00	-5.323431804838233417e-01
nan	8.193078412801894084e-01	4.016244939790793111e+00	3.010839301634446463e-01
nan	2.593953420619607098e+00	1.578316679224493368e+00	9.240125975110886625e-01
nan	1.139022048763411732e+00	1.522159268566657175e+00	1.637546293061856950e+00
nan	4.437828431112020855e-01	1.842032164798108385e+00	7.780622349421959516e-01
nan	1.802005970638181909e+00	-6.877981200702965037e-02	1.117759905654110986e-01
nan	5.015219591301481872e-01	5.303434463082545847e-01	2.944570823290718065e-01
nan	-5.961494014811639097e-01	-6.323998160473059960e-02	1.437683677201379573e-01
nan	-1.367742331964420632e+00	-2.771311321305859998e+00	-1.880265158267200309e-01
nan	-7.743508118655797468e-01	1.864259468902225159e-01	-3.340319277815807508e-01
nan	-3.737702997481106570e-01	1.320161335738863351e-01	2.626672652351107473e-01
nan	2.094885915692481948e+00	-1.050495725248806966e+00	5.688501733754384171e-01
nan	-7.643294111166989424e-01	4.113213527293362870e-01	-4.172959363904548136e-01
nan	-1.248226488932364930e-01	3.218598359022850630e-01	2.085090793799869502e+00
nan	8.549145588515939531e-01	-2.665288259187801462e-02	3.913969952056202128e-01
nan	7.044322276911202385e-01	3.314283149508930881e-01	4.807440196249184172e-01
nan	7.437769633594656371e-01	3.281627629842849836e-01	-7.948860614494137611e-01
nan	1.553129950995525865e+00	5.798331255002493467e-01	6.941348036573756763e-01
nan	-6.425185588231308031e-01	2.323228466371647927e-01	-4.869757393820444702e-01
nan	1.035307511231016164e+00	6.166641688776958175e-01	3.108210537733073764e-01
nan	2.080416067687618664e+00	1.895723649538008315e+00	-1.149797443001215336e-01
nan	3.194059482395942284e-01	3.400998404578867707e-01	-1.395177888323203774e+00
nan	4.941269194653621355e-01	2.108516537691781101e-01	9.354092198244556844e-02
nan	1.172785146150802982e+00	-1.021621740397904432e+00	1.975167229030248661e+00
nan	9.028936934745797060e-01	2.830684905538474183e-01	6.551274466461345369e-01
nan	1.628852405527175362e+00	-1.226749964366860679e+00	-2.183829297307687156e+00
nan	-1.321534613349599541e+00	2.226687907184837112e+00	-1.523943609885925143e+00
nan	-1.152566069547468208e+00	-1.359882861911223983e+00	1.943686069917355486e+00
nan	-2.949865583784558432e+00	-9.187980966799712546e-01	-2.084488549148209580e-01
nan	-3.113090413218797980e+00	-2.572652767138142949e+00	-1.111395494477246393e+00
nan	-8.357083971508679765e-01	-6.160806545140951052e-01	-1.842505297856235735e+00
nan	-7.960488281870163885e-01	1.527117155345606436e+00	-1.657745153754036416e+00
nan	1.221444995602893047e-01	9.999301903838051508e-01	4.511039260818130447e-01
nan	-1.261614281356479239e+00	1.257166061308144567e+00	2.559971154922747072e+00
nan	-7.875877048895972843e-01	7.355219775297482387e-01	1.576316447951753741e+00
nan	1.597628151716482980e+00	-5.368925777443985803e-01	5.998073625797919473e-01
nan	3.171150702320696402e-02	5.051867546804245102e-02	1.750954157940604050e+00
nan	-1.026080501951777579e+00	2.951044949893821823e-01	6.061081340875117407e-01
nan	-8.302968451592294130e-01	1.272836550063688676e+00	5.011056415326037294e-01
nan	-2.427761890517784737e-01	-3.705740394559138284e-01	1.255873779371520782e-01
nan	-1.246599758562315419e+00	-3.599020709868800960e-01	-4.831353095135310083e-01
nan	2.445115334381244288e-01	1.078820929668591111e+00	-3.458190040831013445e-02
nan	2.415705399181200530e-01	4.605783306034790803e-01	-1.280612372486974682e+00
nan	-4.654053489347101946e-01	-1.227776184857435560e+00	-1.195396246667599804e+00
nan	-1.021044309147976392e+00	9.911419796256774051e-01	-7.463620243485424854e-02
nan	5.533021045562795948e-01	2.155296347690858205e+00	4.356520658495036114e-02
nan	1.511284898635451235e+00	1.701426469393485075e+00	1.016082632140572484e+00
nan	2.251076091872809215e+00	-2.430104279620397545e-01	-5.438766225929758669e-01
nan	4.486902106442436367e-01	-1.957579148753452181e-01	-2.487926705267002048e-01
nan	7.834841547783333304e-01	-1.330188997703919629e+00	1.363714484011228523e+00
nan	3.499045195909319950e-01	-1.423587995087898239e+00	7.396777610719487694e-02
nan	8.780627657935522468e-01	1.200156568909282351e+00	-7.607254129445646385e-01
nan	1.671241494105281777e+00	-1.476651404251261734e+00	-7.602055196428085804e-01
nan	-8.597677936388794517e-01	-5.297613115363876135e-01	-1.088773410368180095e+00
nan	-1.170137334411548435e+00	-3.473546556530830443e-01	-7.068312078384845210e-01
nan	-1.043465008982706332e-01	-4.308623296874977693e-01	-6.363683388220610082e-01
nan	-5.812798035988960832e-01	-2.737928917285836761e-02	-6.365942686197478828e-01
nan	-1.296678088577655652e+00	-1.952209001562941748e-01	-2.092961790857821580e-01
nan	3.163768387920682934e-01	4.578137968523349755e-01	2.069656013706050179e-01
nan	8.474511775159374594e-01	-6.865074117562790512e-01	5.485571386662415616e-01
nan	1.066357458290232985e-01	6.636680673780550599e-01	-6.371965982200734901e-02
nan	2.009362460084546331e+00	1.687391743652227438e+00	9.163033658963551931e-01
nan	4.241575534601701447e-01	-2.776806617736349292e-01	6.372372354237538783e-01
nan	1.128134908591589269e+00	-7.256212786214936150e-01	1.666022191599515256e+00
nan	-3.108893359115428301e-01	-5.341405350303313204e-01	6.434220960911045673e-01
nan	1.000465609161230063e+00	-2.852656449892762014e-01	8.233702280480669211e-01
nan	3.930559224101304316e-01	-6.448936686076167657e-01	5.864874576864028688e-01
nan	-3.541819493013474984e-01	-3.124605571282760286e-01	6.904705163004362101e-01
nan	-5.528119329898401046e-02	-1.079273577991151534e+00	3.991056633607659165e-01
nan	-5.383299468209927774e-01	-8.765003828105291106e-01	2.218658910140673068e+00
nan	-1.798015154218698175e+00	1.002176179568820213e+00	-7.624960919054704078e-01
nan	1.324118586166570744e+00	-1.337142052760042221e-01	4.621144076762809805e-01
nan	-1.047450340765099797e-01	-7.045007398471481164e-02	3.908507869808754975e-01
nan	-5.662533840805290819e-03	4.345510621848247546e-01	6.853999798038663549e-01
nan	2.983694286005845187e-01	1.258472341598590338e+00	1.395327779902265641e+00
nan	5.519680901738240886e-01	3.283320336306483345e-01	1.685512440147225455e+00
nan	-1.294456637891293171e+00	-7.270120372711564860e-01	1.538695517236675192e+00
nan	-1.514847057364102856e+00	-2.394469623348975507e+00	4.230106875278694112e-04
nan	-7.893177715084176427e-01	1.056686768634002904e+00	-1.563269850482923218e+00
nan	-5.838933902485817784e-01	-2.596202963832571431e+00	1.003399803505335308e+00
nan	-1.400261831555976055e+00	-6.856615646785959584e-01	-1.409118874237561769e+00
nan	-1.656558696031003919e+00	-1.957416589991659350e+00	-5.748832697568048156e-01
nan	-7.539696540906279942e-01	-4.962618867903333397e-01	6.216352228683744707e-01
nan	-1.095023596168275271e+00	-4.622396090293034998e-01	8.786383136339381839e-02
nan	-6.118329603043377585e-01	-9.862474325730478109e-01	1.111713755107964774e+00
nan	-6.463187041355082929e-01	-3.109088512105090962e-01	2.708014916922921178e-01
nan	8.777255671620648458e-02	-7.448335687060416710e-01	8.868840806577276137e-01
nan	-6.674701545499136524e-01	6.973525607070623078e-01	7.167739480049795109e-01
nan	-1.169150509645761060e+00	1.404377603652817275e+00	1.845115529910245300e+00
nan	1.038890725233342360e+00	3.278116056768070607e-01	1.363124788295638989e+00
nan	1.251135606680510826e+00	-1.673253087859081445e+00	-5.824022149546007610e-01
nan	-4.041641637737918291e-01	1.060059212082139268e+00	-2.517492069358978068e-01
nan	7.750334297654881688e-01	-1.230235698720696158e+00	1.936263087996198395e-01
nan	2.181497721227731723e-01	-1.190601419885496837e+00	-5.294664016643534366e-01
nan	9.832460608733530893e-01	-1.639495938347477200e+00	-2.014527039083932269e+00
nan	5.764729360427772731e-01	-1.677685649163589199e+00	-1.899473569858038946e+00
nan	-7.056738460571838623e-01	-3.890627699229414760e-01	-6.055152566365158417e-01
nan	-8.180077868306925293e-01	4.753847859303172996e-01	-1.484036730293091466e+00
nan	-3.096116761539750017e-01	-4.827872311256383719e-01	1.243321751174720546e+00
nan	-1.625477979372246473e+00	-1.876815005621788601e-01	-1.450067628499097871e+00
nan	-2.977120464797355481e+00	-1.640018120392876311e+00	-2.192990107307288383e+00
nan	-1.814204420704780052e+00	-1.410414598772993244e-01	-1.752939484477775922e+00
nan	-1.163578476916891757e+00	6.175311414292949941e-01	1.107154263209899625e-01
nan	-7.843856995494773443e-01	-5.655007571609143024e-01	8.257365394295224093e-04
nan	-1.386353342018928902e+00	-1.099901226134964105e+00	-8.379853324296591133e-01
nan	-7.704932273657647546e-01	-1.053921464851986123e+00	-1.498750955825302711e+00
nan	-7.302835200558014384e-01	2.685418482517641925e-01	-2.040138880821392497e+00
nan	1.629018855451092485e+00	-1.602566135922818713e+00	-1.154498759107444927e+00
nan	5.016810417162226310e-01	5.695023149368012155e-02	7.917912554751598275e-01
nan	7.818710494540463962e-01	-8.783324154827473751e-02	-1.225375341966969067e+00
nan	6.634357809177282572e-01	-1.430138102060500183e+00	-9.711846906293689630e-01
nan	4.055227984801409447e-01	-1.360480569337466861e+00	-1.520848287457250425e+00
nan	-1.478857625047575786e+00	9.362500426023465661e-01	2.674853732378889015e-01
nan	-2.016209822422764919e+00	1.776763521849204164e+00	1.086072672046814347e+00
nan	-1.134585082915542387e+00	-3.380035757971024957e-01	1.849305374614203190e+00
nan	-6.655451597618883275e-01	-5.041545733108057092e-01	9.312165842797988091e-01
nan	-8.722250746439509372e-01	-1.669698232852642406e+00	1.285865697426572751e+00
nan	-3.508340009250132230e+00	-5.185635521605599374e-01	1.133480094259190052e+00
nan	-1.879466882678269890e+00	-2.560101269725691964e+00	-7.696104800264638723e-02
nan	-2.834650746054275583e+00	-3.279463094392733868e-01	3.244245582041441756e-01
nan	-1.581325076560457843e+00	-9.332680360260965369e-01	-6.295307476043332517e-01
nan	-1.170382695973145371e+00	-1.773892402241816768e-02	-2.608305547517641432e-01
nan	-6.106197153382435516e-01	-6.266750513843186710e-01	-4.771649310066380378e-01
nan	4.293358217654427711e-01	-1.002687172064993026e+00	-1.153437530233634600e+00
nan	2.320801743675561024e+00	-4.478399392525985179e-01	-2.096176295779752508e+00
nan	2.832695962458540162e-01	-1.049264889984864446e-01	-9.335327396619929052e-01
nan	2.757334326813624115e-01	1.851847029521722088e-02	6.928043816914954967e-01
nan	-2.450194794163642609e-01	-1.831109426390540751e+00	-4.616695004184582229e-01
nan	-1.929981283099919120e-01	-2.269760292969991156e-01	-1.249953077555269632e+00
nan	-1.122568076791960356e+00	-2.825892802183436192e-01	1.202090670331187328e-01
nan	-2.462975909380905326e-01	-1.574310409739939853e+00	-6.612274996795012294e-01
nan	-2.944146290382542830e+00	-1.090795298120765144e+00	-8.265916597909666041e-01
nan	-3.139471613658837867e+00	-1.295711364599791304e+00	2.246920453227848613e-01
nan	-3.423722436180629103e+00	-1.254444821505922070e+00	7.933578564427046231e-02
nan	-3.578325309157148748e-01	-1.623375126545795410e+00	-2.684698450614340981e+00
nan	-1.635480399092875126e-01	-1.214091187382831727e+00	-1.952520161825766820e+00
nan	-1.338779324726695474e+00	-8.563699365751886727e-01	-2.302569296843223423e+00
nan	-2.843049116103228413e-01	-6.464274933447203830e-01	-4.513234746355260230e-01
nan	-6.319071307290381467e-01	-1.230372334160732661e+00	1.881065586555458413e+00
nan	-1.602267187603315435e+00	-3.981036023498178977e-01	-3.399777317833069246e-01
nan	-1.196764467477107186e-01	-1.160254065780524479e+00	1.817907252657781303e+00
nan	-7.792767683585989369e-01	-8.883460253418109520e-01	-8.308439927452417884e-01
nan	-5.493813729845876681e-01	1.026882541447834418e-01	2.436222360820902155e-01
nan	4.050451919798879752e-01	9.726120223399215003e-01	4.680124743999588555e-01
nan	-1.047466418657533316e-02	-6.132614831756986185e-01	1.262232736874169703e+00
nan	3.378324422123319404e-01	2.681891750448541334e+00	-1.008937346845603322e+00
nan	-6.244974547776105389e-02	3.871974910617831389e-01	-5.864327310405870186e-03
nan	7.789653956086207698e-01	1.161541076089651403e+00	-5.978312911381666872e-02
nan	8.369624185156674390e-01	4.676703260103259874e-01	-2.254258465429717639e-01
nan	-3.126805026962486966e-01	2.113974263760943550e+00	-5.112141777962415645e-01
nan	-5.078227604134347706e-01	3.012335898480178464e+00	2.820342576675733959e-01
nan	1.694469263115919944e+00	1.190461599059656317e+00	1.073245231974142122e+00
nan	7.729226644496802745e-01	9.741027481864362736e-01	8.934734105494571699e-01
nan	1.186319306658611961e-02	1.135616916699717205e+00	-2.052945175576514902e-01
nan	1.953027881561217427e+00	4.966782077088104930e-01	1.246894881663756394e+00
nan	6.889454558260688088e-01	5.608727332398354415e-01	-1.685342139041489107e-01
nan	5.477182728651961430e-01	2.872773130763050520e-01	5.547944751177088518e-01
nan	8.606514121046718868e-01	7.467374525422879605e-01	-7.719650239752792187e-01
nan	-9.190051632316464936e-02	1.659374761114784658e+00	1.781520309460766782e+00
nan	1.504302555412838638e+00	-1.398640876854696513e+00	1.811372614128929470e+00
nan	5.382793549899672625e-02	6.713032426871554659e-01	-4.733246000491987959e-01
nan	-1.038516469439339840e+00	1.453628499399779894e+00	2.636106426600733910e-01
nan	-3.025184243760321579e-01	-6.478369813947712497e-02	7.977778489007381069e-03
nan	-2.599678286736512578e-01	7.418258606023582225e-01	-7.901706509494615949e-01
nan	2.461750783934961995e-01	-2.500295494047006795e-01	1.321557704053450299e+00
nan	-9.189852908016510336e-01	6.960279445396050368e-01	1.532872877483254737e+00
nan	4.903279673442748621e-01	1.396465506634095299e-01	6.903831412940140133e-01
nan	-5.057174583479352448e-01	-1.007055171967526697e+00	-8.228981701671047588e-01
nan	-1.348503096514951372e+00	1.343050658068199565e+00	1.306152645004283075e+00
nan	-4.088437171746238108e-01	5.714049235599296672e-01	1.458086001485616734e-01
nan	1.007839179545649388e+00	-1.457379037984697145e+00	-7.174334013509631180e-02
nan	4.722302203890610395e-02	-1.240511633230420241e+00	1.043903027457442345e-01
nan	1.212510717959379147e-01	1.899480681012473582e+00	-1.530419842787634765e+00
nan	9.346163864422618595e-01	1.598315294747206794e+00	4.037241222711590583e-01
nan	9.504360125691976302e-01	8.998756620593129085e-01	2.899105229075559009e+00
nan	7.761874711518454983e-01	2.571273920197569396e+00	2.040264700805296538e-01
nan	1.364775260626683417e+00	-3.737495031247428656e-02	-2.384300248487249974e+00
nan	9.961938652267388061e-02	-4.790417108764282728e-01	-1.471397151484169274e+00
nan	5.751932377877388980e-01	1.210691487620851658e+00	-7.853742874564272336e-01
nan	1.839692853621528457e+00	1.329833829622041774e+00	2.298147448891425082e+00
nan	-1.112332894740755140e-01	1.184878688337071884e+00	1.825636601984099716e+00
nan	1.046425218971064108e+00	1.608556224508311372e+00	2.144232057150885939e+00
nan	2.501603994556595989e-01	-6.645283103501362643e-01	-2.193776350999776525e-02
nan	-1.070757555182793475e+00	1.184757618446440786e+00	-1.634301302002203249e+00
nan	1.176516104823357889e+00	1.245243893337655283e+00	-1.842844946200704881e-01
nan	-4.741205464964634020e-01	-3.300773390982602029e-01	-5.349352160948119828e-01
nan	-4.266518137036274250e-01	7.923752013259971472e-01	7.679365062499314831e-01
nan	1.849729110596822101e+00	-1.175912784432822100e+00	1.705156961913838698e+00
nan	1.727895655649691331e-01	2.100242431843242663e+00	-5.188576650624709963e-01
nan	-1.736034781598284615e+00	3.055472086110810892e-01	-4.202083726652491302e-01
nan	-2.763427403560122286e+00	-1.714645796332225913e+00	-1.280119326178096095e+00
nan	-3.229268036079475657e-01	-8.268598304344774164e-01	-1.067820856677936803e+00
nan	-9.376062256601123135e-01	1.013040310461965632e+00	6.939774171509274225e-01
nan	1.075208678182542288e+00	1.086752952720020815e+00	6.777935487832495998e-01
nan	7.754326027202818050e-02	3.875504312108487781e+00	1.725357619205220017e+00
nan	1.600310914254003292e+00	3.632525112890762076e-01	1.283703783947462096e+00
nan	1.801479071921379349e+00	4.505343925749221157e-01	1.071754822335939217e+00
nan	8.520466811484720404e-01	1.194303094394372655e+00	-1.225843632189071997e-01
nan	-1.914207614907019739e+00	8.325358135936595794e-01	-1.174848885065734816e+00
nan	-7.339739913002538696e-01	-8.729408405880050292e-01	1.361744701674652891e+00
nan	-9.346901235151430232e-01	-1.038072625951243833e+00	5.526873591058386603e-01
nan	-6.109900263630126949e-01	-6.006083926992190625e-01	-2.243586552798488398e+00
nan	1.272617669675768504e-01	2.733496707144923432e-01	-2.133026725674318058e+00
nan	1.343983887158378465e+00	-1.526653830988583538e-02	8.427246329949122927e-02
nan	-1.059810211745375597e-01	8.911551935529481439e-01	9.941672443422289174e-01
nan	-1.235656559830251355e+00	1.527336855708539387e+00	-1.879908636441449676e-01
nan	4.746632365531807674e-01	1.351569773729844437e+00	-4.744563047457185379e-01
nan	2.621863088136862530e+00	3.676231679628275684e-01	-1.137594395858696483e+00
nan	7.488741141488820530e-01	2.801728854083884723e-01	3.587666145547497853e-01
nan	1.356938589030930009e+00	4.916619923678423598e-01	-3.076837850810236752e-01
nan	-1.869245106489447750e-04	-1.126064283691711188e-01	-1.786400071000346701e+00
nan	1.177751815420257087e+00	1.165078061952084409e+00	6.618369256059430938e-01
nan	-1.107318827326866817e+00	2.109405879160800357e+00	1.949035111855275337e+00
nan	-3.645899042865402562e-01	8.866829356542598184e-01	2.739512976904930674e+00
nan	2.662546744426478873e-01	3.707733640587622670e-01	-4.930264170129672330e-02
nan	1.458687192232907437e+00	-6.295204293515256344e-01	9.162385020322472151e-01
nan	4.576120249941788565e-01	2.065005233219457670e-01	3.578831372973345637e-01
nan	-3.168293471373999637e-01	-1.267026867793915879e-01	5.832153279456542272e-01
nan	-6.158396577145540673e-01	-3.127083531968275487e-01	1.137412313998830582e+00
nan	1.198260020195437425e-01	-8.211061843562476037e-01	8.648018239520651740e-01
nan	-6.034081290130683950e-01	-8.661994018916917282e-02	-1.652883132984417136e+00
nan	-1.516334906674811966e+00	-8.402351694144725158e-01	-5.030768921314661135e-01
nan	-2.540457609443778519e+00	-1.559140818471589807e+00	-7.979266427343770784e-01
nan	-8.326239741336929345e-01	1.761862613018527757e-01	-1.988050232056297606e-01
nan	-2.085277157196055331e+00	-1.215209296424144325e+00	9.196839215593437533e-01
nan	-1.089116413246461912e+00	-1.234288495044797429e+00	-1.342411566044818261e-02
nan	-1.714459785189220709e-01	-7.382017569876003771e-01	-2.838042091972126646e-01
nan	1.138490937800860303e+00	-6.342344015886264286e-01	-5.579196133100224886e-01
nan	7.739728116142557957e-01	2.872509688748148271e-01	-4.570160443942647976e-01
nan	1.170330987605224360e+00	1.211247875996742884e+00	5.644732043220387352e-01
nan	-5.615942782922646037e-01	1.519962954142513922e+00	1.381496106496996834e+00
nan	-5.154547493916643575e-01	1.728954084724534379e+00	2.502917475035280503e+00
nan	-1.874759678377656114e+00	3.492434890599490638e-01	-7.764263256264203328e-01
nan	-1.318817933341638882e-01	6.606911152656657071e-01	1.547624316266610567e+00
nan	-3.448896854862963934e-01	2.281384213408884865e+00	9.630209424782052441e-01
nan	5.527739689478381457e-01	1.488983999743415110e+00	1.408423829493585577e+00
nan	4.753326169627769548e-01	1.065549115435669325e+00	4.383641029307899228e-01
nan	-3.389089839596154397e-01	1.218981421057689474e+00	2.572129929483564226e+00
nan	-6.711584293162599080e-01	1.250967723571847934e+00	9.447545214347735643e-01
nan	8.034195507982807571e-01	-1.899082549546737164e+00	2.336319177390339785e+00
nan	-3.910864537638062410e-01	2.635046145115682581e-01	1.291780823566789138e+00
nan	-1.669717744495552991e-01	1.033623527157384148e+00	-1.089676983666992838e+00
nan	-9.732051652688550325e-01	7.617432448714346327e-01	-1.890712705505943170e+00
nan	4.853621735387965153e-01	1.730680034170462234e+00	-1.209995592453157132e+00
nan	-5.718523456555762996e-01	1.708885379133306959e-01	-8.576022673734300383e-01
nan	2.518975874610893118e-02	-1.699060348754122707e+00	6.091575207617541121e-01
nan	1.440030262838215114e+00	-2.412802619503535140e-01	-1.113779359370000277e+00
nan	8.766536028084708221e-01	1.442324919710061826e-01	1.367311147219631318e+00
nan	-1.722126383320373932e+00	-6.696155686693354703e-01	8.131462560598663458e-01
nan	-1.111766115145965905e+00	-1.263421538410508527e+00	-3.996658381299284524e-01
nan	-2.111014427328233634e+00	-9.971211061629792205e-01	-4.392462709160160905e-04
nan	-1.614963920756280924e+00	-9.004285378769683046e-02	-4.333664258141335934e-01
nan	-5.497776729812783314e-01	-6.763589018192421864e-01	-9.009349239702976186e-01
nan	1.913863925884228046e+00	-5.635368384468808500e-02	-1.433988739120426681e+00
nan	1.304622427737789359e-02	8.685188077706740284e-01	1.027876793287288537e+00
nan	2.926750929024640513e+00	2.475506850500457379e+00	-2.011438053097629464e+00
nan	1.841221532385086679e+00	2.320745087801127760e+00	-2.590632654946543045e+00
nan	9.915496202084910227e-01	1.176831514237671961e+00	-1.252464651336956947e-01
nan	-7.753974603705454660e-01	1.706603684976027768e+00	-4.816229377770644970e-01
nan	-1.363466141765363515e+00	1.416301937017890422e+00	9.058888625805958661e-01
nan	1.190029287519411172e+00	1.833069362346994247e+00	1.245344811176658517e+00
nan	6.877926245599024213e-01	4.667211370839738360e-01	9.310997132907017360e-02
nan	-4.686266230493277285e-01	1.157335917640364142e+00	-1.116657376135216762e+00
nan	1.235748695330689095e+00	6.924122162772543554e-01	-6.094095358748442132e-02
nan	3.735464734627177985e-01	3.772888110301542142e-02	-9.448459947690498462e-01
nan	1.100484621730180024e+00	1.423241896537482010e+00	-7.884730563265647252e-01
nan	5.304746270261393448e-01	1.712356269149162724e+00	1.495211775358484374e+00
nan	7.705257111084138355e-01	1.448923917965202257e+00	1.352168054791846430e+00
nan	1.988545105784498501e+00	1.806314916126938064e+00	2.094286656525853996e+00
nan	6.436830972335783052e-01	1.741669138328218569e+00	2.027494168161730670e+00
nan	-1.372747396088817684e+00	7.557669189847791014e-01	1.245615242693910218e+00
nan	4.376803321229668642e-01	1.491233815810732555e+00	-1.271892764269985099e-01
nan	1.377854631997414536e+00	6.726005084559032454e-01	8.992651508072533328e-01
nan	-7.070690326491952948e-01	1.092437699010898822e+00	5.474123494500756637e-01
nan	-5.739804488548478911e-01	4.298324641736680496e-01	1.747025894284537362e+00
nan	-8.757278115678117647e-01	-1.040471287668858658e+00	5.504465726608538390e-01
nan	-1.002452685428842027e+00	-3.672582465287959064e-01	-1.049373343425763494e+00
nan	-8.819459462470744526e-01	-9.269780338937088082e-01	-1.013038975731576308e+00
nan	-4.868109711162878495e-01	-5.083587646290412820e-01	1.843089933284896009e-01
nan	1.513590277850422883e+00	7.557651597150125689e-01	1.743354508843669937e+00
nan	-2.815633745842869295e-01	-4.746855835230132659e-01	2.884419382650976527e+00
nan	4.652197633040036640e-02	-1.165493877609999673e+00	5.982881764098536559e-01
nan	-1.659307986306377547e+00	3.962514446921494571e-01	-1.340077582077097151e+00
nan	-1.793944607988499751e+00	7.719425864900063550e-01	3.475640021335628660e-01
nan	-2.014539459810311239e+00	1.194727718203861255e-01	-9.364313021726995423e-01
nan	-7.490785795702056271e-01	6.297173924383321353e-01	-5.528660042380423301e-01
nan	-1.955465552199631585e+00	8.055286987351142347e-01	-6.404142255733681344e-01
nan	6.148150553321096723e-02	6.188210123556565634e-01	1.852227634279370871e-01
nan	-1.135300178312138808e+00	7.140753564305422074e-01	5.616261960353099436e-01
nan	8.417749674132839477e-01	-1.344941204252927180e+00	7.510419758971291770e-01
nan	1.621094224460516153e-01	-2.089396302545158957e+00	-6.422290756956865465e-01
nan	-1.683266410884340925e+00	-5.732644165948690418e-01	4.189176818160523785e-01
nan	-2.035694945252328303e+00	-1.470299664959104469e+00	-1.198612441379941274e+00
nan	-4.191915239202700372e-01	-1.880858649079721001e+00	-2.680635494591431245e-01
nan	-4.394266390108897413e-01	7.490779794506174927e-02	-9.535961352134814106e-01
nan	-1.957951562051316818e+00	-2.851113440707827573e-01	-2.687778807149848181e-01
nan	-4.455679861229906447e-01	1.527168510032547166e-01	-1.607062267059429672e+00
nan	2.010453859584894420e+00	1.132014825923302714e+00	-1.306021514501716219e+00
nan	8.240564479703588185e-01	1.291623936460423616e+00	-1.501154812985675824e-01
nan	5.134978802959839772e-01	1.882453953552357451e+00	1.172470030296184351e+00
nan	1.650458617989932542e+00	-7.408432770095385589e-02	1.170497241585024106e+00
nan	2.147912758183819770e-01	6.893870180124691549e-01	1.143755502668225343e+00
nan	9.927804967249268531e-01	5.419871897411601136e-01	1.313036311558073210e+00
nan	1.272624526250254462e+00	-5.660409526651932755e-01	1.545409073348830820e+00
nan	2.731843998086239012e+00	9.746348340517727582e-01	2.074603788544053251e-01
nan	1.770558516491314016e+00	1.243856779045470873e+00	4.514187929281585632e-01
nan	4.483488494614291109e-01	1.602310635040764097e+00	2.201236795865784579e+00
nan	8.978667449031564329e-01	-5.525239371498538166e-01	1.023465179878082498e-01
nan	1.510466703142503420e-01	2.808525061045505922e-01	2.855517629876854202e-01
nan	2.282772735395062480e-02	3.087000715930239281e-01	-6.729811475520779407e-01
nan	-1.071122742700364006e+00	6.185596948054320476e-01	-1.878934763868470803e+00
nan	-4.717199767220674467e-01	-2.082373628957836509e-01	-1.004548645142508523e+00
nan	-8.743230063783328232e-01	4.347235489728427105e-01	-1.620165945824318054e+00
nan	-8.995775038906116405e-01	-4.338540758043529788e-01	4.860023662430377200e-01
nan	-4.912000653922595217e-01	-6.884768181140149546e-01	2.823747199471219327e-01
nan	-1.800534678217301288e+00	-5.981894893693584514e-01	-9.255108015463978655e-01
nan	-3.329673724261922318e-01	-2.105460951129619396e+00	-1.914826586700077549e+00
nan	-1.151121690376038842e+00	-9.568284407206637532e-01	-3.395378514397624059e+00
nan	-1.881927976270448166e+00	-1.562183900170422746e+00	-7.323394407382559645e-01
nan	3.657287265867030790e-01	-1.253641745930947460e+00	1.971551301395755518e+00
nan	-5.871068649019269836e-01	1.956763830096275969e+00	9.640761691502376385e-01
nan	6.227788520936869965e-01	1.355395104256906569e+00	-4.242396648133873738e-01
nan	2.247181769917038219e-01	1.150813842168775025e+00	3.690579576887405011e-01
nan	5.884067997393410687e-01	-9.008832184255594067e-01	9.690665596238516866e-01
nan	-8.953956441844149738e-01	-1.370554336459985478e+00	-3.019089142753435429e+00
nan	4.420673951908410393e-01	-1.494702747575125112e-01	-2.275847100355005370e+00
nan	4.644746462667335152e-01	-4.114392963300099182e-01	-2.391540994000741271e+00
nan	-1.020372430127591823e+00	-5.808463749104149088e-01	-2.257153236791767270e+00
nan	-7.405859323364261115e-01	-2.208650368719567325e+00	-2.869664561938034542e-01
nan	-2.386774672113180618e+00	-4.665842779556070852e-01	6.953051044760916177e-01
nan	-3.111880971909452009e-01	-1.535757683845099475e+00	8.945736566634779896e-01
nan	3.254666225970894722e-01	7.678227870375478048e-01	5.055284509382871327e-01
nan	1.252667370896412558e-01	-1.670332601543513373e+00	-1.170760812443324417e+00
nan	2.676672237198972626e-01	-4.461022139671383391e-02	-1.702334157227465727e+00
nan	4.548834861091530235e-01	-5.820849780356079917e-01	1.132925362942346803e+00
nan	-7.283657042424893646e-01	2.113079502375820595e-01	1.163919420124803622e-01
nan	-9.292990520504516017e-01	-7.853017190540394488e-01	-9.609035446227803812e-02
nan	-1.053676034401979322e+00	-1.585521381007668040e+00	-1.483421742353773887e+00
nan	-2.087516369898454016e+00	-1.891352800073539120e+00	1.121177230949005343e-01
nan	-1.721327762763474656e+00	1.875701809177490187e-01	-4.668451324795229174e-01
nan	-7.291607937701494180e-01	2.261992664698392330e-02	-5.043199160113085444e-01
nan	-4.490808302751999603e-01	-1.453515810989012946e+00	-1.920873846822517494e+00
nan	1.778302349806207827e-01	-1.267237693212729166e+00	1.275629663433075489e-01
nan	1.858585896969485174e-01	-1.012713071791589980e-01	-5.824594565631509013e-01
nan	-1.791998019573080247e+00	-5.427506069902218178e-01	1.910271955576410496e+00
nan	-9.812031012106852135e-01	-6.634654403470485740e-02	2.351039846279417977e-01
nan	-3.250663437588985349e-01	2.384248285811075840e-01	5.999475024792030181e-02
nan	3.509236715227023184e-01	5.104806289520217311e-01	4.307655015380341124e-01
nan	4.529134097565552519e-01	8.196936371752397976e-01	-7.850427775064117153e-01
nan	8.597509181212314999e-01	1.485445503344263063e+00	4.217458308372974973e-01
nan	3.820229454936019398e-01	8.165207527628777218e-01	2.031951011469101953e+00
nan	1.494148603716349832e-02	-2.521253981371933128e-01	1.881087847157646875e+00
nan	-1.983612290950322432e+00	5.552263467435291089e-01	-1.293055242818198725e+00
nan	-1.690048714194739565e-01	-4.115217473315314622e-01	-1.151544261084808396e-01
nan	-3.897345318336928321e-01	-5.304718830044571343e-01	-2.387567697292709568e+00
nan	-6.857270540964587324e-01	-5.698119887088863855e-01	-2.525385792171911170e+00
nan	-5.700910374788493717e-01	-4.806660986386906975e-01	-1.312286872845226160e+00
nan	-7.846271711021797213e-01	-1.161042598143056770e+00	-8.270267209997816948e-02
nan	1.806473403303948011e+00	-1.094692974902617078e+00	-2.878218469309371308e+00
nan	-9.727078586811848115e-01	3.054568924964110588e-01	-1.186991482694148115e+00
nan	-2.224333636971485895e+00	2.097953500578443098e+00	1.560002799052879752e-01
nan	1.162739214308835312e+00	-1.620762191516317285e+00	1.244280824695993770e+00
nan	-4.816716000179434021e-01	-2.754430445336124578e-01	-2.228371242300176025e+00
nan	-1.737118159902853565e+00	-3.895283242218846587e-01	-1.557511258290923184e+00
nan	-1.019017133777710749e+00	-1.143614787880626871e+00	-4.045883676115217820e-01
nan	-4.671509330003209559e-01	3.687834976510931950e-01	4.185932535191073667e-01
nan	1.570004714722309513e+00	4.832559566195673284e-01	-5.533082522946006221e-02
nan	1.473008763624797268e+00	-6.895402378331169091e-01	3.069909471541071966e+00
nan	1.831091443631697624e+00	-1.453868931668167441e+00	4.302476675782688220e-01
nan	-6.250968145438969836e-01	1.442870886199000058e+00	-1.236271941179734934e+00
nan	5.990018259900333764e-01	1.119589400754774200e+00	3.389876390478142598e-01
nan	4.130653618166054697e-01	-1.938974021950087945e+00	1.543646241721535084e+00
nan	-3.337434407478875320e-01	-1.950596607628811485e+00	-8.386706760559672347e-01
nan	-2.056846124464996262e+00	-1.765060110347811850e+00	-1.408440500258647532e-01
nan	-2.647227083258031577e+00	-2.064489921560905827e+00	4.106620149337296688e-01
nan	-1.569591212611052278e-01	-1.113265479009040160e+00	-8.088027354433208194e-01
nan	-7.172160461630909811e-01	8.224418108678943629e-02	-1.709848892279057231e-01
nan	-1.586424302279131782e+00	4.191102466858988018e-01	1.860701126764456204e+00
nan	-3.705383677591951308e-01	-2.256231865865979014e+00	1.577543664517447208e+00
nan	-1.651613716450506253e-01	1.050840348361351761e+00	-3.572054378835554100e-02
nan	-3.316735087642518898e-01	5.223789680066202035e-01	1.388970343954564424e+00
nan	7.232727714232061178e-01	1.117517238122240686e+00	3.407641473875925309e-01
nan	2.417667806665898311e+00	-1.719676029439106912e+00	1.075555850011939540e+00
nan	-2.395495306074904573e-01	2.209331883816780528e-01	1.116034622022846090e+00
nan	7.986924623097192422e-01	8.393328727135200840e-01	2.966306445460201169e-01
nan	1.798560138117911711e+00	2.102762825818247805e+00	4.076160219228787129e-01
nan	3.790490479062798457e+00	1.517220353920518905e+00	5.795263312463858618e-01
nan	2.107050736107929811e+00	2.812716525377905619e+00	3.427759962459288601e-01
nan	2.034734125925207415e+00	5.468042254957035109e-01	1.280753255313377803e+00
nan	-9.883374098606886315e-01	1.479209234564630826e+00	8.935539597055015548e-01
nan	-4.982468804501506421e-01	1.570233022615076912e+00	8.347985822344079487e-01
nan	6.241118340605446013e-01	1.928335563163420474e+00	2.340870263443584065e-01
nan	-3.050976985416259391e-01	-1.340883742070239082e-01	1.296938052992731016e+00
nan	-1.481743260641244397e+00	-1.340853179940070028e+00	-6.530091912296679402e-01
nan	-1.878627769595309527e+00	-1.555401702916715756e+00	1.530106094788053372e+00
nan	-7.567765827892682928e-01	-9.570973380854201906e-01	-1.290625447799173875e+00
nan	-5.459712740659663499e-01	-1.325042462590032999e+00	-7.118996435538152978e-01
nan	1.416917012751750526e-02	-1.572420034550052304e+00	-5.236321425415371156e-01
nan	1.228885798874580937e+00	-1.753090838912946703e+00	8.825533249217321075e-02
nan	-5.383971139648237036e-01	-8.202758690451132928e-01	-6.958488379164091686e-01
nan	-8.683844066799895067e-01	3.783570944831349259e-02	9.864557995539364743e-01
nan	-2.144737552792418955e-01	-7.896141844786153108e-03	4.268225257295903408e-01
nan	3.375871656953614020e-01	-8.645541535124062760e-01	-1.490420195639240442e-01
nan	4.267516681983005156e-01	1.083901873213239497e+00	-2.152923608728872118e+00
nan	1.906636505022147432e+00	-4.304760773067739521e-03	-5.698337316184309831e-02
nan	1.613594533369572037e+00	1.788292951458023139e-01	1.330135268364171619e+00
nan	1.351097696294084827e+00	-4.227692614154409112e-01	-7.111230194218215450e-01
nan	-2.220294976996613379e+00	1.177416566474607906e+00	-4.392596030360390036e-01
nan	-5.543330932605609052e-01	4.044469924217679035e-01	1.214425782386310493e+00
nan	-1.435246091249443134e+00	9.473756235954934324e-01	3.362061049932508761e-01
nan	5.255356101329808904e-01	1.097255806399698441e+00	6.550784875515118788e-01
nan	1.301804683222499204e+00	1.229987091151788725e+00	-5.299093937316506908e-01
nan	1.516068224541964771e+00	4.504321245796926165e-01	8.614315315580021171e-01
nan	1.952965054563206238e+00	1.027779465826080818e+00	1.548931108582653149e+00
nan	1.075022336037356308e+00	1.257009773753754001e+00	-1.005073426745733300e+00
nan	-4.779834652218739599e-02	1.135466170280553078e+00	1.703159834139186479e+00
nan	2.444487641942755252e-01	1.179610126002616832e+00	-5.653016253480637188e-01
nan	1.202330122567792703e+00	-3.306963413068684243e-01	-5.844844212353799140e-01
nan	1.013700863626013637e+00	3.071349224794353572e-01	-1.434458164592705254e+00
nan	1.690597547771209408e+00	8.005653798220560002e-01	-1.126810250429014726e+00
nan	5.286655502833712550e-01	-8.527725881166946520e-01	-6.576726313166915139e-01
nan	4.261688678030950972e-01	-8.742510484225224365e-01	-8.436874965337288756e-01
nan	-1.292323792463553334e+00	3.536351837799627251e-01	-3.150292118686674581e+00
nan	-1.514483170921910204e+00	-2.350559776821181113e-01	-1.702201089305653170e+00
nan	-6.418683298179991281e-01	8.761935764636599178e-01	-1.915131096054481508e-01
nan	7.947394659517574844e-01	-4.498460778187919895e-01	1.843178100232544692e+00
nan	8.805684581231287833e-01	-4.092015650660342507e-02	1.156205028690503900e+00
nan	-9.553446348955787482e-01	7.465485701294234389e-01	-6.408483817782807401e-01
nan	2.598256031127874621e-01	7.039308160039239870e-02	1.726829698872529795e+00
nan	-3.599026049494331581e-01	-1.948263550011149814e+00	8.694283140831832180e-01
nan	-1.929243055767654869e-01	-1.584880589681060048e+00	1.100289809220162729e+00
nan	3.259341232354763251e-01	-1.036150328148035760e+00	-5.764897051145313478e-01
nan	-1.186755702438107907e+00	-4.048473665627739249e-01	1.754232951475015456e-02
nan	-2.200091411315933776e+00	-3.367151960899564811e-01	-1.924727718340587534e-01
nan	-1.003310122729205389e+00	-1.071530351323973562e+00	-8.752661122570962737e-01
nan	-1.170480386478771617e+00	-5.941638706396444869e-01	-7.820666787871430881e-01
nan	-9.233350617273838878e-01	2.301247524708656123e-01	-9.266296555617694608e-01
nan	-1.454573229361201814e-01	-1.906783701912412310e-03	-1.357257627699400282e-01
nan	8.904395540177969526e-01	4.717984048714222167e-01	-1.015045322223135787e-01
nan	1.905962928303353676e+00	1.519964070195770622e-01	-1.161738049570490316e+00
nan	-2.844641005938813860e-01	6.743319602426158799e-01	1.530893860644470195e+00
nan	1.839009052074354278e+00	1.988670785630245019e+00	1.196886518682167999e+00
nan	1.252076251386571748e+00	1.480181388617978877e+00	1.037193883772808523e+00
nan	-3.674416482053074251e+00	9.350609325675713901e-01	3.910000585730982747e-01
nan	-2.162719570968782534e+00	-5.709783219224670026e-01	2.103106872526352866e+00
nan	-1.303596181829378864e+00	-2.049511229448259364e+00	1.290733050363141121e+00
nan	-9.225263517560801096e-01	-1.667176322930339349e+00	-1.129256533557904341e+00
nan	-8.670618927393323183e-01	-1.833870703664785662e+00	-8.349154957761460993e-01
nan	-1.185445760542859661e+00	-4.769796196118317733e-01	-1.410164539357472435e+00
nan	-1.023661152111984940e+00	-5.379006715414853534e-01	-1.218575768198671749e+00
nan	-2.140187266586257575e+00	4.362310273415165307e-01	-9.944322747597145185e-02
nan	1.857224972455690626e+00	4.927747947141819518e-01	-4.697524579283858248e-01
nan	2.108749176403552195e+00	2.760966826363303595e-01	-1.151208797600624445e+00
nan	6.495400179549984943e-01	-2.667050559317937442e+00	1.094962106342147745e+00
nan	-1.719568627350585244e+00	-4.079680579907770666e-01	-1.340955003426005820e+00
nan	7.538276705498786479e-01	1.872471300306276509e-01	-1.555424688401613187e-01
nan	6.769460138391711901e-01	1.492558901317996956e+00	-5.301477603774051861e-01
nan	-4.019272565928039276e-01	4.190800106499176780e-01	1.811840554069481746e+00
nan	-1.474208743858466120e+00	2.155469111560259499e-01	7.611609740035738536e-01
nan	-9.477153334250637551e-02	-3.647209519996052474e-01	1.172606332907569993e+00
nan	-2.935287257850136000e-01	1.794192470834621578e-01	6.934147648710751177e-01
nan	-1.708025315859789783e+00	-1.855399456448480144e+00	-1.802052221729565806e+00
nan	2.975097950537981539e-01	-2.012398560969631323e+00	-1.392867100717855022e+00
nan	3.560902101383973672e-01	-1.707802834428054251e+00	-1.629647056491455803e+00
nan	1.611816877359362632e+00	1.853923226836004190e+00	-2.102448135128635043e-01
nan	2.041989056096723765e+00	1.139641115330511711e+00	2.277328805565424830e+00
nan	1.932739199519057927e+00	1.125787546410799811e+00	7.872180255675575999e-01
nan	1.736387411836291861e+00	4.078305066001228774e-01	-1.018981885888597949e-01
nan	1.493443656815632292e-01	1.450110966523508793e+00	-1.037933093019326236e+00
nan	7.421177705476393882e-01	4.008435893025688035e-01	-8.164614788798391087e-01
nan	1.979246902288943066e-01	6.151589139122918271e-01	8.620818837124865075e-01
nan	1.691656401198614823e+00	-1.275008535469864146e+00	1.781781156942786604e+00
nan	5.347454470248865777e-01	-7.418039176484931829e-01	1.979771799587297210e+00
nan	1.335778382879968751e+00	1.961309927720959745e-01	7.621084427010462736e-01
nan	-1.258083477707637954e+00	1.611836942257618865e+00	-1.962178726762476844e+00
nan	2.178028158218502153e+00	2.336359387415061217e-01	6.511703079229343993e-01
nan	1.702161723261815585e+00	1.373857956526694180e+00	6.912808036477272600e-01
nan	2.003895737792638965e+00	1.025937522271628932e+00	-2.331336944643302989e-02
nan	4.215213746335750855e-01	2.743775017825542673e+00	2.434520159300511133e-01
nan	2.703308327935312061e+00	4.314096898079126108e-01	2.464299937454395018e-02
nan	3.234037021969482506e-01	8.816747499694311818e-01	-9.476001466222836456e-01
nan	-1.486413921930196391e-01	2.035882536995316183e+00	-1.505518790481562119e+00
nan	3.623251381091319168e-02	-1.929561995459705415e-01	-2.157436713473108281e+00
nan	1.881736291096322677e+00	-1.752869358043070758e+00	-1.051452505403669191e+00
nan	1.801688360993127125e+00	-7.822533624409971909e-01	-1.535463559463943195e+00
nan	-4.998496511318044067e-01	-4.126047465401869174e-01	1.918328947828892295e-01
nan	-1.532727375664638902e+00	-9.070279839008782430e-01	4.025105855421575174e-01
nan	8.212062578239012200e-01	-1.339779963748202185e+00	-1.563375929559240873e+00
nan	-1.023722595400795132e+00	-7.878801980233489377e-02	8.313257821014796711e-02
nan	6.510293351405653794e-01	7.035969982900858177e-01	-1.378793661642550017e+00
nan	-1.605998229786982368e+00	-1.060344832057562581e-01	4.009666170760386450e-01
nan	5.247138552040746529e-01	3.202714737742334838e-01	-8.855074772172122355e-01
nan	-1.396204673405060381e-02	6.009239120198898165e-01	-6.273243318595281837e-01
nan	1.341801706803746219e+00	-9.038689154170644890e-01	1.614052952560123488e+00
nan	3.461374266146605150e-02	7.845998876703638714e-02	-3.321560614072949225e-01
nan	-7.682566083800531631e-01	6.640642537661042288e-01	8.541688546242565128e-01
nan	-3.143206241583665350e-01	-8.117866694227617863e-01	5.836064088364861790e-01
nan	2.928156794450613165e-01	2.187146489855554266e-01	1.570004321391136326e+00
nan	-8.668395728011406565e-01	-1.148595623671945010e+00	4.854547574917644770e-02
nan	-4.827177168711438426e-02	2.413750194575914332e-02	-9.689287523772749378e-01
nan	1.649318069374850149e+00	2.452027627121009967e+00	-8.404065327531404783e-01
nan	1.387823777345411624e-01	-3.615600039894892870e-01	2.529934969126232502e+00
nan	4.068264330046665878e-01	2.308979706524834974e+00	-8.569716393705589796e-01
nan	5.844142627481589969e-01	7.756489994957275202e-01	5.119978282748027798e-01
nan	8.156450702021925681e-01	-6.627242149885015365e-02	-1.191774894308576416e+00
nan	-1.714606676166451349e-01	5.861045964973421452e-01	-6.803103365430666072e-01
nan	5.433708437175029937e-01	-2.356521428582139810e-01	-2.586603308655378575e-01
nan	5.111967802788152104e-01	1.092029789245305471e+00	-9.953308549382169357e-01
nan	-7.413029084678234293e-01	1.279184295048525266e+00	1.137061314198314910e-03
nan	-1.625953974476143649e-01	3.230381286414586994e-01	2.372399128834337567e+00
nan	-1.044430972401649393e+00	-1.195142309565561778e+00	6.358813702087993125e-01
nan	3.445992754835245364e-01	-1.961121474164542189e+00	-1.299244196526467832e+00
nan	-2.516190223363663936e+00	2.581146528560790410e-02	-6.980414434339907714e-01
nan	-1.067580378017356946e+00	-1.620602592136197284e+00	6.192034555961204445e-01
nan	-1.553867651932039795e+00	-1.818570149957459137e+00	-2.180598281172260844e+00
nan	-6.276683447067494814e-01	5.086450214904987277e-01	-1.309827104648823903e+00
nan	-1.583419701617228892e+00	-1.403405360184313277e+00	8.606905560432107638e-01
nan	-2.172073702000199003e-01	-6.754452515394593348e-01	1.448750431726511245e-01
nan	-1.902671183990196635e+00	-1.428964045265170846e-01	1.514451103850374125e-01
nan	7.977799639099989459e-01	1.074908133042772995e+00	4.643840184604954846e-01
nan	4.612721087067038761e-01	1.714294763025401291e+00	1.553951127420076350e+00
nan	3.480786692300086749e+00	-4.926130412100991895e-01	8.478466774128127215e-01
nan	-2.978201491000886936e-01	-1.345224776460236971e+00	-7.203194554376842751e-01
nan	-6.093452897232262133e-01	5.252514310077003312e-01	6.685082310019715424e-01
nan	-8.392590511175426204e-01	-1.799776028435050856e-01	2.746802003881335663e-01
nan	-7.785692181487429142e-01	-9.284917349648351692e-01	2.072135019324317540e+00
nan	1.034328736526540116e+00	-5.186310645394764940e-02	-7.438309029910409320e-01
nan	7.835779788972224713e-01	-1.150314271511123199e+00	-1.180173713056738238e+00
nan	7.584230282755557440e-01	7.667572580694788364e-02	-1.083855139721072058e+00
nan	1.421955860053340515e-01	-6.832805569959554681e-02	-1.867390505464362693e+00
nan	-3.592921877320534585e-01	8.695637390403593292e-02	1.303356827638207927e-01
nan	-5.866675168998015666e-01	8.273517522341382602e-01	-1.152764834408179562e+00
nan	8.824095675869270128e-01	-6.674488482035297876e-01	3.471330827473958491e-01
nan	-2.197078881039158382e+00	-3.777947122656035162e-01	1.448510371805242336e+00
nan	-3.188885572548688097e-01	-4.618058337206505937e-01	5.519262346857273238e-01
nan	4.741353379797457190e-01	-4.687188994460989022e-01	5.495701204074234791e-01
nan	-5.746265444933862376e-01	-8.529871861844191550e-01	-4.071913883545876800e-01
nan	-2.843175861754149159e-02	-3.835200785086895769e-01	-2.605228537688100143e+00
nan	-9.608812825863508045e-02	5.858362594872311702e-01	-2.089933617207472949e+00
nan	-6.491463282368896692e-01	-1.570261786664569614e+00	3.170333099771563967e-01
nan	-3.103878104452904574e-01	-1.410475084020680114e+00	8.517329387078421687e-01
nan	-1.922100218129037419e+00	-1.176018200382629164e+00	-1.090088566318257124e+00
nan	-4.634564403019190704e-01	-7.593645423151687002e-01	-2.999978674868042816e+00
nan	6.739570169820807699e-02	9.119264232628343514e-02	-3.643962802357181285e+00
nan	-1.179838388462415982e-01	5.104293700568479641e-01	-6.631455864071928996e-01
nan	6.229910750008493814e-01	-9.452401552539373419e-01	1.528528432726113939e-01
nan	-6.253015862063046049e-01	-1.056499366756521230e+00	1.413441465896412730e+00
nan	4.954613342146640953e-01	-2.026842118298307627e-01	-3.547274678643494994e-01
nan	2.282864349610932431e-01	-1.723125733843509977e+00	-7.117270581257368889e-01
nan	-8.374691531845526171e-01	-4.883426970378152432e-01	-8.324148858346203106e-01
nan	5.922785280679387920e-02	-8.784034861625873436e-01	5.437604314568589281e-02
nan	1.583481675673887590e-01	-2.516548060569099299e-01	-1.601034195561165940e-01
nan	-1.588522619980505146e+00	-1.281160434212020860e+00	4.852469739357470613e-01
nan	8.119530677484803061e-01	4.111281993448299144e-01	-1.274783423227379142e+00
nan	4.664533916618938125e-01	-5.749009274866985209e-01	3.662343779233114271e-01
nan	7.497238222949838271e-02	-2.685091034618304340e-01	-2.172734762491673743e-01
nan	-5.637212864528144962e-01	-1.544566695449195892e+00	-6.944301294795104385e-01
nan	6.186146187474989011e-01	-2.341178737474486571e+00	8.834726908859712458e-01
nan	-1.188597442640257906e-01	-7.614921690680733768e-01	1.456214361423613379e-02
nan	-6.303502604680111254e-01	-3.454882138550082749e-01	-3.272503161575009423e-01
nan	9.987936743381706783e-01	5.469097049608341310e-01	-5.119928089865777299e-01
nan	-1.714660488232153224e+00	-4.905329555065451319e-01	2.065705386492086237e+00
nan	-1.655499605793580464e+00	2.603592179695676245e-01	1.554500602042551805e+00
nan	-2.485621940910028638e+00	5.472284825639123218e-01	1.101451568033803508e+00
nan	-1.523841738984030303e-01	-1.069916913899642497e+00	2.558811976294700585e+00
nan	-1.516295828620474850e+00	6.384833662621602901e-01	-8.647390038374381804e-01
nan	-2.005901614820138068e+00	-3.757128294357964804e-01	6.400504364431629512e-01
nan	-1.265646844528187209e+00	-3.169997760751490090e-01	5.822676280260856707e-01
nan	-1.868502293834698236e+00	-4.467758796724055070e-01	-1.498592955136601512e+00
nan	-2.767057456887629385e-01	-1.642511202611416143e+00	-7.294006595431790085e-01
nan	3.429975909507988474e-01	-6.983982984641958769e-01	-5.977518633216041266e-01
nan	4.395656398492882033e-01	-4.464780164232947657e-01	8.336822030506791936e-01
nan	3.115960389054209245e-01	2.927548784892467504e-01	3.722798007068971460e-01
nan	-4.187008228815609079e-01	9.212592238424030522e-02	-1.366912667622017796e+00
nan	-1.025419773021168490e+00	7.545803445727572445e-01	6.125851339263682638e-02
nan	-1.190607984190910740e+00	8.475309986548965613e-01	-3.964455134883916321e-01
nan	3.080334694821154629e-01	-3.445895256994470079e-01	9.717556533778307637e-01
nan	9.628684411985205527e-02	2.099845575747041782e+00	3.891040028243503701e-01
nan	2.282034435324581612e+00	8.752715990029713566e-02	-1.273044277736691043e+00
nan	4.910903138265748646e-01	4.271904163535205634e-01	-4.255931127691768290e-01
nan	1.143362270325413821e+00	-1.977908079801940500e-01	-6.137615254020294397e-01
nan	8.832761757515550372e-01	5.096593574053985831e-01	-6.913582266367235274e-03
nan	-1.153868806009655579e+00	-8.036227266201911856e-01	-1.171400750313596140e+00
nan	2.637681018671843569e-01	6.121030291190662220e-01	7.544572969248929395e-01
nan	4.998360517821820448e-01	-1.094216847557749839e+00	-1.204130814298272956e+00
nan	2.022311981000365577e+00	6.872973737555174711e-01	-6.543030638444657932e-02
nan	3.241230893928982226e+00	6.751518772444828898e-01	-4.527462446442724886e-01
nan	2.174746429799359504e+00	2.491183368866808134e+00	-8.997286446314145536e-01
nan	1.035781890721028775e+00	8.680327280710600224e-01	7.039754285916396404e-01
nan	3.831742121438764803e-01	3.514332342685061450e-01	1.534462289508709443e+00
nan	-9.917108864774814014e-01	-1.592970271662564885e+00	-6.427705383548040219e-01
nan	1.036024707236456344e+00	6.700048908965283712e-01	-6.531082831305672354e-01
nan	1.221338314781020173e+00	7.000697936060470417e-01	-8.569789823978694043e-01
nan	5.340435724888077385e-01	2.917485323168998446e-01	4.416447664212985735e-01
nan	4.287550805199668580e-01	-1.459817513148066626e+00	3.134674798186495304e-01
nan	-3.222820868453545540e+00	-2.685027526561361011e-01	6.232984980193897462e-01
nan	-1.713220728899226275e+00	-6.817873889458554437e-01	-2.471039898718209726e-01
nan	9.649551982866002575e-01	1.285249763683993240e-02	1.253273750842166967e+00
nan	-1.196038954160396073e-01	9.614199250216050041e-01	-9.902896173807251845e-01
nan	-2.708563913071887486e-02	9.690695579232884160e-01	4.943570238898314928e-02
nan	7.199425671503940638e-01	-9.064725047611246200e-01	1.198761336076776374e+00
nan	-1.291954837814326185e+00	6.289502721551641917e-01	5.108831763833471262e-01
nan	-6.257726351104858642e-01	3.418148288593296780e-01	1.290197042285381013e+00
nan	1.434475099689263566e-01	4.557069582711806288e-01	-1.641586081204092773e-01
nan	-1.317591930769679287e+00	2.394377866111971065e-01	6.276179298853598043e-01
nan	-2.071048229848709177e+00	5.936276552478668700e-01	1.123138533860572164e+00
nan	-4.424700971700517571e-01	9.971658384738821823e-01	-2.087157933129046850e-02
nan	1.753837095710956806e+00	1.864169692244509235e+00	8.225105229956315434e-01
nan	1.406974523692494650e+00	1.535333087055271939e+00	5.970227106985824816e-01
nan	1.206423696958440539e+00	-1.274192967584611313e+00	3.797201786079695829e-02
nan	-7.471480770816176786e-01	1.539797872279534963e-01	-1.552659775889575489e-02
nan	4.379298094436566702e-01	-2.079305660203739359e-01	1.267417184207213054e+00
nan	-8.938886953228298848e-01	-8.561222100942618152e-01	2.747486599736450597e+00
nan	8.517102599646654282e-01	-1.199331619671261340e+00	-1.672563199769435460e+00
nan	-8.532148706407090000e-01	-9.420890766081344569e-01	-4.771366675868744522e-01
nan	-1.493455403502035317e-01	-3.074685316512115740e+00	-1.513557818467154759e+00
nan	-1.264785368880879002e+00	-2.773110600674146831e+00	-2.548871583336476121e+00
nan	-7.863721497331086496e-01	-5.723351593043984886e-01	-1.230780784644767367e+00
nan	-1.121206790955128207e+00	-1.216031659741633186e+00	2.159151583103312566e-01
nan	-6.429192080832474288e-01	2.690751760056278030e-01	6.529357289730484126e-01
nan	-6.581834257860268433e-01	1.102635180281813732e+00	1.049963479582931347e+00
nan	1.770392991110762704e-02	1.673873540095446755e+00	6.310574823621458718e-01
nan	-1.677219533241132154e-01	2.591997223931106653e+00	1.742935277275015737e+00
nan	4.508780304267164252e-01	1.299744350833390349e+00	9.771431764661253627e-01
nan	3.178127164680339400e-01	-2.119712621847017697e+00	-5.395282601771028697e-01
nan	-2.116435274772174857e+00	-6.873341021313706944e-01	-3.093064436644429316e-01
nan	-1.405816833150841383e-02	-6.389729384392899281e-01	-3.537861507594828869e-01
nan	-3.800051575630419842e-01	-2.353468716560981056e-01	-4.649515966305526327e-01
nan	-6.518087749169987344e-01	9.174121342017227398e-03	-2.865358059055037043e-02
nan	1.427588353094980389e-01	1.568141202378555477e+00	-8.651378277391006399e-01
nan	-7.026046845142298602e-01	1.062635307588012612e+00	6.333670950372262132e-01
nan	1.115595383212762970e+00	-4.953561452531892728e-01	4.061400797550603903e-01
nan	1.077347247492121740e+00	1.061071587064348204e-01	-1.751403362129835717e+00
nan	1.209669075407875161e+00	-2.433693692988764812e-01	-6.182222374911794383e-02
nan	-4.214103036195360197e-01	1.661882917314152497e+00	1.975930992029498734e-01
nan	4.090326376655383456e+00	9.750099215210508152e-01	-6.446954572850016607e-02
nan	2.667007794001560406e+00	1.971678586536158573e-01	-5.839172340533875794e-01
nan	6.684784841834887636e-01	-1.239924619484820134e+00	-1.152097689333493769e+00
nan	-1.908848001012904305e+00	1.009314514046500133e-01	7.575701168622054338e-01
nan	-5.815627934154222745e-01	-6.099979554268406545e-01	-6.806058802256678142e-01
nan	-5.398138229662277077e-01	-8.987917962750699985e-01	-1.428101766504790815e+00
nan	-6.607544102328981594e-01	-1.244350168667544443e+00	-1.966781423721152278e+00
nan	-1.676379833485903248e+00	-1.174327898021850114e+00	-2.399934510295331780e+00
nan	-3.119113238563331336e-02	-1.507964311634059529e+00	-1.492131373326150978e+00
nan	-1.014893045085083489e+00	-1.171901880609928392e+00	-9.111825653991462159e-01
nan	-5.945189659289433770e-01	2.624506007395880358e-01	-3.270325098172132683e-01
nan	1.367956082969794762e+00	-8.496678133739969663e-02	-2.330882870563100173e+00
nan	1.874364929480440312e+00	1.691755252439832713e+00	2.108332333588065488e-01
nan	1.233509210400645983e+00	2.666826882640711549e+00	8.489910869907393298e-01
nan	1.662036506902230037e+00	4.230479293130695595e-01	5.909110841455023078e-02
nan	1.233287390992539700e+00	-2.190739390223149785e-01	1.095190952697022491e+00
nan	1.842961312721913547e-02	5.773053928049954875e-01	-3.615043682901125655e-02
nan	3.574213754986480529e-01	-6.824790015141144472e-01	-7.779997370985007876e-01
nan	-6.006806343570578743e-01	-2.080044354076009960e-01	-1.794493146661181981e+00
nan	-8.802346773417155656e-01	7.637188493001492162e-01	1.316988389551136063e+00
nan	1.439820482461887430e+00	-1.154533591143012794e+00	1.302081694674211754e+00
nan	-1.339514628540741992e+00	1.006988539511238345e+00	-2.768308290679774020e-01
nan	-9.810675504083696818e-01	1.589322619719884866e+00	-1.696564846621425149e+00
nan	-7.636138284467768322e-01	2.955500617574416289e+00	-1.636497559758114173e+00
nan	3.637953889016466991e-01	3.151912233578070821e-01	1.500691882177299430e+00
nan	4.896273835982933864e-01	-9.804871768435269308e-01	6.965579964833168436e-02
nan	1.364355571231933850e-01	6.847670508633154629e-01	-8.443546652538713726e-01
nan	2.344067554827608257e-01	6.641266766840735469e-01	9.893378128919356751e-01
nan	-3.918150396193839091e-01	1.397653667268940136e+00	2.302896589403522487e-01
nan	5.554019645096074376e-01	1.677435887090675370e+00	5.803930146345585017e-01
nan	2.617319999497513261e-01	1.721955341173319720e+00	-6.912683644619637136e-01
nan	-7.387467257080362337e-01	-6.397731325307878247e-01	8.932157768155581934e-01
nan	-5.536958033148278169e-01	1.490205190610704999e-01	-6.020917050998149112e-01
nan	-6.115297195625279958e-01	8.798600107654828140e-01	-4.238001591024230796e-01
nan	5.673948376635896684e-01	-5.930727399023941748e-01	-7.434182378746475583e-01
nan	-4.756869894985887304e-01	7.705943338087719585e-01	-1.359047480607340042e+00
nan	1.764544758164298566e+00	6.137411415139841786e-01	-1.444036524290850110e-01
nan	7.722440190906826318e-01	7.491160130242094928e-01	-6.364344392882657075e-01
nan	2.202903606118338242e-01	-1.433411096010808627e+00	-2.012636714200402466e+00
nan	-1.360252464667506711e+00	8.396040276570250205e-01	-4.246272081304152124e-01
nan	-7.723259545800596759e-02	-1.268405603204278309e+00	2.370849657760044082e-01
nan	1.302641973695475741e+00	3.007543572305747537e-01	-5.808873977832612612e-02
nan	3.571715383610824524e-01	-1.209176408275173031e+00	-1.388245684445452044e+00
nan	-4.107902147529004511e-01	-2.278089609620699729e+00	-5.530652259531083637e-01
nan	-1.959836758570546955e+00	-1.324573417678506004e+00	-7.900388346951511265e-01
nan	-1.018539955021061649e+00	-1.565097123240275057e+00	-1.832363989358429812e-01
nan	1.175864815991178869e-02	-1.879896798396034407e+00	-2.744506257048946907e+00
nan	4.947181563970475260e-01	-2.739461907990642153e+00	-2.570330766547939572e+00
nan	-1.165800620797616816e-01	-1.110355301929811800e+00	-1.583193397982675998e+00
nan	3.357074406187373072e-01	1.874903110930279948e-01	-5.861631640943901767e-01
nan	-2.335815605634866121e-01	-1.430006749719595072e-01	-1.451884844141892339e+00
nan	3.041660127380764467e-02	4.667658045293780755e-02	5.025507169281151487e-02
nan	-7.021500974518101179e-01	1.247772306645555496e+00	1.776081991508872582e+00
nan	2.300469860251423415e-01	5.841871620059022607e-01	6.688887633430425916e-01
nan	4.307454774032644096e-01	4.866485609282029112e-01	6.526687523130680901e-01
nan	9.059006669798186362e-01	6.628621621041919099e-01	1.598887218400552923e+00
nan	6.096993364640814761e-01	1.455598148222714272e-01	3.205840650117521284e-01
nan	1.523005494523427261e+00	-8.689188003257635184e-01	6.082517932530662197e-01
nan	2.686220981697938104e+00	-4.133711175814597238e-01	1.856594803770067248e+00
nan	7.440802788714567795e-01	-2.719394966731504271e-01	-3.776189580219915798e-01
nan	-4.750651112899314521e-01	-4.115230338593444115e-01	-7.836264730364189690e-01
nan	-1.340049531089422707e+00	-1.904744491205277446e-01	-8.585556061509962422e-01
nan	-1.091176556261948427e+00	-1.318456376332348912e+00	-1.409809385983611163e+00
nan	-2.174242224591292239e+00	-1.507718746537542565e+00	4.614680628126694995e-01
nan	1.763603423510560209e-01	-1.630081201948653025e+00	1.223046004911004347e+00
nan	-4.215343850901300815e-01	-1.684867300444838456e+00	2.892298038504776403e-01
nan	-1.075133890190736574e+00	-5.232929800754680949e-01	-1.625546957812389781e+00
nan	-1.464768799264497101e+00	9.349611124719332533e-01	8.628498730607860878e-01
nan	2.634700740926383400e-01	4.956278024961388029e-01	8.855002717823253766e-01
nan	-1.170732413171728048e+00	1.382084915114813461e-01	4.208236254388666442e-01
nan	-6.932788754109142637e-02	4.975036999407794758e-01	-1.265572236994930932e+00
nan	-3.606425212121884272e-01	4.204345533115004807e-01	1.552226726815748581e-01
nan	-3.513355293201914087e-01	5.751818608183485448e-01	3.715157364046145494e-01
nan	-2.899528151282820820e-01	-1.062467351686124273e+00	-1.763322683496278298e+00
nan	6.643167610169453674e-02	-1.300315377920127080e+00	-1.884711972441839301e-01
nan	5.877621809537975084e-02	-7.412668671931248454e-01	-3.806159175944562323e-01
nan	-2.340583050488384831e-01	4.221080697026955986e-01	-4.364657333019595908e-01
nan	-8.586162177271273732e-01	-2.203562276418520594e-01	-1.270677296896682018e-01
nan	-3.358539434081426189e-01	-2.109874475416511075e-01	6.463345815261025695e-01
nan	3.154879579907244880e-01	1.616627371184861106e+00	1.127706780180034868e-01
nan	1.893609076918975731e+00	6.935283027447642912e-01	1.319640847045846277e+00
nan	4.479992884696548661e-01	4.899387470644001596e-01	-6.356646318207231916e-01
nan	1.180788369040806085e+00	8.305670298017830966e-01	8.556021928724943937e-01
nan	2.149943169417053213e+00	-4.506270270261332200e-01	2.537353240255620368e-01
nan	-2.985985532914318119e-01	-5.601816919655463467e-01	-1.330195668748422877e+00
nan	5.600762861885029142e-01	-8.306727851251750616e-01	-2.941641864771938231e+00
nan	2.544216088811598331e-01	-1.242688740281401583e-02	-4.163262280028664497e-01
nan	7.409656804557346321e-01	-4.565936222674531197e-02	-4.295027495090129876e-02
nan	3.408754356900473015e-01	5.862898975048304040e-01	-9.162743030086577534e-01
nan	3.891992656870250089e-01	-4.471378476862120088e-02	6.180416336098749630e-01
nan	3.018165559998895464e-01	9.597162748375380747e-01	-7.386049323093402119e-01
nan	-3.513449925861082401e-01	1.236333002034916584e+00	-6.092082480650627963e-01
nan	-3.732535628772504221e-01	1.844806212058551331e+00	-1.326129280014060885e-01
nan	-4.228964431785662836e-01	-9.049195160807993465e-02	-8.082892013138054388e-02
nan	2.519231863080340084e-01	1.271227732424602186e+00	-4.076941339261325736e-01
nan	1.044902834458730334e+00	-7.229206044276403897e-01	6.468139566275530328e-01
nan	1.496387495025352177e+00	5.269819992399694675e-01	2.241412422617111044e+00
nan	-4.873714329560213665e-01	4.502837493697287030e-04	-2.824499382556324711e-01
nan	-5.967872992952980571e-01	9.811104248706272735e-01	-1.642096449377366874e+00
nan	1.120069185401947776e+00	5.117712458367857931e-01	1.534510560971809490e+00
nan	2.186835554427803974e+00	2.071187040109309319e+00	1.419550759444621280e+00
nan	6.853610339043376687e-01	2.131723795021844836e+00	2.156086833992687080e+00
nan	7.080685525563029659e-01	1.447479438698378251e+00	1.513927459655935337e+00
nan	3.140197633436291325e-01	1.070267479869891014e+00	-2.930482689880737901e-01
nan	7.892967977824660863e-01	-4.437583594062142200e-01	-1.771796002575869666e+00
nan	-5.904520055479735019e-01	7.831949843036024594e-01	-1.628670086114376803e+00
nan	-1.646910453440935562e+00	-2.658465576089388827e-01	1.651756838411573280e+00
nan	-7.112149621808617761e-01	-1.879199774427917635e+00	-9.796420768186642203e-02
nan	1.667163350364676777e+00	6.506637173959775033e-01	-2.596147953938451880e-01
nan	8.167347870572027047e-01	2.705511414506215351e-01	1.609920143170808782e+00
nan	4.776250694342569769e-01	8.834864670074433768e-01	-4.782171053757654500e-01
nan	-1.879934128566483231e+00	-1.163830198770800184e+00	8.098308095193507139e-02
nan	-8.905103460307232099e-01	-2.159823657874214931e+00	-1.141457588561410219e+00
nan	-2.656304350054051078e+00	-1.642537574058901662e+00	-1.744971402843172426e+00
nan	-2.690222494239331574e+00	-1.689728832549824311e+00	-2.039604275840574132e+00
nan	-1.985254087699853898e+00	-8.221514828427781696e-01	-1.899044883198403255e+00
nan	-2.526095076110540294e+00	-1.055310368107173158e+00	-5.759519989043141441e-01
nan	-1.026410308490306900e+00	-1.827167383446169691e+00	-1.637004023533159103e+00
nan	-5.381890367193087332e-02	8.325150459739044662e-01	-1.463984159569386989e-03
nan	2.347944507244114742e+00	9.770913800266494142e-01	2.058575252366931618e+00
nan	-1.829313430544301511e-01	1.271644581433462928e+00	1.490219259161765786e+00
nan	1.713994738021379360e-01	9.831094745989872319e-01	1.925066085686855555e+00
nan	6.923846562278890282e-01	1.519844164436946476e+00	1.540742888140326894e+00
nan	1.240283708848682664e+00	-2.132546834944681891e-01	4.325212566432156125e-01
nan	6.918234891696132260e-01	1.662939465343596934e+00	-1.017152128595320892e+00
nan	1.238020190824685063e+00	5.894681522131921536e-01	-1.525814929316271773e-01
nan	-1.597862179329053722e-01	2.207985422015787957e-01	6.368923476211555412e-01
nan	1.797132603021377006e+00	1.961287231057882718e-01	8.369864872126920874e-01
nan	-1.577116983408813899e-01	1.474478828992789925e+00	-1.073948528113825462e+00
nan	-3.292390379631325303e-01	1.288793558512392634e+00	9.507214018013062651e-01
nan	7.642702164070540594e-01	1.874905090041574907e+00	1.412635006612582789e+00
nan	1.747704383078404700e+00	1.438191027408809886e+00	2.568114180713815919e+00
nan	3.786095693824130803e-01	-1.476599916498505305e+00	1.087945004754674594e+00
nan	-5.316607248397680063e-01	1.085230418536119901e+00	2.191495930350598198e-01
nan	1.699550168899364166e+00	3.694744112892539567e-01	5.926473350991623423e-02
nan	2.032169957274220451e+00	3.240009625692596096e+00	5.565667549279609272e-01
nan	1.006310756169683351e+00	2.295084159982135663e+00	1.946140425371511107e+00
nan	1.194886942078080994e+00	5.513289986810254728e-01	2.296883468252925109e+00
nan	-2.419708977771876102e-01	3.009797925910838723e-01	8.257076352515763107e-01
nan	1.241507128571417429e+00	5.120796929972020184e-01	-5.605458497408895013e-01
nan	2.154739792987832026e+00	-3.695038297692913032e-01	1.853999397365096780e+00
nan	-7.053937368083281756e-01	1.420501338575246741e+00	-2.119044904879105573e+00
nan	1.172549012721514572e+00	-4.388420921102292871e-01	1.527739306186930879e+00
nan	2.260437571320115246e+00	4.077173963313754368e-01	-9.808713398920283488e-01
nan	1.442144954234569010e+00	7.577743449945850696e-01	6.635043176252970465e-01
nan	-6.036945024155226935e-01	2.235855090884085072e+00	-5.944527315922543131e-04
nan	1.405439897528236948e+00	-2.057028863841480426e+00	-9.683852295653749831e-01
nan	9.344215713211709851e-01	4.706586299429430520e-01	7.510168306716469289e-02
nan	-5.459713857877066534e-01	9.853778173839913279e-01	-1.990234013331459162e-01
nan	-1.314285903937250533e+00	-1.653880635346865191e-01	2.385270357106385131e+00
nan	-5.892469211305850774e-01	-5.674135246077672834e-01	7.192839234275461013e-02
nan	-9.665916418797573240e-01	2.417420310607177658e+00	-1.417454625867556217e+00
nan	-1.456294330260850534e-01	5.597884203082625909e-02	7.218322342712721884e-01
nan	5.773762603322758064e-03	-1.010622130448396661e+00	8.804012951639611506e-01
nan	-9.168765977808599477e-01	-1.058241815032578970e+00	-9.518747793916471078e-01
nan	-1.014464205158417620e+00	-2.162963596079392925e+00	2.888020330779014211e-01
nan	-2.095958981569499890e+00	-5.188719214843851013e-01	-1.860198572081537272e-01
nan	-3.482448981869675775e-01	-1.658947990351013146e+00	-2.248621684736527293e-01
nan	-2.361080266038975584e+00	-2.566631563747681644e-01	-1.776409498504224471e+00
nan	-1.715905418608433042e+00	2.114362316648555895e-01	-2.271943962662120176e-01
nan	4.052379835401254682e-01	-5.451209670751802072e-01	1.105619104199505182e-01
nan	-2.756952355341092675e-02	-7.732061953565833035e-01	-8.823452948858578893e-01
nan	-1.222169786091065857e+00	-7.820037248243902894e-01	-1.240051117694703331e+00
nan	-2.084840956091883690e+00	1.019228825570102082e+00	-9.070684212507158506e-01
nan	-2.264132743688060667e-01	-8.752488402623358477e-01	-6.818959793657738411e-01
nan	-1.117765196948949269e+00	6.890968678991399310e-02	2.527517974812734547e+00
nan	-2.263300459765680839e-01	5.794426727604875538e-01	-1.295949441428960291e+00
nan	1.654064743608268273e+00	1.639939036162060271e-01	6.861019222526665295e-01
nan	-1.063130823359021981e+00	2.216731286846636451e+00	7.742805044582079521e-02
nan	-5.733906177126623094e-01	5.171448867340155964e-01	-2.969561467513710529e-01
nan	5.331470869980143856e-01	1.049756292588131412e+00	7.427925049898765897e-01
nan	-1.021719544446073158e+00	7.016141074372412856e-01	1.060993133846407921e-01
nan	4.995319000677009846e-01	1.613375701342234514e+00	2.411722739681470884e+00
nan	3.458124291162502639e-01	1.291593497937120638e+00	-1.499438568711502162e+00
nan	4.371575431485591468e-02	2.163655542969638024e+00	3.556204184064338247e-01
nan	3.175077294972780129e-01	-4.224808953569466619e-01	1.421855780299986716e+00
nan	-2.557257794198773970e-01	-5.097917051041492287e-02	-9.057878733153994499e-01
nan	-6.232533955407297821e-01	7.136103450810293847e-01	1.488133738589048516e+00
nan	4.466883145094389246e-03	1.229958948823848264e+00	3.228512077254523938e-01
nan	-7.912673070704914213e-01	8.484871331461175670e-01	1.847525796903685791e+00
nan	-2.517614818869806093e-01	-4.611566485163400009e-02	2.233666678853443166e+00
nan	8.828626066604783329e-02	8.100050203251233372e-01	1.284372859184662818e+00
nan	1.390529458807827190e+00	1.918185764979885022e-01	-1.908330925497143671e-01
nan	9.606616816883849497e-01	1.613897356822348250e+00	-1.677965147264951051e+00
nan	5.536419577303102191e-01	1.159695737045137509e+00	-2.366178584158683318e+00
nan	1.239715057630431438e+00	1.488134061344913661e+00	4.681345903535024111e-01
nan	1.636910330972674910e+00	9.294561826918359415e-01	-1.269868275997136919e-01
nan	1.251907061628878548e-01	1.583000067594411586e+00	-1.151172269751058908e+00
nan	1.991545723316863192e-01	-6.350895168428101201e-01	-5.540339552363841014e-01
nan	-1.840025595014447291e+00	-4.872881543106312718e-01	4.053937382637477493e-01
nan	1.003974502333648378e+00	-1.186373804756529537e+00	3.215409168637855530e-01
nan	-3.906475021412861848e-01	-3.678058779784677546e-01	-1.227580686514495145e+00
nan	1.317339069443672850e+00	1.080556752494862272e+00	-8.733597347194606009e-01
