nan	1.071088140534521393e+00	-3.436160836954321174e-01	1.084872663888476696e+00
nan	2.710150465095141348e-01	-4.242270532915545234e-01	-1.769089552182319336e+00
nan	4.670933335966381134e-02	3.895034169571349181e-01	4.069466765123075369e-02
nan	3.456156297561382429e-01	4.424596441082127019e-01	-2.337064777517182002e+00
nan	5.082485372870634288e-01	-9.694556935614397908e-01	8.268127510266121138e-01
nan	-8.936021757182488479e-01	-9.042304701938785882e-01	7.800994576292028526e-01
nan	-1.240665960587331362e+00	-5.572698769514367045e-01	-1.469216342776439754e+00
nan	-1.705404651824803386e+00	2.131979080866505116e-01	-6.697140406688177894e-01
nan	-3.296231155980479666e-01	-8.246383347372931993e-01	3.686091895576177890e-01
nan	5.406301824492903974e-02	-3.604338754453874083e-01	-1.993433667219251526e-01
nan	6.353051993827375510e-01	-1.376553682285431179e+00	4.550184163270559190e-01
nan	2.136313009188368639e+00	-6.584826216997142767e-01	1.215792250724087031e+00
nan	4.731806003826221629e-01	1.485932819596103460e+00	-1.513772442635291871e+00
nan	9.442486454745186997e-01	-1.499055904949664342e+00	6.533277781145857555e-02
nan	-6.437312638203305237e-01	6.680073622071520667e-01	-1.413620116570562635e+00
nan	-3.989041669359753572e-01	9.232545780822729586e-01	-9.830054794609451863e-01
nan	-4.846861882151812795e-01	-4.303770730667132449e-01	1.515789504705585156e+00
nan	4.896134852608890475e-01	-4.143936623272880260e-01	1.129965903495963708e+00
nan	-4.238351609380944240e-01	1.132637935358864922e+00	1.400580024385473243e-01
nan	-1.963549624704437280e+00	6.588154551728396813e-01	-1.041435083014133678e+00
nan	1.033560842724669193e+00	4.708125773222854304e-02	-7.240235903825913422e-01
nan	5.276268020705672246e-01	1.389730872802045880e+00	-2.694530148947838488e-01
nan	-9.536135175375206607e-01	-4.850267884754375647e-01	-9.925227767893012309e-01
nan	-1.166370792469572759e+00	-1.576465731662762604e+00	-6.067578237087938309e-01
nan	-1.984702115247870324e+00	-3.738098855950861554e-01	-1.230162336470398410e-01
nan	8.133141202424276628e-02	-1.701944210590285556e+00	2.588893627288328947e-01
nan	7.924621939772673596e-01	-1.457126416698025784e-01	-9.577259718409731892e-01
nan	-3.934668280613061730e-01	5.747177996447560000e-01	4.318571634049001018e-02
nan	1.197833048005852163e-01	-1.307605544785257479e-01	-4.621422885240195066e-01
nan	-3.704331535243810536e-01	-6.574134104591086158e-01	1.042087944563117041e+00
nan	-1.541481922230178103e+00	5.407141685166996226e-01	-9.116207672596048084e-02
nan	-1.077838312467893411e+00	3.375138645341447807e-01	1.826420021029685203e-01
nan	-1.131246620209766851e+00	7.536710533860596639e-03	1.302538480816375632e-01
nan	5.553626242299753990e-01	1.684454731264498628e-01	-1.011512311404838993e+00
nan	2.352470051983676091e-01	7.448930960675760327e-01	1.954770531624879570e+00
nan	-5.163232349411541744e-01	-9.321021060372767231e-01	-5.338994016846867474e-01
nan	4.488868113605340993e-01	-1.698172977199396083e+00	1.420027017227110555e+00
nan	-1.902181541328869407e+00	-9.968376322994851879e-01	-1.661154864571160239e+00
nan	4.068039510028389483e-01	7.352445452641405144e-01	-2.085097749438491910e+00
nan	7.284462276452809970e-01	-5.563038405152126442e-02	-9.727762747038839475e-01
nan	1.203582185976797975e-01	4.950791424571150401e-01	-3.479340982864268517e-01
nan	1.345347788826357194e+00	9.492723380150536183e-01	-8.227509848720645502e-01
nan	1.133948704524871731e+00	3.772363154727041423e-01	3.349056532387040264e-01
nan	-9.310298776788772379e-02	1.348863519056939797e+00	1.605813340475002460e-01
nan	-5.361030142972489365e-02	1.851526235883641736e+00	1.369114523350304813e+00
nan	1.868104385335734863e+00	5.390086449065815133e-01	-1.160900414933416780e+00
nan	-1.299042093454888747e+00	6.569943567482660063e-01	1.183460780001496460e+00
nan	-3.295675575168846017e-01	-6.925172883075008112e-01	-4.945786483631527952e-01
nan	-1.241892572616054347e+00	-2.892755530793249541e-01	1.115276072000769725e+00
nan	-2.213717440486406396e+00	-1.898572856658051200e-01	1.330771709212878573e+00
nan	-3.919581360243415968e-01	-2.703090982377429174e+00	1.568303886414553316e+00
nan	-1.309645844978211571e+00	7.382346850306658048e-01	-5.637732991150481432e-01
nan	1.563079214828797525e+00	-4.198115805175435256e-01	-1.888090843781565775e+00
nan	-4.595700228835080114e-01	6.268963918357626230e-01	-2.400430313378087543e+00
nan	1.167679409821432424e-01	-7.587509449472655820e-01	-1.041189409320284476e+00
nan	1.561366246779132272e-01	1.128339031915324142e+00	9.027040934227481550e-02
nan	-3.958852864650042047e-02	-1.326417841673687370e+00	3.855734475779771797e-01
nan	-1.127940745687134649e+00	-1.789159568397699740e+00	1.878689874760472556e+00
nan	-6.619835330562041653e-01	3.782805495341956536e-01	1.616443421954927295e+00
nan	3.868869592988900319e+00	3.774757507393050604e-01	7.961718560477557549e-01
nan	7.932500907796582457e-01	9.458500805995396776e-01	7.333185883422382867e-01
nan	8.865368146216916490e-01	2.410876888923152439e-02	-2.103666870690192869e+00
nan	-7.778571118592192413e-01	1.131207768809013636e+00	-8.427300236046922910e-01
nan	-1.203616775272652983e+00	-9.585754106245549799e-01	5.423038686952774690e-01
nan	3.637352187301261530e-01	-1.229756313587047067e-01	-3.182567709889967400e-01
nan	-5.141009727817920094e-01	-1.662620011700531419e+00	-6.350773497678613433e-01
nan	1.308503784691961158e-01	-2.037771685356305262e+00	-2.212427845813356164e-01
nan	-6.002846940261619135e-02	3.829309170810140106e-01	-1.939112882349210754e+00
nan	8.957781497731904796e-01	6.404145982862182729e-01	-1.250817958804465668e+00
nan	9.655227128096488531e-01	5.268780775116976844e-01	-3.073472501226943154e-01
nan	3.950333283381791682e-01	-8.967992462793938913e-02	-7.991489625549540454e-01
nan	-1.962596179005455244e-01	1.618263139884575708e+00	1.350349000806672084e-01
nan	7.960427430720368180e-02	5.010358933646127388e-01	5.186235066804211202e-01
nan	9.603995025377762840e-01	-2.826148586737956547e-01	9.095281377014314828e-01
nan	-1.690686495615294715e+00	-6.863538587464683705e-01	4.809869051149004981e-01
nan	4.761556947965785991e-01	-7.207407823084229781e-01	-1.005314729740915958e+00
nan	-1.190366181636393295e+00	4.643697721424748237e-01	-6.530295681443067934e-01
nan	-4.679527586897405111e-01	-7.651920810813572782e-01	-6.947364225916646818e-01
nan	-6.411863698076383233e-01	-7.949854028767262548e-01	5.041360557316143520e-01
nan	5.903035438857590078e-01	-2.948017491020367142e-01	7.676483681325102504e-01
nan	-7.541016242936487979e-02	1.455209134271009175e+00	-1.199365868165011562e-02
nan	5.776414218080769825e-01	1.451248308342175886e+00	1.858379534562331736e+00
nan	4.488704533069500791e-01	4.633945621660686132e-01	2.162998667122581153e+00
nan	-4.929702230514501071e-01	-2.714147832601545574e+00	8.999845836239646069e-01
nan	-1.149697333009559008e+00	-2.169318522962739415e+00	9.429004652719995550e-01
nan	1.786577667101205691e-01	1.804998707691427562e-01	3.832911091141988913e-01
nan	-1.073444948536405708e+00	-8.763458655412438292e-01	-1.083022519049825494e-01
nan	-1.630759597911087155e+00	-4.515527026670083099e-01	4.454158644646989407e-01
nan	6.069307786571724872e-01	2.041534974230095223e+00	-1.211565720088470188e+00
nan	1.476647543799721962e+00	-2.787543977599068468e-01	4.682836894040032227e-02
nan	9.887519573913855497e-02	-4.498552398023406007e-01	5.846574040017055163e-01
nan	-1.880060592181073131e+00	8.963922780903281762e-01	1.358779123394392663e+00
nan	6.182559239282134911e-01	8.643029103497932297e-01	1.219500095400260165e+00
nan	1.292473724907438060e+00	1.640502367278371176e+00	8.651112887484431191e-01
nan	2.514068187680734923e+00	1.757044361436662205e+00	9.291190230249968263e-01
nan	9.882707189646355861e-01	1.929470080154985556e+00	1.813488544377105161e+00
nan	1.038657997168461744e+00	-7.697875028665986941e-01	8.606268867885767948e-01
nan	-1.189831250064519175e+00	1.167762889846188479e+00	-1.165737759296770815e+00
nan	9.034852942739157733e-01	-3.224797797526249843e-01	1.019524438876051875e-01
nan	-5.754218625279109434e-01	1.786925435045133570e-02	1.647995632974169899e-01
nan	1.289688711174535207e+00	-7.843809602872079401e-01	1.563986485101221069e+00
nan	-4.025657099861266186e-01	1.434302744162636589e+00	-4.771045091554907414e-01
nan	5.179199405690926294e-01	-1.005853207524757931e+00	4.099398745147672107e-01
nan	-5.304288998826912904e-02	1.209741956771745730e-01	-2.858592101805039309e+00
nan	5.762095066614012495e-01	-9.161209167103883111e-01	-1.028759205630093154e+00
nan	-4.081778439885229148e-01	-5.808327400800769591e-02	-2.515581420371184151e+00
nan	1.142159252406437453e+00	5.981487133177887383e-01	-1.481288072677047207e+00
nan	-7.058652897042405616e-02	1.556077528451664804e-01	-9.639248307826173701e-01
nan	1.969009177673263222e-01	-4.718873342819851491e-01	1.439316742305794872e+00
nan	-3.286619147414260311e-01	-7.883671547387162137e-01	1.435064363956847000e+00
nan	2.365467678917795302e-01	-1.900630033653826212e-01	-5.830012219647073834e-01
nan	-1.782131316007205535e-01	1.042630023200708411e+00	4.556116360202429050e-01
nan	1.404507478885130611e+00	-1.835035104387870319e+00	1.185892454054652267e+00
nan	1.529840292999304241e+00	-9.366781829038601792e-01	1.194705275942685274e+00
nan	1.096859741728981597e+00	-2.035688732023493763e+00	1.099541693514841795e-01
nan	2.199485326313832534e-01	-1.495868607096697278e-01	-3.689079670030214197e-01
nan	-1.431086664357777760e+00	-4.718513707836137216e-01	-2.010549797917835058e+00
nan	-1.140428478997815187e+00	1.311459570035144573e+00	-1.928883209083678274e+00
nan	-6.320267155512496737e-01	2.118125000849907513e-01	-5.235573989973260067e-01
nan	-6.977676592852272153e-01	1.269196798165915796e+00	-1.012014620175023527e+00
nan	4.152519416429785171e-01	-6.976042101999905265e-01	1.206458085256739837e-01
nan	6.286967767736901802e-01	4.377638323035573098e-01	-1.278865319043142046e+00
nan	-4.657248405406118619e-01	-1.169728988612361853e-01	-4.262203243909558625e-01
nan	2.126521423004157363e+00	-5.980265400963798994e-01	4.811357364916137302e-01
nan	-7.505471103823755374e-01	-1.169362975024806905e-01	9.954124978694505188e-01
nan	-1.357120937224414847e+00	-1.292356110121640311e+00	5.151995744316935077e-01
nan	-2.101842192077620908e+00	-3.462274051040592493e-01	7.634936631131784557e-01
nan	1.857230219803172044e-01	-1.585068909249025992e+00	2.207115528514461467e+00
nan	-1.535289945765279995e+00	6.524251668882399269e-01	-1.476259544948405722e+00
nan	-1.892078852191746985e-01	3.883288151780522335e-01	-1.289181533438720773e-01
nan	-2.607389579719154415e+00	7.110138500532689476e-02	1.860682566150467787e-01
nan	-2.037040646804925359e+00	-1.518835285571850768e+00	1.832063334326399895e+00
nan	-3.732147192038541839e+00	-8.435959314048946389e-01	-1.682974435246594958e+00
nan	-1.894533214742946337e+00	-5.564410345712198502e-01	-2.983339700926581628e+00
nan	-9.795605811251857364e-01	-1.918368239239306661e+00	-1.782121593278954030e+00
nan	5.129272653146882410e-01	2.644428241222928078e-01	-3.496072774489174417e+00
nan	3.376587069682698283e-01	-7.771295106102020789e-01	-1.836313559033690090e+00
nan	-5.291992507106848542e-01	-7.451416658314453656e-01	-3.624993374716205530e-01
nan	1.008002771042336265e+00	-8.978867270914409060e-02	-1.079266838464562062e+00
nan	8.504864732446701936e-01	-3.504687695227048927e-02	5.091057047270746150e-01
nan	-6.001330339818782278e-01	-5.004391459838408718e-01	2.313633299962238876e-01
nan	-2.370149064122291649e-01	-1.331412016890539451e+00	-1.289146904124625737e+00
nan	-1.997559605911266356e+00	-2.089545991007913273e+00	-1.220045228598203524e+00
nan	-9.726767364605182209e-01	2.358264102860181399e-01	-1.898125592740415035e+00
nan	5.515489648567435399e-01	1.064505912200949256e+00	9.551433750417218649e-01
nan	-3.290041184048457246e-01	8.009783341427022529e-01	1.183133580389286621e+00
nan	-1.274928212867771915e+00	1.143262544160222660e+00	1.181631137483988958e+00
nan	4.485205646873712815e-01	1.188328263493910741e+00	2.434565805576152098e+00
nan	4.466180177081949809e-01	9.977343856780560571e-01	2.285697325997799290e+00
nan	-2.032386517904681611e+00	2.072930277568620028e+00	-1.274246304167494070e+00
nan	3.454688644687869958e-01	3.805164021931035645e-01	1.652294911626260854e+00
nan	-2.083160945031007572e+00	-2.140791105941284023e-01	1.826802402427806893e+00
nan	-2.739842005874318254e+00	-2.614280012245260743e+00	-1.010304222554275211e-01
nan	-2.270221072191100919e+00	-1.702768067699995225e+00	-2.004124901081837384e-01
nan	-1.369665760604769744e+00	-1.559395405989366878e+00	3.075708304690882855e-02
nan	-2.401666975635677215e+00	8.605486364642107588e-01	5.733417151686265312e-02
nan	-1.653916338683633303e+00	-6.264256983270317658e-01	1.459124582827148631e+00
nan	-1.962672321983087720e+00	4.587200206492958454e-02	1.075744080315218953e+00
nan	-1.188572407164729228e+00	-2.706174703039784246e-01	2.726772445342021678e-01
nan	1.671020370717808623e+00	-2.613866357823209530e+00	1.583493355048332107e+00
nan	1.182724703165361380e+00	1.160790109955802230e+00	-6.110112912077436675e-01
nan	1.046132476355863039e+00	1.390460870040289620e+00	1.126861995585888954e+00
nan	1.451371688372608215e+00	-4.246321382519617771e-01	1.320140686282968545e+00
nan	1.255139018974519294e+00	-5.114975667541175053e-01	1.672672256858597883e+00
nan	-1.173770330157755337e+00	7.959461061162307338e-01	1.192922211819529066e+00
nan	8.320083831088719295e-01	-3.126791751767171501e+00	8.831790826066854283e-02
nan	-2.058125529203793103e-01	-1.479454780327476460e+00	7.716700380753817035e-01
nan	-5.377469114308962572e-01	1.872719111909250111e-01	1.171633024450323912e+00
nan	2.963407767425213502e-02	-5.484186332885956361e-01	-6.875483178958372577e-01
nan	-1.143449935163806108e-01	1.390486593242099334e+00	2.050517176712007839e-03
nan	-4.428452252494882169e-01	1.090645147131271031e+00	2.356271358417472150e-02
nan	1.429671970149421156e+00	3.612377736001199935e-01	-3.604188890095044728e-01
nan	-1.163579115480619208e+00	1.174353659295056751e+00	5.056708783737484669e-01
nan	-8.006620233982412183e-01	3.060239642331245152e-02	-5.234777927888318860e-01
nan	3.144771044631642365e-01	5.273731179127394419e-01	-2.084043358032292570e+00
nan	8.757302979081129646e-01	1.699839559817914125e+00	-5.548946312107245760e-01
nan	7.526919722029807858e-01	-8.590689746142139427e-01	-5.824812500822491579e-01
nan	-7.030698227360936414e-01	3.260456425582320406e-01	1.693318988566937522e-01
nan	-6.821008617833268506e-01	8.031405899221617517e-01	2.187089788310975225e-03
nan	-8.675862458813760059e-01	1.844451386614907484e+00	-1.558896856201482217e+00
nan	-7.170012366299951534e-01	1.069207090780864400e+00	-1.360999942805447782e+00
nan	-8.422950596846056071e-01	-1.484787375192981429e+00	1.624400397076352753e+00
nan	1.106937122684817698e+00	-1.643927147647103570e+00	2.773363914616028048e+00
nan	-8.767156936522865207e-01	1.419728186323775843e+00	-7.514813002530944530e-01
nan	6.111773135119250022e-02	6.431732904726510380e-01	6.321062822429819317e-01
nan	8.237597602344441938e-01	-1.463839220714376443e+00	1.791608895765807175e+00
nan	-9.841272488110942573e-01	5.805124666216628926e-01	1.450989340867853805e+00
nan	8.230654767698892815e-01	-8.735100526162259404e-01	2.572477813786163026e+00
nan	-3.952277370713966342e-01	1.597208145229216836e+00	9.838554308582986296e-01
nan	-7.078116435232002512e-01	1.078975313912028167e+00	1.802621649847316210e+00
nan	1.206314546466295878e+00	-2.241369541121738806e-01	1.365801602253011948e+00
nan	2.291019870050952534e+00	4.032456272940501130e-01	9.052570607954989468e-01
nan	6.474837049468162853e-01	1.532814376899911846e+00	-3.681201858779202807e-01
nan	-2.040598380398127354e+00	6.070144792390852473e-01	1.311101233129096544e+00
nan	2.201800511038842778e-02	1.131885289009908702e+00	2.544125046883538577e-01
nan	9.805712734433023048e-01	2.104284795890939197e+00	-7.189769376405423795e-01
nan	-7.855234406222673105e-01	-5.232544614679837114e-01	-5.138432651319150279e-01
nan	-1.028381684379636507e+00	-3.735169866729168842e-01	-4.310949957138696664e-01
nan	-1.003563966386469275e+00	-9.940147699153525362e-01	1.282358484521060327e-01
nan	-2.800094424296861728e-01	8.705938749067224647e-01	-6.763320518347424315e-01
nan	1.545328270939913207e+00	8.811705158807615901e-02	1.233479668207277058e+00
nan	1.384413524282760211e+00	5.740482523969563378e-01	-5.495363646057815910e-01
nan	1.788663148241440015e-01	-6.552945717509891521e-01	-1.055445631673440854e+00
nan	1.851568911234116876e-01	-4.529639918674751575e-01	-6.022125076043487457e-01
nan	1.063036720120437151e-01	-4.021214555140011360e-01	-5.042490826490059197e-02
nan	5.195410104881653668e-01	-1.718130752607431200e+00	2.566556718923150626e+00
nan	1.684416279607856004e-01	1.076557534804541083e+00	-2.784174462247507309e-01
nan	-1.436108571860333916e+00	1.350687507151081324e+00	-9.728914434501775288e-01
nan	-1.404873498934891551e-01	1.136071705885558725e+00	-1.742444003944590980e-01
nan	-1.644439773481276568e-03	4.814323694257566233e-02	-1.004895136697462998e+00
nan	-9.255303456088920244e-01	3.351076624517477676e+00	-8.188339251683135478e-01
nan	6.404889627343023362e-01	2.005147744281809086e+00	3.788614187544514955e+00
nan	5.274635017492814715e-01	9.733717564959943891e-01	4.141061943308750326e-01
nan	1.413223349061021761e+00	-2.062037973678834679e-01	-4.703448061539601266e-01
nan	-1.047307940846565755e-01	1.452413123175147203e-01	9.337831792714683665e-01
nan	-1.138129971475436569e-01	-4.013034183848480096e-01	1.808630932786374990e+00
nan	-1.852450396674028221e+00	9.077870708640755071e-01	9.969990097502502424e-01
nan	9.728047184737933506e-01	2.506017873779978200e-01	1.313210377400907181e+00
nan	1.573745751305487328e+00	9.134953659821967165e-01	8.104331641071149672e-01
nan	-1.630717941661350201e+00	1.437332777664480865e+00	4.582211486073488049e-01
nan	-8.000237225397742735e-01	-1.020741128766303296e+00	1.369775893120297461e-01
nan	-1.747920406553300721e+00	-3.187827387616485320e-01	-1.309812408539051898e+00
nan	-6.724686136825797078e-01	-8.663154082034786319e-01	-1.570520305725938037e+00
nan	1.217730234153207025e-01	-3.990864330577813535e-01	-1.418785068792632442e+00
nan	-1.202489695198400543e+00	-8.229337984620375135e-01	-1.682796472032098145e-01
nan	-1.677069728974041274e+00	-1.917020778430856387e+00	3.868724270857148984e-01
nan	-1.890545351653673878e+00	-2.887488246101840961e+00	-7.115113888649238216e-02
nan	-3.861429864382945887e-01	-2.833433807345129729e+00	-1.335745353918026401e+00
nan	1.923355096095037409e-01	-1.422160032300505694e-01	-1.299650582908054464e+00
nan	-1.158982938932070939e+00	2.694194693348525016e-01	-8.223552324532368285e-01
nan	-2.591122437928607969e+00	-2.382932178814745061e+00	9.070005599008228447e-01
nan	-2.370893646648422504e+00	-9.511937481212313639e-01	-3.286687262644766294e-02
nan	-9.220474947998631432e-01	-3.040994954450543464e+00	-1.778801189341527311e-01
nan	-1.908968114353037926e+00	-1.215161686992833445e+00	-1.825758956384011533e-01
nan	-3.014869331580641854e-01	5.282471262004428958e-02	1.376074886965398814e-01
nan	-1.394518549049508782e-01	1.354091513876469755e+00	4.006155075036388902e-01
nan	-1.088228784418172612e+00	-1.492293595974670151e+00	-2.814863842228919610e-01
nan	-1.919973772865699146e+00	-3.701131904562993680e-01	6.965877873094994399e-03
nan	1.493375802520984230e-01	-1.261178871212927710e+00	-8.543067374785575652e-01
nan	8.020741652625770213e-01	-1.048212802567795254e+00	-1.725770974939354607e+00
nan	-9.598106278038294192e-01	-1.255621977186191174e+00	-7.167128180847781582e-01
nan	5.356645730176279319e-01	-9.411604123092600638e-01	-7.367961471120940686e-01
nan	-6.289984171445976990e-01	-8.023819058639674040e-01	1.459503373468242993e+00
nan	-1.370700550813330532e+00	3.639090356144576988e-01	-7.468053188055223668e-02
nan	-2.505715517850584106e-01	4.339747026761399673e-01	1.375765853521910609e+00
nan	-1.191629637410048348e+00	9.655128751104142815e-01	8.869129591758064812e-01
nan	-5.275055192039471708e-01	-1.189710985388695574e+00	-1.100618558723943430e+00
nan	-2.153571940444748978e-01	-5.851062102047979163e-01	-1.098870503261794473e+00
nan	1.537757665362949444e+00	-1.901812742187903416e+00	-3.512240467883294137e-01
nan	-3.444149334045021327e-01	4.394751743759669482e-01	5.367617341482818771e-01
nan	-5.125341496344833908e-02	1.585625832701178517e+00	3.474923373749411182e-01
nan	1.349700900054034536e+00	2.298134647397892305e+00	-8.416378299089526394e-01
nan	1.295196605781719246e+00	1.659836649277270482e+00	-1.275559490639998073e-01
nan	2.021668337252185310e+00	1.120360521807244547e+00	1.288344165234959871e+00
nan	-2.280177644982922525e-01	2.836727963948014075e+00	1.336385203752497031e+00
nan	1.649544456916149926e+00	1.758978829631643759e+00	2.009710173976516856e+00
nan	3.950142772943496805e-01	4.594379468925871013e-01	-6.493054778987472631e-01
nan	3.337238872575198911e-03	1.840645743785683575e+00	1.062922594252362352e+00
nan	1.778687649905125623e+00	4.184102918537985771e-01	2.300149922141667247e+00
nan	1.060789764331159679e+00	1.878815176480553295e-01	5.949926007490483615e-01
nan	-5.447985130849051227e-01	-2.012966340935330445e-01	-9.131270533188350358e-01
nan	-6.383578887969745264e-01	-2.089602110689960657e-01	8.739204836640196428e-02
nan	-2.495909113035835181e-02	2.428619642952392632e-01	-5.083189329329220602e-02
nan	-6.978017526882068777e-01	-6.940416645858438205e-01	6.111894254859847608e-01
nan	3.779217705435714003e-01	-1.044800594949538031e+00	-3.584458356777502908e-01
nan	4.430638694565316449e-01	-2.592130248194826625e-01	-4.835484766087719266e-01
nan	-2.652246139655482171e+00	-1.138770634078273725e+00	-2.525180377472582283e-01
nan	3.813697702942195900e-01	-7.285405614210640479e-01	-7.548016142922553406e-04
nan	-9.070526391187786475e-01	6.023127110697317210e-01	-1.476474742789932737e+00
nan	-6.625069459729570065e-01	-6.109763152216244331e-01	-5.995055777812914322e-01
nan	2.991743851431723500e-01	-1.149303870659753812e+00	-1.567069599555094062e+00
nan	-9.839605942897022839e-01	1.436959795396634432e+00	-2.089217111365877066e+00
nan	6.939557981853482493e-01	1.823468087344165323e+00	9.210248957606741449e-01
nan	1.914271290032485862e+00	-8.894054381614275862e-01	3.357467756940671233e+00
nan	1.291834401398605614e+00	7.541474712982885187e-01	7.963101614267785733e-01
nan	1.831924775758994262e+00	6.999509901558347291e-01	-1.969680722234572467e-01
nan	2.049790051482005993e+00	1.462380733894739882e+00	-7.920366063330923634e-01
nan	3.437315497484632498e+00	-1.649734518155407947e-01	-1.933278207101054802e+00
nan	-3.247924871045839712e-01	1.137999832556525037e+00	-1.749445253310167869e-01
nan	1.086199799258204202e+00	7.644852425453314559e-01	1.375580414621328851e+00
nan	1.912436802157325255e+00	5.031314014090156883e-01	7.120052545814073985e-01
nan	-7.672067189956687239e-01	1.497885271851258970e+00	4.329709270399164645e-01
nan	-6.508913686460742198e-01	-9.510706249300140414e-01	1.996581174554648452e+00
nan	1.314749510942410105e-01	-2.122870786497714324e+00	3.695768876070165687e-01
nan	3.942726133580498615e-02	-1.795390598631936951e+00	5.167080107382283627e-01
nan	-1.917475410971372529e+00	-2.250350302210277320e+00	-8.973124989323388867e-01
nan	-2.253174993512017110e-01	-1.319496331117196553e+00	-9.499246371489652452e-01
nan	-1.633528244522813200e+00	-7.917089491295858927e-02	3.387651360774279752e-02
nan	-1.045489445452049138e-01	-1.472608462166281607e+00	1.533800544842916169e+00
nan	-4.262137566928630439e-01	-6.206166501812826475e-01	-6.514642767314150484e-01
nan	2.110020829795155040e-01	-3.818304686337703480e-02	-9.339678751195886752e-01
nan	-4.168554059786241939e-01	6.174099540123235696e-01	6.068251748035019544e-01
nan	4.705683106842308283e-01	2.367490929886301443e-01	1.560665793043550131e+00
nan	4.754978629955119995e-01	8.658816149300916365e-01	7.536002937655190692e-01
nan	1.332240118990530409e+00	4.638487574475169684e-01	6.037929399523600527e-02
nan	1.728187763165766055e-01	4.277972149440378846e-02	1.233136625236287420e+00
nan	-1.778348261649865258e-01	7.585826418886368883e-01	1.175641717697396560e+00
nan	4.828813979959392100e-01	-3.448802206429063544e-01	2.835087680058928861e+00
nan	2.274731127671915765e+00	1.415902178086282825e+00	-1.727763841637086628e-03
nan	1.780365273171291562e-02	1.281762187427790467e+00	9.960432118939892554e-01
nan	1.082812481739965804e+00	2.269467709431293723e-01	-3.809677144372397573e-01
nan	-1.197904631180272128e+00	2.296332785367107387e+00	1.186330485777092436e+00
nan	1.002991483205008194e+00	3.274809303673476557e-01	8.905011911216847986e-01
nan	1.172225163711222429e+00	-2.216673905556217350e-01	1.127890068993045114e+00
nan	9.866819876109047538e-01	2.361222220012752171e+00	1.003291031387289589e+00
nan	-1.724972536336475182e+00	1.762446640097857120e+00	1.797870014166403685e+00
nan	-1.816564218487885241e-01	-4.198993047039518700e-01	9.316174484495719499e-01
nan	7.897142239104028016e-01	8.478314464728393673e-01	7.611867346753090624e-01
nan	2.524263073946642066e-01	1.827270411465742761e+00	4.235530327687146435e-01
nan	1.678822745456720611e-03	1.519545102131759418e+00	8.055396527484984803e-01
nan	5.389641896714147951e-02	-7.068216859709455235e-01	7.695860960709082210e-01
nan	7.471693520988565984e-01	-3.438191037471875489e-01	6.540597076885311667e-01
nan	3.361154881159554852e-01	-4.505609648310294757e-01	-1.428762320093727167e+00
nan	-1.245365470724371759e+00	1.050280043588350587e+00	-1.988919427595591483e+00
nan	-1.389333232532223628e+00	-1.016050188795237119e+00	-9.095139015293975948e-01
nan	3.020171315033138848e-01	-2.291479630680673729e+00	7.257720433173175945e-01
nan	-1.380458812548039926e+00	-3.658359822542567308e-02	-9.000767449271682707e-01
nan	-2.807110593088508299e+00	-1.263507351738630380e+00	1.673658514725037572e+00
nan	-4.793580760768466620e-01	-2.741936655050863259e+00	1.052123611889081323e+00
nan	-2.258302923184486666e+00	-5.149720914733367794e-01	4.147532210653308571e-01
nan	-1.224691791397728657e+00	-2.137654358820795242e-01	1.526901534523134596e-01
nan	-1.418398911938726581e+00	-9.247335106160778917e-01	9.896139835860550127e-01
nan	-1.856894269688143861e+00	3.038435536719773511e-01	6.942470114848893203e-01
nan	-1.614515775286492039e+00	-8.557126511453039264e-01	-1.989437330024015349e-01
nan	-1.532604725821016922e+00	-2.345297353760709136e+00	-2.718599116482244282e-01
nan	-8.280150612392124243e-01	-4.027008440242459963e-01	-3.251092247319129935e+00
nan	-5.861235381642837527e-01	-3.681683470581286199e-01	-8.503407122017124786e-01
nan	-2.392068250963412357e+00	9.409713525416787405e-01	1.710098767612887594e-01
nan	3.109765019762099070e-01	9.821113809575363618e-01	-1.907306481774601048e-01
nan	-7.906416745063564733e-01	9.570119977993046811e-01	-3.404591529287430696e-01
nan	5.694070413435045053e-01	-1.969744291675661341e-01	-3.510362445487416605e-02
nan	1.349896956764924827e+00	-1.031799050839398380e+00	1.805283486184089681e-01
nan	-3.805574330882465772e-01	9.139432134653522333e-01	-2.410468859321742041e+00
nan	1.095103922104581740e+00	1.668826168988563285e+00	6.947201637356354986e-01
nan	1.302588182400108652e+00	1.344044661198153801e-01	1.123822660768933890e+00
nan	5.080378973536814335e-02	6.696474165603583106e-02	2.385929659307866324e-01
nan	7.116177390128477498e-01	1.556588243571735974e-01	1.462029175108995049e-01
nan	-2.918366242405767141e-01	-8.595528587216518801e-01	1.401457299845959570e+00
nan	6.504924720056655119e-01	-2.351676503851313882e+00	-7.677874024550171428e-02
nan	5.641399654356475946e-01	-2.273637736479932503e+00	-1.284544650704057211e+00
nan	6.954786943938998656e-01	-3.334484043728279667e-01	-1.000960938248500076e+00
nan	7.543351841450984807e-01	9.185363562516983826e-01	-9.671532574294239293e-01
nan	1.679712712781256112e+00	1.104288803888080261e+00	-2.482469193700929666e-01
nan	5.170136762367030236e-01	3.481670441523059267e-01	-3.050614767346641054e-01
nan	-1.129440710575488227e+00	1.642402481593330243e+00	-5.454590721937101483e-01
nan	-8.171442528404769812e-01	3.918850927945499718e-03	-1.676467607061973508e+00
nan	-6.359600799180153974e-01	-1.209749807325856408e-01	-8.931585893059419412e-01
nan	-1.720706694987798047e+00	6.410146112731286427e-01	-7.224824846267773326e-01
nan	3.980322782738792142e-01	-8.196893410140508873e-01	9.583205523266734582e-01
nan	3.662107182211626899e-02	-3.638548135729982036e-01	8.220020711899308496e-01
nan	-4.586755068929921908e-01	-1.053743588211762505e+00	-4.818256934768128108e-02
nan	-5.857427141173418006e-01	-1.330188348718390978e+00	1.093333249222785186e+00
nan	2.227864306918020176e+00	1.952490967790134091e+00	9.323155830288775148e-01
nan	1.773308855682599994e+00	1.728803327936530021e-01	2.269546075472772539e+00
nan	1.813754678342316407e+00	4.231685839202412591e-01	-1.881881203544311099e-02
nan	2.890775389661859318e-02	1.046591922880152570e+00	1.650631763595719337e-01
nan	-1.580209515821327848e+00	5.889328746876627552e-01	-6.675281630066298710e-01
nan	3.942384503243928084e-01	7.209815921945539330e-01	6.235690314150335034e-01
nan	-7.234499825095259684e-01	2.363474862230630913e-01	2.380535738145087565e-01
nan	-1.409645835893255317e+00	1.260183989536932225e+00	5.748927414805643510e-01
nan	4.974489382511439878e-02	-5.683540741800089391e-01	6.212514361876785296e-01
nan	1.027217616509830789e+00	-9.455652415966160351e-01	5.949625700139425655e-02
nan	6.391385176598542994e-01	1.315419525978001714e+00	-8.545237520069997039e-01
nan	1.035081654317583588e+00	2.112457664208708952e-01	-3.825386806220980040e-01
nan	5.183508728872348037e-01	-1.602293316761509434e-01	-2.158638633545578500e+00
nan	1.225508270924489329e+00	1.229338093948662669e+00	-4.105017310526566932e-01
nan	1.580262653807597673e+00	9.853219098610985771e-01	5.680004579286905830e-01
nan	4.379455743694899428e-01	2.428582160942960311e-01	2.020195392114371824e+00
nan	-4.994427991156545343e-01	-1.435261723237823972e-03	1.328944315014533917e+00
nan	-4.013461434849281417e-01	-7.546135438133889650e-01	1.378648088753252621e+00
nan	1.234845548279352778e+00	-5.312394834934527355e-01	1.205585736806452868e+00
nan	4.383655668122621307e-01	-4.422267882446928033e-01	-1.396961251106563218e-01
nan	-8.336990830936044650e-02	2.522717089581040462e+00	-3.668850053328664429e-01
nan	2.149782645750412780e+00	6.340614947877687424e-02	-1.145281659781318684e-01
nan	4.117310778412135996e-01	1.665181589981095556e+00	1.364157750400182056e+00
nan	-1.091824294906627912e+00	2.382259866251657532e-01	3.640722005843145537e-01
nan	5.921206893892725365e-01	-9.367845819248088457e-01	6.068541183448267207e-01
nan	-1.891052090772971095e+00	1.548093820473676052e+00	-5.932975854580443409e-01
nan	9.477404249082755916e-01	-1.809988044224962289e+00	1.449329813573579262e+00
nan	-6.123543573628096315e-01	-1.357657274006351278e+00	-3.352871961731256345e-01
nan	1.128909173509245800e+00	1.099341852622320204e+00	-1.001985932823450609e+00
nan	-2.262369786613807054e-01	-2.655658396868555426e-01	1.498748935257343318e+00
nan	-6.900509939404704529e-02	-1.028371000771811872e+00	3.030795422644477766e-02
nan	-1.604738261278177147e-01	-2.555488697893447458e+00	-4.025749620240152149e-01
nan	-3.237816276876176236e+00	5.119356563039606511e-01	-9.877152669527394790e-01
nan	1.707441719968095795e-01	1.425509947176955006e+00	-2.273294501205076756e-02
nan	1.989725328634487145e+00	6.366297378307650412e-01	1.060046992651662912e+00
nan	7.368592542528343836e-01	-6.153225944115996437e-01	-1.126493810548661934e+00
nan	1.102402386699899539e+00	5.629428251975371333e-01	-8.011724223262925992e-01
nan	6.274573795089152251e-01	-2.099921013784145085e-01	-1.025149708975435781e+00
nan	-2.601250633992472361e-01	1.070962915820192318e+00	1.637281367157349399e-01
nan	-5.524734861798233920e-01	1.957476422194684429e-02	3.736382283025041495e-02
nan	1.301075992062086462e+00	2.406082373744505842e-02	6.570781480294986265e-02
nan	4.151317401711099309e-01	1.033644970915666983e-01	9.075644679582138830e-01
nan	-3.007634896267126212e-01	1.210710095787082441e+00	1.892612116190006688e-01
nan	-1.412008756210249016e+00	1.158910856184969251e+00	9.679165727549052800e-01
nan	-1.643721780508759833e+00	-7.517468862487418635e-01	5.405719575325838022e-01
nan	-6.467649782333736441e-01	-3.198218427661880803e+00	-6.101576324683448682e-01
nan	-1.330172865087933420e+00	-2.430455726689729090e+00	-3.591094577969324853e-01
nan	-2.771193301006355192e+00	-4.280450537583061488e-01	2.095320509202315273e-01
nan	2.554704626779169541e-01	-1.257379034049278310e+00	2.555384131447647200e-01
nan	-1.923554739910886546e+00	-5.344247907077036563e-01	-1.559739540645039613e+00
nan	-1.339854449619076959e+00	-2.894579004534309496e-01	-1.410552001739949102e+00
nan	-8.357923524371152491e-02	-3.372332447004062761e-01	-1.747746464866245519e-01
nan	-1.956945510613417039e+00	-1.039381924754113395e+00	1.139501302700408336e-01
nan	-7.606734501698684259e-01	-1.252441177626292035e+00	-1.664229400463224096e-02
nan	7.703155380724409085e-01	-3.443485831568285915e-01	-9.810671647593520728e-01
nan	9.597839878900716881e-01	-2.948195246579968232e-01	-1.251111466469005395e-01
nan	8.932073000960547571e-01	1.234743482348317212e+00	-2.687185043389526573e+00
nan	1.322835218600619811e-01	2.589903037261653829e-02	-3.317201899106804186e-01
nan	-9.065619252045356569e-02	6.617599121047633703e-01	2.971708151917991647e-01
nan	1.610930066483757361e+00	-1.715175137369247871e+00	7.738936921868651009e-01
nan	6.166219825062839721e-01	-3.362258162441126297e-01	-7.330845085548425288e-01
nan	1.089969282069241485e+00	1.748919043772681814e+00	7.715252937459443627e-01
nan	1.779274772914887226e+00	6.149395184354164989e-01	1.948667537838836061e+00
nan	-3.489418448561982800e-01	1.935283175695390767e+00	-7.108160001648320403e-01
nan	1.408900396237359631e+00	9.216535357998068001e-01	-8.431169829218230216e-01
nan	1.407642783340756765e+00	2.114700213944352924e+00	1.328792662891624898e+00
nan	4.849844860110867906e-01	2.756426067454185613e+00	1.832635743490659497e+00
nan	4.200804261913979598e-01	8.720975379551622053e-01	2.448234981291644630e+00
nan	-1.266632428708978519e+00	-6.725762523020386574e-01	2.343919574123585203e+00
nan	3.699632444229727923e-01	-2.876961971897130099e-01	-1.026693173351790334e-01
nan	-8.410356911549479175e-01	-4.399714808406760547e-01	4.311876109095241216e-01
nan	-1.982740498786607741e+00	-8.518563387484222593e-01	-1.872249993977467941e+00
nan	-1.482629227795769777e+00	-1.418814892051542209e+00	-7.771864456852779490e-01
nan	-1.265155566910559193e+00	-1.576622804992554361e+00	1.261386881941815474e+00
nan	-1.280364207239751417e-01	-9.514232702470279968e-01	-1.357936445678930570e-01
nan	-2.084767134131515931e+00	-9.150749686719256148e-01	-1.703160311369531277e+00
nan	-3.762589114181249528e+00	-4.307868491518591081e-01	-5.259340735640882780e-01
nan	-1.919243658937064279e+00	-1.129815571378760319e+00	6.561758379396898100e-01
nan	-1.231701365055237751e+00	-7.183509534261892648e-01	7.613555620094254461e-01
nan	-6.210324402467808369e-01	4.143386348467156255e-01	7.590213746260455752e-01
nan	7.664640601190392255e-01	-1.677075985527372914e+00	4.302371020263716650e-01
nan	-7.968060426794891793e-01	-1.776317305651468503e+00	1.488914230314067222e+00
nan	-2.361557704099297883e+00	-1.299969662822799465e+00	2.147556374873112350e+00
nan	-1.686273044989489600e+00	-3.675846840096622659e-01	-9.957025855509765710e-02
nan	-2.567752861153044464e+00	-2.764068131027928032e+00	1.484432548207184066e-01
nan	-1.525630216250616789e+00	-2.474499300584173778e+00	1.193610417982288396e+00
nan	-2.230759478026628884e+00	-1.342772570350707628e-01	3.233581871254070372e-01
nan	-1.613216073353603619e+00	-6.159255288583534993e-01	1.025725185752329516e+00
nan	1.736355405564006249e-01	-1.016055322784426673e+00	-1.056127212444605501e+00
nan	-8.189941450374285115e-01	6.989360390699965730e-01	1.768601162614883648e+00
nan	1.608823720287713699e-01	8.963084539541918971e-01	5.694169741689154574e-01
nan	1.439504255378313280e+00	-6.003223435393426621e-01	-5.493680374043099501e-01
nan	8.112701220217540810e-01	1.959100248145344281e-01	-1.986282188955570682e-01
nan	-1.579266103479315397e-01	-3.547849044953506059e-01	3.064432797263400565e-01
nan	3.889822251899449634e-01	-7.684331142016553873e-03	1.922222821115807667e-01
nan	5.114488768680105490e-01	3.670333855393740352e-01	9.703146512022728931e-01
nan	5.491876932786727838e-01	-8.871211973202046686e-01	-6.458097519065827408e-01
nan	-9.339325793611903404e-01	9.497326882758344579e-01	4.547325297154765078e-01
nan	-1.316694434463287766e-02	2.965665684873997621e-01	7.625701835758911251e-01
nan	3.751979785284961233e-01	-3.275235962000318246e-02	-3.219805615501152851e-01
nan	1.113186415234921789e+00	-2.655671256130768820e-01	-1.024870850932885658e+00
nan	-8.402425352631873734e-01	6.224533528358217049e-01	-3.732055435304350577e-01
nan	-8.973194996234492571e-01	9.545753765769453558e-01	1.404777680914709004e+00
nan	7.141550177609727879e-01	3.921807069586037975e-01	9.764533689514496295e-01
nan	1.275054084482044603e-01	-2.503843377828012806e-01	1.512664284449675711e-01
nan	2.525315632308744895e+00	-2.282376885581334502e-01	3.364494438507436569e-01
nan	2.116838662256811610e+00	2.500029083842179478e+00	1.638089372830674684e+00
nan	1.441784859949149844e+00	1.196587250658956991e+00	2.811387597498375079e+00
nan	2.089286191149935856e+00	-4.692319310000631072e-01	1.953564105821264274e+00
nan	2.011565723474938228e+00	9.631645253256194694e-01	-9.702789082876994708e-01
nan	1.412506456062346816e+00	4.116584402143129151e-01	-9.590430167328376498e-01
nan	-1.733111720046725424e+00	-7.047786171896844865e-01	8.072453974332146620e-01
nan	-5.640054142769286294e-01	-1.857562587128293696e+00	-1.664780463660778531e-01
nan	-2.724606507870680261e+00	-1.127918465960864092e+00	1.197723340746818188e+00
nan	-1.486557550964544117e+00	-1.447122664598492925e+00	2.864728788607641685e-01
nan	-2.101406274838118371e+00	-1.764973049015105655e+00	5.117085793750761891e-01
nan	-1.199497883355205907e+00	-1.563846943478209406e+00	7.283122836827748969e-01
nan	-4.018087741047093875e-01	-4.879219365370502381e-01	3.682563473782480279e-01
nan	-8.764134084518937495e-01	-8.123193426428799713e-01	7.308025336184789111e-01
nan	6.765893248336786181e-01	-1.590321273317707007e+00	1.373193968807810750e+00
nan	-2.430492213742195817e-01	3.328524188275548412e-01	-7.173312396599444973e-01
nan	-2.434737715086845000e+00	-1.655130199226753973e+00	-1.201607892443213199e+00
nan	-2.049276504547038247e+00	-1.490656438292929931e-01	-2.704089696912664875e-01
nan	-6.614039746814390774e-01	-1.264083208602715835e+00	1.116748910553733154e+00
nan	-1.522206000961087380e+00	9.479128603542531506e-01	1.447486755639462830e+00
nan	-1.473932907061847652e+00	1.343978674001616858e+00	1.945038807334025677e+00
nan	2.555965681677670465e-01	-1.559401006434087966e-01	3.090415189066689772e-01
nan	2.351685514823784739e-01	-1.808393299987142377e+00	2.103225395909863737e-01
nan	-4.443150246225789357e-01	4.983577732210322520e-01	1.235079572515238810e+00
nan	1.576181034657547775e+00	1.434789387389691973e+00	-7.064865001428021207e-01
nan	1.435275636205624261e+00	2.565234416107757820e+00	-9.740236817956022808e-01
nan	1.644148723193529227e+00	2.623394432023508749e+00	1.322182353637650354e-01
nan	1.128229219838069897e+00	1.440415364876329596e+00	3.552054358557309999e-01
nan	1.842213261019324921e+00	1.275361553837399686e+00	1.861308188262154051e+00
nan	1.510880380271018897e+00	1.603855800622532524e+00	1.677652128300073819e+00
nan	3.469474489519034366e-01	-4.861339985866078850e-01	2.221862051996319476e+00
nan	-1.705239991304577929e+00	7.570897123300053266e-01	1.295231519623979866e+00
nan	3.037864607776649684e-01	-1.886746918438277909e-01	-1.116399998056819554e-01
nan	1.367722145089633523e+00	1.136112367206576712e+00	-5.679872652675577172e-01
nan	5.144335873770037315e-01	9.842574575247931001e-01	-9.389174605184609224e-01
nan	6.407844640590787400e-01	-1.701491812709553964e+00	1.992321411776047935e+00
nan	-2.358636246855938534e+00	-2.485374563765094802e-01	1.894249206216843895e+00
nan	1.195107935004266153e+00	-7.015556294028082451e-01	6.343860637686099535e-01
nan	-1.000836212608280817e+00	-1.012387069952957575e+00	1.832969253886740812e+00
nan	-1.223307755953063403e+00	-8.029590536011166346e-02	2.059667903071398243e+00
nan	-7.036291212106873250e-01	8.280282694291818402e-01	-2.348312199699227332e-01
nan	3.210798548210363479e-01	1.111820640474367794e+00	1.148961310154218207e+00
nan	8.176171664591966870e-01	3.521291330430544875e-01	1.241113831601846851e+00
nan	1.016187018961060673e+00	8.652058812125773546e-02	1.037629012518828997e+00
nan	4.138029823402291085e-01	-6.150399739906020624e-02	-5.448361236943028985e-01
nan	-5.303119169761886242e-01	5.925632511149729886e-01	-3.683546373398312590e-01
nan	-1.503082431151845366e+00	-2.351671516668066841e-01	5.144745608694253347e-01
nan	8.203278596300455083e-01	-2.103337366303377198e-01	1.483833997755011458e+00
nan	9.601459412161927887e-01	-1.058111741684248708e+00	5.970046725612667693e-01
nan	-1.403061098914670124e+00	2.099811605565557460e-01	-1.818164715889928340e+00
nan	-1.542063619808949237e+00	-5.663872842261876706e-01	-1.622725464866857426e+00
nan	-1.409638274688025383e+00	-5.590385573014009513e-01	-1.038643054830533208e+00
nan	-2.500455839034445571e+00	-1.599496284377050603e+00	-8.973214596193330728e-01
nan	-2.059465831193462826e+00	-2.193942618920301069e+00	-1.661749726678786176e+00
nan	9.944353801093681611e-01	4.564673624581401246e-01	-1.137265318215401333e+00
nan	6.180343842304774071e-01	-6.219055211937245531e-01	-1.277702981219522638e+00
nan	1.078445124169920444e+00	-7.276990343502033332e-01	-9.036702705323045315e-01
nan	-1.027059013481228300e+00	-1.272267432186092728e+00	-1.963258667012075520e+00
nan	6.783069530756413723e-01	-2.018098877944756731e-01	-1.163029344898401041e+00
nan	5.217434058528968022e-01	1.145010857789620085e+00	6.277066010858347589e-01
nan	4.558743620833847765e-01	-7.985738426422145375e-01	-6.559283848336039391e-02
nan	-1.031455031528843325e+00	3.711233961608931264e-01	1.009287045309311681e-01
nan	-4.661310170535220010e-01	4.166528220640317026e-02	1.883170226086172960e-01
nan	-2.746816325042943374e-01	2.018197833058206769e-01	1.882957617484306123e+00
nan	-3.106594598234608817e-01	-5.905159620621071026e-01	-8.005498917184545871e-01
nan	-5.060722469364542508e-01	-1.229339944693228937e+00	-1.097747669185435093e+00
nan	-7.135919156221970372e-02	1.662169646731060046e+00	4.600462624340615481e-01
nan	-7.734786133488968929e-02	5.640472858909137965e-01	-9.561001467439449453e-01
nan	3.958694372888683644e-01	-1.673732899389415718e-01	5.719699101111332951e-01
nan	9.759912954871208246e-01	-9.598955757181040216e-01	2.142550023881153898e+00
nan	-1.181466567590903738e+00	1.048697918713741961e+00	1.064350110883426348e+00
nan	6.801180074212024307e-01	-5.772245931766164517e-01	8.531259941849240747e-01
nan	-1.431403103601680549e-01	9.202583710587700083e-03	4.251606511480233719e-01
nan	-7.623056465848743191e-02	1.265667029620832107e+00	1.112106422004441653e+00
nan	-9.352849155904000567e-01	1.199907561128255473e+00	2.932120396891698677e-01
nan	1.160849177133420840e+00	5.474439989171379917e-02	1.171504860252167823e+00
nan	-1.574501205978714902e+00	2.025373466193204075e-01	2.563049784992362246e-01
nan	-2.394838058678226744e+00	-1.303173010442444379e-01	1.341999005740240336e-01
nan	1.062233944112338069e+00	-4.046338458589788800e-01	6.797752843690688662e-01
nan	-3.654779809994636031e-01	-7.349383559489849338e-01	1.163103140033041605e+00
nan	-1.277322464488806375e+00	-1.056446410807601488e+00	-2.935493171202189222e-01
nan	-1.178821847971053050e+00	-5.505191070815793619e-01	-3.747398299076171724e-01
nan	1.149428747034692000e-01	-1.102766929424431552e+00	-8.597991188677871488e-01
nan	-1.039931381485239559e+00	1.783754293263266621e+00	-2.896841097105026797e-01
nan	-1.351001349988514066e+00	-4.359383175974708147e-01	-1.226157542215172036e+00
nan	3.679450862285588153e-01	-6.075278028612857151e-01	9.272452124310270882e-01
nan	4.827806698805636731e-02	-1.229342030540368613e+00	-4.786264380971408383e-01
nan	2.087671279016684700e+00	4.514352122834017211e-01	-1.059901891439377630e+00
nan	-2.310873642157967867e-01	1.358400611536859426e+00	1.095860237931901793e+00
nan	1.968776306668880149e+00	1.962682556505030540e+00	1.460510350845389826e+00
nan	1.106616439944790420e+00	1.631492972832224719e+00	5.114703953162211825e-01
nan	-5.260250231194137926e-01	8.511915578453532749e-02	8.137412515278703573e-01
nan	1.096269829611260294e+00	3.443665640617519230e-01	-1.013014404202415175e+00
nan	1.814244008822324394e+00	-3.345896850563719882e-01	3.824872768731008010e-02
nan	-2.098879721795886333e+00	9.194129123106964396e-01	-1.122972448953577951e+00
nan	-1.127749740802788558e+00	2.466397011082478441e-01	1.524436361165230291e+00
nan	-6.956987510304266653e-01	-1.475852078162948500e+00	-8.450227898787655567e-01
nan	6.834766731986680055e-01	-8.101233347412872821e-01	4.814407200979867740e-01
nan	1.067989756637549137e+00	-1.471394853921247803e+00	3.329322574604199891e-01
nan	5.441230551275229033e-01	-3.620149510917518576e-01	-1.806309879785923611e+00
nan	8.289918240645114400e-01	7.718185892916071267e-02	-1.539125564976988603e+00
nan	2.704845562670976644e-02	1.639069556884396595e-01	-1.687978780353282859e+00
nan	-3.250675781609809745e-01	4.789885666301070821e-01	4.370701487778552718e-01
nan	-8.362294046147229487e-01	-4.073964299500680841e-01	1.829414011069827817e+00
nan	-1.776304383300860712e+00	-1.009944401256560820e+00	-2.333035329956860138e-01
nan	-2.508614481180572398e+00	-2.569671027837318711e+00	-5.528805315374933915e-01
nan	-1.982399887920677006e+00	-4.477445096654015799e-01	-1.254826406955225071e-01
nan	-1.357254849355710169e-01	-8.980661468046622353e-01	-6.403172149954927672e-01
nan	1.669179732511785641e+00	-6.083606800097093315e-01	-1.752351871987537502e+00
nan	1.809320583138528837e+00	-2.371927405261476940e-01	-1.716960740949086794e+00
nan	-8.928044207971210788e-01	2.910841630149179071e-01	-9.803729466995426689e-01
nan	-3.742262170699801604e-01	-1.083342402548367778e+00	-6.959477281446582175e-01
nan	-6.180418108687312229e-01	-3.805707568332348245e-01	6.036909094179778723e-01
nan	-1.884480999024889414e+00	4.978936286804231948e-01	8.410680509128420912e-02
nan	-9.479851224604819437e-01	-8.891358789769947535e-01	-7.006263559998634483e-01
nan	-1.579968941502272628e+00	-4.067811538027800711e-01	-9.588706111780779251e-01
nan	-2.520661174556469430e-01	-1.414502266202243508e+00	7.488250430572973571e-02
nan	1.105571815258424850e-01	-2.148298098197645722e-01	5.958256650317711456e-01
nan	-2.307925444676022675e+00	-5.276872748720854434e-01	7.192219703427391031e-02
nan	2.665165385115159102e-01	-1.889178269117644415e+00	5.225659216310960531e-01
nan	-1.175254587643851822e+00	-2.190730705303589154e+00	5.827790260497887065e-01
nan	-7.957944593546230072e-01	3.126361120552390016e-01	-1.437441465826092557e-01
nan	4.023095294749039486e-01	6.172162337880546801e-01	-5.772862713395852108e-01
nan	-1.067987604002049729e-01	-6.774135558602654150e-01	1.698318058500680072e+00
nan	1.589854337012367447e+00	-6.466840948256322719e-01	1.696851362891809822e+00
nan	5.798128921173040240e-03	-8.185234780975307878e-01	-5.678799962241518617e-01
nan	-8.773396635760819517e-01	3.395410766483697995e-01	7.561795789072431884e-01
nan	-6.409458562246113100e-01	8.506765874023367591e-01	2.737289710501972784e-01
nan	-3.108676914509135303e-01	-5.745108457263228829e-02	-4.111944874599444688e-01
nan	-7.939484601993254120e-01	-1.361755883458323879e+00	-7.386014663884142850e-01
nan	-5.606627620672487433e-01	2.025093492013793073e-01	-1.833329865101014367e+00
nan	-5.362509920389058049e-01	-3.982564626438061528e-01	-6.591358368541158086e-01
nan	8.408302577526560739e-02	-1.020718038927136639e+00	2.372358430906529314e-01
nan	-3.337834128623775598e-01	-7.325230535932172327e-01	4.369319938127736447e-01
nan	2.322891366057528995e-01	-3.421043282429064858e-02	2.718556266934019638e-01
nan	-7.578854334830582573e-01	1.625919282790512510e-01	-2.077532645387709653e-01
nan	1.674016507589701774e-01	6.916599794606034801e-02	1.297970015934709898e-01
nan	6.096966175588945935e-01	1.520826611473881096e+00	-9.183757918649441132e-01
nan	-6.459921327603014296e-01	6.444630097211900832e-02	7.719490113889990734e-01
nan	-5.167283537652576086e-01	-9.846093671690805960e-02	1.592688882161853003e+00
nan	-1.974877322473755692e+00	-1.647157695853840753e+00	1.116170382176467468e+00
nan	4.212630079827550666e-01	6.186495286603099775e-01	-2.052416288439214309e+00
nan	-1.868515967272322165e+00	-1.341541382509913172e-01	-4.847259431374237870e-01
nan	-7.082979367358591682e-01	-9.922983582602780128e-01	-1.807691067901156412e+00
nan	-2.333228505785473139e+00	-1.084362016148102681e+00	-5.775737310934601076e-01
nan	-1.866047175352493870e+00	2.300395961087275953e-01	-1.445557648570578779e+00
nan	8.060108722523411373e-01	2.583506457689700442e-01	7.469126051584469295e-01
nan	2.168117077597093711e-01	6.024360176689573798e-01	2.424019779047037915e+00
nan	8.230498097585922102e-01	-1.448860025274371632e-01	2.501305452430476528e+00
nan	-6.845074813224846233e-01	9.638712993723410616e-01	-7.890820588487534870e-01
nan	6.786083142226165266e-02	-1.206935678663629163e+00	2.272245078977543631e-01
nan	-1.055142886053279661e+00	2.952679770248917701e-01	8.270157022592511398e-02
nan	-6.779548189613207043e-01	-4.145128895764626509e-01	-2.023051710097228728e+00
nan	3.082929757738535614e-01	-8.135027918214209341e-01	6.690458642967779257e-01
nan	-4.999065283738184373e-01	-9.283451861982162656e-01	3.317123657264237080e-01
nan	-9.832438147166129294e-01	-1.637561475757163043e+00	-2.139896889400406899e+00
nan	-1.208198637537465592e+00	-8.304129405755621418e-01	-5.947122668427913261e-01
nan	-1.249978912621479976e+00	-8.179705710929479068e-01	-1.010122842223740491e+00
nan	-3.819312324502033285e-02	-9.586399388886104322e-01	-1.170273773996972633e+00
nan	-5.231722957077877822e-01	-3.302259206285984572e-01	-2.513996634352714810e-01
nan	-4.830954562114008199e-01	3.376325204955142878e-01	-1.235236142464010367e+00
nan	-9.417454697695332166e-01	-9.810657628235046612e-01	1.996611064664735036e-01
nan	-2.090154926099029087e+00	-1.649989323988394485e+00	-1.570539152926323956e+00
nan	-1.415919067232531914e+00	-1.393722440577106259e+00	-1.914008085263945613e+00
nan	-9.559233169782357376e-01	-8.740312500751011848e-01	-3.021973225777493610e+00
nan	5.691290353960273274e-01	-1.140045171531758328e+00	5.076889903402723725e-01
nan	4.918499286169192297e-01	2.069143926053159666e-01	-5.158245956711400293e-01
nan	2.591631424057599387e-01	3.967617381236934193e-01	-3.054683214423537518e-01
nan	1.896611669428733604e+00	1.360808771272861817e+00	1.897587830772569720e-02
nan	6.796248110607934212e-01	6.458172164025978157e-01	7.850507055800381995e-01
nan	8.853518690119848156e-01	3.359269995757503402e-01	1.106458182758445652e+00
nan	4.350506404021154960e-01	4.573965442465280917e-01	-1.114693180010513762e+00
nan	1.859201623344179932e+00	-3.490428919303360522e-01	4.427280476897911266e-01
nan	1.127199621238385019e+00	-1.926678919656719113e-01	-8.470977416329636966e-01
nan	-7.015676787585656271e-01	-4.485796429319732215e-01	3.125843024227074607e-01
nan	-1.866165442825702847e+00	-1.179955523009270868e+00	-7.747768834044159725e-01
nan	-7.430064135689364857e-01	-1.621836690524136149e+00	-2.220884056426654318e+00
nan	5.940637504523404999e-02	-1.666148989429507843e-01	-5.198688836146325709e-01
nan	-3.154195635537755948e-01	1.404449588335535459e+00	8.799605902143430303e-01
nan	1.296969441231973219e+00	6.286245184605198100e-01	-1.834241339393215542e-01
nan	9.378391587647336713e-01	8.954371228004600614e-01	1.076744185783451879e+00
nan	4.017148969281713056e-01	3.920532223941728400e-01	-4.669434395085614309e-02
nan	-4.761111353921747558e-01	2.749138143592348094e+00	-1.805050715239707504e+00
nan	1.894015468955976944e+00	-2.034944439922692361e-02	1.039855781551347891e-01
nan	-1.894284741565291919e-01	1.485179827437924205e+00	-1.153371001487088154e+00
nan	-7.812019895661932445e-01	1.394284581016804969e+00	2.715656197447600118e-01
nan	-1.608386221360306179e+00	2.735582940133562402e-01	1.669372714282755465e+00
nan	-6.257782837369371132e-01	-3.961843186280794571e-02	6.968944372713310464e-01
nan	-6.145653723024094850e-01	-1.163459358896760998e+00	-3.899645892687564896e-01
nan	-5.920903157674516359e-01	-1.824282303297811714e+00	-1.377225417977369748e+00
nan	-1.709534569355966038e+00	-1.746706060224233692e+00	-2.368731778266641275e+00
nan	-1.249500719671951643e+00	7.699906609130431345e-01	-1.418797291772143865e+00
nan	4.392565098679013236e-01	5.306686438960540597e-01	1.013077587040192684e+00
nan	-6.275900093580786265e-01	-1.421665870366470852e-01	-4.162220295517717883e-01
nan	-8.422741389685850510e-01	4.918613691873893190e-01	-1.290051757175137759e+00
nan	-1.268842313065296157e+00	7.103748636727651444e-01	-5.679632622741636050e-01
nan	-8.974798494508651192e-01	-2.018646359896857589e+00	-5.985821159650463186e-02
nan	6.464143112517402034e-01	-1.071204357458138690e+00	-2.707145342321321535e-01
nan	-2.963051469272188765e-01	-7.095051379103424205e-01	-6.756669791468267183e-01
nan	-6.224022612394182197e-01	1.961829021711406273e+00	-1.929854289477833384e-01
nan	-1.942580620734300156e+00	1.937822361833483609e-01	1.647355557992055353e+00
nan	-1.990630170410976896e-01	-3.107565153138255098e+00	1.677673411684391436e+00
nan	3.677700718595150464e-01	-1.444506322738355442e+00	-1.501016859528084391e+00
nan	-8.042354298795150180e-01	-2.108462556486536688e+00	-9.829559173296368302e-01
nan	2.842257948576132343e-01	-2.723303552961869878e-01	-9.326902040293869600e-01
nan	4.356800320420223249e-01	-1.178092683094198678e+00	-2.678001071450831772e-01
nan	-5.965797901008818016e-01	-6.183674628752600100e-01	5.278899024032482901e-01
nan	-5.890863518590709891e-01	-8.769780238403331873e-01	-5.987675897134629999e-01
nan	1.295704141458512204e+00	-4.070182605409445320e-01	-1.101054805684948068e+00
nan	1.060885327865060068e+00	1.004554825477803837e+00	-1.338142240319271092e+00
nan	1.633378832922837809e+00	5.076920720397498643e-01	5.175914299356901838e-01
nan	-4.026714996305169603e-01	-9.171001794787281280e-01	-3.085453208961225768e-01
nan	-1.612556420467550211e-01	1.313181427266940871e+00	-9.734356705051905312e-01
nan	-4.599787431584485553e-01	1.097781411362118709e+00	1.378662836811571868e+00
nan	-7.481105564426868693e-01	1.202729852637995700e+00	1.379190190368948521e+00
nan	2.986544834429790130e-01	-1.223663059241917872e-01	-7.949351330046451336e-01
nan	-1.220075493702078351e+00	6.790679206186849282e-01	-1.039011611568742888e+00
nan	-3.259552448892852894e-01	4.607725239971438569e-03	1.459724790428644781e-01
nan	-1.349606833623080648e+00	2.855149439051718474e-01	3.035164860279475074e-01
nan	-8.276915281872740948e-01	-9.574506616918798674e-01	-2.129428278265896868e-01
nan	9.551795206422974971e-02	3.398332938420071114e-01	9.842505426707213179e-01
nan	1.056847708229118471e-01	-2.065486439754696590e+00	7.495717293783352719e-01
nan	-3.830327903259936329e-01	4.414030495334143600e-01	-9.154414869226639162e-01
nan	2.996488017283618355e-01	8.318344320179160700e-01	-5.330501891753723909e-01
nan	-2.596223296093024047e+00	2.619477085821061424e-01	-4.616519163416479832e-01
nan	-9.541954213767978032e-02	-8.599154920584806128e-01	-5.737593233515713154e-01
nan	5.850873747920337653e-02	-1.392533772627619348e-01	2.478147486318256765e-01
nan	3.417404360876402647e-02	-9.044721965134681074e-01	9.380154530010874625e-01
nan	4.158325322900452981e-01	-1.358970161804057941e+00	1.371915486637658166e+00
nan	2.611231582295097109e-01	4.970221033237596231e-01	4.331083409378387317e-01
nan	6.146992793339226546e-01	-1.228021882965202760e+00	-4.310222455337845426e-01
nan	1.393733825492399880e+00	5.777411054592334061e-01	-6.529289160065452347e-01
nan	1.402008373156624410e+00	-3.159869448039643869e-01	-1.093492482398129330e-02
nan	2.691879562311038088e-01	2.691468829095482906e+00	-5.970532602410321132e-01
nan	1.677051536326101377e+00	4.373272209497834906e-01	-6.124153912743157679e-02
nan	2.885697844342612228e+00	2.272711302243474396e+00	-1.086767973303601975e+00
nan	1.902862108685012821e+00	2.243446729349729551e-01	1.202049786041099022e+00
nan	-5.616583142964333142e-01	8.552654480556948213e-01	1.836347173687023604e+00
nan	4.660227216515309134e-01	4.998617109103001832e-01	1.221801650876735312e+00
nan	-3.577270046129117365e-01	-2.548888626773634369e-01	1.244197229921657044e+00
nan	-8.508229666757872733e-01	2.776707516938632825e+00	-1.195161948962208953e+00
nan	1.055948344873506861e-01	-5.643535363427432117e-02	1.322581675122547207e+00
nan	-5.386705465735197595e-01	-1.139000639280386418e+00	4.410331157174467442e-01
nan	-8.930590980882929797e-01	1.343020572137823887e+00	1.637536244843986299e+00
nan	-3.309149321499674778e-01	-1.007293630959728237e+00	1.701070902233609905e+00
nan	-2.090616362406474860e+00	-7.223487641188905961e-01	9.412044198152055285e-01
nan	7.901057658307454323e-01	-1.073748652489945776e+00	-4.878197999950356634e-01
nan	3.873260603615367170e-01	-3.209781833724757449e-01	-3.230177612864058023e-01
nan	-1.957854128242969116e+00	-2.355059511822146789e-01	-3.039678617906725888e-01
nan	-2.376005674772141418e+00	-6.619074817240416797e-01	-1.355107412340268436e+00
nan	-1.659619219054968120e+00	1.402355120258644616e+00	-1.146868589224377288e+00
nan	1.140607369516796643e+00	-3.571493926765693105e-01	6.999312700105753127e-01
nan	1.679049249691357826e+00	2.276486064772506868e-01	-1.315755208709640911e+00
nan	1.975979746550481142e+00	1.880015131138993434e-01	-1.343079059133435393e+00
nan	7.447328206134290474e-01	-9.545313593543054420e-01	8.580098171702168486e-01
nan	-8.983796952131615221e-01	-7.070803262922405186e-02	1.993852215842851217e-01
nan	2.030890092286921078e+00	2.665096527211505695e-01	4.259038518748523572e-01
nan	-3.864287842928066929e-01	-4.259880670209104103e-03	-3.833659638106066136e-01
nan	-1.567358224434963754e-01	-2.405532165910171383e+00	-6.370160803206050826e-01
nan	4.273924344797724872e-01	2.134059237858665359e-02	8.583834986531525546e-01
nan	6.028224715273863277e-01	6.021153026874870307e-01	9.088962087586616168e-01
nan	-1.391319645870707333e+00	1.800313346789885305e+00	2.203271017020149714e+00
nan	7.817325308251374949e-01	-7.813898881573743127e-01	2.045434929061678897e+00
nan	-1.104206812603257593e+00	1.538865743767296908e-02	8.400762964786900877e-01
nan	-2.159504026481115613e+00	-2.091808868499095975e-01	-3.000084599014296582e-03
nan	-1.348811813433148377e+00	-1.324052407564454414e+00	6.072176591056587247e-01
nan	-1.451186705933148691e+00	-5.432567737547405740e-01	2.689699961828113661e-01
nan	-2.533220778863200628e+00	-2.393794306833666674e+00	1.634665247137802258e+00
nan	-1.219503534526520383e+00	-1.319257465630335968e+00	4.407854613329471039e-01
nan	-9.775333289866070530e-01	-7.107475267137599584e-01	4.481382723598736906e-01
nan	2.372637359937905810e-01	3.520470791062523253e-01	-3.191369455977554281e+00
nan	3.954033176295420060e-01	1.542911801929051918e-01	-1.090590891043909938e-01
nan	1.066415203710463500e+00	-7.111719058056750198e-01	5.417776090167790715e-01
nan	-2.309015096245313980e+00	4.567247078068953359e-01	1.636888988021269364e+00
nan	-4.665721964518871889e-01	-6.356681787799081107e-01	1.201648471095495552e-01
nan	1.441576143868472659e-01	-8.781171530359299648e-01	-6.069902542939713541e-01
nan	-6.414996956689318353e-01	-1.056140958516350814e+00	6.040037277577248176e-02
nan	3.141983315184708747e-01	6.200363891986833131e-01	-7.463209386444109583e-01
nan	6.960252865926259691e-01	7.378471095555640957e-01	-1.357151520256027366e+00
nan	-5.096463677979994333e-01	1.405274018230491695e+00	-3.535884744973288307e-01
nan	7.480268575379975804e-01	1.059298879269420013e+00	2.022532200320342977e+00
nan	9.994959471166736664e-01	4.367235852498827509e-01	8.098467240734796846e-02
nan	1.792403067042322107e+00	1.888083326498835479e+00	3.701855509859798832e-01
nan	1.439120873421657398e+00	2.433227570396274686e+00	-8.762967064585401866e-01
nan	2.311084107961970169e+00	2.585293177904087969e+00	1.293895189686058433e+00
nan	1.190635372952304039e+00	1.222428519984620321e+00	4.483306332861669574e-02
nan	5.992754599145948546e-01	1.524735664073650465e+00	-6.218809737923872705e-01
nan	-1.299195134060121992e+00	1.167475308735147710e+00	1.041181086875697215e+00
nan	-1.701589129202973893e-01	-1.415216221718151868e+00	7.295254772950503508e-01
nan	-6.025048581954645099e-01	-7.772438442885072352e-01	-5.154700362541414504e-01
nan	-2.306684202634460001e-01	-3.387534306525795125e-01	-1.349062232619639312e+00
nan	1.585529496232932267e+00	-1.027629140472450686e+00	-1.155769533004918914e+00
nan	-4.794717066481442025e-01	-1.872021517460089601e+00	3.950959860010267999e-01
nan	-1.058385176388539461e+00	-1.171688824448499089e-01	-4.827333257489891949e-01
nan	2.254951661607553337e+00	1.843014020322205071e-01	2.429148756809152154e-01
nan	1.742470428139296423e+00	1.621498433899069447e+00	1.061432552265612950e+00
nan	7.042884950445409409e-01	6.018435048404396914e-01	1.926942721936787839e+00
nan	1.919109733703317222e-01	-7.083348656839485447e-01	1.050252979152300759e+00
nan	-9.204493814186158751e-01	6.511335419019854687e-01	3.148682921513393240e-01
nan	1.249682446972215200e+00	-1.334268271427484054e+00	-1.271084757347698213e+00
nan	1.688108447107431909e+00	6.000424037554662471e-01	2.012069304226107302e-01
nan	2.206051759344167529e+00	2.008268116154619420e+00	4.591878033682876836e-01
nan	-1.144743318743812743e-02	1.699169669710298258e+00	2.591339199044904174e-01
nan	1.522426092718274226e+00	2.334353782976935632e-01	-6.121970223585311288e-01
nan	2.766835282407979157e+00	-1.202185767844563546e+00	-1.112019980735422242e-01
nan	2.604110696106963996e+00	5.605246714987237588e-01	-1.374568314439957861e+00
nan	3.136022846057269220e+00	1.130800156387136379e+00	1.308416282135743458e+00
nan	2.264605798679281801e+00	1.966421446792501415e+00	2.642924354552310895e+00
nan	9.840626159839226395e-01	1.183329778319999637e+00	2.493182941075076098e-01
nan	1.487896772055872230e-01	-2.062249424486486404e-01	1.843701642676142116e+00
nan	6.550178233915988635e-01	2.750011034518893283e-01	-1.630354537421620842e+00
nan	7.466048237839701951e-01	-3.969778757034000405e-01	-1.850926505331146887e-01
nan	-6.627716466890595237e-01	6.881554911638971817e-01	-1.638857971799247082e+00
nan	7.707138142603083830e-01	1.784489617836201303e+00	3.300815242985481457e-01
nan	1.307675119933974450e+00	1.676597650618741886e+00	8.766390588582698706e-01
nan	3.089944678703435699e-01	9.779786908084707742e-01	9.672927724141460182e-01
nan	7.561546170703996594e-01	2.793664402659902901e+00	7.014006857736977407e-01
nan	1.650589595223618478e+00	9.888839005897764878e-01	1.524435155564400013e+00
nan	8.662333171969704981e-02	7.831991450674433697e-01	-1.192513562920109127e+00
nan	-1.813931545245716315e+00	1.018100494149230428e+00	7.103048465484330665e-01
nan	-1.206608057985818716e+00	7.121081055350607647e-01	5.980644938379025000e-01
nan	1.799802274097382637e-01	-2.919026579315855408e-01	2.416722128860909535e+00
nan	1.364270648318382240e-01	1.134617911534316625e-01	2.251660169950675972e+00
nan	1.138127434902082236e+00	6.783285208753194739e-01	1.008216337947769325e+00
nan	9.578493742965674684e-01	2.216524667036499641e-01	-2.724363091452106644e-01
nan	1.971503539340933031e+00	3.418719999045102265e-01	3.234839843062657372e-01
nan	1.148874638761481215e-01	-2.529503917497260002e-01	1.108492616081002247e+00
nan	-3.009958201218683738e-01	3.186250095279775651e-01	-1.332000275679155354e+00
nan	1.182831162795783486e+00	4.093126725405667465e-01	-9.056278879942415427e-01
nan	7.539687831778594251e-01	-2.055389292466027196e-01	-1.128944758091453338e+00
nan	-6.764306276654041827e-01	3.493573218209815590e-01	-1.169081290990121813e+00
nan	-1.693243836775463196e+00	-3.168591755484603811e-01	-2.472094041070121984e-01
nan	4.787885269002600808e-02	-5.293220929990041235e-01	-4.463230666295796567e-01
nan	-1.459459643123977912e+00	1.044728185026088774e+00	-1.117760328752426480e+00
nan	-4.254243617172026592e-01	7.455066521656305012e-01	3.111620933860731464e-01
nan	-8.834395275115719537e-01	1.844899488688872990e+00	4.865031514120414791e-01
nan	1.037560720967181549e+00	-1.084824179062171989e+00	1.465524466870942621e+00
nan	1.378615943664531107e+00	2.239198497268044818e-01	6.709226181599564631e-01
nan	1.185553241278625380e+00	-4.384533830085649009e-01	1.636994448035468341e+00
nan	9.767563152388710757e-01	-2.840684222138808446e-01	2.835988667747478265e-01
nan	5.249868243071673657e-01	-4.947497538671757900e-02	1.367923131674022019e-01
nan	1.160425160250939114e-01	-5.727125735494632552e-01	-1.362309890797394285e+00
nan	1.157910401840903880e+00	-1.308303114108394949e+00	3.255916563504032135e-01
nan	1.698341437565622947e+00	-3.975114653236670459e-01	-1.156005387982673049e+00
nan	8.932731672866747186e-01	1.439364121013311237e+00	-1.152743844223072633e+00
nan	2.276261844341945562e+00	8.048735531896207274e-01	7.632435524446027353e-01
nan	4.709878703447224479e-01	2.568504846113028872e-02	1.042926132464411237e+00
nan	1.446719428212357883e+00	2.957618764342618833e-01	-4.311392432479705383e-01
nan	-3.192477139830114385e-01	-3.589856059239884267e-01	7.908904329440872294e-01
nan	5.728669174530240937e-01	-1.699727051190891292e+00	-2.005711266293605632e+00
nan	1.573546397445130252e-01	1.277450092900147771e+00	-1.084907191345364286e+00
nan	3.046643301365525414e+00	-4.836684959695014552e-02	-1.264926125897304576e+00
nan	4.264226658413272641e-01	6.132870625800124209e-01	1.262298389373555985e+00
nan	-1.465596753796181151e-01	-3.039042986266532465e-01	1.935680361892840318e-01
nan	4.258645578568743817e-01	-6.838609634641602542e-01	5.958850245412280477e-01
nan	4.125439335543925612e-01	-9.695670496138796279e-01	1.374762440373638039e+00
nan	-1.021280820945166701e+00	4.900064841077267364e-01	-6.200888022266743960e-01
nan	-8.521819707507236608e-01	-6.400043207962424763e-01	-6.890893637302236696e-01
nan	-4.406313533617701172e-01	2.137254607608149448e-01	-1.335411094317104475e+00
nan	-1.596319472804583306e+00	-6.988191803737793528e-02	-1.122065071565583105e+00
nan	-1.801103496103928059e+00	-1.615574116312092467e+00	-8.927943748179729688e-01
nan	-3.754098970984902639e-01	-5.947682485028538135e-01	9.010500375427489272e-01
nan	-7.428499781586639372e-02	-2.177617219514547120e+00	-1.440276416941343174e-01
nan	9.334173913792009891e-01	-2.485720355231437750e-01	-7.529472442967178880e-01
nan	2.647749953389360034e+00	5.968093799431370416e-02	-1.087102617913029867e+00
nan	6.910882200805882336e-01	-8.037791964485232477e-01	-1.477231205209278420e+00
nan	-1.918588081019460267e-01	-8.821644636399603723e-01	8.041185772193160108e-02
nan	1.374094661806045226e+00	6.529780007374919037e-02	-8.749659076912058575e-01
nan	1.144185679844294201e+00	2.089201042237021078e+00	-3.226044691740928005e-01
nan	5.809628267080740871e-01	-6.691855938152284633e-01	4.493590701965565759e-01
nan	-5.912496657077388057e-02	9.009181863138987501e-01	1.908537744503909228e-01
nan	6.362925745336465155e-01	9.181192343004382361e-02	2.092792733155221629e+00
nan	1.531480680593554133e+00	-2.011183027495141995e-01	4.327653681583097933e-01
nan	-2.236652409136976161e+00	8.597246371426918721e-01	-2.137250460999840840e+00
nan	-8.589006760227387849e-01	9.876404948952810514e-03	1.220347494526976995e+00
nan	-1.727847736614568586e+00	1.827822343106595415e-01	1.922711365325828980e+00
nan	-9.313232458713540662e-01	6.632592435265027841e-02	-5.417039202419460242e-02
nan	-8.952749565702169954e-02	-2.204859460802958804e+00	3.853310035885612606e-01
nan	-6.242332790107881779e-01	-1.039634823475277470e+00	-1.362999144338766566e+00
nan	-1.887650228977613365e+00	-3.252373203866214535e-01	-2.930246753373072499e-01
nan	-7.926483592828988956e-01	-1.548246385362095356e-01	-4.846508613761778550e-01
nan	1.884498393832492846e+00	2.615290817047211114e-02	2.746679915271088568e-01
nan	8.582070054579871154e-01	9.997418601439393981e-01	1.986471474720962749e-01
nan	-1.120387186032734128e-01	1.460832235298953563e+00	2.443040924767892363e+00
nan	2.849555721412946330e-01	5.312948885025873258e-01	1.591633050412232908e+00
nan	-4.840052559511691110e-01	8.691397322801150960e-01	9.684290568422271317e-02
nan	3.981163333708585550e-01	-7.028710561630507891e-01	4.384817347177157321e-01
nan	2.966147518388328463e-01	-5.169135171672891715e-01	-3.150296154892008871e-01
nan	-1.095206298917275056e+00	1.210607200528207361e+00	-1.389164616149030973e+00
nan	1.512826389911152924e+00	4.920886616813422570e-02	-4.859605810688247818e-01
nan	1.927799436766785668e+00	1.046152185449742866e+00	8.043269857205895823e-01
nan	1.390533820097309414e+00	9.445746346511532110e-01	1.903187741553793222e+00
nan	9.184043107090811286e-01	1.884052703578180665e-01	5.832931910215800597e-01
nan	2.987280336570039552e-01	1.013688084579181581e+00	1.527580033985771690e+00
nan	2.161516619707170683e+00	8.569378554890989541e-01	1.630699232834633694e+00
nan	1.297073325101993690e+00	-5.860616206831115171e-02	4.232775690941397162e-01
nan	-1.391803215670770477e+00	-9.448635980444392013e-02	-1.708992788351000325e+00
nan	-3.535435471638558091e+00	1.704617585911046840e-01	-1.595864964123554497e+00
nan	-1.159894904347843703e+00	5.372035336488867330e-02	-1.822180499019988353e+00
nan	8.499135067619795203e-02	-1.172689825037132483e+00	-1.024925376173006386e+00
nan	-1.114345102471142379e+00	9.935770491420933270e-01	-3.709239590247052631e-01
nan	9.092450776141780544e-01	6.020140816700396413e-02	-2.700127486552118539e-01
nan	-1.179904067456776673e+00	1.585498094825766202e+00	9.599361301066842156e-01
nan	-1.284388191523618383e+00	-2.551790762726058315e-01	1.155684818803817349e+00
nan	8.317985761733666106e-01	-6.664484522256278742e-01	1.842827425830799504e+00
nan	-1.330069437466029347e-01	9.784798480603343895e-01	2.904782506815033916e+00
nan	-3.274909466860441709e-01	-2.136935338717774191e-01	2.001787100939348640e+00
nan	1.625037168409784627e+00	5.044416591699170116e-01	4.187087110534467027e-01
nan	1.678669635953015771e+00	1.358038866141024315e+00	1.140819688923881081e+00
nan	5.790272820030719636e-01	1.952440857166702015e+00	-2.173954261929441634e-01
nan	1.453376033842059156e+00	1.218089103992859856e+00	6.003510609202163950e-01
nan	1.244726128260838394e+00	9.489083948692474957e-01	1.091816684770064549e+00
nan	7.035161568521091091e-01	-1.333882357266421570e-01	1.399920750183705431e+00
nan	3.740747578104088866e-01	-3.184580184678854620e-01	-2.095869113397674233e-01
nan	8.553683397336887539e-01	-3.949752932182107878e-01	9.090347084329911675e-01
nan	1.701113229997279985e+00	4.865925576374036110e-02	-3.158415390894002139e-01
nan	1.320451917698886035e+00	-3.418695894948960978e-01	5.613911447699146962e-01
nan	7.152051818436757635e-01	5.976689782398466599e-01	1.098495961942267174e+00
nan	-1.108228755173370939e+00	1.208055623110748877e+00	-8.394443407014056113e-01
nan	-1.302697945948874392e-01	3.465959321332374304e-02	-6.191267585506534665e-01
nan	-1.871817747835322843e+00	-3.469859773058418528e-01	4.107784587413723099e-01
nan	-1.569586135472750055e+00	1.696686623486207690e-01	1.169457324952039023e-01
nan	4.463510051133294243e-01	-1.619181437882304619e+00	-1.271004788769872551e+00
nan	-2.487972981283459450e-01	-1.821646336934938271e+00	-1.355193955283452434e+00
nan	-3.886257804643652447e-01	-5.522627060791012177e-01	-7.338252196874264222e-01
nan	-1.114154604755885014e+00	3.749934035190498616e-01	3.303213438259020585e-01
nan	-1.968356050979520322e-01	-9.073790118184051900e-01	-4.196765303839639083e-03
nan	-1.263622042137050316e+00	-2.863292932363555310e-01	1.368014718506892713e+00
nan	-1.970798299979086510e+00	1.365473617318447630e+00	-6.316415570982309990e-01
nan	1.365651548332249277e-01	9.650301142903466856e-03	9.255952750536800000e-01
nan	4.644265542248838807e-01	-1.075588407109407285e+00	1.294812162109289844e+00
nan	5.040201891741525886e-01	-1.060310204594601791e+00	1.773492499007685907e+00
nan	5.259728658496168330e-02	3.034869031897052816e-02	-6.466080208041255495e-02
nan	-1.898542180021726589e+00	9.306453925423541218e-01	-3.700263114005678672e-02
nan	-1.479964275113085925e+00	-1.314635767365305574e-01	-2.990110740526147337e-02
nan	2.972492590993047745e-02	3.743048376861990434e-01	5.979975517558929754e-01
nan	2.529080889176217317e-01	8.446991907729195503e-01	8.115488430801678921e-02
nan	1.371420968517407801e-01	-5.648441368835194210e-02	-3.403058370532948684e-01
nan	-2.593086521351900764e+00	1.245869979815305895e+00	-1.048144259191796435e+00
nan	6.420751182317396832e-01	-5.688340156163740335e-01	7.734718755476940322e-01
nan	-4.760355363837538989e-01	-1.009028231697209677e+00	-9.359598631055479068e-01
nan	1.403242255990687082e-01	-1.035720742756929269e+00	-3.493849594567706163e-01
nan	-1.138373716853605222e+00	-7.983093570637957992e-01	-3.467561446185949969e-01
nan	3.826138200041810933e-01	-3.235823559207066658e-01	-1.077642192202925120e+00
nan	-9.371726859281643840e-01	1.067594296872001358e+00	-4.319813554126747390e-01
nan	-1.558912269696038688e+00	7.417073109569805034e-02	1.362158747570308526e+00
nan	-7.350570823588298275e-01	-1.225028952635308421e+00	4.864750523216654909e-01
nan	2.222028149395177676e-01	-1.358270525790862937e+00	1.328077030864415642e+00
nan	-4.006557157818028125e-01	-1.523418550680453398e+00	7.893228509938795545e-01
nan	-1.189257787515741960e+00	-1.565733252755497684e+00	-2.183550564215063772e-01
nan	-8.934283070030880625e-01	-4.564361674800063162e-01	-9.652267755761556600e-01
nan	-4.483108451444351994e-01	-2.172815635085584285e-01	-1.132764116106705021e+00
nan	6.746884093597182996e-01	2.160610467104434607e-02	-3.072609535076618603e-01
nan	-1.217778486516346348e+00	-6.345701544965826058e-01	4.534318540395385067e-01
nan	-7.388050244152123414e-01	-1.129513206286339999e+00	-1.228955035116049421e-01
nan	1.057079018536264847e+00	4.114053359129639098e-01	-4.522820867655092947e-01
nan	1.598852585015314798e+00	6.138613407147232026e-01	7.717635462586230899e-01
nan	-8.813177330462864667e-01	1.894083366312283800e+00	1.084033829627873535e+00
nan	7.025524208394076098e-01	1.372492410486078895e-01	-5.289625289085247983e-01
nan	-2.156806058887632549e-01	-8.778447728799378957e-01	2.224646380915855648e-01
nan	-1.612696295895611920e+00	-1.195442042584071940e+00	1.041888848512123822e+00
nan	8.958032982943309186e-02	5.496532591220248953e-02	1.491920161072444184e-01
nan	1.813104248156670040e-01	-1.414105648379845315e-01	4.321403655830666768e-01
nan	2.651078985908884023e-01	3.230363050160775518e-01	6.134444730060160111e-01
nan	6.473730747625159321e-01	3.308053689549446119e-01	1.428860201306510591e+00
nan	3.446692067474739773e-01	-1.177865522937114440e+00	1.645324506782492424e+00
nan	-9.846837395481639055e-02	-1.418931359944778148e+00	1.842432386987440385e-01
nan	-8.921169686642950181e-01	-2.505424467348344564e+00	6.334055674926619695e-01
nan	-3.050199833673087335e-01	1.263946745519566317e-01	-8.224250540082878036e-02
nan	-5.955266396118476246e-02	2.225266089726050944e-01	1.887780398718458263e+00
nan	-1.619256299526546927e-01	-8.940955376345796068e-01	6.464190753902464559e-01
nan	7.869749077859344855e-01	-1.043875015733088718e+00	2.746988425031506309e-01
nan	-2.266196084507188679e+00	-4.759712926668634436e-01	-3.174869202086336162e-01
nan	-1.278401495437547108e+00	-1.888458958236467033e+00	1.546974270651957362e-02
nan	-1.233600936297666095e+00	-9.719676986136716046e-01	2.415681144458479146e-01
nan	-2.053231240926070011e+00	-5.567377435864473423e-02	1.594180715852359098e-01
nan	7.542283503702867931e-01	-1.255573824877314726e+00	-2.754042298443698522e-01
nan	7.549411742507625700e-01	4.531159244765156080e-01	1.108978356101843588e+00
nan	-3.797831818689866856e-01	2.780219579370938110e+00	1.790215023516939508e-01
nan	8.208727415234959857e-01	1.167295417042669481e+00	1.108569880789585627e+00
nan	2.039576041230162673e+00	4.555392479610084755e-01	-4.438973146472653397e-01
nan	1.992806758198081285e-01	7.638261360247197151e-01	-6.578387663800059348e-01
nan	3.747647124789648676e-01	1.478228701144609358e-01	2.694646700494462088e+00
nan	-4.673040150404393356e-01	8.017954867750034520e-01	-5.726413722207057688e-02
nan	-7.511655240289113467e-01	9.420998194657715930e-01	-1.469599937314232108e-01
nan	-1.667365838331498873e+00	3.377159910940099041e-01	1.014045520736067907e+00
nan	1.709880029920801126e-01	3.528117562469373913e-02	1.982615435302192752e+00
nan	1.086205295304794871e-01	1.393198850901223862e-01	4.753128924336601502e-01
nan	-2.019987311657915452e+00	2.480285925296753513e-01	1.442144554461821659e+00
nan	-2.518759333483886476e-01	4.676806495924189511e-01	3.895968031447928359e-01
nan	9.448461118712073725e-01	-1.777799339881768637e+00	7.405483049335317980e-02
nan	-1.194527604883254268e+00	-8.782830707082109889e-01	-1.858136796420194470e+00
nan	-2.347737803077625252e+00	7.015089694195830727e-02	-2.081132105858602088e+00
nan	5.010449931452913841e-01	-1.185338552936217038e+00	-5.406707528817726871e-01
nan	-3.688134596718514180e-01	2.876210123948985675e-01	-6.550808489234514198e-01
nan	5.949604468697304582e-02	2.517349441944470301e-01	1.057005506857931598e+00
nan	-6.696440399984118219e-01	-6.346316216979365210e-01	3.170093829988689382e-01
nan	-7.892087560289791082e-01	9.095383151587572712e-01	7.706667938557252295e-01
nan	-9.702956709233757637e-01	9.095648770394287874e-01	1.206651341874265704e+00
nan	-2.330621526130835619e+00	-3.818645958709762089e-01	-3.734377857562879433e-01
nan	-1.022496021211348083e+00	-1.652519913565621668e+00	-6.888516826311976704e-01
nan	-2.286424951373977166e+00	-1.065114910873242948e+00	5.518768875101150995e-01
nan	-1.086527878871529351e-01	-7.137024501565220058e-01	8.008508309469670738e-01
nan	3.555342623732037355e-01	-1.163179890374233638e+00	-1.171320998834783911e+00
nan	-2.914251114441476220e-01	-4.623813618244843049e-01	-1.727546880994566880e+00
nan	-1.961632731560855269e+00	5.250622061939376195e-01	8.300763333003724487e-02
nan	-8.786071918727839103e-02	-8.046738696874757846e-01	8.163477772331543258e-01
nan	-1.333910812308646499e+00	-1.527266387898712274e+00	1.773801771321217524e+00
nan	-8.360854631473136900e-01	-9.564405837119670517e-01	6.719077042482477502e-01
nan	-1.316395317639667883e+00	3.704455916880590172e-01	-1.740046147726691084e+00
nan	-7.671626167596432566e-01	4.245239374678696498e-01	-8.367944529566314626e-01
nan	5.776976944507258294e-01	-1.243032522429046827e+00	-9.360431502962667238e-01
nan	-5.378861394033688237e-01	-7.538247834931702251e-02	-2.685488870815422313e+00
nan	-1.032349904557675835e+00	1.152246779160019940e-01	-1.758115858935854536e+00
nan	5.611730300347770317e-01	-1.748867046699467576e+00	3.307616961586912208e-02
nan	3.609463287850878110e-01	-6.577641557060280864e-01	-3.969504097322854030e-01
nan	1.265046792789702446e+00	1.355059738864725860e+00	-1.179137997298607965e-01
nan	2.365227602798629203e+00	1.172966151385231859e+00	-1.111399468685595693e+00
nan	2.585191615253776831e+00	8.395519748377280322e-01	5.379566467039553768e-01
nan	8.900547798104877506e-01	2.962621538210215011e-01	3.359996846755979871e-01
nan	2.612518227248100677e-02	-6.829747385397487713e-01	4.081780771903675831e-01
nan	-1.151557442472580295e+00	7.307048484262435029e-01	5.976138312651386730e-01
nan	1.608320903927537016e-01	-1.270176847913580431e+00	1.481903834099509432e+00
nan	-6.754645569235642188e-01	4.404923668042631801e-01	4.851424208393155801e-01
nan	7.753939551468141955e-02	-1.903024781178060287e+00	6.656664970940417980e-02
nan	7.815068225307530980e-04	-1.501246672987595288e+00	-3.209416865401328312e-01
nan	-2.590709813758846458e+00	4.649222742019726295e-02	3.835961329606807357e-02
nan	1.876230515898307250e-01	6.501838520352121176e-01	1.227471274458762585e+00
nan	1.809249231520975609e+00	-1.317686813098040144e-01	-8.148263197276327530e-01
nan	6.462556429800313529e-01	-5.404494949122300440e-01	-1.487583733123262753e-01
nan	5.351551939768097732e-01	-5.405994135530720057e-02	2.841152367639995235e-01
nan	4.690087424648416992e-01	9.104854762538990842e-01	6.425438216159286009e-01
nan	1.171316189215326542e+00	1.236049080990942128e+00	-4.314392837126032054e-01
nan	6.388845824409139507e-01	-6.325323148127223183e-01	1.985780231324555611e+00
nan	-5.370047498441331557e-01	-1.116962709218398242e+00	-3.726865898597148674e-01
nan	-9.790966864008980863e-01	-8.454070897058896250e-02	-8.414414976542810010e-01
nan	-7.945953686064355370e-01	-5.653801481483844427e-01	4.223085674201430550e-01
nan	1.659533136285529675e+00	2.329646870087151100e+00	-2.079672711383279360e+00
nan	5.370530425462127777e-01	2.747965311563604018e+00	4.682227013067946642e-03
nan	2.735067375879514096e+00	-5.028613599876048390e-01	9.714540115007530563e-01
nan	3.442574779799342788e-01	1.230077450377945913e+00	5.993731583972021770e-01
nan	1.513694344042665563e+00	1.731623382927137245e+00	3.341639548415994421e-01
nan	8.111835821970202476e-01	1.734836319411373395e+00	2.591034878437722178e+00
nan	-4.051653877538042847e-01	1.495918356292454066e+00	2.528214042491706337e+00
nan	1.864693732145328742e+00	1.801131876102138873e-01	3.970093277495205797e+00
nan	3.690333325520623875e-01	8.568963378714150592e-01	6.802379616117946171e-01
nan	-3.286758595396155891e-01	-6.853432842609152864e-02	-2.023498960843734817e+00
nan	-2.652453201439977648e-01	8.598948052764822381e-02	-7.988478170184698524e-02
nan	-3.896746868668015673e-01	-2.050496726819117210e+00	-1.493345633024829588e+00
nan	-1.838094449109360928e-01	-2.012412842785054501e+00	-1.554458457754503531e+00
nan	3.411742393393722983e-01	-7.371904943106745156e-01	6.697846384853349821e-01
nan	-7.436630435761585334e-01	-2.773557683366339455e-01	-9.510533343715428245e-01
nan	-2.125537124315410864e+00	1.528291083443237941e+00	-4.766486434444221487e-01
nan	-6.179861415358520738e-01	-2.664239553755745948e+00	5.592849751635785571e-01
nan	-2.736516376326506350e+00	-1.301599081144287906e+00	-3.390737151031036900e-01
nan	-8.333030563256298429e-01	-5.307980145730883947e-02	1.194709336144478717e+00
nan	-6.673245579348772161e-01	-5.363199058585960133e-01	-2.831118011143543556e-01
nan	5.618705086533350990e-01	-8.549856529030660512e-01	1.716220518512065141e+00
nan	7.719148057502669968e-02	4.436797336807705716e-01	1.127868210506334457e+00
nan	-6.652565433710552756e-02	-5.057652759912694140e-01	7.864130767522748977e-01
nan	2.461160804081617137e-01	-1.038317603025071145e+00	7.648060117318229434e-01
nan	-1.068926522958076886e+00	-6.891771977895091994e-02	-1.616380898199998084e+00
nan	-4.691338024570187448e-01	3.072027041982045570e-01	-5.705073003731352399e-01
nan	-1.752443734923537777e+00	-1.277623632797588948e+00	-3.037523423031664449e-01
nan	-7.331482971728719988e-01	-1.924898015582497290e+00	2.349230903465686637e-01
nan	5.262640736413796150e-01	-1.739690612978455508e+00	1.267692929951984571e+00
nan	-1.030179347960804348e+00	-1.078210046206489747e-01	1.242294123876115153e+00
nan	1.660318088623955468e-01	-1.070761646608202167e+00	-2.857698568946662743e-01
nan	1.362273016247103508e+00	8.676760095628699432e-02	-1.293288447077628245e+00
nan	-8.408715026084856436e-01	9.190697573320721903e-02	-1.743256292788338158e+00
nan	1.104953142448308612e-01	5.030500088419024296e-01	1.044279436450024634e-01
nan	-1.625812836692869912e+00	9.203697351960662409e-01	-1.029322374678132812e+00
nan	1.608820736251966865e-01	-6.308774869374842442e-01	-3.318911226528725722e-01
nan	-6.162475544866311550e-01	4.791439855911220347e-01	-7.647183613483116149e-01
nan	9.903960164462224380e-01	-1.174510270603584594e+00	1.592015728928032114e+00
nan	3.746323010206352722e-01	-5.687943048093286463e-02	-6.798802871847950957e-01
nan	8.597948356082114607e-01	-2.154960010561526307e+00	-8.602374005934629864e-01
nan	-1.536549366322335297e+00	-5.388965670270464692e-01	-1.196957211004259891e+00
nan	-1.441023471336529971e+00	3.658804365615457854e-01	-1.237774090442856023e+00
nan	-1.744414328757771360e+00	1.811528091343291846e-01	-5.644483459944555914e-01
nan	-5.955716709857635793e-01	1.072158324788098804e+00	8.740664838572360651e-01
nan	1.917103563062932725e+00	-2.444570229688446394e-01	2.413461769054700667e+00
nan	-4.286118249205284059e-01	-9.204896155513981881e-01	8.818718596943586618e-01
nan	-1.694846080176772019e-01	-1.840744266675663710e+00	-7.380451941478990419e-01
nan	2.556435577968563244e-01	-1.203353147362993036e+00	1.318437039213792294e-01
nan	6.757880870255614791e-01	1.807265096634377066e+00	-2.017804587879764022e-01
nan	5.520457522905641845e-02	-1.356114306510843859e-01	5.576224154050160031e-01
nan	1.103630184184867247e+00	-1.743449959043487096e+00	-5.447951678825688759e-01
nan	-8.145696449864519018e-01	-1.476471690783435486e-01	-9.603786108262104548e-01
nan	-8.250258822441668416e-01	2.587639597399860047e-01	-3.693340920485971846e-01
nan	6.781199452204222933e-01	-1.667021846985795308e-01	-2.309666904199712545e-01
nan	-5.691951653516392762e-01	3.414441904487979240e-01	9.085914691798344656e-01
nan	7.316583662716547032e-01	-8.655471851916843873e-01	1.674292322084213858e+00
nan	5.829608565922163033e-01	1.397158336586825644e+00	-5.516345766992277744e-01
nan	-4.987258789341555421e-01	-7.738583378175496463e-01	-9.955499530721061419e-01
nan	-1.289430023946994908e+00	-1.513956519066164796e+00	-1.129353278193377719e+00
nan	-2.898259338477652269e-01	-2.379109577458213387e+00	-2.221908112003139202e+00
nan	-5.557787298279768251e-01	8.200198498522349722e-01	-8.727580117418596295e-01
nan	-2.112953673973771096e+00	-4.517813056538726446e-01	-1.788665672323841882e+00
nan	1.211353599040794649e+00	-2.208123305920249857e-01	-5.452610070578562951e-01
nan	2.104122975375775084e+00	-8.312008326559019444e-01	1.399004254527174418e-01
nan	-3.330406839877782521e-01	1.060121240896580552e+00	-9.768931357460273190e-01
nan	1.031403490234061859e+00	-1.817885293975974648e+00	6.300477895992236954e-01
nan	-2.661356284305637088e-01	6.097205858756302166e-02	-1.341075648679849852e+00
nan	3.635092516294090581e-01	-9.802299583612238409e-01	3.927769848520838991e-01
nan	-6.606915690144870013e-01	8.808334037807075134e-01	-4.478337549761758352e-01
nan	-2.351405501258437170e+00	2.014707730085691040e+00	-2.512148664068414305e-01
nan	-1.061507539032059855e+00	-1.603081350140528549e+00	-1.276524259096189606e+00
nan	-1.576184409904992201e+00	-1.599334069329298336e+00	-1.899600858208676302e+00
nan	-4.693679129016177787e-01	-9.843774082880548670e-01	-6.821892951512711356e-01
nan	4.838857303404231480e-02	-1.575431855967271755e+00	-9.324008165191975950e-01
nan	-3.094926065434094653e+00	2.109579403253084018e-01	-1.289444614611904960e+00
nan	-1.969862901943447042e+00	-2.685578456708448414e-02	2.221559753482035271e-01
nan	-1.038712444926439993e+00	-3.387409459320713245e-01	-6.198187632673356484e-01
nan	-1.063284881592117648e+00	6.831358167315944030e-01	4.745676359174572090e-02
nan	2.554140704910540238e-02	2.020547215194856416e-01	3.971296510975861893e-01
nan	7.527496924863812389e-01	-1.533983456810961155e+00	6.347980245960384293e-02
nan	1.406896741508836257e+00	-7.859721328151949571e-01	-4.381222694088242609e-01
nan	-1.517729656166125762e+00	4.549682848804625923e-02	2.217783889326357394e-01
nan	-8.173863420647793365e-01	-2.356874339909477811e+00	2.310110109027440739e+00
nan	-1.527994181463121937e+00	-2.008402359906961365e+00	-9.880684628455291829e-01
nan	-1.198778161380877227e+00	4.637092524033832319e-01	-1.622885574187010072e+00
nan	1.143716252158262447e+00	-1.425197051483304778e+00	-5.697640512900992160e-02
