nan	-8.666129791646928759e-02	1.931886448494627151e-01	-8.230700083101829545e-01
nan	-1.145110506204467971e+00	-3.953864365973270290e-01	-2.207914461066017964e+00
nan	-6.213591872201411626e-01	-2.887203838754334839e+00	-1.642754110002859091e+00
nan	-2.124830572610415746e+00	-1.117373476176776181e+00	-1.190510848407067446e+00
nan	-3.440830971798472859e+00	-3.233139418028099232e-01	-1.227219004643760325e+00
nan	-1.100845865031334414e+00	-2.242469043058573419e+00	9.454102196453678664e-02
nan	-8.591087527296612514e-01	-1.240042120273008308e+00	-9.093497522126707810e-01
nan	-2.087471807730215012e+00	6.084440830331059313e-01	-1.774612508122119126e+00
nan	-1.016582113005618515e+00	4.127351804962788306e-01	-3.232766431058209933e-01
nan	-1.065068767651488058e-01	1.924234401619326462e+00	-1.082862908059600837e+00
nan	5.396889141435402548e-01	8.280337154535999389e-01	-1.088099899667712478e+00
nan	-7.351930586151932401e-01	2.021443107089692326e+00	3.739095359562513154e-01
nan	-6.987766499274333798e-02	3.585950283785330206e-01	-1.649661237326738306e-01
nan	-2.930816721853377049e-01	5.048103927219136366e-01	-1.203846171121074837e+00
nan	-1.198678858209567322e+00	-9.680700001384204834e-01	-1.634288207339922527e+00
nan	-4.849003194253469484e-01	-8.195660149060199906e-01	-6.108231414279876592e-01
nan	-8.144768076092465670e-01	-1.706178642104789311e+00	-1.178767230367784968e+00
nan	-8.065758778993461497e-01	-1.070851658195898448e+00	2.328696505647631643e-02
nan	-1.078049840395022052e+00	-5.246825564528601049e-03	1.889756678577184101e-01
nan	-8.566389540124133006e-01	-1.222868006271285335e+00	6.022996706057868188e-01
nan	-1.094216807465425711e-01	-2.052532535185370155e-01	8.475079050564534588e-01
nan	-1.521699054755331959e+00	2.257836767893996455e-01	1.526603040066244255e+00
nan	2.717827383554378140e-01	-3.305392036250771604e-01	-5.621522297346016606e-01
nan	2.082010715448952276e-01	-3.032831421745265654e-01	-5.040056574579799831e-01
nan	1.006666937542189277e+00	-1.512092082182603603e+00	-7.036343987836565783e-02
nan	7.954884663229579989e-01	-1.469912019649067147e+00	-9.205168879524787684e-01
nan	-1.462385132079014438e+00	2.221000747146454568e+00	-8.159827862303822288e-01
nan	-8.598262603069148913e-01	-1.316398906983668460e-01	2.465940769134092214e+00
nan	-2.911734712927686597e-01	1.926713111350140117e-01	4.699709848152314740e-01
nan	-1.151373824229725118e+00	2.408059079913449918e-01	-1.136405982906748324e+00
nan	3.289870084210139156e-02	1.669905267723030384e+00	-2.115492422511231208e-01
nan	3.268438452729978128e-01	-6.111404851488465573e-01	1.153917570041250062e+00
nan	-1.129520091424856432e+00	7.695358007790381594e-01	4.220675266822186966e-01
nan	-6.064170830939782375e-01	-1.011987100358932912e+00	-4.292193075950646031e-01
nan	-4.716530445037516728e-01	-8.334403313092159094e-01	-1.812674846429734199e+00
nan	2.968819661851411773e-01	-6.163164469695064929e-01	2.750304747787721826e-01
nan	1.072429937857284132e+00	-5.341519713995296348e-01	2.563202736866506681e-01
nan	-9.702524461703144754e-01	-5.468799392910106416e-01	-7.962534675777166449e-02
nan	5.670524852006875172e-02	-1.700766504455159200e+00	6.115526326199084428e-01
nan	6.900769808958822082e-01	-1.424390634749476803e+00	-4.899804701817578323e-02
nan	-9.363785065324730095e-01	4.397184155061445998e-01	1.719955748360839642e+00
nan	-2.036755383712935075e+00	-1.083285473222645345e+00	1.552067413957522568e+00
nan	-8.667351291107924238e-01	-8.309642874206607521e-01	-3.068093199191188614e-01
nan	-5.092488166677121564e-01	8.768314498003426660e-02	-9.082926579906018816e-01
nan	9.818423641654947520e-01	-1.741059262984605782e+00	6.497275965798295916e-01
nan	-6.116316537092094663e-01	-6.182449312192090929e-01	-2.522464814874303407e-02
nan	-1.252484723377660369e+00	-6.566409887467063999e-01	-3.590882597199432924e-01
nan	-5.004833597051643324e-01	-6.548884106010918194e-01	-6.023394247814246594e-01
nan	8.021357873756680412e-01	-1.272590443248641234e+00	-7.624427478372992617e-01
nan	-1.391493128034204441e+00	-1.040561901586031457e+00	-6.191581853644441136e-01
nan	-1.600105320423643507e+00	-9.587227899586323598e-01	-6.218691868551700086e-01
nan	-2.178580559906214020e+00	-6.785293100851382819e-01	-1.188488180936191574e+00
nan	-2.029302461883172093e+00	-2.237556394283136019e+00	-2.802507232483030797e-01
nan	-2.372281438711989487e+00	-1.034380361154768391e+00	-1.327548955738038217e+00
nan	-2.604650311648464722e+00	3.045135344836031877e-01	8.538856053244172628e-01
nan	3.888023334644588047e-01	8.588654290998283258e-01	1.869779606383816573e+00
nan	2.864997749512179226e-01	3.720811502872010679e-01	1.402414672266076856e-01
nan	2.551460271539223723e-01	2.475389555189233537e-02	-5.410974983941280181e-01
nan	-1.831525757565899970e-01	-1.029089711368386784e+00	-7.306083612105792602e-01
nan	-5.669575548079224259e-01	-2.253538419106744517e-01	-2.393795075833925701e+00
nan	-1.529859377014436195e+00	2.456360063151540318e-01	7.805458314182889268e-04
nan	6.395313053742406328e-01	-8.229464706596267831e-01	9.043924492526913550e-01
nan	7.832617097909895243e-01	-6.069028841368331872e-02	-9.992404069287208479e-01
nan	1.551140290493514318e+00	9.451365410057659400e-01	-1.720312567593234310e-01
nan	4.134129666341170295e-01	1.881067870516533791e+00	1.897562313871177797e-01
nan	-6.735483074001136217e-02	9.074587754827655450e-01	2.125709347330277055e+00
nan	1.339286918520311342e+00	5.386995159486357432e-01	1.298401754526931295e+00
nan	3.835144659238313158e-01	1.270564648969903510e-01	5.624761936310544996e-01
nan	-1.153776174962722001e+00	-1.227352608031842651e+00	8.425609463824194068e-01
nan	6.298777979154723816e-02	-1.165014505537632417e+00	-1.367101603366488227e+00
nan	-2.197709126089418596e+00	2.117015479814452483e+00	6.841372992316400170e-01
nan	-1.824921435333594966e+00	-2.036078974435861222e-01	1.064992527751819296e+00
nan	-1.295148945555208986e+00	7.841297620880978148e-01	2.108107692607836814e-01
nan	2.562135300439788432e-01	-1.509460317157176323e+00	-1.228537940091140035e-02
nan	-2.634959071561843169e-01	-6.118398422711875950e-01	-1.426673766527349452e+00
nan	8.638039728969688635e-01	1.601436612258272829e+00	1.180690745776515893e+00
nan	7.397993576053883968e-01	-1.102068207376168951e-01	-1.377026896678688717e+00
nan	-9.768062182357409862e-01	7.705724623798346773e-01	-1.577357716545375155e+00
nan	1.572817169933225401e+00	1.211511342407594061e+00	-1.560812248439970240e+00
nan	5.687776600979450592e-01	-4.644321161795544883e-01	1.026427208138285696e+00
nan	1.589936970236074165e+00	5.589368810188702907e-01	8.130866269318757222e-01
nan	6.222046738176889580e-01	-1.936032110992891297e-02	-1.643905267692374883e-02
nan	7.650903279530472112e-01	-8.669181209032006397e-01	-7.585050484055230191e-01
nan	-3.013950653573168381e+00	-4.554860017102170255e-01	-9.853920323321376795e-01
nan	-4.363621155709941357e-01	-7.059473754771822263e-01	-1.340199861542348936e+00
nan	6.147117346291195439e-01	3.949982847020207521e-01	5.335769419460614227e-01
nan	3.632826740742703397e-01	-6.252977827043597614e-01	3.585263111520529122e-01
nan	-4.907117415119831016e-01	1.323254996273011130e-01	-1.621582579884435216e-01
nan	6.170799322595530434e-01	-7.799049409084639617e-01	5.443797182826495273e-01
nan	7.310495508751597704e-01	1.140328476242507660e+00	2.375079802639178950e-01
nan	-2.882017037195800935e-01	-2.199382533703800879e-01	1.136369550653070659e+00
nan	-1.010021552599580819e+00	3.619946609662769155e-02	-9.547555282103831198e-01
nan	3.489579531175982519e-01	2.733621101289539501e-01	9.130855415922751739e-01
nan	5.164613649552600716e-01	1.612222506593864679e+00	1.410315862261617981e-01
nan	1.490485728297573642e+00	1.442590243071222300e+00	9.392425895981366679e-01
nan	-1.931038073404195421e-01	3.076514734961534048e-01	7.186281669139329420e-01
nan	5.472846783968658702e-02	2.019994664941055229e-01	3.958955414121454464e-01
nan	2.338828208871513326e+00	-2.059639376473524908e-01	8.561430279782872299e-01
nan	-8.663098394849583217e-01	5.396771298425051544e-01	4.360395037170153865e-01
nan	-1.655302663725956691e+00	5.361181820990061908e-01	-6.306025940847109768e-01
nan	-4.270964915696698894e-01	-1.095676220285278335e+00	-1.548624052365149772e+00
nan	-6.730398834287328880e-01	-1.054106150932325736e+00	-1.669678058266487186e-01
nan	-7.222743736084058508e-01	-9.771682054022854391e-01	9.935382937865937514e-01
nan	-3.076206942308845060e-01	-1.714238177283188724e+00	3.934052372762727456e-01
nan	-1.855632274643224111e+00	-6.999331663613272969e-02	1.803728045343683251e-01
nan	-3.846937954370975854e-01	-9.822519066927393183e-01	4.996718702091325071e-01
nan	-1.462816897333539368e+00	1.292745679151460769e-01	-1.681527718844963548e+00
nan	-2.162952498537779045e-01	-9.063157061362943079e-01	1.098425612878237145e-01
nan	-7.924326758595124920e-01	-1.558115502543395703e+00	-1.751609721539097109e+00
nan	-2.048354400453921809e+00	-1.045979596297458514e+00	-1.796726134327692126e+00
nan	-2.114142763457363294e+00	-1.690407624520858132e+00	-1.375940666623359121e+00
nan	-1.670884301209651479e+00	-1.984773993760634347e+00	7.781683617459347335e-01
nan	-8.324185267691148749e-01	-1.366444731807488377e+00	-1.578771545217282801e+00
nan	-1.157520969501279140e+00	-1.156909272054144733e+00	1.000679831651973828e-02
nan	-2.884056346675028526e-01	-8.543453392502350363e-01	4.309738813210426955e-01
nan	-1.684443437763921692e+00	1.281759659740860924e-02	5.025617000167093007e-01
nan	4.089308833542861787e-01	6.025933404501138124e-01	1.524932301709563731e+00
nan	1.417412756570704258e-01	1.108460363858909004e+00	1.513894876110799981e+00
nan	-1.939315816795098568e-01	2.006209085052758301e+00	9.791592662920505230e-01
nan	-1.002360712513792329e-01	1.088381029759114771e+00	1.575274674737469738e+00
nan	3.787272897165516738e-03	1.562995744597329928e+00	3.158849676851960719e+00
nan	2.078986806836171652e+00	2.667444763194291024e+00	1.631017767303477584e+00
nan	4.362372846381930014e-01	1.187909838219772363e+00	1.988700397491769856e+00
nan	-5.288135154580381192e-02	2.088640561771307080e+00	8.201411378157930088e-01
nan	-5.325308176449528030e-02	2.510660435059171580e-01	2.007558927793420711e+00
nan	2.452957609676259532e-01	1.115072942439756964e+00	-4.998217384146327325e-01
nan	-7.991087066920161686e-01	-2.312326965205219187e-02	1.276169268878083241e+00
nan	-3.774365086382910350e-01	1.218563477444210563e-01	4.416765441780767798e-01
nan	1.812783800949703705e+00	-9.794777614561458456e-01	-4.458929265849615464e-01
nan	1.988790549005412522e-01	-2.965971373906839959e-01	-3.299701046014442141e-01
nan	2.784514873287080583e-01	1.675092490285800872e+00	1.122415323338799231e+00
nan	-9.913385107002888885e-01	4.735372518779350504e-01	8.350001827575568303e-01
nan	-2.569480098465767082e+00	-1.110562343083276060e+00	1.594381001247612728e+00
nan	-1.644509214223607074e+00	-2.129207957691344077e+00	5.312790691239116514e-01
nan	-8.520746992549637078e-01	-1.691777060739187988e+00	-1.449275550420977332e+00
nan	-2.663365654069972166e+00	-2.898665561901737853e+00	-1.094212508442321097e+00
nan	-1.303049576918319241e+00	-7.263725198945426564e-01	-1.400874174069894007e+00
nan	2.430851401543094870e-01	-6.931932294133535954e-02	3.057019924343035155e-01
nan	3.548633608680669127e-01	-9.887440252855730360e-01	1.778724178128888722e+00
nan	-6.849477312034642218e-02	-9.980665887368550537e-02	9.903594093143888721e-02
nan	-1.473272613647978124e+00	-1.524548168543088666e-01	-9.066203839116834251e-01
nan	-3.086154243788762352e-01	8.200581471225578678e-01	3.708223005867092303e-01
nan	1.982601195663103333e+00	-1.129375681589424696e+00	1.115958504889031699e+00
nan	-8.261663662428597732e-01	-8.203138434935894896e-01	-1.127991701159880344e+00
nan	6.422616011506774303e-01	-7.266446281572537247e-01	6.516416860263151145e-01
nan	-1.008495241176875723e+00	-9.941635332098739397e-01	8.571271336116751405e-01
nan	-1.899456308895413725e+00	-2.113715095812827904e+00	-5.851219212117730883e-01
nan	3.718737605278610303e-01	-8.142397144466078096e-01	-5.390161383064024925e-01
nan	-3.920021939625877305e-01	-2.652229544088782198e-01	7.043393254540804005e-01
nan	-6.276729583475143537e-02	-4.049352661599290859e-01	-2.367831299322835648e-01
nan	-4.276012432304530098e-01	-1.262698208924294851e+00	-6.655222867574104306e-01
nan	1.353548415397571869e+00	-2.784904500867604771e+00	-2.792191376240402700e+00
nan	1.285137191847363969e+00	-3.927337505003243301e-01	-2.158385186633800856e+00
nan	-2.278545131884663344e-01	-5.925478037435576439e-01	-1.546416451512256929e-01
nan	-2.630501508797259191e+00	-1.330244232353851919e+00	3.515766851379176772e-01
nan	-2.183875579902933683e+00	-3.523682752321060097e-01	-3.388680231529124232e-01
nan	-1.239915593245765724e+00	-6.943505186863151435e-01	1.205333288914654855e+00
nan	1.513876692475695229e-01	-1.143007791399411666e+00	1.518207683921500850e+00
nan	-9.545145951281446273e-01	-4.811629346890313186e-01	4.194551142851146164e-01
nan	-2.808977894140475273e-01	3.589084797227257151e-01	8.188492438086361069e-01
nan	-5.700460533131247454e-01	1.812590430446866074e+00	1.104308134951354381e+00
nan	3.534556070278400131e-01	-2.645193258774610978e+00	3.962690293525222840e-01
nan	1.816463710046913427e+00	-9.285831406851772218e-01	-7.809058429975099802e-01
nan	1.520937709050598441e+00	2.210804471494598911e+00	-7.276047793351776427e-01
nan	1.349413093318658774e-01	7.596915108077699763e-01	1.322784294385244586e+00
nan	3.467925543799031396e-01	-2.209445554486678454e+00	1.617412666448527214e-01
nan	3.723075522079282162e-01	-2.224118927852735350e+00	-3.467841399467130881e-01
nan	-4.342364897587052130e-01	-1.187574078496013819e+00	-3.276818736046793301e+00
nan	-8.441491559513527587e-01	-5.971936306723011345e-01	-3.605156943503684541e-01
nan	-2.548209502975067764e+00	-2.024865149085374738e-01	-1.621902909148455141e+00
nan	-2.804586489834437479e-02	1.927281291453825096e-01	1.198520077173972354e+00
nan	1.373617298951602006e+00	5.422395977164871095e-01	4.343727087112784213e-01
nan	1.001826984283392230e+00	-2.971594184645146575e-01	7.761591352666104004e-01
nan	-3.841361206169251474e-01	-3.107089355515157969e-01	2.762699391677041483e-01
nan	4.049763523156431066e-01	-4.114385004024336823e-01	-6.315455192247300120e-01
nan	-1.829984150719593972e+00	-3.084145623596670771e-01	-8.131880358733474257e-01
nan	-1.242340771726790472e+00	-1.641812395669914881e+00	-1.851871520919448288e+00
nan	-6.593133443559524576e-01	-1.565735966248854139e+00	-1.468379819742236414e+00
nan	-5.616732142933673622e-01	-4.995641819612551826e-01	-6.086772075364600409e-01
nan	-2.278773540978480838e+00	-8.389765191504999775e-01	-5.792090934854914330e-01
nan	-2.986609147127371244e+00	1.781152439953637145e-02	-1.334742373892808587e+00
nan	-4.005434171382710740e-01	4.822546514685110974e-02	1.098735371027602881e+00
nan	6.662536485979743128e-01	-1.364857133117520105e+00	-9.406829610858227220e-01
nan	-2.798959177977362600e-01	1.150110569537960703e-01	-6.159819841076351610e-01
nan	2.045665814155809836e-01	-2.335375357782178418e-01	-1.579416516339177345e+00
nan	-1.351416755105770140e-01	2.589634049427683715e-01	5.050528499497427548e-01
nan	3.944392563230042503e-01	7.380533176588005562e-01	1.173402746964590460e+00
nan	5.397508119525080694e-01	4.970328522562638129e-01	-1.646994726250388119e-01
nan	-1.537557704216446997e+00	-3.594005812032184388e-01	8.199723432592677108e-01
nan	-2.170492465602912091e+00	7.085150072287458300e-01	9.208350426528880694e-01
nan	-4.561735439379249746e-01	1.265965862326928759e+00	3.125323015385506054e-01
nan	-1.095450175235479717e+00	1.404452325091681164e+00	-1.620508566330450817e-01
nan	-5.456182400029465640e-01	2.168871980360614238e+00	-4.784325866591433440e-01
nan	8.400408634246581130e-01	-1.795652231848698377e-01	-6.217078227443796345e-01
nan	2.184977918813463926e+00	-5.020114951346315024e-01	-2.186896276128974304e+00
nan	1.461956287100231733e-01	1.092636671355591726e+00	-6.681411262132448403e-01
nan	5.913740200126472724e-01	3.200566211575989195e-01	-1.271374039946854051e+00
nan	9.552247027700864201e-01	-1.062693981166880297e+00	-7.030441995569232105e-01
nan	3.347318930693902184e-01	7.330494830703150333e-01	-8.631844438579727719e-01
nan	-1.092593120826221842e+00	7.432889443938850427e-02	-1.243383728544461331e+00
nan	-3.337915476696370565e+00	-1.257080832003389492e+00	1.601462866192144285e-01
nan	-4.807411115767187271e-01	-1.401731858707864653e+00	-1.350871392423854123e-01
nan	-1.328950040202414362e+00	-9.097302723023086291e-01	-1.863510202580755060e+00
nan	7.439720658547506194e-01	1.572706257851800737e+00	-1.440194154971656815e+00
nan	2.334410468312563047e+00	9.805221568202094895e-01	-1.196862773947835912e+00
nan	1.259355624434786103e+00	2.927569387812247736e-01	-8.105012935467783564e-01
nan	-9.013062210283465658e-01	-8.582944722458157871e-01	2.400616906169715237e-01
nan	-2.674040572441414909e+00	-7.602914770927587940e-02	2.621668177583433290e-01
nan	-5.230014158386644407e-01	-2.283789602087623605e-01	1.437401536525654944e+00
nan	1.015007740333472075e+00	3.907024642733003539e-02	6.674945661282509768e-01
nan	1.579233993979216821e+00	1.560485888301777757e-01	4.300402955185964049e-01
nan	6.444481706045103175e-01	1.391777600769578349e+00	2.459592662056317991e+00
nan	1.157946866302016264e+00	1.728157682450492394e-01	1.383624512382033434e+00
nan	9.389938915700433153e-01	2.563785501750947216e+00	1.141651354774080307e+00
nan	-1.187090307768633446e+00	6.931375845761408305e-01	1.981504859062698021e+00
nan	-1.320276932315217255e+00	-1.011577503079276408e+00	1.148465225257197186e+00
nan	8.147583399445510466e-01	-8.725836853206980770e-02	-1.691632550887497977e-01
nan	8.131841595615219020e-01	7.526268490001326583e-01	1.780037297686606901e-01
nan	4.472265193697248509e-01	3.305354749936836312e-01	1.581866738598864064e+00
nan	-1.329900069568798138e+00	-2.158319587457155908e-01	-1.375984061967103989e+00
nan	-4.203484137865943215e-01	-1.263516503886682241e+00	1.082216541620799610e-01
nan	-2.239028516806568003e+00	-8.416440636493380811e-01	-1.271224159031492995e+00
nan	-6.182146942851896032e-02	-8.466360517177018430e-01	-1.196467545981742209e+00
nan	-5.079929345870858315e-01	7.173486430238844580e-01	6.410989188362873348e-01
nan	8.863539678145101464e-01	-1.920824537037352453e+00	1.274936145681265787e-02
nan	2.098041735703463639e-01	-1.472348109709028796e-01	-7.108754454139351031e-01
nan	3.062184679756125086e-02	-1.067007728763847529e+00	-2.169954936161683445e+00
nan	-5.623894970843118513e-01	-4.288392406363821241e-01	4.307709049187734562e-01
nan	1.167408901367128493e-02	-9.894338280408458974e-01	2.820032749405132488e-01
nan	-1.350622153619386312e+00	-3.056627290141301079e-01	7.913197234335432872e-01
nan	-1.087859658848572053e+00	4.334427338254716044e-01	8.910131888734238448e-01
nan	-9.530203542242207115e-01	6.903366844405607328e-01	5.362811893667076557e-01
nan	2.945848757088562753e-01	-6.005483403177620527e-01	1.541960508105589378e+00
nan	3.170779735490714679e-01	-4.974559175273114420e-01	-3.968038323455246319e-01
nan	9.339508468342555547e-01	9.062466656155825084e-02	-3.048008450789533308e-01
nan	1.876352833135135789e+00	2.848010058260520783e+00	3.506625691085522578e-01
nan	2.548629110742147930e+00	1.961668054193468347e-01	1.519902276298783050e+00
nan	6.267504385582733928e-01	7.341554599518866908e-01	5.272290854450774056e-01
nan	-1.421982052007226827e-01	1.124187696107379786e+00	1.223190368730650013e+00
nan	1.712904423966663758e+00	-5.586043943977410109e-01	-4.422417942640888278e-01
nan	1.008014595649547651e+00	5.086463328368515668e-01	2.064669746319686139e-02
nan	1.255214116666381940e+00	2.114491268558989390e+00	1.450592815261360080e+00
nan	2.659899338822929726e-01	6.400595060227223243e-01	-5.023879983581986952e-01
nan	1.166142740627408747e+00	1.049889034729680315e+00	5.098258927485322944e-01
nan	-2.344804965865975310e-01	1.102710412158701470e+00	1.181006923044884305e+00
nan	-9.352464237415164527e-02	-1.473677718129152270e+00	1.293114462039238521e+00
nan	2.344908571595982205e-01	-1.598715191616907116e+00	-5.631594546122739020e-01
nan	3.390247448231799576e-01	6.758802381064996645e-01	-4.079744467463397584e-02
nan	-1.462002456289812624e-02	-2.559931785014059602e-01	-2.844891123275510303e-01
nan	-3.974096975751424399e-01	-1.041193665098983479e+00	-7.595855140838287944e-01
nan	-1.018241480916636021e+00	1.712151787963185900e-01	-1.063919727774629731e+00
nan	4.151879110196488032e-02	1.482006486709249060e+00	-1.552884229272788907e+00
nan	-1.482803237780533134e+00	6.351600507999372036e-01	-1.297264834946018963e+00
nan	1.897338952685855062e+00	-1.342452924388101820e+00	-1.306779646619645963e+00
nan	-1.168700608459831258e+00	1.608216265646307486e+00	-3.055331107919705413e+00
nan	5.461512058996478292e-01	-3.487284891791594399e-01	-2.388013088600856371e+00
nan	5.354424178202124018e-01	5.463489179455729428e-01	-1.433043207750514636e+00
nan	-3.928241155991603062e-01	1.296149333749126331e+00	1.729335512997901336e+00
nan	-3.482826789407821866e-01	1.376943974357474287e+00	1.309969833542868889e-01
nan	-2.480443279024192038e-01	7.368345696254150479e-01	1.352960539578354382e+00
nan	-4.960077084375331680e-01	-5.935741129209920475e-02	1.603454033686570135e+00
nan	-3.262545302742299036e-01	7.508290931440142479e-01	1.305228537916287124e+00
nan	1.020584897733763929e+00	-6.257763282291411988e-01	1.352074311282668972e+00
nan	-1.621945837200183260e-01	-1.151201033538716556e-02	1.005608637087283652e+00
nan	4.390727699056596878e-01	-1.756283206415535370e-01	5.312981933254746769e-01
nan	-3.135252781787671306e-01	1.914911420922897456e+00	6.302515900530547555e-03
nan	1.393008341663237282e+00	3.134618237285493603e-01	1.131834342877473532e+00
nan	-8.562678942316351849e-01	3.436097592731648387e-01	1.764880358073360522e+00
nan	-8.829391429434316763e-01	-1.066262486317180125e+00	-1.255977099305587874e+00
nan	2.264681812833337915e-01	-1.395705117669395090e+00	-6.450043586079023950e-02
nan	5.102533451587232260e-03	-1.064008836941881864e+00	-9.272623097284333760e-01
nan	-7.742858040452244017e-02	-6.105201607015315890e-01	-3.011755989917037080e-01
nan	1.128927701204769374e-01	-3.976776445885669697e-01	1.799807156371602046e+00
nan	-5.919340997380055924e-01	2.086250356596080768e-01	3.345798578529994849e-01
nan	5.747568079280978015e-01	2.595158264910864543e-01	-3.981902102546102662e-01
nan	-5.074890232454331018e-01	-1.316377727096557093e-02	9.276471175847110784e-01
nan	3.615528896191047004e-01	5.558540553765043413e-01	7.919981279109900019e-01
nan	1.033738531888526602e+00	-3.980689306917495340e-01	3.539218597293872226e-01
nan	-2.575823716707411060e-01	-1.918789525310316657e+00	-2.314235985323258860e-01
nan	2.873238397822349688e-01	5.025078869523367242e-01	4.393334957124358509e-01
nan	9.765470054754830098e-01	9.941710971838399469e-02	-9.176826986201485070e-01
nan	7.598174353118540836e-01	6.616046786771387911e-01	-1.080688581093399270e+00
nan	1.159885052212406675e+00	8.518118598720187951e-01	-1.114167357028114314e+00
nan	1.696187012519437598e+00	4.956280621848361823e-01	9.140465511370973739e-03
nan	4.739530086410492227e-01	1.502219266407096354e+00	-1.973803813676583419e-01
nan	-1.075346258980429459e+00	7.763773738474299968e-01	1.454003016446456353e+00
nan	1.213396870680724771e+00	-8.941795384430708538e-01	1.094622606128823561e+00
nan	-1.585861176224121927e+00	-1.440543110940887939e+00	2.737941021312761958e-01
nan	-4.223879684477332974e-01	-3.038798552555908472e+00	-1.966844285332204345e+00
nan	-1.043043190034677714e+00	-9.973485226382686752e-01	-2.651969147506513913e+00
nan	-8.658760981261977019e-01	-7.057171344475181574e-01	-8.216587379878063091e-01
nan	-7.834156530413447506e-01	4.822093513718672120e-01	-1.716668659034029654e+00
nan	1.217327144230020974e-03	2.824758884404385273e-01	-3.705495097285078643e-01
nan	5.147254875644093897e-01	1.021092805462754799e-01	4.028364691454422442e-01
nan	-6.818363076348510354e-01	-3.324735256848967424e-01	-4.809260360211382590e-01
nan	-8.742766023878920656e-01	-1.121291214439867345e-01	1.675080858937921802e-01
nan	-7.160171891280227019e-01	-4.581214645402551522e-01	-5.848783150578840129e-01
nan	-1.058894918251417128e+00	-9.092433923236507010e-01	-7.407431661665828670e-01
nan	6.698440678450734431e-02	2.463435934886958556e+00	-6.840182200937303669e-01
nan	3.983837538309228377e-01	1.146961337025037553e-01	-1.413311001997674676e-01
nan	-6.511249009268773591e-01	3.487754521177206524e-01	7.410071118636099019e-01
nan	6.323065412642289718e-02	1.138856860943871840e+00	8.210061839541715756e-01
nan	-1.049700959174378223e+00	7.944597735087568502e-01	-5.959720899437290775e-01
nan	-1.226991167386598969e+00	-4.140777337805639502e-01	9.418187799024307916e-01
nan	1.234164088037270846e+00	7.866752982715117248e-01	1.677080330084151027e+00
nan	-7.003474737101422765e-02	-1.256031585801599126e-01	-7.752956185044880266e-01
nan	-3.358028293465288860e-01	9.636361798069438267e-01	9.846263828699708398e-01
nan	1.349262024960588668e+00	1.203069331224702720e+00	-1.633296436503905991e-01
nan	4.231200686067860262e-01	-1.311948786290008551e+00	9.936194719852287083e-01
nan	1.045083044595735311e+00	-8.338235719493825027e-01	-1.989883781287533626e-01
nan	5.150790716999074925e-02	-2.068625610243680857e+00	-6.115639329347805075e-02
nan	1.701717606225738866e-02	-1.019649078762245864e+00	7.086504387714154252e-01
nan	3.871899364300651070e-01	-2.801558992664157088e-01	-1.063814624320145175e+00
nan	-9.633583574109692016e-01	-3.700803350915990442e-01	-1.205616376837712833e+00
nan	4.001970062389998417e-01	-6.922107570265405574e-01	3.251677208410293507e-01
nan	2.806224366255118952e-01	2.045560693060684554e-01	5.952520337676954210e-01
nan	-5.126582070175340622e-01	2.753302956929783996e+00	6.651817431980910911e-01
nan	1.221698940321738203e+00	1.254061197664122940e+00	1.743328676442138292e+00
nan	4.230293148673473502e-01	1.110289047703607368e+00	-1.176864435501810746e+00
nan	-2.427359146318616712e-01	1.979584378160932356e+00	1.075927221172571224e+00
nan	1.372715557843019685e+00	-1.995310002467188149e+00	-8.022448187990248725e-01
nan	-1.318209051943222576e+00	1.162877082317749444e+00	5.462161360306497793e-01
nan	-6.530309340566222698e-01	6.531505181888943579e-01	4.164849391531040279e-01
nan	6.513190175155929296e-02	-1.997222286768386645e+00	2.255422118516653640e+00
nan	-2.271839085802098701e-01	-3.423387019731133907e-01	-6.148836692339888776e-02
nan	3.733010856511791431e-01	6.538688139571677826e-01	-1.807489656283767010e+00
nan	1.508067714682739924e+00	-7.944456430046451523e-01	-8.634971656123342498e-01
nan	-7.520157581897600751e-01	-8.885052323506522631e-01	-7.048873587764736826e-01
nan	8.531172803763786838e-01	-9.052221178323311968e-01	-1.700737728547262018e+00
nan	-1.420162717891675142e+00	5.649123701149821875e-01	-7.815631828023597016e-01
nan	3.643646892063284737e-02	7.327758053569594088e-02	-1.197788281393399767e+00
nan	8.378210276749143981e-01	1.484487509702675956e+00	2.522320978752184972e-02
nan	4.526958691695293080e-01	7.909522966443803815e-01	-7.259397977299475446e-01
nan	1.801795160865341972e+00	1.988609803654548314e+00	5.535448564862338605e-01
nan	1.011887993263588470e+00	1.493109770608398446e+00	1.927351172453061423e+00
nan	1.251200542691212281e+00	2.803094414828215530e+00	3.018872807831433303e+00
nan	1.413023834363474451e+00	1.757468683629362483e+00	2.115217018212350641e+00
nan	1.154976028499861362e+00	1.835151799895432312e+00	2.628600398177046937e+00
nan	1.127791620186360255e-01	3.943765681071509377e-01	3.937858381684699038e-01
nan	6.583924639295866132e-01	2.737201829041910339e-01	-4.806779388015065546e-01
nan	-1.284412679961693948e-01	-9.594522974797520254e-02	-9.945686995200726521e-01
nan	3.756484328727131006e-01	-5.523785720640680408e-01	-3.073410144683469403e-01
nan	1.765096621696449430e+00	8.888409257007301445e-02	-5.755935842750671272e-01
nan	1.490999839182268749e-01	1.966473813156456529e+00	1.695810002503645553e+00
nan	9.028889234473325143e-01	2.099148029533305593e+00	9.056287513366393371e-01
nan	5.015678364144149359e-01	1.048711344314542160e+00	1.355829831464428814e+00
nan	2.342830384085282436e+00	2.958492677821328520e+00	4.151905943407487865e-01
nan	1.196898249433251626e+00	1.169516962692050521e+00	3.018421275605673859e-01
nan	1.200972758366584570e+00	-1.238570572602669229e+00	-2.794341434510139166e-02
nan	6.456557677605602175e-01	-1.233754803994095317e+00	-2.362774657152990065e-01
nan	9.168644925690103142e-02	-5.761185988788619650e-01	1.058549559630453496e+00
nan	1.354745985612374248e+00	-1.659921074644813421e-01	1.224724715566021471e+00
nan	2.952769489988664731e-01	2.273504425274690099e+00	7.641225337865811262e-01
nan	7.865119344672695245e-01	1.128990550341383958e+00	-2.077302517943613314e-02
nan	9.398664541687706819e-01	7.655829743304454205e-01	-1.529999754839788784e+00
nan	-2.769665211866494392e-01	-4.118466813408266924e-01	4.798877868253812462e-01
nan	-1.090369012032357254e+00	-1.553416779337172260e-01	-2.210616728697668287e-01
nan	-2.959498583116789150e-01	8.561957533185886593e-01	1.485104475662542445e+00
nan	1.011283126187111359e+00	-3.041892464241481298e-01	9.650196966272972521e-02
nan	1.282344692276023990e-01	-9.253417013106640665e-03	-1.217235115800591627e+00
nan	-5.429949550949698667e-01	-6.126460156432297355e-01	-1.491837087589700017e+00
nan	-1.224886679458000671e+00	-1.115659943919919295e+00	-2.254299139544705621e+00
nan	-6.550796334154573852e-01	-2.258127550062151712e-01	-2.295399603306332192e+00
nan	-8.490316575486536177e-01	3.169702159761750293e-02	-3.522362105831455814e-03
nan	-2.197055647083634433e+00	-3.736657666503598874e-01	-7.117048671363971346e-01
nan	-3.271788896623190057e-01	-7.810936692254515368e-01	2.173219286997567501e+00
nan	1.071446788328691779e+00	-1.658240722890175656e+00	-4.764676938090233183e-01
nan	1.476480039283827317e-01	1.072901702087493803e+00	-2.151286783131300950e+00
nan	8.380820374905779691e-01	-4.141684282192481525e-02	-1.588501520430530611e+00
nan	8.586596580957519542e-01	8.847049019352812849e-01	-4.176302300419523217e-01
nan	2.250762517657284967e+00	-4.217253937921275897e-01	2.629965984320311034e-01
nan	-2.352160205991715713e-02	1.002071499132438093e-01	-2.057201554923060005e+00
nan	-9.421243694283802927e-01	-1.271322298388491090e+00	-7.870722470399555970e-01
nan	-1.111213127853898142e+00	-3.895396084993807961e-01	6.850369242380487389e-01
nan	1.577843322711968366e+00	-1.936394362753223630e+00	2.457296884638764112e-01
nan	2.792626145466145515e-01	8.102758534348045161e-02	-1.381664365279452689e+00
nan	-4.295617352354190732e-01	-1.083034247698871910e+00	4.153241787165995458e-02
nan	-3.438509155225147329e-01	7.291771185720564707e-01	-8.697900152333202239e-01
nan	-1.358231579623701224e+00	6.654403951863587796e-01	1.869006971246439941e-01
nan	-6.598260302012005640e-01	-2.197559156651860413e+00	-1.488237887931161962e+00
nan	-2.434400948463562031e-01	5.128950294421987799e-01	3.557497463829426554e-01
nan	-1.862953527650387464e+00	-9.934318421656699316e-01	-6.260197877718030046e-01
nan	6.808975096799932958e-01	-3.883529194896748193e-01	8.321574755893784703e-02
nan	-8.871851273624924428e-01	1.009671479824486851e-01	6.792273645297992601e-01
nan	-1.364068844979240858e+00	7.316381336966819582e-01	6.852557882025951397e-01
nan	-1.454534007256021999e+00	-1.355771015453255623e+00	-1.009644287726810807e-01
nan	-2.636865561707373296e+00	-2.178715543981740499e+00	-1.787859393073804926e+00
nan	-7.834401028200567163e-01	-1.038670492932888934e+00	-2.485721659165122333e+00
nan	-2.045724815629046844e+00	-2.905637578682842559e-01	-6.255549918830322076e-01
nan	-6.232276402254081082e-01	-8.595440216952552337e-01	6.088288178840257636e-01
nan	6.217528308886892674e-01	-6.059256261943862798e-02	-8.946024404929435736e-01
nan	-5.961315478823273617e-01	-2.718235295026620313e-01	6.813501601173843625e-01
nan	-1.553406462007839384e+00	-9.757240439230986384e-01	-7.620812070228381030e-01
nan	9.423356665265034682e-01	-1.498408145036677519e+00	-5.729234424626750144e-01
nan	-1.531451417517273095e+00	-8.300423771471832080e-03	-9.114747422482403216e-01
nan	-5.078873162100535632e-01	-9.947045137333536680e-01	1.313959389702740843e+00
nan	-2.659928440630778823e+00	1.055231398413279287e+00	-1.104800649486988862e+00
nan	-1.169182674707617497e+00	-3.357079967476146454e-01	5.590324496333486382e-01
nan	4.657002670595385418e-01	-2.417945194208177107e+00	5.486489975237323069e-01
nan	2.979187977371220430e-01	-8.115702997247371542e-01	3.787837935078389728e-01
nan	4.814344197455694419e-01	3.046944256100119208e-01	-6.738502989196001325e-01
nan	-3.122757413254171333e-01	1.622532328061898177e+00	1.431563069736840221e+00
nan	6.329557886238562636e-02	9.504762684586631760e-01	-4.865569161467064863e-02
nan	7.084273259585943672e-01	-1.597443635243222637e+00	-2.208883771088754333e+00
nan	3.196304536580535371e-02	-8.894745062536848490e-01	8.710408438837686784e-01
nan	-2.621822961428491361e+00	-5.975328828074381038e-01	2.211992554527516308e+00
nan	-1.622047547154116920e+00	-2.395583159666243578e-01	1.858861092670854309e-01
nan	3.351455726769813070e-01	-2.585179109759716543e-01	-1.617297235249427922e+00
nan	-1.229255269676090695e-01	6.056865574977150779e-03	-1.787908358265164477e+00
nan	1.143776628866822520e+00	-8.494748379349070788e-02	-1.681330493496756784e+00
nan	2.303126247268670879e-01	-6.334334798318009829e-01	4.657268646512957577e-01
nan	-7.988642663988070325e-01	1.494320966967818576e+00	1.147181599643034122e+00
nan	1.017906672596410100e+00	7.090398152450785307e-01	8.583186813484973143e-01
nan	-1.828319211739334094e+00	1.549915208558872437e-01	-1.985943931781894545e+00
nan	-2.094450408509199058e+00	-8.922903134200657060e-01	1.940483460729688359e-01
nan	-2.021377200261609275e-01	2.708782690482096633e-01	-1.627740518810093517e+00
nan	1.318361562768572082e+00	-1.682407375397889426e+00	1.754460818123090848e-01
nan	-8.636376509996418482e-02	1.162865576197711581e+00	-1.058059951561131640e-01
nan	-1.344289550609694128e+00	2.457121570584576142e-01	4.605390862474552094e-01
nan	-1.618805280857549711e+00	8.376063429536699800e-01	1.038402772703285404e+00
nan	1.884014225373918716e+00	-1.320994686178690092e+00	3.917997179541192754e-01
nan	-1.588999668828305900e-03	3.049433623566237817e-01	1.642388565491026409e-02
nan	5.188130063733974451e-01	-1.488129223966112136e+00	-1.368978768317637984e+00
nan	-6.142486192995394445e-01	-1.134367818866960587e+00	-1.229161227338627205e+00
nan	-1.104744757930746224e-01	-3.381156090795977009e-01	-1.019687363538943625e+00
nan	-1.034984571476651460e+00	1.803165352051532055e+00	1.049879816326810267e-01
nan	-7.376581670642627930e-01	-7.148909895221069455e-01	6.850139462405289148e-01
nan	-6.800681897968356981e-01	2.154374683653815792e-01	-3.533180088684417103e-02
nan	-2.934280566013741098e-01	4.322567246781550132e-02	-4.062149675765247547e-01
nan	4.739838873532867258e-01	-8.024088517453007441e-01	1.445654916624692143e+00
nan	2.983092596848915812e-01	-3.637204313484572182e-01	1.174479317547591384e+00
nan	-7.212292986946852169e-01	4.251019790969967627e-01	3.956211038012327763e-02
nan	-6.996202759306726637e-01	8.624782373965107496e-01	-6.949185211552081354e-01
nan	8.191552633854821686e-01	-9.366019694827526498e-01	-8.203908333807289344e-01
nan	-3.080594980420584550e-01	1.732391580477912418e+00	1.543016247236724148e+00
nan	-2.175565255864673753e-01	1.534208006515037859e+00	3.984407425857704466e-01
nan	9.823112185256555051e-01	-1.536422473108860487e-01	1.161147488632763070e+00
nan	-9.305466077949738901e-01	-8.246951011620863303e-01	-4.127182726282782044e-01
nan	-7.508608443995519188e-01	-1.991071770172111233e+00	-2.065922719399017282e+00
nan	-5.636509106850724482e-01	-3.410088389945780118e-01	3.710718307796407878e-01
nan	-7.909994922060539224e-01	-7.182307643690444277e-02	-1.038489104754965364e+00
nan	-2.364023986161939650e+00	-1.456485548799355545e+00	3.478053050115526013e-02
nan	1.025460818881802627e-01	6.734559621673759100e-01	-1.798650994338724385e-01
nan	-7.639634360726605955e-01	-1.089565148601207678e+00	-3.806420318419733162e-01
nan	2.072681809797820573e-01	-1.030693796815352226e+00	-8.163400212322311500e-01
nan	-1.114570916667993572e+00	3.750076037810288199e-01	-1.946598092301032312e-01
nan	-4.825247006054428356e-01	-1.337118880215853789e+00	-8.146061830900845901e-01
nan	2.300503440053622839e-01	-2.446171448062484099e-02	-1.441180581754925694e+00
nan	-7.489068155280742545e-02	-3.809117489098197695e-01	-2.181824675095108024e+00
nan	-6.996601800585744435e-01	-1.127977761060513284e+00	-2.165142722064616443e+00
nan	7.331844946918955053e-01	-2.219480852663082260e+00	-7.715088019257384522e-01
nan	-5.518815541203074826e-01	-8.072501606246744732e-01	-2.186256599825142199e+00
nan	-8.165954677459880129e-01	4.640239925665430865e-01	-2.918321188579949599e+00
nan	4.446505649526682480e-01	-1.190168820194734023e+00	-1.464288928478460150e+00
nan	-1.411170746080592453e+00	-3.563932574046723145e-01	-5.144293084753828182e-01
nan	-5.902910861439870649e-01	-1.630087733047349774e+00	9.473024781515245740e-01
nan	-8.715734541630260068e-01	-3.478332155258324621e-01	2.336897055605276829e+00
nan	1.239352299037273397e+00	3.950335879608002920e-01	6.320818879758622888e-01
nan	2.346028999275362015e+00	2.973627036702736204e-02	1.001370191814129895e-01
nan	6.119887185719469214e-01	1.536480425102119129e+00	-8.614889808084248424e-01
nan	-6.516949118687175302e-01	-9.734389522408352091e-01	3.739489188742282089e-01
nan	7.419871446381083313e-01	-2.968601032072446078e+00	-4.614214681474000379e-01
nan	-1.928732252774633338e+00	-8.739133566433927580e-01	-6.517279742428898626e-01
nan	2.586789136128863076e-01	-1.278521627390738047e+00	-6.310808666980334269e-01
nan	-6.677298074907123127e-01	-2.159676708313234883e+00	1.085407620880929347e-02
nan	-3.709778181210391379e-01	7.182746324325613996e-01	-5.464632775654160168e-01
nan	8.142942785862776756e-01	1.265501141981977273e+00	-6.248189506877212945e-02
nan	7.535837803155979175e-01	9.069753440550983870e-01	-6.565965026584482667e-01
nan	-8.069405544912444661e-02	3.435406790204187377e-01	8.310947012121658317e-02
nan	-9.465892638562407591e-01	2.358443664360195258e-01	-7.135219311200828862e-01
nan	-8.647406761100602246e-01	4.064588514489307358e-01	-4.301306512952459693e-01
nan	-1.632188585312408069e+00	4.733071584591340697e-01	-1.543961226759019256e+00
nan	2.860043036750722356e-01	1.614364944943036395e-01	-1.516034915433164265e-01
nan	-5.704315743305066189e-02	-1.230121753988166144e+00	2.720265197429096449e-01
nan	-1.820105773400026550e+00	-2.757374623780181055e-01	2.401491811884058913e-01
nan	3.361143989663495368e-01	-9.295341335779627734e-02	-1.131297796164776326e+00
nan	-2.157859876580376035e+00	-2.892146368029421266e-01	-5.011134971085267065e-01
nan	3.761901292130928054e-01	8.681981083878865801e-01	-4.999601598308359707e-01
nan	-2.015809150932584837e-01	-3.538289684335352847e-01	-5.594715848131733837e-01
nan	9.641106792871666498e-01	-4.874757154019560002e-01	-8.443692099139574747e-01
nan	-2.724317030119414729e-01	6.612831818801236938e-01	-6.789490599779025581e-01
nan	-2.414798864404986700e-01	2.330162169123155103e+00	1.238837350876771604e+00
nan	2.635041751372090291e-01	-1.779050200577524610e+00	6.025390702359745276e-03
nan	-2.765895032431153755e-01	4.783993859520360159e-01	-1.766221110656525095e+00
nan	9.110228025655290329e-01	-1.475836940680780529e+00	-2.853081165887569881e-01
nan	-5.075913345533404897e-01	1.560247673709634464e+00	-1.884880712989197127e+00
nan	-3.891193837276041290e-03	-1.938459579836461222e+00	1.710246167000049611e-01
nan	-9.103709828052679587e-01	-1.080644561173218943e+00	9.876458076586771551e-01
nan	1.259532073290761112e+00	-2.967117726598367256e-02	-7.907940128193222118e-02
nan	2.091535021913172532e+00	1.291046261138573126e-02	7.908728466633553333e-01
nan	8.937732209394591010e-01	2.920349988896212334e+00	-1.365844825427989573e+00
nan	2.179355481170052844e+00	3.026289443443042959e+00	2.537442957399933974e+00
nan	1.530844628392426854e+00	9.686376466775723504e-01	9.385208677412398837e-01
nan	-1.539839642030591538e+00	2.687469958817079174e-03	-9.770876165796286150e-01
nan	5.921646321627452858e-01	-6.061082223002109970e-01	-7.732270826353422333e-01
nan	1.147670990332581686e+00	-2.676058090222837027e-01	-7.926114624877969028e-01
nan	-2.860224982981662833e-03	6.979073485972770996e-01	2.290198392208224187e-01
nan	9.655606646984435937e-01	1.184742986955263033e+00	-4.493421672019206614e-01
nan	1.501508014575319683e+00	2.027645427620893948e+00	1.255081832234616890e+00
nan	1.129299914878971745e+00	3.683106335555370592e+00	5.662036446333444939e-01
nan	9.702520434382618797e-01	2.258566688705156533e+00	1.069191468236746489e+00
nan	1.516721982529962487e+00	3.703894821128517201e-02	1.678490660818619862e+00
nan	-2.294196293708063439e-01	3.808179281263701643e-03	-2.991848636790115368e-01
nan	-4.781492184141779567e-01	1.581661045683128153e-01	-1.516029934184652261e-01
nan	6.215982030257140023e-01	-5.829670766566126261e-01	-8.371162988336205979e-02
nan	-1.875256063128897810e-01	-1.269378367243654049e+00	-1.757832491536196251e+00
nan	-2.437938634372331936e-01	-1.619989269849080760e+00	-1.022788473658272634e+00
nan	-1.756850743643085355e+00	1.033455582740956391e-01	-1.898813815721201781e+00
nan	-2.147237016533756759e-01	-1.272236184798260172e+00	-1.805802050381271062e+00
nan	-9.981165488854015777e-01	-2.067085991013801749e+00	-2.496956730581431749e+00
nan	5.439105134108761508e-01	-2.063953783126888375e+00	-3.012209138748296322e-01
nan	-1.968733810038659549e+00	-2.141679442742618455e+00	-1.539987939034466624e+00
nan	-1.267638873373748698e-01	-4.060778464040537550e-01	-4.782946099173742693e-01
nan	4.756166864235582548e-01	-1.622657852573989590e-01	6.440253193979001978e-01
nan	-2.283810309738717681e+00	-1.237986527419909777e+00	1.844486721474354052e-01
nan	-1.672032353699951290e+00	-1.167970669373662673e+00	9.305521172380299966e-01
nan	-1.125015259901449571e+00	-7.357035510178202564e-01	-1.151471068561126909e+00
nan	-1.234790568216207252e+00	8.414479848763880554e-01	-9.813733490139902038e-01
nan	5.380747042415287562e-02	-1.187046235124445681e-01	-2.360136181485738074e-02
nan	4.543092486500862059e-01	1.760754075913548433e-01	-6.796690242786613823e-01
nan	1.799160585257356115e-02	2.293097367174538270e+00	9.841085506946686823e-02
nan	1.792224715170520177e+00	1.667647109319204679e-01	2.924520066953542052e+00
nan	1.958300905899809985e+00	-4.240124287174682483e-01	1.976408087673977576e+00
nan	-1.102877308433738213e+00	5.710390254795663090e-01	8.054042734452506735e-01
nan	-1.730394201447322811e-01	-2.036823425273869004e-01	-2.985313167820802249e-01
nan	1.551883732201134292e+00	-6.614981963908691531e-01	-6.583037421648869625e-01
nan	1.897314231799565265e+00	-4.847256186945246292e-01	-4.474753148277554327e-01
nan	8.209698193844745528e-01	1.119904371776023755e+00	-1.693935938192508761e+00
nan	6.452699921713059839e-01	-3.167870437343789369e-03	6.616899526809535415e-01
nan	5.467814039885210420e-01	5.801683424780068599e-01	-1.189541764283385872e+00
nan	1.450300181403810784e+00	6.492987089804639345e-01	-6.035925964487495188e-01
nan	4.011651609541025953e-01	1.018912842450996337e-01	-2.903682276473467661e-01
nan	-8.996197925413127461e-01	1.100452052189649921e+00	1.949752817589937015e-01
nan	-6.096496871459980427e-03	-3.881545947266861751e-01	7.929218660541408337e-01
nan	5.584340436699726240e-01	6.357876302895321130e-01	1.898645025347892146e+00
nan	8.117009396501486673e-01	9.304583444952524429e-01	1.418220791807671244e+00
nan	4.616185764412130688e-01	1.145356407972982327e+00	1.176620429821394920e+00
nan	2.098591693834661154e+00	1.625772481195689512e+00	1.642985387272368536e+00
nan	7.366136320484419908e-01	1.928796718219694561e+00	-1.094363082040431534e-01
nan	6.670546083595274567e-01	1.426547634810878984e+00	1.080949577433324649e+00
nan	-6.863154726548719164e-01	1.236295797284384879e+00	1.435374638818528892e+00
nan	4.165980098927722919e-01	-6.104258362144324712e-01	1.799194577833596487e+00
nan	6.393722630005352903e-01	-1.269719742366753668e+00	1.381846116222260890e-01
nan	5.015885344672059709e-01	-8.280493578078760297e-01	-2.091837829749640942e-01
nan	2.740528272823887779e-01	1.160661998093072800e+00	1.031834401541216639e+00
nan	-4.547715261826338340e-01	3.687721823612213901e-01	1.306359742494879850e+00
nan	1.165010364263392439e-01	-9.716535690978326256e-01	-1.247889195606684876e+00
nan	-2.566882246238741949e-01	1.220286443391690234e+00	-8.091371520238767046e-01
nan	-4.434050590330856911e-01	1.264922499483162932e+00	-1.310913381119683363e+00
nan	2.709635591638537289e+00	-2.082886707215856614e-01	-3.007743938092813374e-01
nan	1.060806894676447731e+00	3.509554480824786382e-01	-2.973955106055248265e-03
nan	4.118220216927745425e-01	-4.994838322412428200e-01	-1.541947163940642795e+00
nan	7.767852763387329551e-01	1.839976314066611163e-01	2.373317936212511192e-01
nan	1.170108793380905787e+00	9.779737397220196193e-01	4.460704788181399927e-01
nan	1.864911293163925343e+00	7.889273728536102537e-01	-5.758166577292500588e-02
nan	1.084644450108627201e+00	-7.303575717073138573e-01	-4.699123935000651398e-01
nan	5.062631462463220711e-01	7.033391622979641156e-01	-1.193888544758002324e+00
nan	-1.800460049056075151e-01	6.145131138961026362e-01	9.631256185113855617e-01
nan	-1.135715696186907042e+00	5.365426936356855192e-01	-9.889427669930631604e-01
nan	-6.159722502523882204e-01	1.175954157439074832e+00	-2.911427466005782061e-01
nan	2.922909625127079747e-01	1.943893820847735654e+00	2.052335309258957463e-01
nan	1.899496645445977627e+00	-6.293646987336631859e-02	-5.442793674982355778e-01
nan	9.429264166913080558e-01	1.568380151159386227e+00	-1.822937202993796246e-02
nan	4.328774796653916401e-01	7.855278530228456679e-01	4.021652541447595652e-02
nan	-8.985249593801600820e-01	-3.081237831563998775e-03	2.103296627245336836e+00
nan	-6.966607485501787878e-01	-2.720179741951369023e-01	3.320823122684477546e-01
nan	-5.757093406609994357e-01	4.245726369974698322e-01	-7.595716826752811901e-01
nan	-9.888067414663876953e-01	-1.387958619814215755e+00	1.338639739696788844e+00
nan	-4.627394416143032485e-01	-1.182315236916357204e+00	5.730262742855044555e-01
nan	-7.307520873042435694e-01	-1.622424714084885755e-02	-1.098645159580768915e+00
nan	-1.125135255784229793e+00	-6.921973935457647054e-01	-8.222717923643911853e-01
nan	6.994919827487995345e-01	1.161927906202879113e+00	4.980358301157314926e-01
nan	-8.500148457678342595e-01	-2.044428524554783300e-01	1.189336036780093364e+00
nan	-9.736278175043440175e-01	-1.065565078021241119e-02	5.322365423188829547e-02
nan	-1.686544589107647374e+00	-1.409992867995788268e+00	1.452980997491427340e-01
nan	-4.876855596108964352e-02	-1.526093489662105673e+00	-1.012016729701780138e+00
nan	-7.749038659591546141e-01	-1.432312303728507930e-01	-2.781869247802936096e-01
nan	-1.077334937286910987e+00	-5.778852239057163942e-03	-1.232329787180586278e+00
nan	-2.357101657978480258e+00	1.904273182336541970e+00	-5.739485036789432337e-02
nan	-3.501919958018319123e-01	-1.517471838255277428e+00	-3.791841793463447408e-01
nan	-1.440983328390316176e+00	-1.236320012232190013e+00	1.009810499703508668e+00
nan	-1.229249055242389588e+00	-3.963997771946663473e-01	-1.356810713530345325e+00
nan	-4.874642087364078336e-01	-9.635140346777426590e-02	-4.467765029230755247e-01
nan	7.866030493887015140e-01	1.466481800937892155e+00	6.659821287633408415e-01
nan	7.789043936911814736e-01	-1.459616518637463001e+00	1.598120601831267029e+00
nan	8.369278377673997626e-01	4.226917652800807890e-01	-9.101921929331360239e-01
nan	6.661570389024398242e-01	-8.458709386477480940e-01	2.460715166185454550e-01
nan	8.181091285937483470e-03	5.149207533005673021e-01	-1.134275693538490254e-01
nan	-1.629126931358629848e+00	1.505180191342539997e-01	-1.319645446778285880e-01
nan	1.348821386205295791e+00	7.631821740919371155e-01	1.717279319248238290e+00
nan	1.504611757094873159e+00	-1.982042160076307180e-01	5.801374059845740838e-01
nan	8.290299610974189992e-01	9.224679886719888700e-01	1.701724605044325989e+00
nan	7.959626351733753991e-01	-1.776818249442596587e-01	-1.836323170309250852e-01
nan	-1.951076230046114579e-01	5.244496099963599778e-02	1.238128657795635412e+00
nan	1.018351944380213148e+00	2.144125349316243323e+00	9.634994523343047845e-01
nan	-6.450084795711885643e-02	4.031275524829752710e-01	1.852438044889558988e+00
nan	-8.025477576499342458e-01	-5.700488345840328819e-01	1.639085803190657664e+00
nan	3.262171788714650633e-01	-1.165911987041798881e+00	1.619027171099946427e+00
nan	-9.131743592706305090e-01	-1.475443332916900108e+00	2.712296367881670278e-01
nan	-4.896656764837246101e-01	-6.477831152461921427e-02	2.204233519959192256e-01
nan	2.525974768045886609e-01	-1.475415329513463103e-01	-1.138478707437841519e+00
nan	6.909589029651141967e-01	1.832224790677267290e+00	-1.238380828981893389e+00
nan	6.634795527481438526e-01	9.002227915028052641e-01	2.177948936139657565e+00
nan	3.381730495405593784e-01	-1.774075650006987637e-01	7.942013577640569810e-01
nan	4.739469916478588479e-02	-9.226311998576905982e-01	-1.721674231718456349e-02
nan	-1.817671271916758147e-01	-1.045012220902316047e+00	-8.310040465330510440e-01
nan	6.970700311369250057e-01	-1.893596263995769746e+00	-7.448835064573555709e-01
nan	1.449190728094426062e-01	-2.145964077339766796e+00	2.183939178499560985e-01
nan	-7.262596331395614335e-01	-1.229392936125039415e-01	-2.415975932699341855e-01
nan	1.049816440795565464e+00	-4.611628405907422512e-01	8.308983590610771186e-01
nan	1.341590992359026568e+00	9.262142140806399748e-01	1.205900337062361383e-02
nan	1.848669519623416857e+00	9.232499295420847352e-01	-6.423758846298778247e-01
nan	-1.588614164487463176e+00	2.165701352618015996e+00	-8.464003563160387156e-01
nan	-1.034271260558185634e+00	4.672532764135066130e-01	1.897666729606817704e+00
nan	-1.045056611150204429e+00	-4.370496537992984987e-01	2.212524536191214697e+00
nan	7.498745619879967350e-01	1.450988566162579430e+00	-3.796209069537086478e-01
nan	-5.749857555216052463e-01	1.127742155398044455e+00	6.588793761997784326e-01
nan	8.755335330262024041e-01	-3.122112720419787935e-01	2.158008971234730566e+00
nan	-1.517450437419260445e-01	-8.258188352039843583e-01	1.116805905467012971e+00
nan	2.002732993518478111e+00	6.970792598354332847e-01	-8.289545782778401373e-01
nan	2.361795041268283768e+00	6.115713429473206286e-01	7.742266353626496844e-01
nan	-1.050684058252147057e+00	9.573647954559919571e-01	-2.150563592844990102e-01
nan	-8.299354064577110224e-01	-1.717566603063357844e+00	2.107986101707021387e+00
nan	-1.192024090702052064e+00	-3.712453471280325878e-01	-9.846262485409632559e-01
nan	9.361619280455915071e-01	1.210960459482239626e+00	8.834892817477313365e-02
nan	7.076039235534916649e-01	7.375007536630195926e-02	-2.354201235021264882e-01
nan	-4.183839234955358255e-01	-1.259871071992391789e+00	7.763527629565122323e-01
nan	-8.511363162951759431e-01	5.059644642660026115e-01	-4.572768282856751187e-02
nan	8.022404283441272321e-01	-2.100014145098465512e+00	-3.584838702420426459e-01
nan	-1.229849987375581488e+00	-6.927079495066141845e-01	-2.045484358540746728e-01
nan	1.312965571282235011e+00	7.258061997758150641e-01	1.057428416798732451e+00
nan	1.536700108784372354e+00	1.156326007924847854e+00	8.576709129231576689e-01
nan	1.060680834922631988e+00	-7.816317864001743887e-01	3.796804852637069017e-01
nan	8.942840960062677924e-01	1.526710339818541096e+00	7.046834216741236501e-02
nan	1.612481008627888013e+00	-4.362275768480561311e-02	6.969384868045491732e-03
nan	1.774051748627952341e+00	-7.319995705554738219e-02	-1.428967017760725655e+00
nan	2.999154340185704370e+00	1.035518863515856980e+00	-5.267471011590677543e-01
nan	4.332016170772062802e-01	1.792889922345503706e+00	2.055142518627312009e-02
nan	1.595447440830561670e+00	1.735820767029586431e+00	1.977267961276020225e-01
nan	-4.803015575299240947e-02	1.798131480484926659e+00	3.141941169351982310e+00
nan	-3.131941376838990321e-01	1.411060453696353800e+00	1.846102432546778527e+00
nan	1.534217073649939866e+00	1.925489926822387288e+00	2.904974722148138788e+00
nan	1.429943185890600876e+00	2.077862631297256790e+00	2.149664067355718355e+00
nan	2.214803422225997132e+00	1.920632699926202891e+00	2.142729659507152551e+00
nan	9.343681185066933237e-01	1.368925355636651187e+00	2.188075692210953438e+00
nan	8.684414492967540422e-02	2.701138566928631413e+00	6.620285581796985230e-01
nan	2.193865270696215841e-02	2.631022337240344289e+00	7.983281394727694824e-01
nan	3.151871830392338758e-02	5.648664083258224666e-01	2.373467409432664654e-01
nan	3.230092211865250307e-01	-2.747579219473186285e-01	2.569508946323180720e-01
nan	8.731858509433031157e-02	9.922114318680529399e-01	5.443349529407205400e-01
nan	-6.682369272049148989e-01	4.335544139208205583e-01	7.110309419339299053e-01
nan	1.215086115886118368e+00	-7.907475482222993124e-01	-7.241451823778215502e-01
nan	-6.935839805421487592e-01	1.636446303922724388e+00	2.986927436908320410e-01
nan	1.553158576919898004e-01	1.720675285115709885e+00	-4.357493975924738860e-01
nan	2.539607015861379824e-01	7.079418576918126149e-01	-3.612975486212911536e-01
nan	-1.290334900676737284e+00	1.494542777749953144e+00	-5.204629377583080974e-01
nan	-1.351725580373840385e-01	-4.398232908504987604e-01	-1.910191320102574419e-01
nan	-1.375642898232633637e+00	-1.165731825340660333e+00	6.260869994056865728e-01
nan	-2.092823543035527756e+00	-4.977248300130299730e-01	2.341915093497308475e-01
nan	1.768966925252482003e-01	-7.868942367737316035e-01	-6.117628307858788417e-02
nan	9.015457549419600980e-01	-1.282969695282141664e+00	-1.152275193823661947e+00
nan	2.504417952592684349e-02	-1.297978164205432439e+00	-1.209064591449656278e+00
nan	-3.010742856574484816e-01	6.391264095223351260e-01	-1.992401096857286946e-01
nan	7.464223718980134148e-01	2.070549073252490935e+00	-4.492018989045120092e-01
nan	9.505757253448275934e-01	6.760790774120682967e-01	-2.764929329768152644e-01
nan	1.785411206350570046e-01	1.412853471799757621e+00	2.658562218828721679e-01
nan	-5.462140651294484783e-01	6.420438135476915775e-01	8.524592070397927213e-01
nan	-1.736256656886771277e-01	-1.003533997627634955e+00	3.694040752598446442e-01
nan	-3.098543682639421704e+00	-2.102875811422314722e+00	-5.189449947796985763e-01
nan	-1.992697846913806581e+00	-1.812208090790406345e+00	-1.736685580396696960e+00
nan	-1.491700702746523888e+00	-1.760802068253156882e+00	-2.618706615257950787e+00
nan	-1.703130176256236084e+00	9.760263550938945709e-01	-3.616428256873249758e-01
nan	2.164983173425796270e-01	-9.018558579634866623e-01	1.029263133720464740e+00
nan	-1.872629247283836174e+00	2.601337287969492928e-01	-2.493812761313729809e-01
nan	-4.263814255001159292e-01	-4.249296946688291832e-01	-9.911970333241069131e-01
nan	-4.144350279108559576e-01	-1.590985426210274500e+00	3.460733580870690718e-01
nan	-2.093384788010947517e+00	1.934839779585901809e-01	-1.087461063357824109e+00
nan	4.596163477391568275e-01	9.247444552594630274e-02	-1.954775461577570872e-01
nan	1.203862473277664158e+00	9.831939471395746422e-01	9.699120871018093171e-01
nan	1.957596034342174551e+00	-2.228498038174745455e-01	1.376420777326666567e+00
nan	4.610724783543551086e-01	3.257748384777782724e-01	2.549601247354598144e-01
nan	-3.520936620700811925e-01	1.258118380097955180e+00	2.291484251969347241e+00
nan	1.806467140200082699e+00	1.785728600277094014e+00	1.503538882023307544e+00
nan	8.320279900708373866e-01	2.143094320157770571e+00	9.214371768268071472e-01
nan	6.107628720901802089e-01	6.550980134419043255e-01	1.905374495788995981e+00
nan	7.220627911297146095e-01	4.833505543006355043e-01	1.241327698772899168e+00
nan	-2.492386343965126705e-01	2.323824049491421739e+00	1.344124340670692641e+00
nan	1.001052554098730507e+00	-5.907751816045120341e-01	1.826819731124676327e+00
nan	-1.816441390419111457e+00	4.310554219205769422e-01	-1.017899743205561425e+00
nan	-9.794011495531449452e-01	-3.367059276926390177e-01	1.218607449545657584e+00
nan	-8.938379335486348332e-01	-3.934719981000378564e-01	2.327712673274209276e+00
nan	1.144258847963947612e-01	2.027014188918450643e-01	1.887728491891604299e-01
nan	1.122106763427456189e+00	1.058916508844782500e+00	-4.854377380557238220e-01
nan	1.720634285157230936e+00	-3.003159871047954566e-01	5.061079870244248324e-01
nan	-1.770958220816499229e-01	-2.049637480140868440e-01	-7.299077849944238805e-01
nan	9.520763129370840572e-01	-8.376305295894763692e-01	3.696919868520807118e-01
nan	2.039756601361104593e+00	-2.006791929685552422e-01	-9.394225429819372808e-01
nan	1.097994892025317526e+00	1.508998917925776340e+00	-2.277777371161238129e-02
nan	5.407460654342711726e-01	-6.158847878609533533e-01	1.782205622073657292e+00
nan	-4.119146892273329308e-01	3.195621186689813209e-01	1.886571449533736011e+00
nan	-6.471726669290943645e-01	1.870400998339522003e+00	1.145646889774051047e+00
nan	-5.526815944637978317e-01	2.873491004605259191e-01	1.152801694002970390e+00
nan	-8.014505701029128737e-01	1.442032632159881089e+00	8.422725034236320241e-01
nan	-5.218254226171008536e-01	1.398454210833917299e+00	1.281232652810396999e+00
nan	-2.448055758476725963e+00	-4.147964902457207392e-01	-3.081776020528623761e-01
nan	-2.028060240749479881e+00	-2.053026087491010010e+00	3.209577298072774365e-02
nan	-1.048866667021746801e+00	-1.242627554109138721e+00	-2.245313919623113996e+00
nan	-3.935438347551689642e-02	-2.307164831144977057e+00	-2.275644870053351809e+00
nan	-2.474819304694526600e-01	-1.177520869732592956e+00	-2.369250430472706448e+00
nan	-3.483968018494785213e-01	-1.493441031798881102e-01	-1.901087700210041476e+00
nan	-2.688431032398788112e-01	-3.205744049002766660e-01	-1.265095909579093125e-01
nan	-1.419271064178064590e+00	-1.139585626674289032e-01	1.901149638725455060e-02
nan	-4.455648352042616001e-01	-9.623574286583211901e-01	1.169083313868790608e+00
nan	8.182395199545058340e-01	-8.409470119519947273e-01	-9.351517198062889724e-01
nan	1.469904595606386921e-01	-3.951067641412868148e-01	-9.986060185946991075e-01
nan	-3.327192745459492396e-01	-1.035562617673453645e-02	1.625961595276443905e-01
nan	-6.423571355481434431e-01	7.821662819361263619e-01	-9.131666729707496044e-01
nan	7.606930338164819005e-01	1.060775002485835561e+00	-1.379390880369723238e+00
nan	6.623597439466494263e-01	8.855871806860362572e-01	-8.190479993395876068e-01
nan	1.614105083212106440e+00	9.431910798968876630e-01	-7.288932813235697861e-01
nan	1.198635608613457748e+00	-7.857195525347405729e-01	3.530656063725676752e-01
nan	-2.343298632243626112e-02	-6.380074904048660400e-01	1.470085751916875072e+00
nan	-3.103428798578777847e-02	2.084023160170480171e+00	-9.530833487765251189e-01
nan	5.964895327498406230e-01	9.784412210317599001e-01	-1.279733612946268861e+00
nan	4.843055621419172785e-01	1.014344010456702971e+00	3.200092330291318121e-01
nan	1.193079079785535512e+00	3.214532505112216443e-01	6.700628447275680521e-01
nan	1.721441510861157376e+00	1.305902583104123549e+00	2.563136819818202294e+00
nan	-1.110063934890777260e+00	4.637633132512828382e-01	1.477874340165312717e+00
nan	2.653154503170762624e-01	-2.343489469185066065e-01	6.584823847828765730e-01
nan	7.320009261482843810e-01	-2.190309298341207800e+00	-1.252066458053875952e-01
nan	-1.968255762254290386e-01	-8.134394280588838066e-01	-6.936742514888072364e-01
nan	7.138708423539954495e-01	-7.546286273351134888e-01	-2.049757673537318858e+00
nan	7.420541784198878554e-01	6.140705584386266791e-01	-4.445486425922373641e-01
nan	6.912504936841710190e-01	-2.750740406447161335e-01	1.053913178825343522e+00
nan	9.335565492845071534e-01	6.419522368121697298e-01	1.312463680964592427e+00
nan	4.857820318846543528e-01	1.677577193609040007e-01	-1.923029424453396308e-01
nan	9.244926237979237404e-01	-8.316827782380309397e-01	-3.240998625168743374e-01
nan	1.279660035889269298e-01	2.638838733589834451e-01	-2.490113954716454137e-01
nan	-7.991426338472781277e-01	1.706064734488617507e+00	3.220389494802174644e-03
nan	-2.748935041533578927e-01	2.148670772228784831e-01	1.282142978345239603e+00
nan	2.211975518534105567e-01	7.856220343760603742e-01	-3.255436310345851680e-01
nan	-3.419801749014138581e-01	-5.683395988240826924e-01	6.516807479623250299e-02
nan	2.268300105736283379e-01	-4.758238906034261140e-01	4.645429777580431518e-02
nan	7.244613124563037410e-01	-2.882604432536455263e-01	2.536529327100327524e+00
nan	-4.345890408281585238e-01	1.241020003569123897e+00	5.631693380282335459e-01
nan	-6.697724016572501604e-01	-1.279081694650446632e+00	1.212608345530515885e-01
nan	-1.508722227172577535e+00	5.298518904234309490e-01	3.800964261114666010e-01
nan	-3.924219037817188172e-01	1.006797427569200654e+00	1.892039752022953492e+00
nan	3.709742178358528819e-01	9.667781510019819446e-01	1.061294247560099269e+00
nan	-1.010029114647998716e+00	-1.324043782957594173e+00	2.412025111275223566e+00
nan	-2.720744500351154116e+00	-2.240525396444119188e+00	5.465079443985763064e-01
nan	2.048025695166573179e-01	-1.230338791989283198e+00	-2.500074740293202868e+00
nan	-6.456685458317450443e-01	8.135832804614675506e-01	1.643993383020454502e-01
nan	-2.102232989062189639e-01	-5.965882734934428999e-01	1.880035407472355313e+00
nan	-4.248434145083924696e-01	1.104490800635687109e-01	-2.084392640695226784e-01
nan	1.239891435250922269e+00	6.237427537365577979e-02	3.478158853064096112e-01
nan	3.337139141512335261e-01	-1.178745817308183286e-01	-1.763679721755737395e+00
nan	3.897136159273857925e-01	1.298469376586695034e+00	5.517827436540839736e-01
nan	1.287894325484532532e+00	2.042429750098651020e-02	1.708672862104350987e+00
nan	5.734226549726313404e-01	1.152477441047074391e+00	8.383193843462882766e-02
nan	1.050159181004396203e+00	2.143153862763830020e+00	-5.441094203562757414e-01
nan	1.328189047602292616e+00	-7.862270300426997816e-01	5.917599296752583671e-01
nan	-1.331313119195867145e+00	3.012963410640840056e+00	2.338881618290097331e-01
nan	1.513320079321581524e+00	4.213608571378925083e-01	3.385384279039734823e-01
nan	1.352629275043699120e-01	-1.028748864180585088e+00	3.920169999609969258e-01
nan	1.335578266677492243e+00	-1.279743462318134961e+00	-6.903587618105326840e-01
nan	4.555778549609684758e-01	8.183897859125750518e-01	-1.157010238325529405e+00
nan	9.978123481773122361e-01	-9.133098825926597719e-01	1.588203751183085433e-01
nan	1.913230831796875198e-01	-1.140239768711858587e-02	3.251193368594659794e-01
nan	-1.034226388941539954e+00	2.084917908065996972e+00	6.734715764449207276e-01
nan	-8.119962098726470900e-01	-3.042360795190461875e-01	4.503438880571183911e-01
nan	4.389201897435465183e-01	-6.132374308657708717e-01	2.136384114275726720e+00
nan	-2.429252332258435496e-02	1.669677425412822713e-01	1.930493926314133413e+00
nan	-3.847768701339096542e-01	-1.117623258144598397e+00	4.493906986865581210e-02
nan	7.430641024676449824e-01	7.076257577027631473e-01	3.296728195279224338e-01
nan	-1.249865326624348905e+00	2.536849045261874713e-01	-6.747091268964444666e-01
nan	-1.912724530886162899e+00	-2.156038376359498354e+00	9.406789058370204626e-02
nan	-2.096856762254565076e+00	3.104059603083877406e-01	6.703496212618598182e-02
nan	-1.543354817172978288e+00	-1.048589509958136379e+00	1.344990550182968869e+00
nan	3.983487867641727354e-01	-3.270322949525771850e-01	-1.300163906727559993e-01
nan	9.783090470239381720e-01	-1.217974090600492776e+00	-1.693140168048018257e+00
nan	4.761965333328005423e-01	2.117000531477708947e+00	-1.564693837887599193e+00
nan	1.882835368024497580e+00	1.405900421429583602e+00	-1.225184160575344683e-01
nan	3.158865460678514925e-01	1.208245690833197994e+00	1.471598041569573689e-01
nan	-4.331176360349309196e-02	-2.136457510067054422e+00	1.935512395683326448e+00
nan	5.562852403389937361e-01	-8.608609280074932535e-01	-6.280878218456268369e-01
nan	1.502034542674596518e-01	-6.631117953866680903e-01	-5.521274557936844962e-01
nan	-7.340060759321551664e-01	-1.693161497000239768e+00	-1.537967825536247224e+00
nan	-9.365694391446294231e-01	1.682289406923597186e-01	4.300228644308571324e-01
nan	1.291717166523520754e+00	-4.598251518116230341e-01	-9.417758767387784946e-02
nan	4.872987221895266341e-01	-1.356981171426735466e+00	-8.982438262121730244e-01
nan	3.253701328615022370e-01	-6.302312605906339460e-01	-1.315595884198290211e+00
nan	-1.095678270999419279e+00	9.382550356323993146e-01	4.233658389331318439e-03
nan	2.114618086946070674e-01	-1.470252861431886826e+00	-1.488016814058276127e-01
nan	-1.077749384543347677e+00	-1.978392128844179032e+00	2.896536240841681153e-01
nan	-3.511992389472769815e+00	-1.723048012053065126e+00	-1.520310896967569825e+00
nan	-1.673240688340279503e+00	-4.658543842748898989e-01	-5.948036773698365254e-01
nan	-2.592583795198605268e-01	-2.533450963397016475e-01	-9.868537852517171860e-01
nan	-1.326242153722538397e+00	4.121418706669713883e-01	2.110794426359159925e-01
nan	-1.357897517751898153e-01	-2.511640466739224475e+00	-9.813656580404647167e-01
nan	-8.138795798880620325e-01	3.585415158293769888e-01	-2.819192002949796994e+00
nan	8.396286858542385545e-01	6.180222078645328798e-01	-5.463656981479754204e-01
nan	-1.588330760348941051e-01	3.788121650950690977e-01	3.104377709722062201e-02
nan	-9.976306323448299596e-01	-1.231011087688927308e+00	5.451578918755615177e-01
nan	-1.056951278339541389e+00	4.716211687546592035e-01	-7.738890698996304662e-01
nan	1.181634927921890510e+00	9.961283169409125282e-01	1.432612129636487153e-01
nan	8.507597013228751504e-01	-2.702161673786808160e-01	1.647846475759701557e+00
nan	2.437434801901993353e+00	1.297617560965856454e+00	8.053547392496909207e-01
nan	2.592492682892641565e+00	1.858275178350911272e+00	6.892051060740422841e-02
nan	1.738378794950711459e+00	1.831990889733638106e+00	1.139117777332111281e+00
nan	1.500002026484173356e+00	1.226039159060421158e+00	1.631288549293576473e+00
nan	7.903256858840057575e-02	-5.383599760841750737e-01	9.477014956138207769e-01
nan	-4.193579062036639771e-01	-2.068674505846128220e+00	-3.149813563968073549e-01
nan	4.560326184946572603e-02	-7.328043643009940489e-02	-1.357036942229060017e+00
nan	5.787924639153766426e-01	1.017156714666970441e+00	6.882193431360988933e-01
nan	-1.129813597504767397e+00	9.395249943458918729e-01	4.189401730625013087e-01
nan	-9.762616221118287640e-01	-1.395882988416300652e+00	3.532988249814735249e-01
nan	-1.966917305792031723e+00	-1.355173339770356034e+00	-8.271029610564626378e-01
nan	-1.273868724515729411e+00	-1.391692584408393385e+00	-7.891204406612346567e-01
nan	4.988531415643857603e-01	-2.703725416146306681e+00	1.165452936244211868e+00
nan	-1.135227466723385703e+00	-1.511271711122135430e+00	-5.265869191987943010e-01
nan	-1.948798117008895048e+00	-1.398728537990827192e+00	8.978637720749427231e-02
nan	-1.175961474375447402e+00	-1.150189903213801657e+00	9.584363662917533278e-02
nan	-2.196427327191099454e-01	-2.132642528057955844e-01	6.398940156873490492e-01
nan	-1.352920692377897582e+00	1.470529924162115587e-01	2.925247246914323140e-01
nan	-1.206673829046728930e+00	2.682822463342495189e-01	7.707920473673839368e-01
nan	-1.290268013968520755e+00	-2.162953985779710875e-01	-1.071337483742961671e+00
nan	-1.094037935814834439e+00	3.487550206425439336e-01	1.267640945046372147e-01
nan	1.956342672069638189e+00	2.056419986442255821e-01	8.981197440332128190e-01
nan	5.186240059458382401e-01	-5.575804375122704881e-01	2.202861534886641159e+00
nan	-2.240080063382299813e-01	8.592894411876814686e-01	1.679670246996420868e+00
nan	-1.110465118671713824e+00	1.168454303484999901e+00	5.837853972978621631e-01
nan	-1.180708561578906135e+00	-3.010841641883625908e-01	-1.040601993816508530e+00
nan	-2.666816240002046756e-01	8.517362311677223463e-01	-8.271364262861838901e-01
nan	1.358597954052662926e+00	1.528697504911830762e+00	5.756448652409908995e-01
nan	1.292643703744735584e+00	2.360038940982295275e-01	2.106887427321241013e+00
nan	-1.173027597287199963e+00	8.525380884920091829e-01	-3.664420619064590046e-01
nan	1.936293346575744589e+00	4.316534887708220469e-01	9.939176647578984447e-01
nan	-1.441507774092617433e-01	5.378790195863983881e-01	4.280566762215292087e-01
nan	-3.543412326137129753e-01	1.416087204552544110e+00	-1.154210838434807984e+00
nan	-7.082795948243248985e-01	9.677680791442681008e-01	-9.059095379725974340e-01
nan	1.451878349358914688e+00	-2.166547552790809128e+00	-1.903574649644864891e+00
nan	-6.215261413557980896e-01	-7.895248775971898114e-01	-1.781800384028458417e+00
nan	2.460748552514120391e-01	-1.155911728041346120e-01	-1.026819361163820998e+00
nan	3.151866046998492155e-01	3.142669732782671366e-01	-9.228681556711559875e-02
nan	1.966884177114463839e+00	1.014092024846230400e+00	8.819065752501403788e-01
nan	-6.865709161201228872e-01	1.103573198590575455e+00	-5.507541979025143419e-01
nan	4.158714522217464571e-02	7.246628082778698854e-01	9.255901833892325736e-02
nan	1.898900045454209984e+00	-1.510540816898780836e+00	1.477562568897153428e+00
nan	1.082601777078348260e+00	-3.110811933023227560e-01	-1.046305772182549720e-01
nan	-3.246888467097820974e-01	1.942977318617786220e-02	-1.211277375569236175e-01
nan	-5.903254126976065219e-01	1.338380810650904085e+00	-4.011009441787783403e-01
nan	1.440721552557226337e+00	8.281843608382279953e-01	-1.555896387634899014e+00
nan	3.235065436553773432e-01	-2.993362410065769641e-01	1.085944397689332375e-01
nan	-8.635337355798144987e-01	-1.123281259085275208e+00	-1.399215045144790004e+00
nan	-2.544632696662920135e-01	8.958618659904821202e-01	-1.572040557210427014e+00
nan	-6.622706054914816454e-01	-1.320927044564232045e+00	-1.929383799484888640e-01
nan	-1.762184030063738138e+00	-6.152424389501707225e-01	-3.937321199800957183e-01
nan	7.293439679891511318e-01	-1.596566149786767141e+00	4.050819218575424374e-01
nan	-3.199463710089508472e-01	-3.192620336755286559e+00	1.562735219296004785e-01
nan	-1.545099321270841486e+00	1.393588706717083792e-01	-1.193655313872638013e+00
nan	-8.470257171996057322e-01	1.227564029783906330e-01	8.160699847253816142e-01
nan	-1.340208439237219329e+00	-1.578502957843183285e+00	3.181247534218860085e-01
nan	-5.478165904674183739e-01	1.101789576832784556e-01	8.217165455609753977e-01
nan	-5.470783918764123843e-01	-5.381111364906977501e-01	-1.543143933257054012e-01
nan	-1.554149183574945692e+00	4.445351301786198417e-01	-6.249205582367073353e-02
nan	-2.830134526620397550e-01	-4.834474019053436322e-01	8.703267251787869530e-01
nan	-2.354211901589722544e-01	-2.926752967078680157e-01	1.539784801216087518e-01
nan	1.033443753816758681e+00	-1.555869150715114557e-01	5.149229994438467850e-01
nan	-2.959080011662436061e-01	4.531854167736865113e-01	5.558131966025358084e-01
nan	4.600973640114684460e-01	1.418921901438988664e+00	5.998282854650278662e-01
nan	-1.840889190527538188e-01	7.468674913928433634e-01	2.963448421416579603e-01
nan	-9.208969714737103018e-01	-1.625004579987755771e-01	5.624871800909441166e-01
nan	5.556270312812636725e-01	-1.698192774838099828e-01	-1.289137473564613945e+00
nan	1.666212822173769093e+00	1.372090188245433717e+00	4.750775520198558532e-01
nan	-5.922637218105508694e-02	-3.487679367368490269e-01	4.907145217637966517e-01
nan	1.867843612413586207e+00	-8.980613368065484270e-01	3.252962106222768157e-01
nan	1.029267942714802375e+00	9.805090514262695400e-01	-6.237978934111960694e-01
nan	7.383898116423595059e-01	1.349881689341921653e+00	-1.185874256864355880e+00
nan	-1.177187808572598193e+00	5.921911048676802292e-01	1.946474740920422608e+00
nan	-1.034370422086151819e+00	-2.130886994750332275e-01	1.765804280208072008e-01
nan	8.083593752827361589e-02	2.087052029740798509e-01	-1.191179589805373862e+00
nan	-1.182783070791874336e-01	3.602811698466996115e-01	-3.903756544108891724e-01
nan	-7.095848663422610336e-01	1.552637104719904459e-01	-4.165235274165102752e-01
nan	1.690231708870200134e+00	8.848886158195421459e-01	-2.167098990208395470e+00
nan	1.313018721196320460e+00	4.144480286670621183e+00	-4.275148035199290986e-01
nan	4.819034860793016684e-01	2.061505893544737233e+00	8.908507409716186487e-01
nan	6.782706138005172303e-01	1.285482141669799461e+00	8.888899570877266676e-01
nan	1.593068200198587858e+00	-9.465522310001712736e-01	9.817228922966341198e-01
nan	-8.396294417267369248e-01	-2.760763230705808313e-01	-1.292970824557901688e+00
nan	-7.609326366120675589e-01	-2.079775733526371351e+00	-4.717864561433232073e-01
nan	2.218089997418689618e-01	2.832077238830118526e-01	1.147171211312766337e-01
nan	-1.820440365365240565e+00	-4.837432637989048656e-01	7.320665564373024514e-01
nan	-4.878074068328763779e-01	-1.368883265307812902e+00	-1.101261622382264216e+00
nan	4.365971076777597215e-02	-1.690019751641847146e+00	-5.770402449786068422e-01
nan	-6.563416960349139906e-01	-9.379505427635335124e-01	-3.556077042157926194e+00
nan	5.774826960403223186e-02	1.897763633228166658e-01	-1.738443094083128804e+00
nan	1.025917556021012533e+00	6.675948321252430651e-01	-3.674761507103565528e-01
nan	4.269156461832990246e-02	-7.851504727568359154e-02	7.581856201313870169e-01
nan	-8.678397194332439224e-02	-2.179148848559382123e-01	2.503394187708829044e+00
nan	-1.128643737025485594e+00	2.010548328444701216e-01	1.835734999341986917e-01
nan	3.701156843437190536e-01	-4.830681487234428917e-01	-7.928578029366553093e-01
nan	-3.451470123566294235e-01	-6.753189787428159896e-01	-6.270897457307359479e-01
nan	-9.621053845686278194e-02	-1.453306840128950395e+00	-1.547179430364130415e+00
nan	-7.307265980426659313e-01	1.018554151510703498e+00	-3.019322100227488370e+00
nan	8.446226164731344133e-01	8.884219274423135193e-01	-2.073621732568547316e+00
nan	7.655680165441179907e-01	-4.260505523826270124e-01	-3.935599000910772749e-01
nan	-9.213125120584295669e-01	-2.538394524222427062e+00	1.098972871346613145e+00
nan	1.275629026149914358e+00	2.152656573208235891e-01	1.023365282348569272e+00
nan	4.762516297527419895e-01	-9.302466599780351286e-01	-2.292056590357133938e+00
nan	9.722463092734012768e-01	6.629420611514420525e-01	-3.233252429875831391e-01
nan	1.211499727422033601e+00	1.204261149605055703e+00	-2.611937618832433361e-01
nan	4.819421671319965017e-01	1.200202705509887835e+00	1.584459333646951684e+00
nan	1.396968713732071654e+00	1.558504792079560497e+00	6.188909664172779213e-01
nan	-1.008084016272114969e+00	1.802109755364561750e+00	-2.935214057682131727e-01
nan	1.607812213956524516e+00	-1.364907879857970574e-01	1.340882260699072903e+00
nan	2.474860072265657185e-01	-1.352717539436976146e-01	-9.202145268625393504e-01
nan	-6.662523920973784097e-02	8.549069215837584723e-01	-4.059535246469661018e-01
nan	-8.503843563866233524e-01	5.063988050158442222e-01	-6.912624291519224862e-01
nan	2.249751241822854630e-01	8.965769914309666966e-01	-1.389808158471456390e-01
nan	3.851476923808817565e-01	-1.085557566770713578e+00	1.064344074226134529e-01
nan	2.056700727678026031e+00	-6.803282715732315022e-01	-7.722084587976385528e-01
nan	5.436263195542940796e-01	3.373208238519239677e-01	-7.970067059057122094e-01
nan	5.652058941269656467e-01	6.954904637775298770e-01	-1.072868653124722016e+00
nan	-7.368915710739962766e-01	-6.140017457078619234e-01	1.770301126153516202e+00
nan	-7.287273908955700374e-01	3.107283012708285108e-01	4.841127615693062713e-01
nan	-6.922713638101873901e-02	-1.159120782595605581e+00	-3.734406995599194312e-01
nan	-2.287648080350773994e-01	-7.431577170548615552e-01	7.299477444211235344e-01
nan	1.525605244797359594e+00	-8.188936598654085186e-01	-1.072031950999085964e-01
nan	-4.291427265744673925e-01	-2.244428825658809912e-01	6.794013299790284677e-01
nan	1.677949571448026922e-01	-2.253807560975116253e+00	4.502520625626161843e-01
nan	1.520396862109378855e-01	-9.708231380424781065e-01	7.931645402737618200e-01
nan	1.709371191769391896e+00	-1.284843144293182249e+00	-1.458755595093446100e+00
nan	-1.070437467209722104e+00	-2.030134075181096454e-01	2.220106830544575915e-01
nan	-4.038141459869588612e-01	-6.050549938456517562e-01	-7.596167602415097864e-02
nan	-8.615066144149119420e-01	-9.681133499134089715e-02	-3.798732069705206271e-01
nan	-5.952910054780535809e-01	-3.208612366619670642e+00	-1.278912043054151848e+00
nan	-1.218809135307841851e+00	-2.195885081068468470e+00	-1.046611016156689722e+00
nan	8.469725306155424516e-01	-2.046332108201055711e+00	4.739537560864116594e-01
nan	-1.844851798163401058e-01	-1.039434436040002518e+00	9.169388728799123811e-01
nan	-1.570189843490530368e+00	-7.420361232743302171e-01	-1.346699725216207399e+00
nan	-8.301639445527997374e-01	-1.749027818120733269e+00	2.538936897053548636e-01
nan	-8.896852162928752250e-01	5.578492330213201678e-01	-2.230207759616418262e+00
nan	9.014691476735758879e-01	-4.181869555092759261e-01	-1.362938522862537472e+00
nan	-2.051561975363586920e-01	1.261514213617914715e+00	-2.311233601092205214e-01
nan	1.992163696437407427e+00	-1.894199399343742263e-01	1.208965053745737039e+00
nan	-7.198114115847997763e-02	2.580339766898676501e+00	-2.434674739470866101e+00
nan	1.576485435379411992e+00	7.340204660786594504e-01	1.310779767011457819e+00
nan	-9.751948127992536852e-01	4.464747986158724702e-01	4.575413045101884846e-01
nan	6.522158193758954559e-01	7.243971874844183922e-01	-1.077597529290386991e+00
nan	6.945808744399144530e-01	-1.060689881341556617e+00	-6.769631048682172025e-01
nan	1.923772127749957539e+00	-1.603035149912977575e+00	7.901500871081104105e-01
nan	5.289420319793682879e-01	3.153857415918003282e-01	-4.156254614589650620e-01
nan	-8.900395643648036925e-01	-1.955130517790403921e+00	-2.847639874608209332e-01
nan	-2.839854707021724600e+00	-2.453078473324339370e+00	-1.466334495017665773e+00
nan	-9.134593711696853413e-01	2.069175792834485605e-01	-3.011356604776671553e+00
nan	-1.167171719448617528e+00	1.242417703739383317e+00	-3.157174561331861362e-01
nan	-7.158193009614736146e-01	-2.099953332905107051e-01	-1.295989781492134507e-01
nan	9.532312132292986018e-02	6.737207208024758032e-01	5.791959739681443731e-01
nan	-4.353872711878360446e-01	7.886267201751965272e-01	2.008501325784038727e+00
nan	8.624505381226386103e-01	1.027797603929974324e+00	-4.838088454040007091e-01
nan	2.503370552036220387e-01	-4.018129211498212561e-01	-5.677137884150669223e-01
nan	4.883768504626218587e-01	1.386793129129379465e-02	-3.627989399266577375e-01
nan	4.404657801037040188e-02	8.019789307318722082e-01	6.475553216401991330e-01
nan	-1.131524277414948543e+00	-8.719284577053371121e-01	8.224717695607791645e-01
nan	-4.941884837750967208e-01	-1.452884021937718151e-01	2.875740961849426736e-01
nan	6.899894984243776230e-01	-1.840525129210985600e-01	9.783876191914447906e-01
nan	4.902215927979600707e-01	9.156505652281478058e-01	-3.019750089079167310e-01
nan	-1.744702390836627703e-02	-3.197661319724482420e-01	1.055806562857581232e+00
nan	1.252651181583395390e+00	-5.115484849466630513e-01	6.658081051718047760e-01
nan	9.184956102389123522e-01	1.334500756924336673e-01	-1.352422715769883432e-01
nan	7.509656196838647713e-01	4.546934321788013711e-01	1.316185544474688607e+00
nan	1.746209353491274374e+00	2.882677998507864880e-01	1.093504972494671268e+00
nan	1.895947956165583648e+00	1.635141148545805390e+00	8.646114648703523420e-02
nan	-8.109609393056538273e-01	1.333176542867866576e+00	6.850689683656097095e-02
nan	9.218992595882349317e-01	-7.871612485734086340e-01	9.561652853479989389e-01
nan	-8.298885464684011559e-01	-1.409504024550277235e+00	-1.083917338767713012e+00
nan	-5.595212629296086870e-02	-1.778028300437896281e+00	-1.136788583160030397e+00
nan	-5.595891822241416680e-01	-6.966129707184856024e-01	-6.066430610592856709e-01
nan	-1.699694199651866078e-01	-8.792217839862255246e-01	-1.066104546504995199e+00
nan	8.802012735007905819e-01	-7.729558819241524326e-01	-1.250764164471299900e+00
nan	4.296787434736560884e-01	1.632029338329088475e-01	-2.046876857224315671e+00
nan	-2.316690462631796787e+00	6.484289175976095665e-01	1.041334448448820504e+00
nan	-8.439032053819873758e-01	-2.280410978944770739e-01	2.764222819413750809e-01
nan	-8.324429357718023947e-01	2.494231840578612913e-01	1.167109088521283145e+00
nan	-9.142665570612618087e-02	-1.467206786704086108e+00	4.099007973926862558e-01
nan	-1.738386001276195802e+00	-5.779916387814342249e-01	2.037660656761076883e+00
nan	-4.715183795381945875e-01	-1.209504160301049236e+00	1.164851945955112544e+00
nan	-2.742162022821387213e-02	-1.429618252029415615e+00	1.351393618245985140e+00
nan	5.186004535925463621e-01	6.535002423405685823e-01	-3.625613628867317972e-01
nan	-9.036236451258763402e-01	3.651767095836785382e-01	-9.376504133150923570e-01
nan	8.268125101877388250e-01	-9.109521642589442081e-01	-1.768826921012539355e+00
nan	-8.685241602680499051e-02	-1.023803192186651279e+00	2.741456252723249998e-01
nan	-6.864785561697814842e-01	-2.513373149269411133e-01	-6.634890613768068546e-02
nan	-1.543561960882076090e+00	-1.708197665707656410e-01	-6.595567664627861593e-01
nan	-1.647263974871481462e+00	-6.573640125823387859e-01	-5.785532173650274057e-01
nan	-1.226881049858872474e+00	-2.563609483864357941e+00	6.865776373421450529e-04
nan	-4.063786556227663160e-01	-1.310756217603022522e+00	-2.859040898124481367e-01
nan	8.605056183327888242e-01	-1.496242331472053433e+00	1.676425200731844756e-01
nan	-5.008376234171829644e-01	-1.069766715691832681e+00	-1.479188996821492408e+00
nan	-2.379232889372543180e+00	1.246442537912056947e-01	-1.370395203786571425e+00
nan	-7.867683562291286625e-01	-2.400995062341371167e+00	-4.199436596753003959e-01
nan	-1.428843069960786361e+00	2.481344358739889788e-02	-7.213946245068044716e-01
nan	-3.340159332422715233e-01	4.547801538593578274e-01	-6.226132191135682614e-01
nan	6.765278163356786001e-01	1.175401333694426453e+00	8.285987632337167286e-01
nan	-1.173881068515266302e+00	3.720662736095491363e-01	4.211877462926242321e-01
nan	-2.993821810441841258e-01	-1.699226172793083522e+00	-9.948906422093939383e-01
nan	-1.372970310437566344e+00	-8.851518844139325548e-01	8.350159569630130063e-01
nan	-1.295114864777792807e+00	-1.900595515331960250e+00	4.497769249867900054e-01
nan	-2.012292542666733297e+00	8.418972096039958330e-01	8.175614587790513976e-02
nan	-1.721859151776833796e+00	-3.892019312237985362e-01	1.274112582142922001e+00
nan	-1.537756643433543458e+00	-1.028208382483949190e+00	1.212230072454794527e+00
nan	4.422400606750186425e-01	-2.339178334691261352e+00	2.217455445416236792e-01
nan	-1.310618207602914032e+00	-8.080081275640182970e-01	3.556432095440636987e-01
nan	-4.426422139425988389e-01	-3.595166664494603981e-01	1.438861506261938095e+00
nan	2.153678133366511982e-01	-6.689325165301965859e-01	1.563795158137052610e+00
nan	1.147654944041146818e-01	-1.298514042711471195e+00	8.972299571124175976e-01
nan	2.859570223465878747e-01	1.152053853776471071e+00	-1.746341613946372551e+00
nan	4.817969869012011519e-01	1.102891471458120387e+00	-1.887855040909617310e-01
nan	1.057199118630294921e+00	1.524898975394903156e+00	2.324165748090704753e+00
nan	1.289327288270259331e+00	1.478398168358562526e+00	8.063557176387625702e-03
nan	1.077717629947634537e+00	4.223273226953713211e-01	1.670932776234033801e+00
nan	-2.256889688457301424e-01	5.573543062916896940e-01	-3.124107211841280485e-01
nan	1.223593805204210710e-01	-7.822542254739339729e-01	3.633200154356930334e-01
nan	-1.630398886511466028e-01	7.557382416578417583e-02	-1.135008572565918694e+00
nan	-6.471138663471562857e-01	-6.274587344305306846e-01	1.216210522669385119e+00
nan	5.942900067949247189e-01	-9.600674689674271178e-01	7.898983631695600804e-01
nan	1.904662516607392497e+00	-4.946912087307676620e-01	2.282513823867008185e+00
nan	-3.417886380214635311e-02	1.661409192265940415e+00	1.316342804291760427e+00
nan	-5.066252811159505098e-02	2.033938656576936399e+00	2.784708098225358253e+00
nan	1.647931456819284435e+00	4.216557761489122536e-01	1.583778906559945021e+00
nan	3.281300795076921850e-01	2.741743062526234009e-01	1.412717226388060077e+00
nan	-3.620309281696342807e-01	1.665691969532629102e+00	7.726226520106875828e-01
nan	-3.963874985627154346e-01	1.330040726971426501e+00	1.677437835818320622e+00
nan	4.043309847402233315e-01	4.978374030084046220e-01	1.274300471712614513e+00
nan	6.907538596748856730e-01	2.049391530288404151e-01	1.099587472084648354e+00
nan	1.386446957446989314e+00	1.450185660700429535e+00	2.111209507615716408e-01
nan	1.049501328089596397e+00	4.007008685831959793e-01	8.123355001470055070e-01
nan	1.112257812761072051e+00	4.280088550451349727e-01	2.944693524133651596e+00
nan	2.123186951298245084e+00	1.047196693840803494e+00	1.494941028107580339e+00
nan	-3.237153503476097871e-01	1.639328534882701138e+00	1.328683379873363046e+00
nan	1.842887984417845626e+00	9.122732350254961764e-01	1.349663415889703622e+00
nan	2.934812485412460425e+00	3.286172478992022139e-01	-1.923223967572800230e+00
nan	1.944030147429946842e+00	1.977944562456330102e+00	-1.369778686927983324e+00
nan	-6.735397385495649480e-01	-3.394526695659518811e-01	3.483639821188506680e-01
nan	-1.061103681892610284e+00	-1.534953985743845672e+00	-1.874985487315850574e-01
nan	-1.008285286518811885e+00	-4.954610983516880562e-01	-1.604863976023072736e+00
nan	-1.540723257265097290e+00	6.514413506090083184e-02	2.780494511285276360e-01
nan	2.655189959187067017e-01	-6.816514369007322660e-01	-5.417418817740597969e-01
nan	-8.850813306091247501e-01	8.213787157633861691e-01	8.071353831454559646e-01
nan	-1.958000506749592251e+00	4.489135525422749962e-01	3.781411409292940728e-01
nan	-1.406177464970711943e+00	1.507502241022546929e+00	1.258987024172931513e+00
nan	2.032724310565289905e+00	1.072748820242710732e-01	2.998062504507432724e+00
nan	-1.888915586411255010e-01	1.856141361549745072e+00	-3.571049165499917688e-01
nan	-3.394349754997164625e-01	2.075359901283994724e+00	-7.709997181081832407e-01
nan	-9.377524355162208947e-01	1.948332934587562182e+00	1.183669532249426171e-01
nan	2.241401346437112974e+00	1.398716590064085774e-01	1.931201267009058586e+00
nan	5.059655337047426205e-01	7.572420285325975886e-01	-3.402972337391483304e-01
nan	8.454139003749179260e-01	-9.096647241194193434e-01	-3.942859124379273217e-01
nan	8.402244159343486007e-01	2.250659048851598953e+00	4.801706472986792540e-01
nan	-4.277626276911346004e-01	3.925607474646317652e-01	1.189256563813260836e+00
nan	2.379185527254904287e+00	8.572967203512584788e-01	-2.825004303067886191e-01
nan	1.216307084280876971e+00	1.167637672817115835e+00	-9.392698423569897370e-01
nan	-5.741550163384114835e-01	1.537892610759785006e+00	1.517038031060399805e-01
nan	9.830575991467640495e-01	-1.737365367398630900e+00	1.672284605531101143e+00
nan	-6.589851351385119793e-01	1.312374898006531510e+00	-2.214043036643041640e-02
nan	1.806675581185560875e-01	5.669743012721104591e-01	-1.894750566260337554e-01
nan	-1.494806314225523847e-01	5.126658964413156605e-01	-1.286908167471355391e+00
nan	3.978449027866787224e-01	7.529462092329495260e-01	-3.681015056555447806e-02
nan	-7.230702505689394766e-01	-5.804264644789051131e-01	-1.036813330655733223e+00
nan	5.110350368444495084e-01	5.912835969158586336e-01	-3.183449435270840899e-02
nan	-5.536933807906740945e-01	-3.423551154917890416e-01	2.700120197054367566e-01
nan	1.695889247223009155e-02	1.135989498423134458e-02	-5.129313013242245978e-01
nan	-1.800468799432683786e+00	1.106462833781860056e+00	1.550609959896952716e+00
nan	2.070783868940674066e-01	1.194183682311988071e-01	1.964015789689277369e-01
nan	3.174704232650054636e-01	6.643446570564579545e-01	-2.041958912490385192e+00
nan	1.196875585943258935e-01	1.106795999076287673e+00	1.788479748565092176e-01
nan	-1.046489286364660654e+00	1.230334298498922063e+00	-4.492240703163858373e-01
nan	9.652955363689310619e-01	8.756911423617932400e-01	4.744472897620257701e-01
nan	-8.613932013931380194e-01	6.718623446889708806e-01	-3.228412018106930903e-01
