nan	-4.314157310109485999e-01	-1.293344231038256353e+00	1.278272384701649944e+00
nan	8.304432197373324831e-01	-6.331659912131103463e-01	1.373265640112455666e+00
nan	-4.915696496901559853e-01	4.478875407008117149e-01	1.829254780244327083e-02
nan	3.272649442911582801e-02	3.990683322413917655e-01	3.130356476236213492e-01
nan	8.887637108123616070e-01	-1.160869855869434586e+00	-1.456679016882927113e+00
nan	-1.031507698355933922e+00	7.913712593689871122e-01	-1.631923557620647669e+00
nan	6.963989591674958346e-01	4.544597770229008571e-01	5.523768537038531434e-01
nan	4.447358642135043061e-01	-1.270493303404732099e+00	-9.347421458033361441e-01
nan	-9.932569482826664187e-01	4.442720893338508725e-02	-7.550072088762849187e-02
nan	5.781995955574753543e-02	-6.253563247261377800e-01	-3.216036676238060998e-01
nan	-4.576339254736474516e-01	-4.085286153114447982e-01	2.674614200150651211e-01
nan	-1.624503209677990556e+00	-2.261049313864528787e-01	-1.659511148813889447e-01
nan	-5.019771670332726643e-01	-2.444549652279929819e-01	5.227658493940274820e-01
nan	1.423720537231481231e-01	1.301362835464569434e+00	2.285037269449056163e-01
nan	2.779159241900904798e-01	9.136249340498465710e-01	5.254529340706209917e-01
nan	2.314611347058341262e-01	9.131948424597150504e-01	3.463963611277665056e-02
nan	6.638466960488655921e-01	7.626115415595081659e-01	8.964101723570447877e-01
nan	1.798573616363949579e-01	1.299671705751992867e+00	-4.677120857634836648e-02
nan	-7.441483316143531201e-01	-1.015632798847433182e+00	1.000261729856559700e+00
nan	8.661544103272987849e-01	1.512269153163098290e-01	-1.226362712398205490e+00
nan	-1.180720727326221575e-01	8.487373684046262134e-01	7.721358484357265795e-01
nan	8.998951041721501287e-01	-9.891182192848706478e-01	-1.219502673532171233e+00
nan	2.481712493054851532e+00	1.300334302549954524e+00	4.699765874228071239e-01
nan	2.774906383812864030e-01	1.821720928605387924e+00	5.516666637038702969e-01
nan	4.731335196453785308e-01	-2.456653889000637303e-02	2.043635852927280228e-01
nan	9.404183842129973936e-01	5.467225677399711881e-01	4.391877915661107079e-01
nan	-1.495838812325236966e-01	1.927120507470786226e+00	1.341033076063599117e+00
nan	-1.723699638887175034e-01	1.281480704816427618e+00	3.666706507135290005e-01
nan	-7.422215583063980215e-01	7.546565128473795570e-01	-1.817635426870637838e+00
nan	-5.702225056748417842e-01	7.516961889744488978e-01	4.665689359110253842e-01
nan	-1.603003295091581126e+00	-8.595119968308459479e-02	3.836189252259794569e-01
nan	2.570138436262536796e-02	-1.018868801567116567e+00	7.730219021673920832e-01
nan	4.821007856229806987e-01	4.666736086186333288e-01	3.710052369891555513e-01
nan	-1.002518933399722423e+00	-1.963983986570158602e-01	1.141767595777250177e+00
nan	1.164020713687624609e-02	-9.689136119403189973e-01	-8.345202488148761866e-02
nan	-2.386171755310639853e+00	-1.950168705063715979e+00	3.035768051947427826e-01
nan	-7.105545805237738488e-01	-2.883645795862713967e+00	-5.312458922639458070e-01
nan	-8.329372508579655499e-01	-2.021853363830979688e+00	-3.403501405258405388e+00
nan	-8.081839411675340035e-02	-2.771918953005744202e-01	-1.066053844011528806e+00
nan	2.031462197352992827e-01	7.075503753552746522e-01	-1.060111521135540080e+00
nan	-6.709437610325093004e-01	1.139996590122998033e+00	-1.086092865026694998e+00
nan	-1.064646354603861367e+00	-1.693137817057265571e-01	7.854643405966217351e-01
nan	1.283548685529560363e+00	-1.298046916150287444e+00	1.972526677504074510e-01
nan	-5.880734074597843142e-01	-1.956785393367998838e+00	2.452480302929477274e-02
nan	-2.340323934592762889e-01	-6.155691355319783398e-01	-3.070075068856758516e-01
nan	-1.237502156377156881e+00	-1.114094876698288994e+00	-1.871599244549248420e+00
nan	-1.391164929262452832e-01	-2.029995164115029338e-01	-1.313794327406400342e+00
nan	1.352874101879107949e+00	1.583886978544315483e-01	3.691426370221018161e-03
nan	1.694271964652964035e+00	-2.021459620819817116e-01	-9.391825832496418780e-01
nan	8.805088025737439761e-02	2.665411294395177322e+00	3.200805021093748870e-01
nan	1.124783243114915399e+00	1.283726136591358813e+00	7.741918297449659203e-01
nan	5.984624715087990543e-01	-5.851128405561640822e-01	5.475030766717313702e-01
nan	1.532782059401950336e+00	-9.932443993424715512e-01	-7.614912969236847795e-01
nan	-1.002689526815564447e-02	5.102164196081566683e-01	-1.138550995351870654e+00
nan	1.390243935641769735e+00	9.171455373846650883e-01	-9.661745750948491640e-01
nan	1.026421904000354823e+00	-4.793409047077836771e-01	-9.726340210246608997e-01
nan	2.342567539481550110e-01	-7.291171424694770087e-01	6.770458670624507347e-02
nan	8.760967351038960738e-01	-6.011678387430016146e-01	-1.511092945220518791e-01
nan	-1.315553407032888256e+00	1.490518984563867333e+00	5.794212048438116547e-01
nan	-1.907610601358397329e+00	3.415561510052429056e-02	1.361123742115554869e+00
nan	1.092636478890459673e+00	-1.318877095630055063e+00	5.044871349582726872e-01
nan	1.139121379806397050e+00	-6.940563808391925216e-02	1.009989001547787701e+00
nan	-7.573694883844291903e-01	5.613148205905326149e-01	2.498839674993481863e-01
nan	4.046335521307796168e-01	7.544465995179778783e-01	-5.154171718896527477e-02
nan	9.855195074462754778e-01	4.756657836689252017e-01	1.192695819615951169e+00
nan	-5.914731256178524799e-01	2.178919853799247353e+00	-9.487568424488368457e-02
nan	6.362895302678802656e-01	2.104492330366841690e-01	1.236467758201073686e+00
nan	-4.973501562237425677e-02	-1.407536967249326310e+00	8.804525473877973241e-01
nan	-3.026757483207239696e-01	1.127672646506264975e+00	1.108288058314381985e-01
nan	9.633564750642910068e-01	-9.665031768761862541e-01	3.415203918270234840e-01
nan	1.936290931790846548e+00	-5.149062267111618185e-01	-1.031068007256412677e+00
nan	1.154400945651003818e+00	-6.358109288199917941e-01	-1.392998182936671547e+00
nan	-5.331405907998693072e-01	5.817831644154342063e-01	-7.455627357637238939e-01
nan	-2.255289302061143364e-01	-2.615755068674034400e-01	3.580928434208386912e-01
nan	-5.616686141368334440e-01	-9.578716552863235645e-01	-1.662142396420364099e+00
nan	2.944667359075243129e-01	7.900110341734394304e-01	2.090593180035885679e-01
nan	2.335223256284366111e-01	1.668586642919810126e-01	-5.023413677375259123e-01
nan	-1.929228821605792232e+00	5.607877492443178458e-01	4.306109145028726437e-01
nan	5.283378558855880147e-01	-1.412222001436656882e+00	1.761384003577588730e+00
nan	-1.220289866752650720e+00	-8.143136201140538377e-01	9.299127318486190008e-01
nan	3.497164218039907624e-01	6.210715838427923741e-01	-6.993168277011193590e-01
nan	1.193799675425633033e+00	-7.437147602685878489e-03	-6.424932557940377098e-01
nan	3.145462487363705484e-01	-2.378572925184515019e-01	4.822955091546732298e-01
nan	2.394593352785187701e+00	-7.690305993442402288e-01	1.076727184344473232e+00
nan	3.804106872004346940e-01	1.744272674700768855e+00	4.043235879680313616e-01
nan	5.028227884809113313e-01	-5.213397343961958530e-01	1.175046620159042821e+00
nan	-3.142447284737692192e-01	2.325802575672451522e-01	-3.140742821194870693e-01
nan	-9.277509247475336507e-02	-1.140336942726470681e+00	-1.424125494088573085e-01
nan	2.976591762306575184e-01	-8.391236896904490372e-01	9.649348325102136137e-01
nan	1.466607302804602053e+00	4.843935667024406033e-01	-1.566396098376267920e+00
nan	8.298915249728761045e-01	-2.397910923778914238e-01	-1.003207427856696032e+00
nan	1.532196887339254410e-02	-5.569330717710073708e-01	3.808165442179600735e-03
nan	-1.976764521858092927e+00	1.830088374120308892e-02	7.747811129171187083e-01
nan	-6.033458539980528501e-01	-3.064156665025600801e-01	7.742523121255431295e-01
nan	-2.560293436501070996e-02	8.323246721115418190e-02	-9.959092603433510327e-01
nan	-4.107656044085380986e-01	1.186001402993590803e+00	-1.721347521173755002e-02
nan	-4.726282079200733177e-01	7.376118120084325103e-01	2.244385881373622826e-01
nan	6.687774694075543369e-01	1.148551467939414650e+00	1.018034055743000321e+00
nan	7.344421563668791508e-01	-1.190166896163516785e+00	5.757212031238507777e-01
nan	2.360940732833225475e-01	-9.766606706285680950e-01	1.192867557773635623e+00
nan	3.131814815597793178e-01	-2.126943905745249941e-01	1.339022928401217616e+00
nan	-2.455420400176508075e-02	-4.332431286545506133e-01	1.114844008206042458e+00
nan	6.557208019888003392e-01	-7.214096089853468952e-01	6.535013446430486539e-01
nan	-1.158405575126258080e+00	9.671092319872617304e-01	-1.525373919507597931e+00
nan	1.297181308080276541e+00	-2.102699338245217930e+00	-1.203692772604528116e+00
nan	3.590911154668377514e-01	-1.482690505046122764e+00	-9.762230289070350508e-02
nan	-1.235806552242855183e+00	2.321413644213318417e+00	-8.422552242089634822e-01
nan	1.106154778403206196e+00	4.896124117519510821e-01	1.420306536281563448e+00
nan	-5.196045949583838475e-01	-3.140305733283009215e-01	-1.366837481885846195e+00
nan	-3.718965479090664550e-01	4.456596698770575737e-01	-1.040040022168563283e+00
nan	1.125758492932401378e+00	4.944340804982662041e-01	-1.246648096824746199e+00
nan	1.092534535900477444e+00	-1.188865549225726959e+00	5.404630363633275425e-02
nan	1.017534622002501943e-01	-1.696958896550033291e+00	8.046209974013491806e-01
nan	-1.119993063218428730e+00	1.116500539887812726e+00	-1.316138751371620508e+00
nan	1.122002135700479020e+00	1.616188436092307057e-01	2.450779282207291132e+00
nan	5.842148267186658694e-02	1.165102425282000809e+00	-1.003136950425358220e+00
nan	3.541422028898982832e-01	-3.291176938938260577e-01	-1.425727294716004234e+00
nan	-9.555437579780976520e-01	-1.525903565085398261e+00	-1.464197248193300771e-01
nan	-1.783964481535034619e+00	-3.315024190661364223e+00	-1.869217731627562107e-01
nan	-9.197714897939868184e-01	-6.310384934958629399e-01	-7.049367226824332366e-01
nan	-7.398935055167645825e-01	-2.404649209267430698e-01	-5.163041598553254063e-01
nan	1.030236243958745579e+00	-1.690044409654230251e-01	-1.755944720085091948e+00
nan	4.827304833861414401e-01	-6.073210179820878185e-01	-1.737631828210780327e+00
nan	-1.090447725261687983e+00	6.413932149038381603e-01	-1.058097780966630541e+00
nan	-6.865763933603219460e-01	4.139308961633703654e-01	-1.094947772854214518e-01
nan	8.134180106798175602e-01	5.949319223418764180e-01	2.373945813130769467e-01
nan	-7.052016015569917418e-02	1.009303035087400158e+00	1.260104124000388959e+00
nan	1.699474921928696869e+00	-1.934112816204019425e-01	2.620857987793584476e-01
nan	3.409963327627260621e-01	1.574608194693651875e+00	1.828467689748178415e+00
nan	-2.652850533900498187e-01	7.381437055090322996e-01	-3.759375236500226425e-01
nan	-1.871793454692741276e+00	-2.756226558233926260e-01	-9.605709623615417136e-01
nan	-1.461517750464957910e-02	8.825909853426894269e-02	2.083162725005507365e-01
nan	-7.522823030829276503e-01	9.993104790935457560e-01	8.091295963025008087e-01
nan	9.377764444637245456e-01	9.757478858672370692e-02	-6.681979730629576952e-01
nan	3.775205167053362620e-01	1.070044840637047745e+00	-6.588804267629629896e-01
nan	-4.690886361845863495e-01	2.165328787007052835e-01	-5.627924989447899429e-02
nan	-4.139886332265936275e-01	2.256030523895206918e-02	8.570673636375875093e-01
nan	-1.369782691554670695e+00	-2.412994774734981140e-01	1.409061345665884257e+00
nan	-1.585388023113936562e+00	-2.398156644185378106e+00	-5.695756043375312938e-01
nan	-1.983360872726962487e+00	-2.173923547099068987e+00	-1.401915489447884244e+00
nan	-1.669274856563567333e+00	-1.061714067370064463e+00	-2.424845228395895447e+00
nan	-1.232076518902391005e+00	-9.967779260418153653e-01	-1.154688175998653143e+00
nan	-3.138143565550253755e-01	-7.368418014427846607e-01	-1.951197568931004822e+00
nan	3.227035961978192424e-01	-2.713408923979309106e-01	-1.015461495068382680e-01
nan	6.427490074071983139e-01	-3.284518970632178125e-01	1.762226488933462676e+00
nan	-8.556827898680553768e-02	-6.318337333611193651e-01	8.218430326260064422e-01
nan	6.972897908253694599e-02	2.418769232317534157e-01	-4.440662416699882042e-01
nan	-1.824427950338046722e+00	-2.057160538432798447e+00	-2.417693014061435830e-01
nan	-3.185673589792295424e+00	-1.439919818031795806e+00	-4.404469037818311561e-01
nan	-1.536980637084657486e+00	-1.437148840358725144e+00	-1.405067907369324631e+00
nan	-1.897982718810173886e-01	5.392109077899764902e-02	-5.943574844974168769e-01
nan	-6.509225858333080872e-01	2.352842147759905828e-02	4.766363098559524558e-01
nan	1.448911957293365749e+00	-1.139616755739409071e-01	-2.873757482889893189e-01
nan	1.420979568213951438e+00	3.901437999859064809e-01	3.029830191192446898e-01
nan	6.384823310915183070e-01	-1.400755258791376523e+00	-1.169169443675224906e+00
nan	-7.341418664800872240e-02	1.212981189743792765e+00	4.280901711677812527e-01
nan	-8.980149502024276087e-02	1.737597746861438142e-01	5.775410179226104779e-01
nan	-1.412106710666925613e+00	5.699673751100127195e-01	-2.712118285561188058e-01
nan	-4.080910485196787008e-01	-9.770486067179998679e-01	1.109819773812022570e+00
nan	-3.592700273848975501e-01	6.988687334328207434e-01	2.244764983057078833e+00
nan	-2.207707642705075468e+00	5.130661617567119359e-01	1.046201615788942441e+00
nan	-6.269832125332790440e-01	-8.197872281685301132e-01	-9.052099208599462266e-01
nan	1.286916091662956063e+00	-4.988765828035437444e-01	-7.714754860482764265e-01
nan	-8.152367164039797665e-02	1.092643109744701801e+00	1.769645690108048730e-01
nan	-1.313240669956482032e+00	1.286113320279549666e-01	2.554248912811548866e+00
nan	4.725476405376711764e-01	1.446166656974499087e+00	9.488748064609008326e-01
nan	1.136845422799778405e+00	-9.175968753996333049e-01	1.846231329121008624e-01
nan	-4.949520284782722990e-01	5.218461973784229713e-01	-1.069495319694161894e+00
nan	5.598950587378568322e-01	-3.062277163564265381e-01	-1.085646556308069055e+00
nan	2.220170172156419597e-01	1.482616982528458749e+00	-7.725913407938292954e-01
nan	1.536145617265141983e+00	2.500110564685019909e+00	9.829090683940372442e-01
nan	1.010314363432018414e+00	1.068853348056507446e+00	3.186261409674399081e-01
nan	-6.083157791969850958e-02	9.317757095219001418e-01	-1.545630810809944577e+00
nan	-1.456555915353624497e-01	2.020432149932848698e-01	-2.107709948727543914e+00
nan	-6.682199172546861021e-01	2.026044231003305107e+00	8.072331301962668570e-01
nan	9.038780110920427990e-01	-8.763388921925491237e-02	-4.817397006994282860e-01
nan	2.228195054991310986e+00	1.586777774007681607e+00	-7.212686024944092722e-01
nan	-1.409518825325509317e+00	5.059350806812054069e-01	-5.598160438515146220e-01
nan	5.149982035519047319e-01	-5.804303872364978689e-01	2.952556875996663055e-01
nan	1.640625654738234740e+00	-6.863784914935348869e-02	-1.916276292325281849e+00
nan	1.326621490109592294e+00	-4.600625991659322289e-01	-1.767269080874442011e+00
nan	-3.635553985786245668e-01	8.916155152385298877e-01	1.016475254255019944e+00
nan	1.853485604907975648e-02	-4.951786265210227356e-01	2.617358500623091278e+00
nan	1.027026024579289709e+00	3.105070739229212062e-01	5.991406631774106595e-01
nan	1.681368660238679258e+00	1.039538122169037404e+00	6.281091938312101108e-01
nan	1.440086826983048018e-01	8.514958885642425201e-01	1.373945059329120477e+00
nan	-1.168415266226168869e+00	-1.959528579454415387e-01	3.469123435210350159e+00
nan	4.667060135720878522e-01	-1.005919327014644926e+00	9.792297380690871966e-01
nan	5.169090089256618281e-01	4.578219973193875525e-02	3.321143884041643374e-02
nan	-7.222438609723819125e-01	1.750139789348518660e+00	-1.324876204194439300e+00
nan	9.547733415882651009e-01	-1.352687869486969507e+00	7.574126657927898743e-01
nan	3.693000854034911296e-02	-4.255612707380171944e-01	-1.384971267514144566e+00
nan	-6.297279925192901251e-01	-5.346588621958483500e-01	1.392671603631558286e+00
nan	-1.898416924284990870e+00	-1.981118507767746006e+00	1.122985100972480499e+00
nan	-1.705252423356145464e+00	-9.870831216323414647e-01	1.170181758385663073e+00
nan	-1.210501846495493083e-01	-1.755445049792490497e+00	-4.936338994469223751e-01
nan	3.102405309494399299e-01	4.271931149182328635e-02	-1.080566786831877124e+00
nan	1.806275197886102468e-01	-7.059548871361760458e-01	-1.199434118480148692e+00
nan	3.302124106111567481e-01	-9.561143819501818353e-01	-5.037514130153022407e-01
nan	-1.061049663637024354e+00	2.813827484730161421e-01	3.675014676116044043e-01
nan	3.199458463324307278e-01	-1.074513425641385078e+00	3.851727290628484957e-01
nan	1.258451955795905297e+00	3.386062127793727505e-01	6.141365082866286906e-01
nan	2.168106734308762884e-01	2.369068785068252636e-01	1.789849088384436016e+00
nan	-2.164702150495659005e-01	6.358305826477924638e-01	1.371405524684978783e+00
nan	-3.573508687543597295e-02	-5.543386285993763263e-01	-1.094214406607290746e+00
nan	1.117564674474676722e-01	6.455196289667307630e-01	-4.992562827113931623e-01
nan	1.863345576410305071e+00	1.971582281044206963e+00	1.250747605254440842e-01
nan	1.933081447119374907e+00	1.100873236056228111e+00	1.574184384708478657e+00
nan	1.226477748300879078e+00	2.232558556285539897e+00	2.022546900059249531e+00
nan	-9.304109986335045157e-01	9.434558397981581690e-01	4.045381113364797443e+00
nan	1.960295703289348934e-01	-1.318414138842783634e-01	8.629388317360493499e-01
nan	-2.305015977134845961e+00	1.362030779236659939e+00	-6.800404516323337312e-01
nan	-9.766932451690888417e-01	-1.004914296830811404e-01	-1.259443766062806391e+00
nan	1.165927851339782606e+00	-1.142665556379904412e+00	1.141658887510352383e+00
nan	2.610550156335816330e-01	-1.263899123895492194e-01	4.135426763454260746e-01
nan	-5.485373943465590152e-01	1.500349221670891076e-01	4.400306979155388376e-01
nan	7.355201211786501769e-01	-1.669360093902435282e-01	-7.507799141198964743e-02
nan	-1.459470431773606247e+00	-2.006467902902432932e-01	-4.530546815111007874e-01
nan	1.615856879256544198e-02	3.346126555663215263e-01	1.965358085631874419e+00
nan	9.165369400367866515e-01	1.272576123265039660e+00	-1.727144924303651852e-01
nan	7.261632449295652991e-01	1.486077727836103257e+00	-5.376661191765985670e-01
nan	1.600253073929768677e+00	1.036244415781466310e+00	-1.431126594650304895e-01
nan	1.052593909520837867e+00	1.612511407742835523e+00	1.503851806074562258e+00
nan	6.499704302269085909e-01	2.636794772714941892e+00	1.330516303828714220e+00
nan	1.556244764176843098e+00	9.709270810642275373e-01	1.638940711827451047e+00
nan	4.053394245205328428e-01	-2.442983087587414781e-01	2.674560626557853649e-01
nan	2.081955670421269389e+00	-2.501149471346877928e-01	1.515007915446552778e+00
nan	1.811742184267050693e+00	1.280268242574412185e-01	-9.911686243927948503e-01
nan	2.018555217012430347e+00	2.889545983216389669e+00	6.874969453005324027e-01
nan	-7.357206116182439803e-01	3.513005301051068230e+00	1.292790189720818272e+00
nan	1.313696513781587472e+00	-2.437539979480534136e-01	9.875955469242672091e-01
nan	2.074166384396229912e-01	-2.880654148757151312e-01	4.190762566976307113e-01
nan	1.662463699197733957e+00	2.831171798435687115e-01	3.775164081410115613e-01
nan	9.832974208212279521e-01	-7.017673520383671537e-02	2.854800748464126903e-01
nan	-4.555170984982233051e-01	3.627849566774852819e-01	-6.214758738155935491e-01
nan	-7.652633196734154319e-01	1.899545372227872786e+00	-4.085656509879102005e-01
nan	2.589574688173694739e+00	-8.849527083188376553e-01	-5.105057113425088833e-01
nan	-4.826615346187923539e-01	1.398867565814400749e+00	-1.835246535416744429e+00
nan	6.893548394410471403e-01	-1.159708120059527725e-01	-1.876621533283767462e+00
nan	7.064474425331817020e-01	9.452390990299511797e-01	-6.880557152185672320e-01
nan	1.068204574270845697e+00	1.005728973018706895e+00	4.744894555569420524e-01
nan	9.405957471401341641e-01	-5.967946190269712847e-02	-1.047092691747723681e+00
nan	-1.585024460421120329e+00	-9.393832580939143195e-01	-9.914582482978220312e-01
nan	-8.530514219747220572e-01	-3.216622038300179787e-01	-1.314327137320278283e+00
nan	-6.587472973859236358e-01	-6.862486503689456674e-01	-6.131179409005279579e-01
nan	-1.143465063523490532e-01	2.005238863329588117e-01	-1.533482860847392715e+00
nan	-1.678766490566870329e-01	-7.283455524553769656e-02	-8.451737900402493953e-01
nan	2.515239962283841724e-01	5.070300751640575976e-02	-4.501281448634150140e-01
nan	4.180762572439045144e-03	8.665401869678658331e-01	3.612879715684695903e-01
nan	-1.349308628271336019e+00	-2.386895731886511385e-01	-8.176693350714213659e-01
nan	-3.062437717370903645e+00	4.436924861143798915e-01	1.425621939473817434e+00
nan	-6.524119270996145969e-01	-4.206622837369257684e-01	8.666462952406183140e-01
nan	-1.105853898368449384e+00	-9.832720886450763143e-02	4.153830326861874811e-01
nan	-1.345566526100062443e+00	6.203561803212909176e-03	-7.980622884682853080e-02
nan	-1.130143696365592643e+00	-2.401651702100833230e+00	4.535908012366808850e-01
nan	-2.375577047021516286e+00	-8.061732645414358966e-01	-2.385033130656563749e+00
nan	-2.039465462167131538e+00	-2.023468888961207135e+00	5.279865591332305597e-01
nan	-2.087968043912546978e+00	-1.708065211845281040e+00	-6.963543750660315945e-01
nan	-1.267467158411449857e+00	-2.134657948092560265e+00	-1.931503423804280972e+00
nan	-2.716811399841356334e+00	-2.261977259256809925e-01	-9.284878965910614568e-01
nan	-3.885087015528542742e-01	5.015470326041004956e-02	1.916305430162638990e+00
nan	-2.189234333520302112e-01	-9.027837398475258013e-01	8.118510181243023816e-01
nan	1.060958693834702649e+00	-8.948116920211091063e-01	-1.361210201932587127e+00
nan	1.023483274400795173e-01	1.065284040945489785e+00	-4.205531339896416143e-01
nan	5.497683050984302211e-01	-4.707522015822790951e-01	1.179434382114838531e+00
nan	-1.540111611007891346e-01	1.279232525246626562e+00	-5.465021429152446819e-01
nan	-1.029452920712568664e+00	4.568482093303030123e-01	3.121945289740810092e-02
nan	-4.376636782979462792e-01	8.611292088257572752e-01	-1.858539717310348616e+00
nan	2.851107240972934331e-01	7.444135321686131679e-01	-1.404875452686744186e+00
nan	7.207301134977599499e-01	7.929420131964233232e-01	1.429244571356012683e+00
nan	-5.501173076630594405e-01	1.051620686157888729e+00	6.254081284428272269e-01
nan	1.194104399652906601e+00	1.891310311113772458e-02	1.242321985884013769e+00
nan	8.611861221005712164e-02	2.022448646598197231e-01	1.960299757472571347e+00
nan	-1.203470835544784567e-01	-2.882350551273767936e-01	-1.276690538470999225e+00
nan	-9.299832901625199044e-01	-4.489409994776570878e-01	5.884457077283359316e-01
nan	-1.507633888061776339e+00	5.216774091605742569e-01	6.392093736060960874e-01
nan	3.750319852958551303e-01	5.024049669412752328e-01	9.417144918942355059e-03
nan	-3.593311104379924292e-01	3.121294935928968783e-01	3.971838779385983842e-01
nan	-2.472118741114122942e-01	4.265345096978215636e-03	1.018084761223975621e+00
nan	7.067107557519669570e-01	-1.339215732349442467e+00	9.358614564212199838e-01
nan	-5.285507010305362519e-03	9.318633995020667582e-01	2.978916792374526890e-01
nan	4.444617638370643720e-01	6.043920730322202006e-01	1.687935827512237807e+00
nan	-6.783364352883917148e-01	9.842798590367273226e-01	7.909347372671602372e-01
nan	-1.700344923581001422e-02	4.565426681654787266e-01	-6.238343502864054368e-01
nan	-4.016174905723420840e-01	1.809996127086482165e+00	2.846084632788077884e-01
nan	2.343763578951512105e-01	1.337103995103294807e+00	1.123195301788451728e+00
nan	1.062145950349879353e+00	-1.103981733433907708e+00	8.868328011237301967e-01
nan	1.563709321597175628e-01	-2.474737955323604410e+00	7.759014127201149247e-01
nan	-3.501679021471612030e-01	-1.480173357769277942e+00	-2.154955417995462863e+00
nan	-3.092987602541896752e-01	-1.384022054138426494e+00	-1.083732220181349737e+00
nan	2.754627867955941056e-01	-3.020358394465382235e-01	-7.129153242986049355e-01
nan	4.323572148848146834e-02	-6.148317015400968089e-01	9.938226479955067916e-01
nan	-1.156645863232161675e+00	-3.434046289551972997e-01	-4.478741423461189419e-01
nan	-3.125536678949104585e-01	-1.420546618859277022e+00	-1.516521032951725356e-01
nan	-6.928588461777445140e-01	-7.992724467746041839e-01	1.643544833986758658e-01
nan	-7.828189478792659806e-01	-1.293873439961886307e+00	2.774185864815339464e-01
nan	-1.148268514736960899e+00	-2.979629781558965074e-01	3.024356469292545091e-01
nan	-2.331992712731557837e+00	-1.557959721191255476e+00	5.127990979728912491e-01
nan	9.844445222670370477e-01	-7.625590417129768372e-01	-5.873249485656223401e-01
nan	3.921449867319124483e-01	4.085301975306299127e-01	3.204670118740395313e-01
nan	2.303406345900770869e-01	1.878901171965120520e+00	4.723009116895765525e-01
nan	5.017244696373894808e-01	1.347844030422002515e+00	1.713475234076291986e+00
nan	6.944964603336822861e-03	1.146751844729114733e-01	8.221793847838685387e-01
nan	1.031083545673290303e+00	1.298723352168134615e-01	-3.440336437962777105e-01
nan	-4.244808791366922462e-01	3.941542808264215103e-01	1.217266776004210849e+00
nan	-2.461893505053585340e-01	-1.376272605008920902e+00	-1.445510990208637603e+00
nan	2.537473314387948431e+00	1.156255340033033541e+00	-7.346593061313655415e-01
nan	1.920465502171843752e+00	5.645332501605909714e-01	-6.155195411359737356e-02
nan	1.900851003171659892e+00	3.693272995203590314e-01	-2.021782092460796820e-01
nan	1.397267447764465986e+00	-5.765239766261782695e-01	1.241333956824213880e+00
nan	4.178549514821962019e-01	2.236735005004835575e+00	1.472854267751330326e+00
nan	8.014961946501752976e-01	1.787687901446676442e+00	1.986578532775104211e+00
nan	2.340658967521590750e+00	1.041936389819159814e+00	-6.028615981979541516e-01
nan	1.179979641189118800e+00	5.068550655076170530e-01	-2.210480299955669192e+00
nan	1.059280196596401158e+00	2.459764280445876583e+00	-1.220815151717272506e+00
nan	9.912331215281995345e-01	-2.108184758129607594e-01	2.722374933963769283e-01
nan	6.754475097957078900e-01	-5.713918288450220428e-01	-2.959794307739918029e-01
nan	5.728719141306002349e-01	-5.105787196163259767e-03	1.967046896851953885e-03
nan	-7.123366944974112158e-01	7.433508326003022137e-01	-4.596912458374235143e-03
nan	-1.528909244552780766e+00	1.846441043116291425e-01	-2.050484305417724418e+00
nan	7.397593769071898473e-01	-5.089019663201977961e-01	1.422460891409882411e-01
nan	-5.729189711005132635e-01	-1.161332404728371070e+00	1.400347085127487512e+00
nan	-7.610987960553338150e-01	1.776968118591034873e+00	1.820394681345197108e-01
nan	-6.570012173359075502e-01	-3.773939416168358152e-01	4.993895710558379220e-01
nan	4.250003461678192318e-01	-1.584729230179200421e+00	1.016091349659653309e+00
nan	-6.754901811190201499e-01	-1.611362537324858568e+00	2.326771160301838171e-02
nan	-1.837484762183620113e+00	-1.012320243387096808e+00	-9.888862041745696274e-01
nan	-1.467775903765591750e+00	-8.677455898277461888e-01	-5.028248104082710945e-01
nan	2.129169658596459236e-01	-1.432113049749424771e+00	-1.020373919219613956e+00
nan	-1.665247816622874355e+00	1.423362415760941690e+00	-3.526036336098012924e+00
nan	1.171315331132693593e+00	-8.242191510391141951e-03	-7.960381056256231602e-01
nan	6.472961319877720276e-01	2.275926741845162304e-01	-8.357207103471544496e-01
nan	4.330618358691822323e-01	3.465811187531919746e-02	2.537505802041425951e-02
nan	6.515676726615811098e-01	5.964759285099598962e-01	-3.121891108973093854e-01
nan	7.718604763631387033e-01	8.275092679545601460e-01	-6.256793961925743996e-01
nan	3.940177073194199853e-01	-5.224897981609604170e-01	3.136229249914333495e-01
nan	9.507071509350776273e-01	-1.405764947044023661e+00	1.118351966767874739e+00
nan	-7.219350973677870487e-01	9.384079957279722883e-02	1.859087737891208070e+00
nan	1.289207734982680487e+00	5.645025877590654773e-01	3.928320025959196604e-01
nan	1.544888522559211719e+00	-2.156242049749232947e-01	6.875269955015848033e-01
nan	-3.234378959191985259e-01	1.235218562666681397e+00	-3.968583474111097020e-01
nan	8.064703699162076855e-01	1.247943782735385643e+00	-1.170854845132810684e+00
nan	2.583446893338147698e-01	2.059276165381187074e+00	-1.586905438711068150e+00
nan	-8.052582348598354978e-01	1.614295302339052718e+00	-1.570071356653384986e-01
nan	6.956937326281307232e-01	5.435784806956629467e-01	1.418129736536411389e+00
nan	-4.497659049324205238e-01	-1.348004250052166952e+00	1.922407234653118246e+00
nan	3.173427484863911019e-01	-7.116392472169241756e-01	4.491122284207714754e-01
nan	1.369764397241006959e+00	-8.249203291410640571e-01	9.633623085307734257e-01
nan	9.016988038046596099e-01	-7.749058494085278581e-02	4.226700100468917531e-01
nan	-2.789614006581999206e+00	-6.840527417637892738e-01	-4.928888066482509100e-02
nan	-1.115964080116675250e+00	-8.424285181099706588e-01	3.369079513060596609e-02
nan	-7.294579645163596915e-01	-3.432791052994821346e-02	1.742983338034083951e-01
nan	1.243738556366025483e+00	-5.208510942267715604e-01	1.052674813564368872e+00
nan	1.629729803207124128e+00	2.559167145927195186e+00	1.949791515264231723e-01
nan	2.986969073122363039e-01	1.183908544258865936e+00	5.194084455233715092e-01
nan	1.071923535273817674e-01	-6.404038862087705342e-01	8.541919701651961017e-01
nan	4.233635188979613106e-01	-8.215161083167697997e-01	-1.748912204788809488e-01
nan	-3.419084163707962754e-01	6.863188616526776364e-01	-9.120999949339541057e-01
nan	1.549064057096555258e+00	8.410313053103926073e-01	-5.613020769911093444e-01
nan	1.325526547350859508e+00	-4.952036399697864466e-01	8.895729299181622807e-01
nan	2.301053016014337205e-02	-4.605632404649716016e-01	-1.404981047218331058e+00
nan	-3.494789535944994308e-01	1.428089998656980608e+00	-5.385924397877671632e-01
nan	6.172245485191312220e-01	4.324365969706341906e-01	6.300275453143561188e-02
nan	-1.195378734794492193e+00	1.130987672860496840e+00	5.546762769082370925e-02
nan	-1.644238564570983385e+00	-5.291614344423513083e-01	-1.204710626457089928e+00
nan	-2.063915227831668364e+00	-1.360086387853831624e-01	-3.024667987442502870e+00
nan	-4.663448890051495876e-01	-1.241683042650129298e+00	-6.310917138526557224e-01
nan	-7.247026181389075727e-01	-1.827157792257804392e+00	-1.247536302798749830e+00
nan	1.247041637124303826e+00	-1.141708043544932938e+00	6.945540566885946010e-01
nan	-5.513395989386504770e-01	4.599801837064823595e-02	2.442422593222182137e+00
nan	-1.685025577519936313e+00	-9.504666982248814733e-02	-1.831927291737884822e+00
nan	6.628262299045151185e-02	1.320009947705720332e-01	3.973139822888114292e-01
nan	-1.151802107116625395e-01	-9.215707192943997095e-01	-7.026946713591747384e-01
nan	6.047948538927168105e-01	3.861304466050825557e-01	-3.107768881535704075e-01
nan	-5.934002273037068953e-01	-3.588514830782399412e-01	9.211204705807579662e-01
nan	9.555329380341898160e-02	4.019419635839761584e-01	5.966263345030049514e-01
nan	-4.706825357872800319e-01	1.100533484788718541e-01	-7.504574403889924250e-01
nan	-3.499059328516428979e-01	-6.196948849347108101e-01	-4.285943019292318690e-01
nan	-4.660040672015509644e-01	-1.655624104005588570e+00	-4.681243781935322534e-01
nan	1.349001520261745579e-01	2.284124000837290946e-01	-3.285885279952423521e-01
nan	-1.100057488421330998e+00	-1.704594073216416650e+00	-2.070999775422405209e-02
nan	-4.465664504251474765e-01	-1.542941942046467396e+00	-1.133602208219832264e+00
nan	2.868611439010928077e+00	-1.091436156785412948e+00	4.579387923704979491e-01
nan	4.612167968668690055e-02	1.523036765072411924e+00	2.667832219698630380e-01
nan	-1.493385970548515074e+00	1.107688431034960619e+00	7.282788465950984502e-03
nan	-5.634144825768856446e-01	-1.909463911166717320e+00	-1.158107712457900895e+00
nan	-1.922704555420291506e+00	-1.087524359655308803e+00	-1.482906830917196217e+00
nan	-6.677618270768126418e-01	-1.098226040087934452e+00	-1.293417617612751203e+00
nan	-2.256584604833367091e+00	-5.341102087114969477e-01	-4.490381312779022083e-01
nan	-5.530161608982974153e-01	1.243831737628031675e-01	-2.470964318297729889e+00
nan	-1.724828518148444401e+00	-1.295509270929548817e+00	-1.687484003821537071e+00
nan	-1.329844047853163236e+00	-5.008587640351911396e-01	-2.276754657165279916e+00
nan	-5.240668985494505439e-01	-1.084570738213832763e+00	-1.135506276340296106e+00
nan	-5.522497709161385826e-01	1.043341828683449490e+00	-4.774012290950437887e-01
nan	2.734558398790541967e-01	-3.240587336703494303e-01	-1.573837417931460481e+00
nan	1.290741710668482201e+00	1.359146320575673750e+00	-1.155655798484362062e+00
nan	1.068896404269064959e+00	3.037895192661388855e+00	-4.068064720376833310e-01
nan	8.746525619717018252e-01	1.203152253859902876e+00	2.364523024476554269e+00
nan	8.409915332603226101e-01	1.360493117012756326e+00	7.207213400929821656e-01
nan	-5.242373733484374521e-01	2.147291883958424741e+00	3.649937182972413097e-01
nan	1.842394794134825098e-01	-1.311146827742961096e-01	-2.163716817043969121e-01
nan	-5.791403349253905208e-01	-4.618725003304266497e-01	-4.992633564127310630e-01
nan	5.545029265003437180e-02	-9.108512047389815125e-01	-1.332949045548500910e+00
nan	-1.370019091894090657e+00	-2.214750910727811273e-01	-1.531607963848024223e+00
nan	-2.000832777633281268e+00	9.698102793764734608e-01	-1.515082275251356858e+00
nan	-9.255539260694385373e-01	-5.415983827392178984e-01	-6.992773482608083402e-01
nan	2.207855101237161666e+00	-3.261610237757155417e-01	-8.108811713606725036e-01
nan	4.205018133705014094e-01	-6.790693779900892624e-01	-1.435554371405537433e+00
nan	-1.550477384169918205e+00	-2.319742110531355372e+00	-1.345404468603677017e+00
nan	-7.248732006806840600e-01	-3.817469274968300352e-01	-2.246431821565384013e+00
nan	-1.232740371179620098e+00	1.646698333064695818e+00	-5.657553598823625851e-01
nan	-3.614404675987421545e-01	-9.738312356847245166e-01	1.572409543971879931e+00
nan	-1.710067444131053938e+00	2.116037669087607598e-01	1.027959789971697235e+00
nan	-4.831855345922704270e-01	-2.136545955979036293e+00	5.137863785510475845e-01
nan	-4.244450607536593978e-01	-1.826619901116803835e+00	-5.967774798377492029e-01
nan	1.111933867325916925e+00	-2.167914842881013104e+00	-1.477898223635657704e+00
nan	8.035438599976352236e-01	-1.762778911640967561e+00	-1.948162235001427156e+00
nan	1.845524937073091398e-01	1.110640734515828010e+00	-3.741391601508518683e+00
nan	6.235251683736253714e-02	1.141526082410949439e+00	-9.083267130841888859e-01
nan	2.291477417015533646e+00	2.595795585834537622e+00	-6.138896349794134011e-01
nan	1.663452454986592333e+00	-1.047975133306945361e+00	1.220135527658380292e+00
nan	-1.629435893901070909e+00	9.581857151334390865e-01	-6.662326524138999506e-01
nan	-5.184363089288297477e-01	-1.240703741758452772e+00	-1.187874362390459737e+00
nan	-2.976049393880043081e-01	1.248013936001284518e+00	-1.320989768199382741e+00
nan	8.168335346535524066e-02	-3.629657254551136858e-01	-4.740557849834061699e-01
nan	-9.806275347154405075e-01	5.366950883831315133e-01	1.259924449573321281e+00
nan	1.150979961927617312e+00	8.365521895013705578e-01	1.857029506217489079e-01
nan	1.334501055829999672e+00	-6.928486487011764616e-02	-9.357294195634119349e-01
nan	-1.256438403213094857e-01	1.785017908136973530e-01	-6.488358906609408283e-01
nan	1.991695763478644521e+00	-6.044147338291636085e-02	-9.579405813387955604e-01
nan	5.493051618949967851e-01	1.374572174719061568e+00	-9.480406352842142281e-01
nan	1.985636532452288883e+00	2.506029051296924326e+00	1.532767973610913659e+00
nan	1.589381372963900141e+00	8.640114677781298713e-01	1.253229466430161310e+00
nan	3.098106017360486297e-01	-9.515278492481382688e-02	4.346899573373127490e-01
nan	-5.505936204216885788e-01	-4.161657401819872648e-01	1.769538985136225540e+00
nan	-7.407216504438898230e-01	6.856940849448931452e-01	9.236736662050010205e-01
nan	1.142511511196239171e+00	3.821494202986346900e-01	2.108764838473469627e+00
nan	1.724151075871855232e+00	2.549131282829098399e+00	2.453485621632661928e+00
nan	1.218280515948033216e+00	1.507362017212404703e+00	-2.165414908092020418e-01
nan	1.568353580842173134e+00	5.076298284101929958e-01	1.403591078450546759e+00
nan	8.278894577542641464e-01	2.054587787718500813e+00	5.400835786063912236e-01
nan	1.100861756534567526e+00	8.931480016678257083e-01	2.752164799545255391e+00
nan	1.161749606529867807e+00	3.811331192644644261e+00	1.331855248357450172e+00
nan	9.777898387277307313e-01	2.516695127883168404e+00	2.130317176669575652e+00
nan	7.988054492038487719e-01	1.512991475444180889e+00	3.179904510282843155e+00
nan	1.233985840356867314e+00	4.268160512376191207e-01	5.180749357632958851e-01
nan	1.660369984051261349e+00	-6.908427602131617107e-01	7.828688814763415937e-01
nan	1.119265755829444708e-01	4.580589336321695404e-01	-5.062657153347082106e-01
nan	-2.295965032341075740e-01	5.851838185479825150e-01	6.343177691758928871e-01
nan	3.578993447845179032e-01	3.684758066021524003e-01	-4.447116798849762853e-01
nan	-1.580698510005454027e+00	6.829706628361642551e-01	2.462583872500538451e+00
nan	4.435006001459645963e-02	7.147630893409322450e-01	-6.743771558291943302e-01
nan	3.764474782905127825e-02	-1.451118160842428395e+00	5.092024741746058458e-01
nan	-1.113584173587613080e+00	1.238845227635222646e+00	-1.877541991016642431e+00
nan	-6.878131975352315408e-03	-8.058495656055579826e-01	-1.306204902749853458e+00
nan	1.255585165199346320e-01	-7.591509898267131407e-01	-6.819328173473463428e-01
nan	8.667837402976680261e-01	2.520253444068257576e+00	7.407032229600432061e-01
nan	-1.180096843845390708e-02	6.300103368845051399e-01	-3.661210009976145763e-01
nan	-6.815881347112571209e-01	5.813147277747334751e-01	2.007806319409201290e+00
nan	-1.320641931670669122e-01	-1.279101590869789584e+00	4.941649190369679645e-01
nan	-1.927046042481481702e+00	7.451757516996082575e-02	2.665305620956047172e-01
nan	-1.953091920838052165e+00	-1.729982891099184794e+00	5.010179339457089265e-01
nan	-2.001516093502670568e+00	-4.552829917117865222e+00	-1.541300837108785071e+00
nan	-3.366564834852549204e+00	-3.911408468317882914e-01	5.390595613788828899e-02
nan	-1.091606344334774104e+00	-2.126837917110074638e+00	-1.352861840417931116e+00
nan	-2.485986608993655533e-01	-4.825915904112498822e-02	-1.861365989238562779e+00
nan	1.412202216915813935e+00	-1.188790274946564862e+00	2.001745511410670808e-01
nan	1.828645714672667344e+00	7.453377616424039509e-01	-2.143212050899885313e-01
nan	-1.715203983108071206e+00	2.722588647218639468e-01	-4.195133399554423770e-01
nan	-8.850013170199348966e-01	9.355488469725341538e-01	-5.252659051995204331e-01
nan	1.034495641743745198e+00	-2.237320297492192966e-01	-1.587223987022102767e+00
nan	-3.729741366304875627e-02	-1.578108028822238440e+00	-1.863661230689477311e+00
nan	-6.502207273358355799e-01	-2.184172700108952370e+00	-2.184801404546024450e+00
nan	-6.725503434606834308e-01	-1.475581269628452485e+00	-6.265835818530983703e-01
nan	-1.871348004614032945e+00	2.534372477509760913e-03	5.408028683105328138e-01
nan	-1.332865546602220563e+00	7.113204994746765708e-01	1.815442106591618476e-01
nan	-6.961525841572770990e-01	-1.552914655787219989e+00	2.289110600913965565e-01
nan	-1.495380300748545555e-01	4.274635469826704171e-01	-6.371570200183200861e-01
nan	1.023845465020925660e+00	1.306940487464403500e+00	1.310505513007651501e-01
nan	9.447106919460227514e-01	-1.219298370837084144e-01	1.175158499071422558e-01
nan	1.041806575469970131e+00	2.390979453871465432e-01	2.584790620382926729e+00
nan	5.814841729651186730e-01	8.553412059140945711e-01	1.375948071081062318e-01
nan	-7.724410982331255671e-01	-1.155123945398985885e-01	2.308661622140273373e-03
nan	7.971989214346303365e-02	-1.055159549438501043e-01	3.378629652852199738e-01
nan	-1.551134262279340259e+00	1.038939529543684070e+00	-7.690343848593808040e-01
nan	-2.073451751456298620e-01	7.953773085054568481e-01	-1.124055352754657289e+00
nan	2.167503299636049263e+00	1.803274367097895015e+00	8.752901254382985385e-01
nan	1.381070635671242997e+00	1.140777767514906893e+00	-4.847792012077491997e-01
nan	3.182213477777488642e+00	6.447243180006503316e-01	-4.226149013026958556e-01
nan	1.734698547825786807e+00	2.263770072088275853e+00	1.578376177461356722e+00
nan	1.391786150025621227e+00	8.673349837804864571e-01	1.856245264876398293e+00
nan	1.884539316856148172e+00	1.900224319288161823e-01	-6.610449380784155782e-02
nan	6.824022774704314731e-01	2.823649822747231752e+00	6.783373028582714848e-02
nan	2.572584474723028869e+00	1.190403769503835196e+00	8.203752912376078843e-01
nan	-3.740071694797750812e-01	2.657635564451605426e+00	2.471453459421527610e-01
nan	-1.457100131351768191e+00	-2.848104019358114192e-01	1.755785087548788592e+00
nan	-4.539146342816807733e-01	1.290459799838486799e+00	7.356583796502722539e-01
nan	1.737484390433447157e+00	-4.865331632336924450e-01	1.382306584706710861e+00
nan	1.389216358959102504e-01	3.479896087932629056e-01	1.548063758047941052e+00
nan	-4.832837583405075188e-01	2.439208658761657655e-01	2.521875202466995480e-01
nan	-8.889036679552972942e-01	1.081167516183870969e+00	2.454523368298382913e+00
nan	4.211768710701167540e-01	2.204723840211689989e+00	2.970547909499882788e+00
nan	5.967680333543528004e-01	-3.512246505578965339e-01	1.659523640319080506e-01
nan	4.188723083807766728e-02	5.560289929526955888e-01	5.304029918028773105e-01
nan	-4.720570279276637971e-01	-4.042458446685124329e-01	-1.915934428092319619e-01
nan	7.530922413483331912e-01	1.218899259151394743e+00	1.892091681606094811e-01
nan	6.458329221967511469e-01	1.873108636664523985e+00	1.937578673088099501e+00
nan	-1.173128473956980944e+00	1.483676012174249159e+00	-6.026217258890382844e-01
nan	1.107854869732506076e-01	5.047662239076491364e-01	-1.976336354954223440e-01
nan	5.606539958450272865e-01	5.601703112583142352e-02	7.350982364164072858e-02
nan	-1.969396980246073792e+00	-2.701182909883440564e-01	9.632623135407746284e-01
nan	-4.169257734308002283e-01	-5.584929166402078371e-01	7.453425527228682013e-01
nan	-1.999055815821433324e+00	-1.706466653487681118e+00	-1.078978204619074788e+00
nan	-2.515966019914778418e+00	5.991107447559207433e-01	-1.460694294928566173e+00
nan	-6.189921162383305031e-02	-1.970865993201579291e+00	-1.903127081560499256e+00
nan	3.851050677081285789e-01	-1.947478006420630514e+00	-1.230430498878945400e+00
nan	-1.178270160429719216e+00	-1.152913480404703872e+00	-4.209834004592497569e-01
nan	-6.083341376128040823e-01	-1.249507555294552485e+00	7.696979815664080071e-01
nan	2.752629089094372761e-01	-9.216161648469193279e-01	-1.978682857575884135e-01
nan	1.747178468933267226e+00	5.465586493598344475e-01	-6.214906882710274916e-02
nan	1.379854033604229313e+00	-9.579113010813786744e-01	-1.848005744148927931e+00
nan	-1.852456661684052097e+00	8.716946597151220555e-01	-1.205204936277548100e+00
nan	-1.756679435453839755e+00	-1.010078277736665697e+00	-3.018727741509025231e-01
nan	-1.706188849069422808e+00	-1.083840523165480407e+00	-2.138343506822308893e+00
nan	4.285225951372234610e-01	-1.034818331452149964e+00	6.027168806565634807e-01
nan	6.652991497711697733e-01	2.062576694708581626e-01	1.140089279861085769e+00
nan	3.582332208890703917e-01	6.246586223445463881e-01	1.679945877210570426e+00
nan	1.517977947716087961e+00	1.076643114876241425e+00	6.279359179718890793e-02
nan	2.686913556564952676e-01	3.104310239357181422e-01	5.363388795168118062e-01
nan	8.237482756590400745e-01	-1.599702929248157657e-01	-7.431743243252020292e-01
nan	1.006362165534308462e+00	-9.953648876219253760e-02	-1.180331140076491980e+00
nan	1.759934036116838740e+00	-1.482556929459569961e+00	2.068214429414225730e-01
nan	-2.410468051782391985e+00	1.878639165706504355e-01	7.673679425671566801e-01
nan	2.802594754114274833e-01	-1.557746894559319806e-01	1.797553879381435848e+00
nan	5.482760558620090874e-02	-6.621308976598245799e-01	-1.326537291379593420e+00
nan	-2.049918698581502774e+00	1.794763206194203986e-01	-2.473059158229044208e+00
nan	1.547616107792686435e-01	-3.135855574130284484e+00	-5.570886837167113859e-01
nan	-1.239763082335343602e+00	-5.909530640936164758e-01	3.800150114609233132e-01
nan	-2.329306681980441329e+00	-1.007526794935965864e+00	-7.041852483042270183e-01
nan	-1.432300836697058655e+00	-1.443353005444782511e+00	-1.068942728209409943e+00
nan	-5.284723544441640719e-01	-5.184092011432102076e-01	-1.564542217588468231e-01
nan	6.775732848003723774e-02	-2.296070549390858417e-01	6.291513650821281001e-01
nan	-4.523131166594825392e-01	-1.467119543882696497e+00	-1.747428657713361533e+00
nan	-1.044888713322146945e+00	-7.868767356688777248e-01	4.738391779474550036e-01
nan	-1.826059506671633859e+00	-8.324878487927690474e-01	-2.191056081565730396e-01
nan	-7.210530054791525201e-01	5.305956745528986884e-01	-9.105947625582395677e-01
nan	3.299490017551731103e-01	-4.293518868891423312e-01	5.163759628665588464e-01
nan	-1.673856174691340293e+00	-4.254579614657882924e-01	4.114128183721439402e-01
nan	-7.049647501808902206e-01	-7.710257128600386256e-01	9.856695761386660704e-02
nan	-4.438392240297486802e-01	-1.823789730530939179e-01	-7.944753991877733235e-01
nan	-4.635366542694659975e-01	2.085000203978817079e-01	1.251187259167119814e+00
nan	-1.947162769509074742e+00	-7.015836740526613102e-01	1.998575456751740809e-01
nan	-9.393319700731059818e-01	-1.698511952548367399e+00	-5.062017107007349415e-02
nan	1.833779507284629684e-01	-2.425020445535837510e+00	-2.493596228777098744e+00
nan	-8.337270370572275047e-01	-2.037310377583785304e+00	-1.304697070408222359e+00
nan	-2.040054000619746510e+00	4.160005491665224042e-01	-5.406073582125239252e-01
nan	1.114550974753703017e+00	1.152037622400763794e+00	-1.450279050956003735e-01
nan	1.315839854945582310e+00	2.373992957827761430e+00	-2.278063194660279844e+00
nan	2.364460452234377730e+00	3.618733328326278809e+00	1.275294062099455061e+00
nan	1.401078551013330564e+00	5.487134753018156896e-01	1.348957078682117672e+00
nan	1.692607362232568358e+00	-5.044400272318869671e-01	8.622451750569797291e-01
nan	3.206312457261395465e-01	-5.412285508367276066e-01	1.736580139205807560e+00
nan	5.236314928411216485e-01	1.695200150933364069e+00	-2.511098291969647844e-01
nan	1.305175065487138575e+00	1.481081983252237055e+00	-1.597177791571744887e+00
nan	1.257780097088166293e+00	-4.195995537285546195e-01	-6.019868117440476674e-01
nan	1.718827615971827649e+00	2.108361714052239932e+00	2.769190837266272687e-01
nan	1.766214245554923012e+00	2.834157924970437392e-01	5.370628747061431119e-01
nan	4.768606207290482235e-02	2.439288364331085313e-01	1.863571207304487443e+00
nan	5.410930940582097115e-01	-1.166171212752941388e-01	1.539907370706476986e-01
nan	-9.983028603906443088e-01	5.189197966139402762e-02	-3.886024576362033800e-01
nan	-7.137050955382541195e-01	-3.108105854396495116e-01	-4.506036692209524075e-01
nan	7.846192019769213655e-01	-3.138011601769330472e-01	6.197499149598326706e-01
nan	9.217844720438547190e-01	5.845054791254500337e-01	2.633859095682583806e+00
nan	-2.774039043768702362e-01	-9.164838824637735470e-01	-8.649099689630357357e-02
nan	-7.087215681749976515e-01	3.246322257205152551e-01	7.407799688819017847e-01
nan	-5.317952733844893976e-01	4.377634921149213265e-01	1.153333370005797942e-01
nan	-5.641290031227323976e-01	-1.448071513524747722e+00	-6.895117946807621800e-02
nan	-5.059068512890356750e-01	-9.920628943424150137e-01	5.804067489450458472e-01
nan	-9.504589750298463313e-01	-2.122609177215589948e+00	-6.852618843852320563e-01
nan	-4.393409867770698418e-01	-1.158519860785326872e+00	-1.115454955898248279e+00
nan	-9.752346275624278471e-01	-5.576976845195906751e-01	-1.610140314253541760e+00
nan	8.179119537556613917e-01	1.486284127028896784e-01	-1.146785503145610230e+00
nan	-1.427569024679202214e-01	6.003225847367638091e-02	-2.239459872950764652e+00
nan	-1.132456331590949272e+00	9.360040892433753035e-01	-2.834802126413577539e-01
nan	2.395574744159514602e-01	2.397625493153705267e-01	-9.463697828628148123e-02
nan	-7.370613255216869053e-01	2.317578530334669928e-02	-7.048773039948098562e-01
nan	-1.797004865290041442e+00	-6.205692477638604654e-01	-1.520368772848574856e+00
nan	7.443729872940563208e-01	-4.453252143555305409e+00	-1.475310235021171534e+00
nan	-1.852764536600546075e+00	-1.806496838773816282e+00	-2.933570026907859951e+00
nan	-1.957552480740454737e+00	-2.421885261704846748e+00	-1.475231815616830255e+00
nan	-6.560995375110341143e-01	-1.972976497716370403e+00	-1.226273337200500357e+00
nan	-2.268477513850885030e-01	1.008278900712932691e+00	-1.990035123864773992e+00
nan	2.632597581364138906e-01	5.404347261762947330e-01	8.743660087869237207e-01
nan	1.024903409779262642e+00	1.221173010147327043e+00	-4.093589827884261401e-01
nan	1.346697046766399453e+00	1.461201128737527721e+00	6.773558014333316835e-02
nan	7.826254824899797624e-01	2.252468236824944015e+00	3.268214363822855018e-01
nan	1.027985914545356039e+00	6.189285422819545968e-01	-2.446510107778547827e-01
nan	-1.030329183127300929e+00	4.484079711918538824e-01	-3.368176167653412212e-01
nan	-3.679697072045222117e-01	1.926836707379089852e-01	1.858568830792051152e-01
nan	4.972329942910742595e-01	9.470454606999472169e-01	-1.049976140828995819e+00
nan	6.648553151050886623e-01	1.670363896554100114e-01	-9.646731532266755726e-01
nan	4.824158277690188124e-01	-1.204648998022324946e+00	1.996854456608140316e-01
nan	-1.594274194485517104e-01	-1.099180352900812063e-01	-6.372890469370583455e-01
nan	6.990730517912927544e-01	-1.202615600013854147e+00	-1.783499437310622993e+00
nan	-9.522533621506903412e-01	-8.891096116663621540e-01	1.083913001161935785e-01
nan	5.630708664198214031e-02	-6.367056393854857443e-01	-1.079217470091265341e+00
nan	1.691036511556817556e+00	8.710283513288040735e-01	-2.077272050875122567e+00
nan	1.651533294462965928e+00	1.207701466712295613e+00	8.340173693083418049e-01
nan	1.266376003908879389e+00	1.928634576749427287e-01	1.807954067386015939e+00
nan	8.467745835371458529e-01	9.886175114190098867e-01	4.216183458798781203e-01
nan	1.237997392879001124e+00	7.215894694507855034e-01	-1.290047448888897108e+00
nan	2.088627143727200597e+00	7.105732713846796278e-01	2.377345756630637463e-01
nan	-7.376996575041385729e-01	7.452350374676328659e-01	-1.238606192521298777e-01
nan	-1.169092178853143871e-01	9.188232123572769305e-01	5.727220019956906771e-01
nan	-1.073623199984634180e+00	3.625886207163790953e-01	-8.294168615938446454e-01
nan	-9.691134088550384940e-01	1.500262885523732548e+00	1.123517715238618042e-01
nan	-1.738469749533894770e+00	-1.795718074590558322e+00	3.244085974625213753e-01
nan	-2.494873885479795383e+00	1.008430218148769653e+00	-8.875420551857192697e-01
nan	-2.087248211187774594e+00	1.489336342591839557e+00	1.998493453620989735e-01
nan	-1.697820424834692865e+00	-9.218062072324448852e-01	-4.001896058643064080e-01
nan	-1.314732336180223005e+00	-2.752417562904118320e+00	-6.685466840438788472e-01
nan	-1.392127424690750015e+00	-2.566140241085147267e+00	7.415816946542723720e-01
nan	-2.565678919543827874e+00	-1.190098440062568264e+00	-7.976243901894655153e-01
nan	-2.596618637641903149e+00	-2.090313697159556838e+00	-1.501749827100674839e+00
nan	-1.342680012574971826e+00	-1.990122270339249155e+00	-2.343124115957738063e+00
nan	2.821923339281680043e-01	-4.794024579831246413e-01	-1.347420816026767998e+00
nan	-8.327250452108641010e-01	6.376009866165723849e-01	-6.519108249069474059e-01
nan	3.278766736178915786e-01	2.258029332503822539e-01	2.004073045504111139e+00
nan	-1.160574498547998212e+00	-5.690476151175175024e-02	7.564831910793609060e-01
nan	3.356926330157243288e-01	-1.240353697937651711e-02	-1.884218196617028773e-01
nan	1.965020350637274316e-01	1.682708684598297033e+00	1.231040366633082694e-01
nan	1.223705208535190270e+00	1.349980741952244045e+00	1.282773425578366044e+00
nan	2.011822160912263069e+00	6.395681794217786820e-01	7.690651506785952662e-01
nan	1.996909142009974936e+00	1.843040054670378680e+00	3.053803622577502264e+00
nan	9.501179988224235373e-01	2.836949390692065531e+00	1.392202238858259555e+00
nan	1.790573874658609288e+00	8.478900503216788564e-01	1.216017838971865217e+00
nan	3.325765477609720078e-01	-2.219347970774890877e-01	6.754219341561211731e-01
nan	5.798537028150441142e-01	-1.574289019986080174e+00	4.951098165631315218e-02
nan	7.890212302202338490e-01	-1.812033979636125114e+00	-3.371014266658084457e-01
nan	-1.918553395380473980e-01	-3.340304192025850827e-01	-1.668679777148089016e+00
nan	1.545967657764869996e+00	-9.322661819994650934e-01	-9.919585135265087672e-01
nan	1.133972750539960911e-01	-5.897672816686645447e-01	-1.235934486367703755e+00
nan	-7.228297256893707612e-01	1.017076473173813111e+00	-4.779398448618088491e-02
nan	8.488773011051871098e-01	8.890057534514654858e-01	-1.317298455695423143e-01
nan	3.786249891962880643e-01	7.146664112771784483e-01	1.187094576943140911e+00
nan	-2.168495607415383275e-01	1.794369406534811473e+00	4.335039637203281226e-01
nan	9.358922927228372490e-01	-2.535326869003142747e-01	1.004390738184268717e+00
nan	-1.364869832980436293e+00	4.515058379412002498e-01	-2.139785402268010728e+00
nan	-1.391980578175114003e+00	6.384656254641656314e-01	-2.210314537571580917e+00
nan	9.729475289401983140e-01	1.047054780223809212e-01	-2.349153867482559610e-01
nan	-2.485530378370092719e-01	-1.559598469340333082e-01	2.178158402760158818e+00
nan	1.062522796408305492e+00	-8.884783537448491808e-01	2.709972320395240830e-01
nan	-6.269068136287100357e-01	-5.246304659109077839e-01	-8.802776637408871174e-01
nan	-2.136206695942936662e+00	8.225377945678862268e-01	-6.115012329474536212e-01
nan	-1.613410035865022740e+00	-5.776130176237710412e-01	7.354357314259003520e-01
nan	-8.903960129555573699e-01	-2.360172858481373037e+00	4.389028136104575761e-01
nan	-1.933938939590190920e+00	-2.114472530097072367e-01	-1.356773920373995690e+00
nan	-1.450816143275443171e+00	-3.242561164193736634e+00	6.637382197093506520e-01
nan	-2.026428365371380380e+00	-9.525101269750988475e-01	-1.442003477086088115e+00
nan	8.933683785439356928e-01	-7.727015365077205544e-01	-1.680766529959331290e+00
nan	5.981782547837146691e-01	-1.313460342984879015e+00	-1.774442472770650703e+00
nan	2.690367651415543904e-01	-2.164996764902061555e-01	-1.014677485554606129e+00
nan	-1.156576530392011914e+00	5.391286708487170731e-01	1.331676575069315804e+00
nan	2.077658627963420379e+00	-1.445545967714007007e-01	2.106565875136497734e+00
nan	7.062540447729711568e-01	2.017116226469801266e+00	-8.479980046306380137e-01
nan	1.130281160519562178e+00	7.125263065237414928e-01	9.307985226458360684e-01
nan	-3.409152655220226702e-02	-1.009593913452390579e+00	1.579660687159766930e+00
nan	1.222557597141127328e-02	-1.345647692922372407e+00	1.549178168435258796e+00
nan	8.786301421098716702e-01	-6.046216036952626327e-01	-1.242834761292191947e+00
nan	-5.797715659360040685e-02	-5.797585297577315666e-01	2.354976790278793253e-01
nan	8.669558017699703356e-01	-9.882479808748697581e-01	1.178249790716985546e+00
nan	-9.777377481936224690e-01	1.453391879724399871e+00	8.890524726089950036e-01
nan	3.062965272965444408e-01	2.328444555923768089e+00	8.282130344699256685e-01
nan	1.307038429243916333e+00	1.607955031068204477e-01	1.735117056589130513e-03
nan	1.215854180318315159e+00	5.900050658979227869e-01	1.293298994034125071e+00
nan	9.960739505776752267e-01	1.961562157344487911e+00	-7.910468406091915039e-01
nan	1.151494468942160010e+00	-1.372558668295805973e+00	9.264310364829573263e-01
nan	1.375436735559818768e-01	1.094922624172632641e+00	-5.419652454051598900e-01
nan	1.879566461134076327e+00	2.073010133908360086e-01	1.432413899630672560e+00
nan	-6.275208412755945986e-01	-6.148196548433828568e-01	-1.748783234294435607e+00
nan	2.120915760143097906e+00	-1.241582774764744768e+00	5.462019937952755644e-01
nan	1.655218521695681400e+00	4.964522393578800208e-01	3.951874376536060329e-02
nan	2.946471718967679010e+00	5.309207071530592792e-01	-5.235280896263402872e-02
nan	1.325003066251897454e+00	1.705696901733519955e+00	4.746224095727089587e-01
nan	-7.060410297133101754e-02	-5.542208547803062491e-01	-2.239520847955621896e+00
nan	-8.599625252879915527e-01	9.385053033909485087e-01	-2.523235301490221794e+00
nan	5.289190419872686899e-01	-1.424792378515424396e+00	9.947459837006273897e-01
nan	-8.895721005722314612e-01	2.046760699950185836e-01	-9.574830425232053743e-01
nan	2.006220536286570599e+00	3.939553606519197171e-02	3.134746220964704233e-02
nan	1.036300986029034199e+00	3.431701085863965162e-01	1.766094711238151760e+00
nan	8.957424309628483350e-01	2.741922838828956821e-01	5.517220621197775898e-01
nan	-9.265118750997083374e-01	1.944831878677273584e+00	1.563603828652625927e+00
nan	6.787434594961190282e-01	9.196270921348299598e-01	-1.342671332188027700e+00
nan	1.020018872939837840e+00	1.416246474586108528e+00	-4.287951473675351011e-01
nan	2.557176514257460731e+00	-1.671012165860896737e-02	5.920960244462305511e-01
nan	8.643940694332841179e-02	3.864487949813721901e-01	7.800714137469874077e-01
nan	3.879854957721834419e-03	-8.509218073973759400e-02	1.029866168868991405e-01
nan	1.466921976886871315e+00	-8.493548135258386367e-01	-1.188687934175886696e+00
nan	-4.581257545617821725e-01	-1.730471583783857181e-01	-1.359610882961553191e+00
nan	2.489586515516143961e-01	-7.401626884141805363e-01	-4.923891634730929168e-01
nan	-8.444441426368926029e-01	-1.056726415492868609e+00	8.100821416655614726e-01
nan	-5.476540417553296125e-01	-7.870254725413219354e-01	-2.963560033382092174e-01
nan	9.640751280103923015e-01	-1.093626821089374701e+00	-4.835148392364390091e-01
nan	-2.306590147991015652e-02	5.874510927187347464e-01	-1.761701493063348556e+00
nan	-2.856288135497504488e-01	1.237760749412033734e+00	-4.422966281740351446e-01
nan	1.631094361801060044e+00	1.036551979212558816e+00	1.782251631643816392e-01
nan	7.163261200623921576e-01	3.808640577110278258e-03	1.033143178441581433e+00
nan	9.757641684468462140e-01	6.742968526511703420e-01	-1.298957975137644105e+00
nan	1.277809273228991405e+00	7.916141146810397045e-01	-7.201390410545353837e-02
nan	-6.968438341383148549e-01	7.508346590858794301e-01	-7.283836674135408806e-01
nan	1.188267310538566601e+00	9.965144722420726797e-01	2.233977992592336981e-01
nan	9.937239903980530364e-01	1.165475200193955452e+00	1.244013639338342747e+00
nan	7.952864195399732550e-01	3.071338925463658942e+00	1.076458967635056663e+00
nan	2.251182099669259085e+00	1.355355850649210270e+00	3.069161490658713021e+00
nan	3.577415413922720999e-01	1.425741602209781966e+00	-7.414067786192251042e-01
nan	9.476059436915986733e-01	4.638307291787424624e-01	7.417448307668690344e-01
nan	1.507723991340834235e+00	1.356742901138471957e+00	-4.082062344494216677e-01
nan	6.925490030520928819e-01	1.089886589206995327e+00	1.573978236137253406e+00
nan	1.846576006349236021e+00	9.991159182671587313e-01	-1.039357171992283169e+00
nan	-1.264061041758224757e+00	-1.515760631618982668e+00	8.323053663856025963e-01
nan	-6.560393558791283164e-01	-1.588971258342541493e+00	-1.284990899090401761e+00
nan	-5.989888223639794340e-01	-4.340809669251688430e-01	8.292634624778423280e-01
nan	1.398317514400184258e+00	-4.612878297616169743e-01	-8.823099745414875184e-01
nan	-1.773659931763012620e+00	-1.612490926101511235e+00	3.488680230336687615e-01
nan	-5.955430147186158152e-02	-1.954770626781732190e-01	-7.638323571119465250e-01
nan	2.019620182285005172e-01	-4.769767729797397965e-02	3.560388250697974488e-01
nan	1.518724035127295979e-01	6.518930465544976738e-02	2.401519460608675383e-01
nan	2.893494082928370070e-01	-3.506889792583431364e-01	1.225460538869962868e+00
nan	-1.751713508342489067e+00	2.769596104528271319e-01	-9.990788098898505387e-01
nan	-1.487169704825846761e+00	-3.704433187198389321e-01	-6.791030250525531553e-01
nan	7.020756094697260252e-01	-1.527347932000680863e+00	-1.236508748374770761e+00
nan	-1.869399387162639314e+00	8.892800989114918453e-02	-1.034845484018484418e+00
nan	-7.593480881128192861e-01	-2.788842955189119177e-02	-2.768653729655490281e-02
nan	-2.452200571110624561e-01	5.313904540899558882e-01	-8.612002160866636391e-01
nan	1.607396845918553030e+00	-1.193256585233526540e-01	1.275556344302862355e+00
nan	5.037056422485697293e-01	9.446683965807710637e-01	-1.664352886463285497e+00
nan	-1.401612961577365812e+00	8.296986749299356534e-02	1.615319046347466481e+00
nan	-1.240090017781212195e+00	-2.330398053673653214e-01	-1.039883082606071429e+00
nan	-1.425806063238918009e-01	1.629479703004843572e+00	-7.601616951682378387e-01
nan	-1.259333833997763330e-01	-6.716008692611555864e-01	-3.492505734691641051e-01
nan	2.252631589008878166e+00	-1.166242924965635863e+00	2.104763735721722484e-01
nan	-2.512563065480952762e-01	-1.804954617137574102e-01	-2.076944946578734630e+00
nan	-1.765812187667770150e+00	1.243841864470073277e+00	-6.477767470702033847e-02
nan	-1.080908663076355497e-01	2.856448615863916629e+00	2.159671648582647041e+00
nan	8.891323364798764395e-01	1.304293367759290501e-02	2.864739036816498441e+00
nan	6.391335714859595063e-01	1.888249533328519858e+00	1.169776330544216147e+00
nan	-4.143133244129182380e-02	2.902417612362140353e+00	1.405876897103527368e+00
nan	1.119367486102512688e+00	1.455526309758566228e+00	1.710738849067615197e+00
nan	2.086920515610023230e+00	-1.317122858444225164e+00	2.222769582943054267e+00
nan	2.635520628842804136e+00	1.824441894634514005e+00	1.054907724707751626e+00
nan	1.376097130581488193e+00	2.384989432545912003e+00	6.157644129454213910e-01
nan	2.478486022063815852e+00	2.199253363307147602e+00	3.261182337613724336e+00
nan	3.401928512349814859e+00	1.460817953419936366e+00	3.054486445632099922e+00
nan	1.561664789762428063e+00	-5.839254661958834802e-01	2.909410735482852672e+00
nan	-5.745594660863506675e-01	2.444174814066675805e-01	6.424027293896878987e-01
nan	1.506077453918389653e-01	2.843038222511790614e-01	-1.977589146345928084e+00
nan	-7.999249907873231535e-01	1.702881961254253618e+00	-7.616003985888020189e-03
nan	1.317062987588911271e+00	6.014249831205598085e-01	1.275947929392817759e+00
nan	8.246035925922694521e-01	1.744905703390094764e+00	-2.753313114872799616e-01
nan	1.406705903484146258e+00	2.093502277117126553e+00	4.607953539704084389e-01
nan	8.024251925264884733e-01	-6.981642027304282294e-01	-1.698018148550848316e+00
nan	8.669185956472336141e-02	7.492104079398325123e-01	7.025515284459049603e-02
nan	-3.242559193211248525e-01	1.745092069259470025e+00	-9.611873636933648823e-01
nan	-1.121668321423032744e-01	-9.678633396326574712e-02	-1.480565026176947629e-01
nan	-1.724391686844202187e+00	-1.504890764007075221e+00	1.021528095461814667e+00
nan	-1.040727647634868802e+00	-2.135733790861841008e+00	7.423289290103796123e-01
nan	-1.215583362101003040e+00	-6.726139334959113647e-01	4.860995290017272596e-01
nan	-1.392388925776099295e+00	-3.711180006776356177e-01	-1.357806852967365696e+00
nan	-8.223694176621391128e-01	-1.250615376253251920e+00	5.821086185072337216e-01
nan	2.202349175773359313e-01	-1.824270145368235063e+00	-6.634301280229540909e-01
nan	-1.761114320329516314e+00	-2.276851018836007157e+00	1.407678668559088742e+00
nan	-2.753447965488389215e+00	-2.966664722870762994e+00	5.919481781332378567e-01
nan	-1.940554621575348859e+00	-2.101057359888995446e+00	-2.803112426119751532e+00
nan	-9.324975768569370160e-01	-8.264521175306315248e-01	-2.736204646780302507e+00
nan	-2.769703939266600079e-01	5.121302648659163959e-01	-2.777943389778103622e+00
nan	2.325344895853783900e+00	1.667763649653308811e+00	1.314345889129108214e-01
nan	-5.701253558337793237e-01	1.202977102384591657e+00	9.647960872043390701e-01
nan	-1.961694611843677105e+00	-9.842626183390151828e-02	1.200652472635591828e+00
nan	-5.083632523817884774e-01	3.877712155024295448e-01	1.388658084422439210e+00
nan	3.163748826117294688e-01	-1.128194392688660841e+00	1.615154772042838527e+00
nan	-2.172611347216188149e-01	-1.258993224724969551e+00	8.293439351243070412e-01
nan	-1.468805748713809756e+00	6.563343833305183006e-01	3.789000357843000932e-01
nan	-1.294371192754898980e-01	-7.646385999534971445e-01	1.577952069336611141e+00
nan	-1.529200790154809919e+00	1.026206963824684459e+00	-2.506196650442062968e-01
nan	-8.829844229501856434e-01	2.404215788466740888e-01	-1.025890473310825168e+00
nan	1.112342830055243592e+00	-1.503387218884026488e+00	-8.382016435028527557e-01
nan	-6.978466187298831835e-01	-1.737091216545143979e+00	-1.424691568835997124e+00
nan	-1.755583920029688549e+00	2.634411015310721416e-01	-5.481511602253407167e-01
nan	-9.258303882031582166e-02	1.423967279550469311e-01	1.189925873066393913e-01
nan	2.483496109921010664e+00	2.198621306799870834e-01	1.074717868852378966e-01
nan	8.915364283353055530e-01	7.325072916548528434e-01	1.450494010979446413e+00
nan	-2.095905891806749688e-01	-9.873993582708825434e-01	-3.857839346493632249e-01
nan	2.040307561972103945e-01	-2.738897442751416222e-01	4.905570145626457212e-01
nan	-4.416746426269078651e-01	-2.236615115805711707e+00	-2.839235080476605777e+00
nan	5.119291994270809276e-01	3.030776788944609113e-01	-2.718394408672954121e+00
nan	-7.752735543731912315e-01	3.134923711625905995e-01	-2.152140126845122126e+00
nan	2.359651185503980342e-02	1.083754902269441267e+00	-4.850780496064693303e-01
nan	2.599010114101928615e+00	4.413971573383613789e-01	-2.481500352695024392e-01
nan	1.943136979014237653e+00	2.393660572147571219e+00	-1.164425256776296935e+00
nan	1.640945908363492522e+00	1.916927664271000475e+00	-1.027361826407910517e+00
nan	1.416194676508574446e+00	1.289821828790456371e+00	8.356381843135807230e-03
nan	8.350757517579866507e-01	9.457181172667583624e-03	-1.713129706920149653e+00
nan	8.527372510262434258e-01	-2.310495267723567947e-01	-5.206631101715168963e-01
nan	6.365665587034992079e-01	1.405241792102829956e+00	7.044403148112377000e-02
nan	1.700478491342878984e+00	7.102842964327369391e-01	3.127139955221509560e+00
nan	1.219305067523085429e+00	5.047964859861882037e-01	1.368497490626591206e+00
nan	-4.207328661388668456e-01	1.154164068780496821e+00	8.251973627791068244e-01
nan	4.893164618871364002e-01	1.817110086077223130e+00	-4.837652757932320302e-02
nan	-1.952759634849314807e-01	2.440980177285231978e+00	7.812993725053221095e-01
nan	-3.288850196760847444e-01	2.287086920176013560e+00	2.848033010977926160e-01
nan	-1.189688012873256762e-01	-1.350273607141776688e+00	-1.120727891057690551e+00
nan	7.608375385120277334e-01	7.487018806188202591e-01	-1.858170580941842509e-02
nan	-1.635157178669852218e+00	6.247787214972664316e-01	-4.827455093120998075e-01
nan	2.959035265826700511e-01	1.130870017593902377e-01	-3.884642069588760682e-01
nan	-5.820831028282107411e-01	-1.325887163431695992e+00	9.223115614516230742e-01
nan	-1.026373835308455273e+00	-1.046183573548956192e+00	-1.724565049099048841e-01
nan	4.288791434477358111e-01	5.219989582851297660e-01	-6.435560942825480080e-01
nan	-6.602199882009325282e-01	1.603827933012093032e+00	5.013053590905307277e-03
nan	5.442169661581433004e-01	-1.011832145987646925e+00	1.052261251876954740e+00
nan	2.547317906155973644e-01	1.616103031459097616e+00	8.107962969124589137e-01
nan	-6.312366390712498276e-02	2.023653817774438757e+00	1.442969359470302582e+00
nan	-6.516424377018584790e-01	1.455397432443662709e+00	1.244656124950058063e+00
nan	-6.658415830999490082e-01	1.409285876255860215e+00	8.336167253176715031e-01
nan	-4.283262755629326790e-01	7.543099616245767525e-01	1.006285043436771165e+00
nan	2.128491824357569284e-01	2.129262701600477925e+00	1.181005084650009973e+00
nan	1.407921544040107165e+00	3.302872507587102380e-01	1.494320866795997960e+00
nan	5.031012425069103511e-01	1.178792813741106560e+00	-1.917968975693011835e-01
nan	1.549119387003547788e+00	1.143083026848661365e+00	4.767562530351105998e-01
nan	1.713028004836734119e+00	2.565821479420873796e+00	2.661286542293442858e-01
nan	-3.287328136077867224e-01	1.089322887741971169e+00	2.198496852673502033e+00
nan	-8.542580818618012994e-01	5.518847597132111593e-01	2.820055233587808630e+00
nan	-7.031541663835962908e-01	-7.086221488016004877e-02	4.258771868522054582e+00
nan	-1.260746168217026231e-01	2.219726864805282029e-01	6.673779484777244697e-01
nan	-9.858521165388252072e-01	1.656805805377657315e+00	-2.964498774432572925e-01
nan	-1.002404317010354040e+00	-3.694598229668266121e-01	1.675942129317676832e+00
nan	-4.086549911098351084e-01	4.414238780949263363e-01	1.226124507690917742e+00
nan	1.023032145522950964e+00	-7.734280267537331222e-01	-8.454808273838398947e-01
nan	-6.765910837423094737e-01	-2.362049150796499408e-01	-3.426129188101172951e-01
nan	-3.438210499289203081e+00	-1.232627349565551977e+00	2.364172977081029359e-01
nan	-1.574175473515687207e+00	-1.946914261302953086e+00	1.276202388103069851e-01
nan	1.099830249499971657e+00	-6.348149929083898302e-01	-4.369991479710944038e-02
nan	-1.390087444192144694e+00	-4.906905426957548499e-01	1.433123384129552536e+00
nan	-8.837227896948296468e-03	-6.234490085897572698e-01	3.614272424586253418e-01
nan	1.079299883084871459e+00	-2.309724246487741883e+00	1.529172622215955402e+00
nan	5.630424112617669063e-01	1.745008579395353365e+00	8.147599261746041321e-01
nan	1.210040425199557124e+00	7.687128642885988627e-01	4.044237262455775417e-01
nan	1.104925212394482603e+00	3.343732468839573646e-01	7.300765950063765608e-01
nan	-6.689917243396330537e-01	7.514822919365187204e-01	6.248150736069786326e-01
nan	-3.585955362066048369e-01	-6.395236571867688458e-01	2.594403718292942473e-01
nan	-8.581026491349774687e-01	-4.332263914629893575e-01	9.713808129246543910e-01
nan	-1.214273853810653447e+00	-2.830150323917541844e-01	-1.209879906796727633e+00
nan	-5.711344341922827139e-01	-2.493764377547998123e-01	7.683244474967330095e-01
nan	-1.632423778805979442e+00	1.275886880500282372e-01	1.319668513167794544e+00
nan	-1.399982744428060588e+00	6.712707910935925559e-01	4.671763668063630970e-01
nan	6.410607534365067028e-01	1.229942153737017818e-01	9.126188133354636856e-01
nan	-6.086946428266302167e-01	1.408373996998844913e+00	5.940137252565478310e-01
nan	3.990518835133516351e-01	-2.405773323809088926e-01	-5.870788067331946802e-01
nan	9.058767993616048120e-01	-1.435577059654596643e-01	3.616677214577405097e-01
nan	1.184348237531483439e-01	1.775941309481616770e+00	-2.157269679186833322e+00
nan	9.774477119774207523e-01	-1.259478099003180862e+00	1.173988162388598933e-01
nan	1.648729889403726112e+00	-8.628638602651658718e-03	1.629968704616378550e-01
nan	9.278205949788076445e-01	2.955849458327289292e-01	-1.451043069477983671e+00
nan	5.654323739977829000e-01	3.296574494054783644e-01	1.609744459319106813e+00
nan	1.752542440401882451e-01	1.186341045297477859e+00	2.096114171837403783e-01
nan	7.829136946802297548e-01	1.676699271108922140e+00	-5.466474228032129901e-01
nan	7.771188224529659294e-01	2.527669470074915825e+00	-1.388201238332094967e+00
nan	1.954081602780931570e-01	2.286839211354702694e+00	1.540488916646068907e+00
nan	1.288462659411829359e+00	-1.079100671185966309e+00	1.217077192347136405e+00
nan	-9.977302203611977394e-01	1.319646161319771194e+00	-1.033967259391689875e-01
nan	8.225222421684528218e-01	-5.570749274131625572e-01	-1.074280722398640808e+00
nan	-5.495828224154433173e-01	-4.017190038835263266e-01	-2.434861420292957490e-01
nan	-1.038913396467696204e+00	3.226703533793522372e-01	9.726896508994719026e-01
nan	-1.460063975075809761e+00	3.503567120444995853e-01	2.001372845055243710e-01
nan	-1.199633100330765201e+00	-2.644392706428821960e+00	-2.673657076863805715e-01
nan	-8.641822608604733391e-01	-2.053500938603138870e+00	-5.518059435065261198e-01
nan	1.234968220100633118e+00	-3.244087740543657450e-01	-1.130032708368511107e+00
nan	2.078765493295986477e+00	1.280292178042878426e+00	-1.688516651102863975e+00
nan	1.338312900419694085e+00	9.982849190328360045e-01	-1.553362378503137187e+00
nan	1.107222102344019188e+00	-9.453318093574424319e-01	4.909239676225524152e-01
nan	2.541613958499102655e-01	-5.374537493133949018e-02	-8.420762596315396475e-01
nan	-1.184755103834873591e-01	-7.077955798529302900e-01	-7.406679091589926101e-01
nan	4.412825938299737016e-01	-8.722227470627541557e-01	-1.597759343586842462e+00
nan	1.806252095607956631e+00	-2.044262881290936640e-01	-3.798637501443824505e-03
nan	1.464544917570745231e+00	3.189458715621761864e-01	-7.327890299442274546e-01
nan	-9.162631069059496980e-01	8.247187575174920182e-01	1.829326507596931162e+00
nan	-5.981454854793664122e-01	2.743004615545177050e-01	-3.416196213903855972e-01
nan	6.131074784645466069e-01	1.465295072175307967e+00	-8.183763084073424343e-01
nan	1.562781090813899265e+00	-9.616095082726363596e-01	-1.141570029559045629e+00
nan	3.339703627356339632e-01	3.579955917030295254e-01	-2.454992577473433246e-01
nan	-9.274105739423772476e-01	4.138284198339322595e-01	-9.855359149010459729e-01
nan	-5.019817955808240084e-01	-5.061649044919491747e-01	1.618035236890625450e+00
nan	1.392526146128818532e+00	-7.005128859373712658e-01	2.568823108941888367e-01
nan	1.450493254239088481e+00	1.186751489414325372e-01	3.230953307832057919e-01
nan	1.563354108172245516e+00	1.880450451737121442e+00	-1.718350450247534134e-01
nan	-9.315572287452456024e-02	1.309928996608750396e+00	2.270404315726548994e+00
nan	-7.628886370140748330e-01	1.487797640218393225e+00	-1.302203329588911718e+00
nan	9.269587909481628862e-02	1.620409396152569514e-02	-1.188872032733118145e-01
nan	-5.731674073654788870e-01	1.181166295110412712e+00	1.657868558826195882e+00
nan	-1.426815045077675537e+00	1.005514257552194479e+00	1.050187498826627319e+00
nan	-9.762021761024425315e-01	-4.419072944619903964e-01	7.582207129946310076e-01
nan	-2.016543003409812851e+00	-1.033531228154883408e+00	-6.851107484820878613e-01
nan	-2.500619855589753193e+00	-1.356213807105576263e+00	-1.594466577122677586e+00
nan	-1.530251854506996745e+00	-6.366951222291753476e-01	-7.335857909856040582e-01
nan	-1.308901379873238513e+00	-2.570824708299915273e-01	4.762401878283650802e-01
nan	-9.655458006257777726e-01	-1.678443725775581763e+00	-2.782717170500482728e-01
nan	-3.848288725628545848e-01	-1.988699398060204793e+00	-1.700467556355322873e-01
nan	8.841902610142254870e-01	-3.510050208261488724e-01	-9.744769902628013236e-01
nan	6.568703123921556530e-01	3.682885346517491554e-01	-1.237211821328476624e-02
nan	4.797178811108288587e-01	-1.067392087504699938e-01	-2.774483087322666963e-02
nan	2.155488774219037840e+00	1.394842786365954046e+00	-5.609624037591806056e-01
nan	1.617547358009276515e+00	9.930665927683097749e-01	-9.200070393360203491e-01
nan	1.941021893560170852e+00	8.736291383256341581e-01	3.983077744781263752e-01
nan	5.965384733725824784e-01	7.634423277179621659e-01	-4.090550968708319690e-01
nan	9.833758595946107128e-01	8.983079866198282470e-01	-7.605341921901600521e-01
nan	-8.992800657486854643e-02	-8.399708967916929003e-01	1.652794942556897739e-01
nan	1.945786148499941137e-01	-9.379172298860033452e-02	2.350305801718530208e-01
nan	4.711246578762516291e-01	1.744306823512883631e-01	1.210401948379200343e+00
nan	1.654612911319987556e-01	-1.466473220425869473e+00	1.997575855580460802e+00
nan	-4.168914521694742636e-01	2.621778941562181497e+00	-5.087024403986504240e-01
nan	1.487530432301140237e+00	1.240170787266692276e+00	1.047394437272476830e+00
nan	-1.974957538345700758e-02	1.287913094227392863e+00	1.093450832253411775e+00
nan	1.076116668071442906e+00	9.905552775701471635e-01	-1.023932067483456221e-01
nan	1.388520718816106836e+00	-5.854901306071536027e-02	-1.110564102851536172e-01
nan	-6.820332303505018956e-01	-6.153826659671950416e-01	-5.344919628274719114e-01
nan	-1.126109507203938431e+00	-1.621173518135704095e+00	-1.858308544879609725e+00
nan	5.414810306103168269e-01	-2.382135058136900518e+00	-1.840331076099813057e+00
nan	-7.155561373933230218e-01	1.357201443184469891e+00	-1.463220178393631166e+00
nan	8.717463958771788368e-01	-3.122300799716578590e-01	1.293073831782659555e-01
nan	2.097556988714597281e+00	-8.389775247320157003e-01	1.218956981015433261e+00
nan	-1.139357013951703301e+00	-1.297581980255674949e+00	1.709240524492747326e+00
nan	-2.008812536199406917e-01	-9.110131542357117196e-01	1.423972714033021614e+00
nan	-1.976971726529149764e-01	6.997735058516914020e-01	-3.746899915270157644e-01
nan	-1.153414254200797462e+00	1.900118063410001668e+00	-7.660309991849290068e-01
nan	-5.327784954585101929e-02	4.996911222596332469e-01	-1.306274314119154623e-02
nan	-6.004260561255007067e-01	4.633459716617215340e-01	1.283656790582000218e+00
nan	-1.411353965645722353e+00	4.841509834437105475e-01	5.421641845117478598e-01
nan	1.860874188635093240e+00	-6.106999343801111646e-01	1.315725457312109548e+00
nan	-2.898656226692342130e-01	-9.827282200293391279e-02	2.878799972656224115e-01
nan	9.146657623496272649e-01	2.364306749262205631e+00	-8.614233408570567407e-01
nan	1.970496203858273843e+00	1.594443028526346673e+00	9.355119415615479328e-01
nan	8.712892218427202851e-01	7.164537687361760554e-02	7.014965373831474338e-01
nan	2.444845114673625197e+00	-3.854843143426325835e-01	1.436575873212083687e-01
nan	-1.096531531160905848e-01	-1.668671123920517640e-02	2.255244352242333772e-01
nan	-6.862881465359115252e-01	3.565002242864088733e-01	2.036025235987136972e-01
nan	2.158087650651965006e-01	5.840374714165397219e-01	1.239578990142069514e+00
nan	4.092352869739676047e-01	3.701040894970686335e-01	3.898972393332885700e-01
nan	-3.270899920516745496e-01	-1.867663152282204031e+00	9.770024535631076645e-01
nan	-1.677521760287757902e+00	1.266500437029139947e+00	1.562949637315326878e+00
nan	-6.112601730534344968e-01	-4.897348961744074081e-01	2.140397601298259733e+00
nan	-5.612412660975407697e-02	-1.543059601060371433e+00	-4.862528272053431855e-01
nan	-9.181796812628200133e-01	2.494071331647555456e-01	-5.946494176369176987e-01
nan	1.333882496073159896e-01	-9.820980349147782063e-01	-4.244520241192216714e-01
nan	1.247779309642329082e+00	8.524248054430274557e-01	3.216485826055964226e-01
nan	6.862070249600511485e-01	-3.157398750831722500e-01	6.993021818267725065e-02
nan	-1.401493534669689733e+00	1.139942863349447055e+00	-6.934140532426399384e-01
nan	4.624980363214398205e-01	-1.986275415829279190e-02	9.394530424470206587e-01
nan	1.072269664365802067e+00	9.571107868408712527e-01	1.199174683546701647e+00
nan	4.301256864373742550e-01	1.415220481587189605e+00	-1.280776249150237689e+00
nan	6.130207942197214432e-01	2.350780794779924410e+00	-8.791618939823031553e-01
nan	2.409124104630011143e+00	1.817355190127024844e+00	5.809106835605643004e-02
nan	-3.264822979908794665e-01	2.324881139251042672e-01	-2.474691194897647994e-01
nan	-1.190663428842086979e-01	5.116249122496496771e-01	4.228922476546254777e-02
nan	-1.626256034203465539e+00	1.358423949407026043e-01	-1.170983253144022518e+00
nan	-7.692180242093342724e-01	-1.096680207042496136e+00	-5.204973176765467224e-01
nan	-3.582173989957363469e-01	2.939157800555842748e-01	-1.315713361993264163e+00
nan	-4.481706783813119155e-02	2.058482767937540869e-01	-1.146362102205636946e+00
nan	3.076561277755486268e-01	-8.902664372806317061e-01	7.114522934675362453e-01
nan	-2.790475850280387804e-01	-1.976390975686710960e-01	-4.048326528143092462e-01
nan	-1.135181219017241894e+00	-9.020472300656358078e-01	4.803031811080429869e-01
nan	-2.350615973072959219e-01	-2.326066816261216363e+00	-2.642870634679872488e+00
nan	9.523994661657307903e-01	-4.029149473135565929e-01	-3.231886242086610128e-01
nan	-2.009815866941270457e+00	-2.014854828185551894e-01	-1.773226818536180582e+00
nan	-3.583917822436732403e-01	6.033021869690524674e-02	-2.798223139019697658e+00
nan	3.891854829501549817e-01	4.270438869070463106e-01	-5.505650714311440819e-01
nan	3.196204125420568642e-01	5.061560322766711639e-01	2.987794841346622654e-01
nan	4.092460193129101587e-01	-1.241601736787237842e+00	-9.527426177096468551e-01
nan	-6.621392363381568558e-01	1.550338699725319458e+00	-9.708287269008541998e-02
nan	4.729056880886787773e-01	7.359424486802461640e-01	8.359017753127999661e-01
nan	8.094385564159007895e-01	2.882707523800265292e-04	1.245904666639618741e+00
nan	-1.173267563097129873e+00	-4.099448897218092025e-01	-5.604703422863135387e-01
nan	-2.268800738568561126e+00	-6.224524253658798578e-01	-1.105090447742641813e-01
nan	3.747118123047419314e-01	5.989198976484402248e-01	-1.452694734859052872e+00
nan	1.428597274246096172e-02	-7.827227962122798033e-01	-5.369767904318645257e-02
nan	-9.724236084027966243e-01	2.419655934025140287e-01	1.589871272934680890e-01
nan	-4.968397984948257351e-01	-2.047048616962972911e+00	-1.173569445649831622e-01
nan	5.667807991627205055e-01	3.567741177442136369e-01	-7.854438222174141560e-01
nan	3.189520731479248972e-01	1.978998208386425262e+00	8.453980005380343776e-01
nan	1.055129897894108160e-01	1.019296724966135770e+00	-1.715688933750362688e+00
nan	6.781223833366497589e-01	1.774875606666163952e+00	-9.471819307041804414e-01
nan	2.415597803688195877e-01	4.778553952029420127e-01	1.041608711655931607e+00
nan	8.728767203888149195e-01	-7.850603107634182565e-02	4.262411251140885149e-01
nan	-1.377713885641443092e-01	5.199232977162322467e-01	4.226671761919537640e-01
nan	5.142466522397984297e-02	2.067681707758877607e+00	-2.571335521752828313e-01
nan	-2.703089987278812778e-01	8.292436368819576797e-01	9.129505995613050873e-01
nan	3.837731173079916847e-01	-2.232459913219794756e-02	4.015458929363557861e-01
nan	1.872265244700244580e+00	3.453135160435750750e-01	-5.740318529295107552e-01
nan	9.703306013798442820e-01	-8.894050475845739490e-01	2.506371752731292313e-01
nan	-9.176345319926322297e-01	-6.128702009704074805e-02	1.276212587851723645e+00
nan	2.255924456838165337e-01	-1.299776918299723860e+00	2.373480142259705605e+00
nan	-2.350102712490856338e-01	-6.348000373939459706e-01	-3.790613362759006066e-01
nan	-8.669083341171747170e-01	-1.412838708154733780e+00	-2.088733266087179075e-01
nan	-8.465534650428203634e-01	-1.795725353975469840e+00	-1.648880773428531787e+00
nan	-9.030906508268583543e-01	-5.810384319016529409e-01	6.068101692342275921e-01
nan	-8.085523741194309277e-01	-2.943509453262671549e-02	8.565992002002928984e-01
nan	-1.424730989114426638e-01	9.104406432462308629e-02	1.548821629628662766e+00
nan	1.302850919440432242e-01	2.588510113221433429e+00	-4.024744255977584229e-01
nan	8.513007956042386581e-01	5.733266633817015734e-01	1.170604701419666327e-01
nan	1.387011354463589585e+00	-7.442388080140083240e-01	9.340769840277605152e-01
nan	4.488093262195360644e-01	-2.475213612091249904e-01	-9.598125775526534786e-01
nan	-4.021296196438672865e-01	9.620302871367011344e-01	-9.473508287394266647e-02
nan	-5.151287396834024479e-01	2.357716513426805216e-02	2.385670960525505258e-01
nan	-8.411880078104230218e-01	-3.454057249120806583e-01	-5.330983112085257991e-01
nan	6.473274463111617916e-01	1.398051771542024313e-01	-1.058541630216724982e+00
nan	1.750824209410241916e-01	-4.470804496966032104e-01	-9.617993720353461562e-01
nan	3.246629576541340545e-01	1.248179655565764712e+00	9.306237711119644818e-01
nan	-5.489302032543041943e-02	4.710242823753455488e-01	-4.559351306415428962e-01
nan	1.239406913507329344e-02	1.742376993841388666e+00	-1.314614758034518549e-01
nan	1.232921307738504613e+00	6.961036604066375144e-01	1.199012256880606309e+00
nan	-3.915428281687293177e-01	4.578637008320552981e-01	8.569990005183889537e-01
nan	-6.089241295387464170e-01	-2.590233909146169022e-01	-6.151289260754051469e-01
nan	-8.580035948327715545e-01	-8.649327597018937608e-01	2.094793802331202937e-01
nan	-1.377763415754345022e+00	-1.069636128213868886e-01	-1.129814602055773332e+00
nan	-1.508419171961439931e+00	-1.629220906680080461e+00	-1.305091073386852596e+00
nan	-7.789610073023820469e-01	4.614506490339346234e-01	-5.256287535132857514e-01
nan	-5.511336756400513348e-01	-2.717666646406842745e-01	-9.788817534649056906e-01
nan	-1.626766809268566538e+00	1.694736878861428930e-01	-1.419188008777998999e-01
nan	-4.206210528682416405e-01	-1.760773158659796112e+00	1.304512219939520379e-01
nan	8.623707788948598019e-02	-9.056859216499724141e-01	1.841109086709714626e-01
nan	1.917578599546290452e-01	-3.251417791884775310e-01	1.414850074053954077e-01
nan	8.123968246180092168e-01	-1.595613766758180452e-01	-1.078478325585575215e+00
nan	2.390922065352807102e-01	-1.433829317261958503e+00	3.045202074976789408e-01
nan	1.673790111681348614e-01	-9.841386766651831763e-01	-9.112592042424101368e-01
nan	-1.698127475200458703e+00	-1.884002808676452201e+00	-5.003123822871635706e-02
nan	-1.371753339247536729e+00	-1.819509762038603373e+00	-2.353259943687829647e+00
nan	-1.285124035517353658e+00	-1.540645462549549372e+00	-2.623460661215390566e+00
nan	-2.811672749006547400e-01	-4.288180893927348580e-01	-4.009803697494772612e-01
nan	1.335232987508497171e+00	-3.324516209148895562e-01	2.592485857106424652e-01
nan	-4.420224780191917557e-01	-2.827535537328157988e-01	-5.603389228992834425e-01
nan	1.390687564924327324e+00	-1.836121733169467030e+00	-2.896943158028831289e-01
nan	7.078494845039989825e-01	-8.584765931527744698e-01	-2.627281998862488477e-01
nan	1.658160954412919025e-02	-7.189364858398937796e-01	-8.484472036209367296e-02
nan	-3.458405525658947433e-01	-5.944863339092164578e-01	3.403135043793444892e-01
nan	7.560767038431848164e-01	-1.425264086549901998e+00	-2.251943392765026530e+00
nan	2.987529214853200665e-01	2.331976812293684309e-01	-4.337982415687081650e-01
nan	7.921427262251649060e-01	1.835259007557636934e+00	4.341293297136722407e-02
nan	5.843872257349141952e-01	1.265577552793729854e+00	1.061966367321269367e+00
nan	1.029810830484415574e+00	1.501882105560672587e+00	1.402533685299011790e+00
nan	5.567445726573175824e-01	1.411659500602723050e+00	9.151643874923103272e-01
nan	-2.464673902272292993e-01	1.923589103702525449e+00	1.294683741164726065e+00
nan	2.182735345346244471e-01	9.287137078743499252e-01	2.263649258672763231e+00
nan	1.814249452137010943e+00	2.373954919685831833e+00	3.946273877183524847e-01
nan	5.186115599466246673e-01	3.246583689025121622e+00	1.529983987083739283e+00
nan	1.055139320877075626e+00	8.380118824481064266e-02	1.865478418141422789e+00
nan	3.844275934896763114e-01	1.249696002075985302e+00	2.321376521180490204e+00
nan	-3.332939307579368959e-01	1.846046203926578144e+00	-3.078746270762187098e-01
nan	1.810548218906548712e+00	-3.423498150734871626e-02	8.576904900281363542e-01
nan	-8.437400766083880121e-02	1.892865760096978933e-01	9.454617894607518780e-01
nan	-4.478799588405929510e-01	-1.234433052463690395e+00	1.602284917909500228e+00
nan	-1.914276681939188096e+00	-1.149611991009105161e+00	1.212506453118013638e+00
nan	-8.397667099329939600e-01	-9.053150682139821104e-01	9.510476459594654486e-01
nan	-1.142049619364948088e+00	-8.574459585025737685e-01	1.420089650059437103e+00
nan	-2.788692752487409887e+00	-2.546673528496835037e-01	-1.065584328538756731e+00
nan	1.276280551639210614e-01	-2.748350760385384062e-01	1.515688768548266507e+00
nan	1.428762065114119073e+00	-3.499276216084308833e-01	2.079490797327201879e+00
nan	5.659475875511467136e-01	1.413920017564281650e+00	9.500542534889384605e-01
nan	-1.235051068233545157e+00	1.244509488540359365e+00	1.347987144278204763e+00
nan	1.153136652115721583e+00	9.867373478400275344e-01	1.862556284121407391e+00
nan	1.841938891175829429e+00	1.030388558630401352e+00	1.461014302668012244e+00
nan	-3.899238170425122219e-01	-1.020943632498596099e+00	-3.573379398915600413e-01
nan	-2.328601218338401668e-01	-9.875402107783377570e-01	9.997193029598391290e-01
nan	5.505489617535263003e-01	-1.839916496249490496e+00	2.251068882582210051e+00
nan	-1.045011177272439751e+00	-1.898245727583238507e+00	1.249544609854150501e+00
nan	-2.054019911608981008e+00	-1.906818493236849044e+00	-1.262651989604769653e+00
nan	-1.168595541421369566e+00	-6.340340173355292208e-01	-2.130857451755261867e+00
nan	-1.792291698316162418e-01	5.255373326437664527e-01	3.209577772520066929e-03
nan	2.240831025570065860e-01	4.963691156204563248e-01	7.647701965730732132e-01
nan	4.995249696094017366e-01	-2.274900688422360484e-01	1.391063235387187680e+00
nan	3.331771933700865551e-01	6.112905025798117675e-01	-1.458495934481625067e+00
nan	-9.659046793406635967e-01	-4.429895522339129532e-01	2.121879891077316782e-01
nan	-1.011035449871777070e+00	-1.699264648456318083e+00	-1.079400858009158304e+00
