nan	-1.467731602690969250e+00	2.476866781708888965e+00	1.139071253947077533e+00
nan	5.100241626783049709e-01	-7.251298467480786769e-01	5.867925211396886054e-01
nan	-2.175074064375920990e+00	4.316113262907063097e-01	1.054500467111697315e+00
nan	-1.055997496775129108e+00	1.364497868905993005e+00	-1.841793198267520859e+00
nan	-1.440542433602770345e+00	-6.016576911894597757e-01	4.582468533646383291e-03
nan	-3.823530187987119744e-01	-2.630241492367621503e-01	3.306761213581313363e+00
nan	-1.014663305325853582e+00	9.029761955053776656e-01	7.998976741005332514e-01
nan	7.703123174931714168e-01	-2.915641925142557489e-01	5.018980895209216309e-01
nan	1.820633445009113505e+00	-9.188672502583018487e-01	1.273383540158998573e+00
nan	-3.726515663785340271e-02	-7.553983781977225975e-01	2.590028301995163096e-01
nan	1.681096032612766633e-02	-4.157603191968855527e-01	-6.325988880068833531e-01
nan	-5.867800762208236209e-01	-1.031601347165688409e+00	-2.050281719153025595e+00
nan	1.219380635198618279e+00	-7.184193712557083167e-01	-1.265365503756918919e-01
nan	1.249451597958501026e+00	-7.903859084847035810e-01	7.057584550822366687e-01
nan	3.162683299192994846e-01	1.354400187784095433e+00	1.797393362907656389e+00
nan	-1.264565654416699658e+00	-2.208822084974252142e+00	2.977255146793406304e+00
nan	-1.390223898028379201e+00	-8.814167107160406633e-01	2.050669282328958509e+00
nan	3.365610233501591386e-01	-9.731470935899999564e-01	-1.558122744292718687e-01
nan	3.528020641586274153e-02	1.834182886240691035e+00	-1.527849690169932995e+00
nan	9.482774593876439617e-01	1.988121709787000313e+00	6.313611497083665425e-01
nan	-4.213586395121869943e-01	1.902377635066364370e+00	-1.219018402073542173e+00
nan	-2.147619180890580348e-01	5.452384397212145517e-01	1.120975561806446308e+00
nan	-9.278004630609856251e-01	-1.458100981862050505e-01	-4.907230206801386219e-01
nan	-1.389414839378676714e+00	3.834495084701612377e-01	-1.102710309108293707e+00
nan	2.358712342742599888e-01	4.247653517850385474e-01	2.845672417280630251e-01
nan	-8.819289071041275241e-02	7.180084852889306868e-01	7.911337597453536041e-01
nan	-1.612655546645423099e+00	-1.051987657753087557e+00	8.427174664760643807e-01
nan	-2.560422023944711745e-01	-2.861928407394964680e+00	1.641766547378506358e+00
nan	-6.146513447099888339e-02	-1.708478940266865420e+00	-6.888115516300330476e-01
nan	-1.424566700616348047e+00	8.375472668384493780e-01	-1.200911870740468679e+00
nan	1.160734958962710728e+00	-8.498197905352813386e-01	-7.976375090553196046e-01
nan	8.084749775094361712e-02	-2.739710454471640522e-01	-2.654542245117653909e+00
nan	-2.609352979058157662e-01	1.228746209604986594e+00	-2.023245355998849693e+00
nan	1.683014674980138681e+00	1.131088562308819156e+00	-1.375580910171259053e+00
nan	2.642876306412476062e+00	2.106837145015175716e-01	9.964175378649636761e-01
nan	1.061237678880249558e+00	8.801557832170979756e-01	1.861602485137014540e+00
nan	1.779161592507930711e-01	1.176720773745026705e+00	1.773092255559162167e+00
nan	5.530251327085057289e-01	-6.134959716436269028e-01	8.104627701887692215e-01
nan	-4.755361626990812218e-01	1.471137420351143588e+00	-2.978296899488031002e-01
nan	-6.363236336325256426e-02	2.492462155427945802e+00	-4.399550589091388297e-01
nan	-9.858632541427568841e-01	9.010223969156271329e-01	-4.034386859714013118e-01
nan	9.789572672403478171e-01	1.617440187000005691e+00	1.197248860753503452e+00
nan	4.865298443025711794e-02	1.246839771937465091e+00	-7.217171430866859971e-01
nan	7.589678402769733934e-01	-2.254800876451633629e-01	-4.656953747104698449e-01
nan	1.264471952577177039e+00	-1.105609636013235031e+00	2.670752639514081928e+00
nan	-1.830138024898669835e-01	-5.668138113910762277e-01	1.979163009580759525e+00
nan	2.582729986924068299e-01	5.035668759365433123e-02	1.314425542554958914e-02
nan	2.348438387649232628e-01	-6.708733993519223893e-02	3.450820574515828243e-01
nan	-4.303481212218045471e-01	-4.360324298055130998e-01	-7.158249487266202249e-02
nan	-3.694638013142496624e-01	3.764786892918689509e-01	1.204804994163963361e+00
nan	8.312408942660015621e-01	1.625004672389712967e-01	1.042214703154233479e+00
nan	9.867222699641217121e-01	-4.146794254686980707e-01	8.607504498083076161e-01
nan	4.547306174471258400e-01	1.607932187931851720e-01	2.500669338093845173e+00
nan	-1.269037684652472020e+00	-2.005892247536578132e+00	1.736368683688958914e+00
nan	3.975968837163088576e-01	6.362769648005082157e-01	1.284636682282807696e+00
nan	1.287266686101834035e+00	4.964986014525324398e-01	-9.664564339378634017e-02
nan	-3.159699554163941659e-02	1.250174768715070828e+00	8.433280619840143322e-01
nan	-1.600985386879429484e+00	-1.255873848055782949e+00	-3.308537073619332025e-01
nan	-1.955413589457779988e+00	-2.277237151105028445e+00	-3.264923103098740231e-01
nan	7.095736519113871044e-01	-2.723723175134842300e+00	-5.755005850319019345e-01
nan	-6.163970152193992691e-01	-1.009087858094433798e+00	-1.095099210555827929e+00
nan	3.430121148506720674e-01	-2.363555102913332817e-01	1.459019237087455956e+00
nan	-1.028389710617894970e+00	-7.678068069450669220e-02	7.025994700948023919e-01
nan	-6.413686200172039609e-01	-6.817384777463501022e-01	1.392083343644875626e+00
nan	3.409610681356742834e-01	1.110401789963625152e+00	-5.316801334845727700e-01
nan	-1.837181996691069075e-01	-2.696677473297602323e-01	1.812347981987940226e+00
nan	-1.185497434963161512e+00	6.908650681340262611e-01	2.611824899939055866e-01
nan	-6.043327709871215703e-01	-1.227085895849902991e-01	6.898414844105599242e-02
nan	1.838635527470848352e+00	3.884111933611448242e-01	-6.179243856920239031e-01
nan	-1.302099800562272813e+00	-1.084355794748288027e+00	-5.038927521398992582e-01
nan	2.634200738220203730e-01	-1.265689538303905515e+00	-4.961415887130956048e-01
nan	3.167093771176158756e-01	-6.534263326147637940e-01	-1.503283641228295053e+00
nan	-2.892102503520750378e-01	3.134336275597543242e+00	-5.378958756462168811e-01
nan	-4.154355715701874008e-01	-1.157331589150465190e+00	1.369231683404949607e+00
nan	6.328526640111153956e-01	1.203252626093365696e-01	1.644882950202584126e+00
nan	4.019334706825322678e-01	-3.093583113776202653e-01	3.941795537004131322e-01
nan	4.709670765063006526e-01	1.814492341928179542e+00	-3.287008644460509554e-01
nan	2.038640812331342089e-01	1.541705126423834393e+00	-1.218150501767685467e+00
nan	1.624065068326852490e+00	1.328506405361865372e+00	1.079065476655260314e+00
nan	5.197930961847584408e-01	2.709025619077111147e-01	7.226269846428100552e-01
nan	-1.060471327880824211e-02	2.609481547232805898e-02	4.064158037392304745e-01
nan	1.242168425292510259e+00	-9.554308355676424114e-01	-7.512232342419138398e-01
nan	1.206363315252809709e+00	-7.645035698995126250e-01	-5.499523522652504104e-01
nan	9.408967736119293601e-01	-3.199630379060179886e-01	-5.372612516907510072e-01
nan	1.170788168264696338e+00	-1.056049561300534956e+00	6.968759212671510328e-01
nan	2.589902405691781317e-01	1.565567913576361991e-01	-2.146740872760504459e-01
nan	-6.539264433731335480e-01	1.439629244509146755e+00	-1.327037297439656705e+00
nan	-1.126822082584117757e+00	-3.618622700371277867e-01	2.196503283696195741e+00
nan	-2.770948842451431693e-01	9.752637933170020812e-01	2.572358610179591998e-01
nan	2.348598365210317951e+00	1.062211410172649417e+00	8.140610949897366666e-01
nan	1.961951835458057625e+00	1.166535160665938653e+00	4.324728250876263003e-01
nan	8.252245929312904682e-01	1.174238816260139151e+00	-4.721845542660003670e-01
nan	1.667856063960639457e+00	2.021734127542753612e+00	-1.313059702117417515e+00
nan	1.180219030673536729e+00	2.204160810287960182e+00	-6.263514178460134474e-01
nan	2.045335364596386540e+00	2.431735760972753013e-02	7.131185274716749234e-01
nan	2.573847538385339639e+00	3.635045313278386647e-01	-8.132732857806672655e-01
nan	1.073622460707196247e+00	-3.122997836047144427e-01	-6.740618541807230635e-01
nan	7.583360383664305981e-02	-7.304964265222677611e-01	8.349199049703469599e-01
nan	7.400792430103400599e-02	-2.916508312302599215e-01	-2.233240529332283786e-02
nan	5.778129413235020273e-01	-6.944990477816519459e-01	-6.081710896679774075e-02
nan	-3.019207286307978855e-01	-2.280348026512606818e+00	-9.918265663411475197e-01
nan	5.178520284196100887e-01	-1.609063531311034190e+00	-1.056246884053734902e+00
nan	-4.389520008185402999e-01	-8.239920385165255823e-01	1.124157259909368545e+00
nan	-3.878657958039814502e-01	2.807010506649191273e-01	1.925380506240276512e-01
nan	-1.027576847531883386e+00	-5.113987317766010010e-01	-6.426434090159240942e-01
nan	-3.900897173762214454e-01	-1.005658789738043679e-01	-2.097243008591089364e+00
nan	-7.745206586586695918e-01	1.241742361494723612e+00	4.845641634850652579e-01
nan	1.055840666776630687e+00	-1.476113064608446823e+00	-3.274344027365346799e-01
nan	1.684838195831660279e+00	1.716125902370625678e+00	2.686864930557295583e-01
nan	-3.008235908120846513e-01	2.168196988728842367e+00	1.024990223336960105e+00
nan	5.703143436943377553e-01	7.399191723003251120e-01	1.431728620654026951e-02
nan	8.564277454641162635e-01	-1.226228341244659514e-01	1.306457371606679185e+00
nan	-7.531889248295059458e-02	1.825417165814591680e+00	-1.733015856737571414e-01
nan	-9.901088744930508501e-02	2.053916984010991875e+00	8.990994376764023244e-01
nan	2.092823051236363696e+00	1.863600284004116592e+00	1.786502369374889820e+00
nan	9.548205435452548073e-01	2.403990632091692170e+00	3.842623671830331933e-01
nan	-3.252303739881921008e-01	5.561973560201219913e-01	-8.024041340046316195e-01
nan	-5.751766383891403489e-01	7.023825316092648929e-01	-5.733966341049845372e-01
nan	1.220652076162820121e+00	3.852615028138899333e-01	1.336099803166173494e+00
nan	2.747154349100905391e-02	1.021561941399140805e+00	-1.664731166145450025e-02
nan	7.791793826057982209e-01	-1.365628020188750735e+00	1.634176840005191034e+00
nan	-1.079353632739467717e+00	9.092823481316198997e-01	-2.016145933550197999e-01
nan	-3.886080159888294361e-01	-5.448713914549854209e-01	1.154271684101913831e+00
nan	-1.468678315929490497e+00	-2.063803509656605861e+00	-1.874675874736855485e+00
nan	6.376319728821149280e-01	-3.616738565999071398e-01	-1.403087824724459809e+00
nan	-1.583251265223701854e+00	-4.046269721381255680e-02	-4.553068164158775022e-01
nan	-9.697663441307660115e-01	-6.956870930530454356e-01	1.622428374691564645e-03
nan	-1.236157108083496325e+00	-8.789979690904330401e-01	1.443013698805298284e-01
nan	1.020345231314398582e+00	2.633927173804417876e-01	-4.975529616604613681e-01
nan	4.509019682126171880e-01	6.175022573112975977e-01	3.244586102846582776e-01
nan	-1.627172927522334556e-01	-3.178862689004069986e-01	9.197920469950431333e-01
nan	1.203423977534943401e-01	2.023624978686739684e-01	4.630733548920784592e-01
nan	3.330410243897369282e-01	2.625030650568649371e+00	1.282942773306027462e+00
nan	-1.170098553424736565e-01	1.571441100695598170e+00	6.767621529206824249e-02
nan	2.229959755729402193e+00	5.532903327457080467e-01	-5.669130668646206184e-01
nan	1.739445281823116751e+00	1.689831546854168476e+00	9.588156365593055730e-01
nan	2.452687249946165160e+00	9.411862027048182311e-01	1.046148378492101960e+00
nan	7.240690650374047577e-01	2.431032999419815877e+00	-7.577174776961619340e-01
nan	1.062351728292695530e+00	2.142519375565550721e+00	-1.949091297651673882e-01
nan	-1.556273597078086102e-01	-1.194545037596361325e+00	1.554119751958207285e+00
nan	-6.340951612366874102e-01	-1.658155688183964860e-01	1.128837716657796530e+00
nan	1.281871865209084582e+00	7.097191104142769325e-01	1.920888743390185116e+00
nan	1.179261040550677597e+00	7.438177211982641701e-01	-3.521030436844757583e-01
nan	-1.050787657445851675e+00	6.164559701883166598e-01	3.710252475268870365e-01
nan	-1.869765564147739978e+00	5.337508159621112691e-01	5.443623524683139925e-01
nan	-4.968098017658083565e-01	-1.520743808869783553e+00	8.770070951804480597e-01
nan	-1.302421430121615264e-01	7.688124197283252581e-01	1.452159858841685636e-01
nan	1.059473762280736864e+00	2.228530231414805329e-01	1.369467466703596870e+00
nan	1.812052116960773729e+00	7.008152457987417705e-01	-8.346677785047307285e-01
nan	1.856663853661148167e+00	4.146635214518917256e-01	-6.079274711670340503e-01
nan	1.762104282942203781e+00	-2.978041758949199203e-01	1.217086657588764886e+00
nan	1.002187856241165242e+00	1.165454395210347105e+00	2.590033076224266928e+00
nan	8.223450114541381861e-01	-8.499316106183603114e-01	9.016251064398763670e-01
nan	3.083657025388228945e-01	-1.320202704722746256e+00	-3.444094363156704475e-01
nan	2.498404221598352848e+00	5.951657708692955628e-01	-1.570067124404828651e-01
nan	1.430041089509115793e+00	1.026566019020430209e+00	-3.759472915252934366e-02
nan	2.283221458020382233e+00	1.684178860368134023e-01	-1.215058095798897120e-01
nan	1.486197699004151662e+00	6.184045544115234216e-01	1.956641431266256670e-01
nan	-5.979473906838024266e-01	1.101304745432959864e+00	-1.198641745797146552e+00
nan	8.238034400327340911e-01	7.032886401746134553e-01	-1.904436490117327185e-01
nan	-4.625515917885297812e-02	-3.001606605400017336e-01	7.977222669249199594e-02
nan	-1.155811054663629989e+00	-1.754173361581612189e+00	-9.644091220300599065e-01
nan	-1.376016806706572559e+00	-3.790769402887387285e-01	7.107790894578580598e-01
nan	-8.588557696099179406e-01	1.426703349912515240e+00	-1.633282723219012134e+00
nan	2.821397543286419674e-01	4.418206768607157997e-03	-8.600808534703298092e-01
nan	-6.725009995074893165e-01	-1.023427551197979346e+00	-2.006490561075193746e+00
nan	-9.364148280507483824e-02	-1.285766312637637521e+00	-2.048160543327127936e+00
nan	1.182099996509209605e+00	-1.537878178151323105e+00	-1.745741486020446764e+00
nan	1.373357571931142385e+00	3.025688693118611106e-01	-1.069309374680640357e+00
nan	-5.182430658367024323e-01	1.824677947627625918e-01	2.447372705686118310e-01
nan	2.383195913862036774e-01	-9.608876244920219190e-01	-7.060737510689860108e-02
nan	2.107941118699463712e-01	1.152605215600556621e+00	6.301449951715274445e-01
nan	1.436228819199866780e-01	2.131839936389005707e+00	-1.282148969949119977e+00
nan	-3.387167660019205773e-01	4.707319196551531526e-01	-5.668613294080951936e-01
nan	2.285842192400428657e-02	-1.727483455272867063e+00	1.318779719115056537e+00
nan	-3.222723186501137427e-01	-7.759696888696583361e-01	-5.117301179681686962e-01
nan	4.516011136310698615e-01	2.853248266832352775e-01	-6.666342305400692059e-01
nan	8.045182993721716747e-01	-6.579033101043385567e-02	2.110803021836343274e-01
nan	1.248331987734926596e+00	3.144541232669951780e-01	-5.645914789246299081e-01
nan	8.873599912175895721e-01	5.872381503611668885e-01	7.718674884734018082e-01
nan	-9.113613566045215553e-01	-2.023877686087203753e-01	-1.062352028449090824e+00
nan	-3.313947397019433083e+00	-6.812330780967101873e-01	1.477079446909731253e+00
nan	-2.983635645041895934e+00	1.633237252110435689e+00	-1.407518299663317540e+00
nan	-1.683335730397290897e+00	-2.268564003343969959e-01	-7.674361736052728311e-01
nan	3.952589622972935146e-02	1.185477680549613222e+00	1.028732819118430175e+00
nan	-1.554821497806097241e+00	-5.608799576206535686e-01	1.232587122525917511e+00
nan	-1.552616055901526515e+00	-3.967098506643448319e-01	9.499986385675783795e-01
nan	-7.737522863201383716e-01	-5.782686149956028920e-03	-2.525416211792269605e-01
nan	-3.577249106120650723e-01	-8.981376122803201856e-01	-1.443324641302055344e-01
nan	-1.650931545933581601e+00	1.412597452899291062e+00	-4.750982816874904646e-01
nan	5.050318197215957206e-01	-8.600234315041663802e-01	4.363532765913037403e-01
nan	-1.909608920468283677e-01	2.137878890164214507e+00	-2.414607028115434706e-01
nan	-6.590650951847095707e-01	7.915996459247643946e-01	-2.164435277262258817e-01
nan	4.852438166155148558e-01	-6.648096356810596630e-01	2.398880662322067092e-02
nan	-8.571309009632263609e-02	-2.930759196501337982e+00	-1.048313551075492400e+00
nan	-2.401713889100121957e+00	-1.274079851384801731e+00	-1.494248938965216711e+00
nan	-1.707552495673518855e+00	-3.078987452733453090e+00	-1.071613714768826942e+00
nan	-4.501036702139238344e-02	-3.393039588347175339e-01	-1.208920695779837295e+00
nan	-2.749309927359951944e-01	-1.503058539125312065e-01	-2.035578414211071774e+00
nan	2.041945888003656950e+00	9.980605120486595316e-01	-2.271629526722232839e+00
nan	8.284682760402508617e-01	1.861510229600353838e+00	-1.053562770349565358e+00
nan	1.065660016779137464e-01	7.237035076383343535e-01	1.128908128607404748e+00
nan	-4.764554350253687454e-01	2.147036764126356800e+00	1.951076997480680197e-01
nan	-3.905438508440590706e-01	-9.746534923123451044e-01	6.876617876014720077e-01
nan	-1.221643929944436380e+00	-1.842859793596404394e+00	8.144551671363063905e-01
nan	1.009967481693458069e+00	-1.273139307366494055e+00	-4.714451583394390077e-01
nan	-9.927423963921214178e-02	1.619307000730538348e+00	2.749059810125846770e-01
nan	3.144207159807275609e+00	4.069846292901782570e-01	1.356445452899003978e+00
nan	2.605933365878496666e-01	4.025318267350562751e-01	8.380426734113923803e-01
nan	-1.414894260496211587e+00	-4.754343811087509142e-01	1.400521604592321445e+00
nan	-4.673757339517212728e-01	3.112076853876396543e-01	-3.464384878015782654e-01
nan	-1.092927202737336678e+00	-6.351742405525523383e-01	2.117311026880747349e+00
nan	-1.935220883413044435e+00	4.702220725106348587e-01	1.154497136133744384e+00
nan	6.021046815520020301e-02	-1.076449341986405850e+00	-9.009715056163742908e-01
nan	-1.126383654759224751e+00	-8.386217947073975054e-01	-5.228518803299997408e-03
nan	-8.599174357323052797e-01	-1.129401088317286694e+00	-1.357580988659192966e+00
nan	-1.662007931327134092e+00	7.289391096214978827e-01	-2.215507945468119466e+00
nan	-1.251231957707733766e+00	-2.831391740674580326e+00	-2.470956627847222531e-01
nan	-2.074316932549986170e+00	-1.319714364609439139e+00	-1.205152597493490241e+00
nan	-2.519298198629628116e-01	-1.314263623829653227e+00	-1.528991306909889270e-01
nan	-9.797760430218716010e-01	-4.689716713174973961e-01	1.214294220575758976e-01
nan	-2.157839185772755464e+00	1.666102374290414634e+00	-4.894632590593532839e-01
nan	-1.156491506181898388e-01	-9.610522146031484914e-01	1.270216253386149408e+00
nan	6.902953043034703029e-01	-6.225787185848539185e-01	2.790700081809809330e+00
nan	-1.230505288587694368e+00	-4.642478759535135224e-01	1.834549935525903397e+00
nan	-1.510872516001086296e+00	9.811944148705820101e-02	2.002592287739764831e+00
nan	-1.273420278945593287e+00	-4.620542994508058388e-01	1.318484081676871034e+00
nan	-2.381802365512732944e-01	-1.496442981179624265e-02	-1.167924204068179872e+00
nan	6.095840061516770436e-02	7.016978496907763097e-01	-1.207377846900118845e+00
nan	-1.432244313432560201e+00	1.665868060703932507e-01	1.461407025501259560e-01
nan	-1.380528908246395181e+00	9.627270559553477991e-01	-3.585129012763428324e-01
nan	-1.744879259539482141e-02	-8.953630296547966383e-01	-1.030359239926022852e+00
nan	2.520683110136745508e+00	-2.547485666090245626e-01	-5.626825180166029616e-01
nan	6.086511884110888948e-01	1.011416731972032190e+00	3.051485859991385219e-01
nan	8.666226584330347649e-01	-1.078443766485326361e+00	6.422240223056003838e-01
nan	2.048465590383636292e-01	1.950914941634044997e+00	-9.789339053596404217e-01
nan	-3.980709038171204028e-02	7.079397399127582702e-01	7.723444736400255639e-01
nan	7.422123601411972915e-01	8.204134219715610854e-01	2.455776082888114498e-01
nan	-3.375599197508267757e-01	1.198643329414472491e+00	8.232197202767360666e-02
nan	-6.216107699159343358e-01	6.258116143798737596e-01	-7.316675074925309552e-01
nan	-1.869303966708923070e+00	-4.089379685374021633e-01	1.412589310442625978e-02
nan	2.248687342532724731e-01	5.576845618119186110e-01	-4.712157597877111859e-02
nan	2.832777028791381713e-01	-5.380229033851684495e-01	-7.350897184587312783e-01
nan	-2.192647857610304646e-02	1.211855066900709321e+00	-1.029792862432378775e-01
nan	3.991824516545828816e-01	9.034580319645129087e-01	-2.192124223162339458e-02
nan	1.444578305476016622e+00	9.046159349562412633e-01	5.932552011009091242e-01
nan	1.811284143724437357e+00	-1.284933897209360687e+00	7.952459764979900037e-01
nan	1.787898117035074064e+00	-2.801581087102297252e-01	-1.816668579666335104e-01
nan	-3.087824259713741748e-01	1.108716005573958885e+00	1.626550348331146090e+00
nan	1.577013624849376017e+00	1.271642397495744703e-01	1.395931820795841105e+00
nan	6.631767993417597706e-02	-1.237694113264947049e+00	8.298808759732609897e-01
nan	-5.371485988100028752e-01	1.256396855416355818e+00	8.952214849702826438e-01
nan	1.504188369034423767e-01	1.953762578410961570e+00	8.131726368063932897e-01
nan	1.485810081861767440e+00	1.076799595315063307e+00	-1.906710183265780678e-02
nan	1.724092490233866348e+00	-8.819793635073199800e-01	-6.284939798106888853e-01
nan	-1.034898571889207308e-01	9.134274122506589322e-01	-4.827436222362941343e-01
nan	6.225780537403844406e-01	9.108458739903482204e-01	-6.181527413071853383e-01
nan	-3.336808842351740578e-02	7.320772356968363592e-01	8.283039167589348883e-01
nan	-1.871094373932820298e+00	1.687702018956855676e+00	-2.585969689394448601e+00
nan	-1.515717437405020185e+00	5.884006306249842666e-01	-7.349965800633443402e-01
nan	-1.809360926390021662e+00	7.481335775963826595e-01	5.341638290549106660e-01
nan	5.111307063568438780e-01	-1.151078967445630763e+00	9.386115758536948128e-01
nan	-7.074449672397680189e-01	2.681496621124902280e+00	-2.011458294838739946e-01
nan	5.321883081183215181e-01	-2.912716106199393362e-01	-2.878027809657807135e-01
nan	1.227942098678269200e+00	2.385814297409214468e+00	-4.785299449729235599e-02
nan	2.037666916742895129e+00	-5.460038105674591691e-02	1.405586884238850365e+00
nan	-4.484002808578145816e-01	-3.964813092972740982e-02	1.879778610781934756e+00
nan	9.720560373806808041e-03	-1.353658676580915987e+00	-6.004731956771653945e-01
nan	1.152685083733187676e+00	-1.159966630501746421e-01	-4.805692288082649699e-01
nan	-1.096406208683668559e+00	1.687108918507211452e+00	-5.202921416154304701e-01
nan	9.228153788506546773e-01	1.486696555353503646e+00	1.095848647017541699e+00
nan	1.746403482977663346e+00	2.858734373766226966e+00	9.013486455682735432e-01
nan	6.933692834248704751e-01	2.128071672237196843e+00	-2.848125224558835100e-01
nan	2.785740480675788167e+00	-1.038335018384704433e+00	5.746751591791429137e-01
nan	-9.265724578213174745e-03	-6.620086300090355369e-01	-2.467501950142751699e-01
nan	-3.270198203387350566e-02	3.729838242425719264e-01	1.652090764753765262e-01
nan	1.177045012680013159e+00	-2.489737613129933136e-02	4.176750869403365041e-01
nan	-1.367223131627101296e+00	-1.549287422867993147e+00	-4.458423852119411945e-01
nan	-1.734775211260641159e+00	2.199065251996090709e-02	-1.227546395426115655e-02
nan	-3.274112332111298596e-01	-1.242631381800482382e+00	-8.120537316839592235e-01
nan	-1.436996553645281782e+00	-1.871774230314224630e+00	5.409879347517325687e-01
nan	-6.383180395853831346e-01	-1.532642799462397232e+00	-2.717460857161858589e-01
nan	-1.531286057390673916e-01	-1.344382146735214612e-01	4.531008612748184117e-01
nan	3.417495134324846084e-01	6.912889247124720526e-01	-1.099877846560792516e-01
nan	1.828527639743021127e-01	1.282025354328145905e+00	2.203577035381920068e-01
nan	3.942930840114765023e-01	-1.796660104766738986e+00	5.824252520635397889e-01
nan	1.430231218987625175e+00	-1.193192426494788627e+00	-5.175252949034582217e-01
nan	-9.931587825809852221e-01	-4.984827683749497584e-01	-3.364486719338737331e-01
nan	-1.773533146145799266e+00	-1.851355619400160135e+00	4.734505864916229156e-01
nan	-1.509012136110300606e+00	-2.497768531199315412e+00	6.720081892998193140e-01
nan	-1.506216311509804839e+00	-2.640501978011839057e+00	-9.125226437766462695e-01
nan	-1.264390275260198759e+00	-1.810244948124018594e+00	-1.318368861334872300e+00
nan	-1.536828568566016573e+00	-1.368100788374437160e+00	-1.227890986809309082e+00
nan	-1.580577353119168693e+00	-2.335951960605483269e+00	1.271562111971558995e+00
nan	-1.210351527014755790e+00	-5.593218648747897426e-01	-6.393055072854442189e-01
nan	-8.580579827520484759e-01	-9.503162179387489861e-01	-1.050622589774796278e+00
nan	-1.443683718211073330e+00	-8.681077521810726116e-02	-4.952526457502235968e-01
nan	-1.056303531490619063e+00	-2.422548179174423222e+00	3.375932030614273160e-01
nan	-1.422443244392550321e+00	-1.516693972418108771e+00	-6.786477704667215338e-01
nan	-2.020150416655055459e+00	-1.077249262697419718e+00	-6.972233464428657657e-01
nan	-3.212208008158770944e+00	-1.710291669596630815e-02	-2.438841077521614054e-02
nan	-1.402444342119132381e+00	-9.378176868262640964e-01	2.931906165482405235e-01
nan	-1.723140005020333376e+00	-1.126938488752528666e+00	-1.709070421070725487e+00
nan	-6.203006622869025044e-01	-3.600620667141095854e+00	-1.656635723540710536e+00
nan	-1.955543659254326716e+00	-1.669815468304836736e+00	-1.019312368093688859e+00
nan	5.149120916454545949e-01	-9.285101566937764561e-01	-3.107754785160796729e-01
nan	-1.270800106715336275e-02	-3.787013086684237750e-02	-1.325539503491497406e-01
nan	2.784859551081182438e-01	-5.231711122504836275e-01	2.492484371797028808e-01
nan	-1.497779249884044317e+00	3.523120156660959346e-01	1.489048181800796122e+00
nan	-8.104790897869120769e-01	1.765649677828783348e+00	6.146866989654699021e-01
nan	1.523893982510507117e+00	-1.061094258454854167e+00	4.195567854004225161e-01
nan	1.184360698184120375e+00	-9.380178316515083714e-02	-1.486669186520571950e-01
nan	2.042497020361622617e+00	-3.889455230370253425e-02	-1.213098951184315100e+00
nan	2.775172492934620649e+00	1.462128557717164767e+00	-3.040968720187167684e-01
nan	1.205251285210491075e+00	1.325880242333076442e+00	3.534881124115135664e-02
nan	1.290650126762290517e-01	5.265263405088105308e-01	-2.762725650045813053e-01
nan	6.913276693402228279e-01	-2.511951047220222777e-01	-8.943040241792650225e-01
nan	1.008157245886888820e+00	-8.752755587470660847e-01	-3.439444414344592915e-01
nan	-5.606383553814704435e-01	7.440327085508544602e-01	-1.167942284392059715e+00
nan	1.451470129947389998e+00	7.402167952578430077e-01	-1.823577783211402847e+00
nan	2.992457921792029962e-01	8.472275107069093814e-01	2.871231756682705583e-01
nan	1.393816746902361903e+00	-1.051188041126476236e+00	-4.796065118911441161e-01
nan	-8.921372898131065821e-01	6.783595002385905959e-01	-2.366322432461189784e+00
nan	-1.087034095182783711e+00	4.952796800393044485e-01	-1.487507421962954046e+00
nan	-8.417524204063060456e-01	8.820378861820497018e-01	-1.184405885236898270e-01
nan	2.174339869724014607e-01	-7.441347441709975641e-01	-1.913870717011166844e-01
nan	-4.795286226026315712e-02	-5.011850840479606939e-01	7.015592922881287441e-01
nan	-3.260232603597362777e-01	-5.878911083753884936e-02	1.701367471441574408e-01
nan	5.739497535089232993e-01	-9.117034635039141799e-01	-1.665090997121853489e+00
nan	3.993546887143423207e-01	1.412238528134815985e-01	-6.201386194245106509e-01
nan	1.477480848485316356e+00	-1.412960425852265889e+00	-2.856825734533994798e-01
nan	8.875903776071658591e-01	2.096063074221806932e+00	-9.006552142322516996e-01
nan	1.246285587935232808e+00	-5.842025178383009054e-01	-1.005367129875078258e-01
nan	3.462351564308516760e-01	9.151261017675897946e-01	-1.771600203411904051e+00
nan	3.495793450533651869e-01	-1.646325231435402880e+00	-6.726106644237500598e-01
nan	3.854833566761556307e-01	1.396944801867505692e-02	-1.116089632170109036e+00
nan	-2.737947144192890425e-01	4.217331265935125306e-01	-2.708486473741316125e-01
nan	8.386788132118788708e-02	-8.502190747514751235e-02	-1.526447514603427758e+00
nan	4.660636119523519083e-01	-1.358287718383419385e-01	7.486913737489309106e-02
nan	2.644934537691195353e-01	5.816222870966327729e-01	-1.709059768668869328e+00
nan	5.478692288696185297e-01	6.049486682307989582e-01	7.684650871885075896e-01
nan	1.614688404306054981e+00	4.241059345151098614e-01	-6.949359389815530363e-01
nan	-1.465301150301934197e+00	1.394032266265026410e+00	3.215475745151266662e-02
nan	-1.582575091189736938e+00	-2.620046927867895614e-01	7.996018288291375509e-01
nan	-5.511935188085367310e-01	-1.604953532851783216e+00	4.135126949842288790e-01
nan	-1.421666302078048449e+00	-1.785594386831377500e+00	-2.815830896860259669e-01
nan	-8.029759728295268184e-01	-9.695419954657759076e-01	-2.674677727576690867e+00
nan	-1.735912892001448604e+00	-2.489393453911731502e+00	-6.545942847408730003e-01
nan	-2.904228363966980808e+00	-4.395287763595310260e-01	-4.488434635739812495e-01
nan	-2.470763973835897520e+00	-7.176974473156986223e-01	1.217022921206838415e+00
nan	-1.292133924093259445e+00	-5.909827871686275103e-01	-1.282586737740367244e+00
nan	7.407313232923430357e-01	-2.451056875488423881e+00	-1.129940171075190847e+00
nan	-1.696999131131091909e+00	9.565172861163946383e-01	-3.068961976408806080e+00
nan	-1.769114754346954088e+00	-6.177942229037075572e-01	-5.311714242561176302e-01
nan	6.010537687251014116e-01	1.114779591287727634e+00	-8.819278013389628690e-01
nan	-6.734129922079579167e-01	9.931158796570230818e-01	2.127785169210424931e-01
nan	1.527016861803587866e-01	-2.448346271305154309e-01	-2.134944986435582059e+00
nan	1.311142897561284437e+00	8.594503851381529724e-02	2.713812631725842639e-02
nan	-8.511177492961741198e-01	3.246399567673927677e+00	6.214375895083671386e-01
nan	-4.061231579095340161e-01	-3.736742273429590755e-01	-1.261291227032510509e-01
nan	4.028940176123174677e-01	-6.472045387494480551e-01	-1.497773841572067610e+00
nan	1.347876720201962364e+00	1.691185202355032502e-01	-2.745224720856292988e-01
nan	-7.672069493364173098e-01	3.879979176990086542e-01	2.789052968773199748e+00
nan	2.458691001400589715e-02	-7.595515388018573288e-01	1.181296856452540567e-01
nan	-5.592461466947717952e-02	1.726991430784755810e+00	8.643872296241986164e-02
nan	-1.221481899070391508e+00	3.976143046973200645e-01	3.688619780239699164e-01
nan	-6.049085429402623060e-02	-7.496432265109835846e-01	4.848587957112024394e-02
nan	-1.422578321440749249e+00	-1.485503184531829834e+00	-9.359892073560618364e-01
nan	-1.869499514209950197e-01	-1.612569590034811373e+00	-1.566569737088723269e+00
nan	-1.383407996047649080e+00	8.808850670556888085e-01	-3.147739944940036727e-01
nan	3.995247794548932307e-01	2.069282604387895907e-01	-1.324372174941350178e+00
nan	6.513212077638372843e-01	-8.728241182173800405e-01	7.863646671086135242e-01
nan	1.051029060428843032e+00	6.538523988549541643e-01	-1.671857499960414550e+00
nan	2.592049105891185867e+00	-1.476408015598520418e-01	-4.561614801185804868e-01
nan	-6.216908615929899184e-01	2.384774854686903534e-01	-4.036748447824651809e-01
nan	1.338989128388674565e+00	1.009384815650883116e+00	8.469853061562582219e-01
nan	1.474917688477626054e+00	1.915166439880290117e+00	-4.639384083691646676e-01
nan	3.201987500564971167e-01	2.468894946092023535e+00	3.066768645084539946e-01
nan	1.731649775674323211e+00	-2.524155143615476327e-01	-5.925459064540266052e-01
nan	4.013023679742105387e-01	1.021924139155375055e+00	-3.380277539751719296e-01
nan	1.389206864675231357e+00	-2.558755658875415118e-01	2.066923663450948911e+00
nan	4.306683713638249089e-01	1.106173955785541008e+00	-1.112761063183785870e+00
nan	1.837978988831652782e-01	1.627397371624777156e+00	7.599693846202005831e-01
nan	8.966319176277932623e-01	1.030090115316938837e+00	-4.962738178621972640e-02
nan	-3.242554498837190158e-01	2.915223581066014980e+00	5.389628336145988463e-01
nan	6.312215391155255872e-01	1.715670476356551788e+00	-5.253044764913061826e-01
nan	2.774549433158649325e+00	9.892960985743108893e-01	6.089018028090548151e-02
nan	4.425385258121998788e-01	2.120729868813379326e+00	1.134511532433848613e+00
nan	6.419933693533370622e-01	1.738975942044375556e+00	3.617310369094040023e-01
nan	2.499274261760771054e+00	5.665267069125945465e-01	1.259808179730465438e+00
nan	1.443400619856087364e+00	2.152619237221823134e+00	1.887138477622652744e+00
nan	2.720687678560657297e+00	9.085868784670889653e-01	1.231690161884256174e+00
nan	2.100851824477867336e+00	-6.350710707215596607e-01	-6.893315385296987508e-01
nan	3.990513801552306172e-01	-5.324451530864517945e-01	-9.576424359618139759e-01
nan	-1.929639696822069261e+00	-4.799623980015159108e-01	1.167198142052050525e-01
nan	6.558959150940413263e-02	-9.150613501652848925e-02	-1.501663067941810814e-01
nan	3.990596919356031447e-01	-6.573854847443709737e-01	5.904569821446439271e-01
nan	-9.158874281568153419e-01	-2.505270986930717148e-01	1.269500752679473710e+00
nan	-1.466203227213238369e+00	2.705007248093224681e-01	4.924031528447964101e-01
nan	-9.917297953547201672e-01	8.068770018522708476e-02	-1.692786423501393966e-02
nan	-1.709967656667804370e+00	-1.044494385790992297e+00	7.685666305126537257e-02
nan	-2.108139579898020255e+00	-2.293018606998537656e+00	6.908034108281091434e-02
nan	-1.847522641234765839e+00	-7.528959513513254764e-01	-5.268715798966669972e-01
nan	5.592940905826226938e-01	6.171003573413158527e-01	1.165825951239620739e+00
nan	7.996143979861423112e-01	-1.345530621626975787e-01	-2.708559719574301639e-01
nan	-5.548645919662473780e-01	-8.044035145320141411e-02	3.238584492451072050e-01
nan	1.346589817316481419e+00	-8.534759364155489747e-01	1.462423559114208516e+00
nan	2.428225571668319316e-01	-5.264561545640608076e-01	1.369262120216608869e-01
nan	1.419596936175775648e+00	-1.429378366201170980e+00	-1.622676460783857522e+00
nan	2.379837183921164612e-01	-7.713158646334441482e-01	-3.250789976518131397e+00
nan	-3.286892221161405447e-01	-4.089122828551520206e-01	-8.880289998709690602e-01
nan	-1.975071584816032955e+00	-2.720492086182247360e-01	-1.442019503957433724e+00
nan	-9.320897529709366580e-01	2.633828492217711315e-01	-8.199264152678175099e-01
nan	-1.233003343790614048e+00	-5.627014067752474924e-01	1.172600377457743370e+00
nan	-9.665122513086863432e-01	-2.275889557814836373e-01	3.913826625150975680e-01
nan	1.449970187319023496e-01	-3.163070061902824581e-01	1.420858109782437428e-01
nan	4.533874996843295646e-02	-2.522047613183993064e-01	-1.373016017572585623e+00
nan	-2.117272580891008449e+00	-1.272525736230869509e-01	-8.949408542629690988e-01
nan	6.647528322998620398e-01	-6.123858622185374134e-01	7.273900335701096731e-01
nan	-1.623955296587134001e+00	-6.540625379549401819e-01	-6.005896006431453715e-01
nan	1.255591650219163302e+00	-7.673607962991457754e-02	-1.306781376792779614e+00
nan	1.107428194377288788e+00	6.279646851826464760e-01	-2.588040479427530904e+00
nan	8.901474664267197134e-01	8.137940474589792084e-01	-2.140407783721417267e+00
nan	-4.977132870340031934e-01	8.254146680755589660e-01	9.627993852871941094e-02
nan	-3.633023671972480106e-01	-1.328150873287065714e+00	-1.605169367304397632e-01
nan	-1.033847439935391410e-01	-1.067955941780379003e+00	-1.474864931555855074e+00
nan	-6.871243611970265786e-01	-2.185344563024315789e+00	4.918261355375704857e-01
nan	-9.653684005524132417e-02	-1.346390943784519623e+00	-5.835703768412084935e-01
nan	1.005996223336098394e+00	-1.347826791038347460e+00	5.656761197128959973e-01
nan	5.690935229013383001e-01	9.873747606442835612e-02	-6.062494440842680632e-01
nan	6.343006826780855922e-01	8.429300652330381505e-01	1.426801283690506406e+00
nan	1.743933694742822449e-01	-6.992103722293487866e-01	8.085266579281626953e-01
nan	8.237190328085124413e-01	-2.044305998892720577e+00	7.438822613903981473e-01
nan	1.464983551272288853e+00	9.039196496901309441e-01	-5.337536554596489236e-02
nan	2.050093369054809322e+00	2.603638657831854442e+00	-7.999658926660957459e-01
nan	1.771702257195134411e+00	2.040432620604699654e+00	1.102653020190184296e+00
nan	3.270650930000926770e-01	5.000547850953316331e-01	1.567855616972395616e+00
nan	-5.413370332695661702e-01	1.011173856239945046e+00	2.340044830602617587e+00
nan	2.253790328405944343e-01	-6.435808040669872554e-01	-7.849636613370276628e-01
nan	2.195877922682865524e+00	-2.687832111210125552e-03	-1.545035164384517934e+00
nan	2.605704140347336217e+00	-8.925693301566438587e-01	-1.277955287771341375e+00
nan	1.090529465633228723e+00	3.089092851611963120e-01	-1.213765943134014869e+00
nan	1.839421236192433806e+00	-1.968123459116989382e-01	5.847234816718767103e-01
nan	1.883279952032489435e+00	1.529946050095006616e+00	-9.136959553481089902e-01
nan	-2.679752085277775642e-01	1.093209980108849955e+00	2.727188219443701378e-01
nan	6.067984628625811006e-01	-8.656751611754551767e-01	1.725341004261659261e+00
nan	3.023273750943629712e-01	2.703319027535930452e+00	1.103566662086294947e+00
nan	2.376472866663996264e+00	2.695396259500024705e-01	1.560727452518271274e+00
nan	5.026739701868174759e-01	9.776670714145674346e-01	-1.234172915570072249e+00
nan	-1.585641648255466940e-01	2.137912992602737816e+00	-4.602357253385875313e-01
nan	-1.466318260302915899e+00	1.255422706435336933e+00	1.017285065650984865e+00
nan	3.802909274662586436e-01	-1.212867810306961364e-01	3.913493952067699788e-01
nan	-2.587854204187644003e-01	-1.223833353217492315e+00	1.084046451651616616e+00
nan	7.888827000793907640e-01	8.718246605831905249e-01	7.021142161834355022e-01
nan	1.549255108593639907e+00	-3.745484766000098387e-01	1.847206249895739338e+00
nan	-2.172811826253295830e+00	1.689103599339199402e+00	4.230420710284598651e-01
nan	6.750442759154015038e-01	-3.621097659707580574e-01	1.677411267307049592e-01
nan	-3.346629973178659456e-02	3.154828728678533700e-01	-1.113812632802099328e-01
nan	-1.323479211221269436e+00	1.100257852515402091e+00	5.280247154244344099e-01
nan	1.380238586214660890e+00	-1.059751120494916155e+00	-1.760191159906820957e-01
nan	6.437508022788546169e-01	3.886434296754864848e-01	9.956376263040667141e-01
nan	8.770749401202277973e-01	-3.142182284246917146e-01	6.468529740080419810e-02
nan	6.546136080644663346e-01	-1.173484610850203391e-02	7.909756688391997859e-01
nan	-7.168960530608590176e-01	-3.868413189374933503e-02	3.834497416007009996e-01
nan	1.015541277380495266e+00	4.401308729036858547e-01	-4.205468611926756473e-01
nan	2.870854376110111850e-01	8.518124225451046971e-01	-5.574424998176090718e-01
nan	-5.032015139293014583e-01	4.443540574924553788e-01	-1.103595041238647934e+00
nan	-8.372392568870251628e-01	-1.924753810692026113e+00	7.394079539315816518e-01
nan	3.385740138224713203e-02	-1.436802441051059365e+00	2.658947187723060823e-01
nan	1.664233800211356140e+00	-3.603812860306271904e-01	-6.521599713523735797e-01
nan	-5.525208187272612204e-01	4.118002933257878251e-01	-2.785713259354682059e+00
nan	8.785327456780043232e-01	1.058326930333148619e+00	-9.834192170150586332e-01
nan	1.356459579859756959e+00	-4.761294305847135755e-01	7.475726903812471846e-01
nan	-4.328904255275457524e-01	-9.348785960324706990e-01	-1.121777802538798802e-01
nan	8.703540086277044008e-01	2.657748274070640959e-01	2.943761931117726549e-01
nan	3.092740132269289899e-01	-8.306053628706534520e-01	-1.251781644206197142e-01
nan	-6.713953330075470571e-01	-2.089419601008071670e+00	-4.377607328704438139e-01
nan	-6.955026807990764004e-01	-1.804168014462301795e+00	4.025634488767245722e-01
nan	-8.309201546432624097e-01	-1.036010553824655789e+00	-1.737184624618907658e-01
nan	-1.156843851371909704e+00	1.764760727277824293e-01	1.478698087432526842e+00
nan	-8.633387211155822971e-01	-6.167501484153020685e-01	2.168088765052923472e-01
nan	-2.093246653486611653e+00	-5.956585919178127853e-01	-1.390233887658240519e+00
nan	-1.449715129285547688e+00	-2.241080090209722542e+00	4.553832105609900704e-02
nan	-1.040027576170810208e+00	-1.538082014912464102e+00	-1.422580681229166588e+00
nan	-5.357291565279345136e-01	-2.559623688368253269e-01	1.226967115338295500e-02
nan	-4.849614784314170146e-01	-8.114901453550824595e-01	-8.910935918883627904e-02
nan	7.644457073715524853e-01	-8.999237950487211091e-01	-2.101092549164501055e-01
nan	-2.770893845507854114e-01	-3.358086738703792984e-02	-1.539615724721725032e+00
nan	-4.294054145403745915e-02	5.755687394872138762e-01	-1.606225087938181639e+00
nan	-1.627218428047659537e-01	1.236351932485737937e+00	1.173431545446621982e+00
nan	-2.390688372413924401e-01	-7.293906013367914554e-01	-6.549404295719420954e-01
nan	1.163988677494973145e-01	9.176630723116899757e-01	1.090934914658397981e-02
nan	-7.208919056564561112e-01	1.747544567513346525e+00	2.080180187890353416e+00
nan	8.316819319951576084e-01	-7.281470292479155226e-01	1.670554553099007800e+00
nan	3.358749027853178554e-02	7.348264061068864317e-01	6.252420982701345498e-03
nan	4.371748415213118077e-01	-9.424234464099072728e-01	5.881374359061786183e-01
nan	-6.462663933450080167e-01	-3.358421105785126537e-01	-6.558531922399658542e-01
nan	-6.197690366875299173e-01	-1.498041374894347966e+00	-1.506807998152603911e+00
nan	-1.657848689035124501e+00	-1.002615204145629768e+00	-1.614897666628670070e+00
nan	-1.254411492585389087e+00	-1.407861420897671856e+00	-2.227446794587399026e+00
nan	1.887437020883988570e-01	-1.141474914468195045e+00	-1.649311735605373475e+00
nan	-1.882494809676020231e-01	1.810877630331760857e-01	-2.423181963559843943e+00
nan	-1.821478083578020046e-01	-1.297560696679784353e+00	-6.101798085689105200e-01
nan	-1.344648577320725291e+00	-1.547392839267736742e+00	7.145340014259842221e-01
nan	-1.157351085325667883e+00	-1.529855355953178009e+00	6.563518482250176866e-01
nan	-1.614951789774810020e-01	-2.244207609505206591e+00	-6.960200502781093146e-01
nan	-1.804941683422812471e+00	3.853051122044356402e-01	-1.650000597736310803e-01
nan	7.713464451263241095e-02	5.710050614738172436e-01	8.177760840197264569e-01
nan	-2.433739653578966822e-01	3.405762307981786696e-01	-5.767816287240394857e-01
nan	-1.776738594874150909e-02	-4.538690477353149455e-01	-8.789396350429362625e-02
nan	-1.651935304352896816e+00	-1.225534825831450680e+00	2.802900226586278465e-01
nan	-5.696465922271303217e-01	-1.659815050701407335e+00	6.376876010188838872e-01
nan	-5.578251664397687604e-01	-1.516635655579860131e+00	-9.600014971832779853e-01
nan	-1.557642374016608988e+00	-3.494558434800235647e-01	-4.791216052136507697e-01
nan	-4.184077853675715608e-01	6.937403937538718646e-01	-1.757459738882956257e+00
nan	1.859863384304222489e+00	4.108445326144609666e-01	9.517262830218462533e-01
nan	6.452282829533888542e-01	2.963462747428018962e-01	-8.795745973841211374e-01
nan	1.848832933437641213e+00	3.331425724522873444e-01	1.042444299305742117e+00
nan	9.873457246858349245e-01	8.023196503641598643e-01	9.827789761592926610e-01
nan	1.251673739949140884e+00	8.314932115975783855e-01	1.494111069848098605e+00
nan	-5.544065945398091166e-02	1.852648858980503466e+00	2.267535300374411200e+00
nan	-6.266054639278417770e-02	-1.173018039345753438e+00	1.690057619459670368e+00
nan	-1.104065294805770536e-01	-8.313894683733575874e-01	-3.881770158280384297e-02
nan	-5.239066205972346957e-01	-2.165594377797926962e-01	-7.971448900456497011e-01
nan	-7.987195765786981871e-01	-1.111398046246273807e+00	-1.802140656975823596e+00
nan	-5.956926780373814623e-01	-2.223235296691735474e+00	-7.284220893533845942e-01
nan	-5.209895865477360832e-01	-1.419116606095688127e+00	-2.138322033637867658e+00
nan	-1.028006291585436660e+00	-1.853733049016824896e+00	-2.095272947577580425e+00
nan	-2.146741754204235519e-01	1.725204667073028331e+00	-1.946216385620185285e-01
nan	2.975704383324221380e-01	1.323547556743695397e+00	1.188438484082331215e+00
nan	-1.404002563667271497e-01	2.127943061210456843e+00	6.863861140576391628e-01
nan	2.839684398874497973e-02	2.887262767953236775e+00	1.425949758205681039e+00
nan	4.978013504356980090e-01	7.029646121973811557e-01	2.897703658290522899e+00
nan	-4.463733184181740699e-01	1.469175606560024772e+00	8.057690352215929330e-02
nan	-6.845988572864900590e-01	9.219350407200073150e-01	1.406809797574560261e-01
nan	-1.787533891229203808e-01	-2.724803994263857998e-01	-7.738406533579178515e-01
nan	1.035038825976195342e+00	8.461104465093942650e-01	-1.703295539966330541e+00
nan	1.966917129243197948e+00	9.818558228142899580e-01	1.050798604427174876e+00
nan	4.996699580561891896e-01	1.714412058842527564e+00	3.218547809537088966e-01
nan	1.991947611019627140e-01	5.446193629612898768e-01	6.715374803886021704e-01
nan	4.761046555398766866e-01	-6.223177079270163503e-01	1.476570826992847918e-01
nan	-7.973824954952174471e-01	-1.028017439771786279e+00	4.275443947324287786e-01
nan	-1.105551814895972540e-01	1.285387686189690681e-01	1.151910151406727367e+00
nan	-5.897679788626900566e-01	-5.442520463610236447e-01	1.378634048393940326e+00
nan	-5.761290659593433228e-01	-8.983706528648336409e-01	1.230368216375072210e+00
nan	-1.051028141922724091e-01	1.969520116680332777e-01	8.810554483096959544e-01
nan	-1.366794170561054900e+00	2.400768891807745498e-01	6.590422930068371432e-01
nan	-2.020496407446353837e-02	-8.392176961053484652e-01	2.315099582561306324e-01
nan	3.316657845941628491e-01	1.556814017492102575e+00	-1.437188529372420476e+00
nan	1.205802047449220371e+00	8.042604520373285437e-01	1.376480466514491963e-01
nan	-4.331348267568273513e-01	5.937118521137066951e-01	1.238129618351241135e+00
nan	-5.328913987164372035e-01	1.833414218864731771e-01	4.961123567969391579e-01
nan	8.894762974471380756e-01	-2.166752029300610616e+00	-1.356906700692542378e+00
nan	-2.624984191337950357e+00	-4.446941564030110761e-01	3.176641018086132640e-01
nan	-7.696384514342313743e-02	-5.438411246835095358e-02	9.389707592544414005e-01
nan	1.077116243297578713e+00	-4.359647200923264521e-01	5.350367159713793619e-01
nan	-5.412107191153781027e-01	-9.423062095198495580e-01	-5.750718186435037627e-01
nan	-1.684502159903264573e+00	-6.733372038814238181e-01	2.916573377452759686e-01
nan	8.814342711517944018e-01	-2.493112879159045669e-01	1.546752167902457065e-01
nan	-1.063271194895920368e+00	4.656833762530065979e-01	7.462715352561130056e-01
nan	7.980226528730507418e-01	-1.145792127375161007e+00	1.926359706457741461e-01
nan	-5.123494570962586758e-01	-8.350817626229780632e-01	-4.842488242163486833e-02
nan	1.086950760417362827e-01	-1.093503851829294993e+00	-5.472438448428036395e-01
nan	-7.830075101988331898e-01	-2.474544540405912152e-01	-1.190039500148089902e+00
nan	-1.659069965601029928e-01	1.456596572598730654e+00	3.879652923823057042e-02
nan	1.383330361831244693e+00	1.424237894270758975e+00	1.156489181724719373e+00
nan	1.011236482477003706e+00	7.472554817828311879e-01	2.641214559060629075e+00
nan	1.766734019726375671e+00	5.179004435479183099e-01	-1.091059727630992571e+00
nan	1.866216843285106286e+00	6.788971678232789131e-01	-6.275536764263408562e-01
nan	2.288660451450678091e-01	8.593597058397890454e-01	-3.922283850447862430e-01
nan	2.223698201410218012e-02	9.259381958852626049e-01	2.000680749965064731e+00
nan	-1.234877337140628528e+00	-3.275770235555224841e-01	2.465363350498178674e-01
nan	1.158686885157945490e+00	-2.340212211770705153e+00	-8.497332855502419680e-01
nan	-2.048176806221382873e-01	-9.224640685373082238e-01	-1.525697480046581234e+00
nan	1.347530272156909348e-01	3.267887904645553898e-01	-2.233528701293032270e+00
nan	9.676068403159119313e-01	1.207983827789635145e-01	-1.283144899938831518e+00
nan	6.664043619418162923e-01	1.681047306844116962e+00	-6.272831426660112619e-01
nan	-6.054740165545223762e-01	1.582781569942398603e-01	-2.545025176415628421e-01
nan	-2.825697544750094825e-01	4.552864214923482700e-02	-2.718584704871455093e-01
nan	-2.784386639932793783e-01	1.725823390357896114e+00	-3.344871014179667812e-01
nan	-1.326170926675950268e-01	-8.368102973161705149e-01	2.970176392267793286e+00
nan	7.245734587102323765e-01	4.547455960078600756e-01	2.833477239377730217e-01
nan	7.741669360869527505e-01	5.648078231963704621e-01	-5.934061411358924065e-01
nan	1.114336369847907404e+00	1.306728666144638451e+00	3.671294071498336087e-01
nan	1.053425758566747916e+00	1.253752055660435349e-01	7.083896398493764179e-01
nan	-1.200463692155230855e-01	-2.638842930274548082e-01	2.873252065409988565e-01
nan	-8.751244426810179666e-01	3.359257840534797257e-01	-1.636810987189114552e-01
nan	-9.104472761988837703e-01	-5.127849178481972414e-01	1.078102590060509292e-01
nan	6.378311878091726950e-01	-8.789755175340474569e-01	5.439143180643670750e-01
nan	2.106660472143664808e+00	9.180802265050103106e-01	5.483070709240958074e-01
nan	6.741893711189927973e-01	-1.170674778407078787e+00	2.556439969225999809e-01
nan	-1.227487028288338111e+00	4.966827742827069070e-01	-1.283903472793229028e+00
nan	-1.268850906563957492e+00	-3.351742923287879816e-01	4.385397300714836133e-01
nan	-1.761113114732004159e-01	2.961803280381282710e-01	5.596498488191346821e-02
nan	-2.599584026025318351e-01	1.124897388542678511e+00	-1.796037933915437312e+00
nan	7.436951962346307621e-01	6.748911630396021710e-01	-5.050473452841203192e-01
nan	1.278533667323694667e-01	1.423936847156147767e+00	2.748237773201579748e-02
nan	1.332508588490477042e+00	-6.146144437660751025e-01	1.869331359172303308e+00
nan	3.192323553429773919e-02	1.012682950470438881e+00	2.157001521504805730e+00
nan	4.007272787256755953e-01	1.357557829055012322e+00	1.418204781829709216e+00
nan	3.089444168195366602e-01	9.988835143361558533e-01	-2.465423346946544747e-01
nan	2.088743816143540932e-01	2.087797932852438088e+00	2.167200908360271960e-01
nan	1.260233034601182522e+00	1.136602685037126914e-01	1.560055422748198417e+00
nan	7.559228081819702183e-01	-1.154962222531578542e+00	2.337001088885872768e-01
nan	2.829923416042152695e-01	6.705391866829492065e-01	-2.237804875890157419e+00
nan	-1.623773965972699074e+00	1.649825864151872046e-01	4.132607813201936708e-01
nan	-1.008011952730841321e+00	-1.498797217477761290e+00	-6.862984612638673987e-01
nan	1.099424190471769869e+00	-2.151992678895949807e-01	-8.874500725496058395e-01
nan	-3.589984053443447953e-01	6.907725490764624610e-01	4.514172058432593393e-01
nan	-1.608818871792881133e-01	1.231920262557361756e+00	7.193337867180193967e-02
nan	3.830702648146712685e-01	7.569391001073764169e-01	-2.409289877311049932e-01
nan	-1.372207274260923149e-01	1.785987976641385810e-01	-2.161318189107088727e+00
nan	2.299253207666698481e-02	-3.825580271980830172e-01	-6.938929319566946585e-01
nan	-3.522130385282464249e-01	-2.191293450528863040e+00	2.007629987349661249e+00
nan	3.888869448995579958e-03	-3.243277810613046874e+00	3.519053737841054685e-01
nan	-5.683836349959480172e-01	-7.344403795974563387e-02	-9.467941114090774324e-01
nan	-5.330118065752560419e-01	-5.920588591489476249e-01	-1.676347434130033287e-01
nan	-8.258879108939238822e-01	-6.759696591898746165e-01	1.911880689374693354e+00
nan	-2.913067726704938742e+00	9.028124287812153703e-01	-1.054143116263582258e-01
nan	3.285770006830354140e-01	-2.487141834552227593e+00	4.790529419384357279e-01
nan	5.797440379921297016e-01	3.701518694987304681e-01	-1.275229641807145153e+00
nan	6.499671609182589016e-01	-2.214305261254404522e-01	-1.121826021419108699e+00
nan	-3.141766937175864971e-01	7.259169296158015650e-01	-5.571088542801534427e-01
nan	1.061494770788035391e-01	-1.173409380317974732e-01	1.209765729529087341e+00
nan	-7.459528346155317458e-01	7.121305336085735904e-01	-7.450623883071714193e-01
nan	-1.796486807068156111e-01	1.493551342428992568e+00	-6.618848612274199628e-01
nan	2.035578621285146994e+00	1.046596264487829497e+00	5.597027897023233445e-01
nan	4.263983323464842212e-01	-4.653982081915384317e-01	-6.325891889903635379e-01
nan	-2.728890546618293333e-01	-6.219501975209201783e-01	-2.064750218143444727e+00
nan	1.263264230164180990e+00	-1.652486105000757100e+00	-1.425630295102918055e+00
nan	-1.383917678756529712e+00	-1.287513826469602662e+00	-2.043298118804273145e+00
nan	1.848017595221495002e-01	-4.452372486067205926e-01	-1.229302413303796193e+00
nan	3.143614333501250635e-01	4.019228340921389697e-01	4.832700375796047387e-01
nan	3.523104623705749505e-01	1.523731383545487095e+00	2.362817552674571775e-01
nan	-1.456349169026341928e-01	-1.192919654952273589e-03	1.920278081900133049e+00
nan	-1.593038059673602902e+00	-7.608982014715142128e-01	8.867326022268109398e-01
nan	9.757550559115996114e-01	1.341242007387634771e+00	2.609847398807976671e+00
nan	1.301865903807292391e+00	1.566993516857662527e+00	1.121570036928788650e+00
nan	8.191764819120540553e-01	9.606524966353037209e-01	-2.844124782270081031e-01
nan	2.368264121447241077e-01	1.107990223384966444e-01	1.585741599263071455e+00
nan	1.511404024431634019e-01	7.857775112261972117e-01	-5.911556512052870138e-01
nan	-1.569528272383356793e+00	1.146219818025931758e+00	-3.549068604030457541e-01
nan	-5.010888873452838954e-01	1.727497083467850192e-01	8.745060552827550460e-01
nan	8.686108500742317773e-02	-1.827677302265791615e-01	1.276247891385211775e+00
nan	-4.307757523105699704e-01	6.143276871571521358e-01	9.049611754446822420e-01
nan	-3.979123871871761281e-02	-5.845680926695708823e-01	3.157621964170104212e-01
nan	-1.039957181126450969e+00	-1.630392428972436969e+00	8.205686807915227310e-02
nan	7.282822157204211777e-01	-1.428693260170659673e+00	-5.072176439104248979e-01
nan	-2.274799101099608811e-01	1.248741326478314539e-01	-8.939782148863393285e-01
nan	-7.628794433727220659e-02	-1.891066757804103771e-01	-2.291854245699088466e+00
nan	7.393821993978383356e-02	-1.379713585134915155e+00	2.909840276681840976e-01
nan	1.179157113083915132e+00	3.820018068140896839e-01	6.325892763396776530e-01
nan	1.173288726172296847e+00	1.392115396401002902e+00	1.484739991613069021e+00
nan	1.469591824780642320e+00	9.660329500767055322e-01	9.795013234807562474e-01
nan	-8.988340200082023390e-01	2.495886462784805193e+00	1.049323627827535299e+00
nan	1.713482992296236906e-01	-4.615391194746965020e-03	1.787063685679633807e+00
nan	5.940290050509958730e-01	-2.819155094290489716e-01	5.079230007726303064e-01
nan	5.243511333322322665e-01	-5.161631365585307440e-01	-5.311622387064525164e-01
nan	1.376367034730948402e-01	-1.472903497938712780e+00	2.406629084720921519e-01
nan	-3.600017844067874839e-01	-1.500324376007731830e+00	-8.420912708822911874e-01
nan	-1.314346577546115835e+00	-2.938763848478300744e-01	-1.810874157813916030e+00
nan	2.714747437377657002e-01	-2.240574334868510320e+00	-4.031453722815091512e-01
nan	9.011314921284918622e-02	-6.758694263395155222e-01	-5.986730440060714642e-01
nan	1.004983720712704920e-01	-7.496418721121383966e-01	-1.246567832098852024e+00
nan	3.688651843526624674e-02	-6.522097239322406370e-01	-9.995550181577250726e-01
nan	-1.130793846328735919e-01	-4.045652644116419783e-01	-6.242411568916437226e-01
nan	2.585124474209185008e-01	9.215335860348516928e-02	1.285643173416619822e+00
nan	-5.813011730640409436e-01	1.063062750543721124e+00	3.585793456266769486e+00
nan	2.571065206051935670e-01	1.376654358864112249e+00	1.548131803138733442e+00
nan	-5.500657726507074408e-01	1.462381911684220714e+00	-5.102915891161486917e-01
nan	1.590669085908540392e+00	1.550013457900086822e-01	1.005645420703606518e+00
nan	1.521472082634595990e+00	1.709309765398022485e+00	-1.638648416752981340e+00
nan	2.927303736053810113e-01	8.500373914604270054e-01	2.468582793780495499e-01
nan	-1.112186221017968712e+00	2.394628912756735784e-01	-1.020751209285802874e+00
nan	-8.065561445582023481e-01	-5.843688161040861972e-01	6.328996819813851316e-01
nan	-5.356035482870799003e-01	-9.256803150465533481e-01	1.071134786234777758e+00
nan	6.937822517913774245e-01	1.858347544766807191e+00	-2.418184726796943629e-01
nan	3.229970062312604306e-01	-3.916705870307521931e-01	1.559657946315923249e+00
nan	-1.478283054121783069e+00	5.035379784496395450e-01	2.250002723854407805e+00
nan	-5.824681943491860636e-01	-9.743543763244231215e-01	1.674539698507539587e+00
nan	4.415046186163153474e-01	2.298568303152834780e+00	-5.656217590394326811e-01
nan	6.053329904374750159e-01	-4.942209132873924826e-01	3.200565775820993775e-01
nan	-1.988159491550962166e+00	-1.544855452623414838e+00	1.683528522989309550e+00
nan	-1.819762766077507532e+00	-1.459019204971024886e+00	-9.514338765488604688e-01
nan	-1.900287028115057897e+00	-4.229186431209448482e-01	-3.933353614780984997e-01
nan	1.155707576359579214e-01	-1.066078851576976128e+00	-1.145180945088943414e+00
nan	-3.077963658843618222e-01	-2.508818951885383175e-01	-7.629382889745227603e-01
nan	-8.087452481928760761e-01	1.158286220895163032e-01	4.017272294144635381e-01
nan	-3.071240689555126968e-02	-1.256671651487412333e+00	1.094645526457328488e-01
nan	1.325254183960034027e-01	2.828087491344810633e-02	-8.557745734688132488e-01
nan	-3.741182576601165266e-01	1.299155555380639981e-01	-4.674012799760240422e-01
nan	8.094324644272348213e-01	-6.260591836566725688e-01	1.486459376115063513e-01
nan	-1.425746739877729596e-01	-7.101477975407791132e-02	4.934830910787100233e-01
nan	-1.593172582411590543e-01	5.106967818620502531e-01	-1.741788084567284400e+00
nan	-2.090860456051330196e+00	-1.853644772108501870e+00	-2.331340818345217780e-02
nan	-1.129981544782494129e+00	-2.233143647791432596e+00	-1.067909905862830078e+00
nan	-7.068906562543697536e-01	-9.922689092905490060e-01	3.214144417022378741e-01
nan	-1.915544026905618424e-01	-9.631951619208644066e-01	3.863898798131555345e-01
nan	5.190225116435953634e-02	-8.441334842411960526e-01	5.907283616443956831e-01
nan	-4.310053693941436337e-01	1.584001702376766907e-01	-2.579753004735003685e-01
nan	2.443123522811302684e-01	-6.115009879803979809e-01	-5.631813866209328667e-01
nan	-1.808092671007061947e+00	-1.113466013587466330e+00	-9.445637609867949536e-01
nan	-2.645891614327329222e-01	-4.334189907667207464e-03	-1.186134968924331234e+00
nan	-1.546533953337875689e+00	-3.222075377286142128e-01	-1.505795706748198182e+00
nan	1.297030996603966813e+00	-6.420024425993331452e-02	9.504498855628180642e-01
nan	1.402142193480048871e+00	2.183451898511355793e+00	2.888771117788861975e-01
nan	6.090131855072500322e-01	-5.445634367955420885e-04	1.005452414774892667e+00
nan	-5.105912505541925217e-01	-2.504205211131904640e-01	-4.062790568327608876e-01
nan	-1.859399541589754346e-01	-1.310385119797716102e+00	-1.396348974365341222e-01
nan	-1.162268517193587591e-04	-2.313701317821668380e-01	-1.346196914987897619e+00
nan	5.674594687879075394e-01	8.425209827516513261e-01	-1.497201546880295053e+00
nan	1.287877186283796993e+00	-7.910033774921082506e-02	2.512806199704127885e-01
nan	8.836704551137400943e-01	5.671912620024801566e-01	-1.260228920023217736e+00
nan	5.378631736876723357e-01	8.830041999395906727e-01	5.367764238871148841e-01
nan	1.777642311139208342e+00	-3.573336680688188327e-01	2.088892798066770418e-01
nan	1.508381570125557403e+00	8.849928508167327346e-01	2.633275424882002724e+00
nan	1.181281497379315093e+00	5.731174489163106678e-01	1.275731263158230933e+00
nan	5.168722361664369602e-01	5.812454901256032258e-01	4.607281968623069268e-01
nan	1.155026601976300249e+00	-2.486064067222922835e-01	-9.961353526359389976e-02
nan	-4.800947672675038302e-01	1.089923426546164587e+00	7.805459413514301836e-01
nan	1.088241611806340936e+00	-7.443194825325447628e-01	9.183484496258922380e-01
nan	-4.008638727280113001e-02	5.405911426272254072e-01	-6.865513316595776017e-01
nan	-1.753856758407483341e+00	1.074560245117057500e+00	8.992694301917997235e-02
nan	1.895668652156753620e+00	1.099599725457746924e-01	-5.298095638241988592e-01
nan	3.208653571918906877e-01	4.874072681086958347e-01	-1.868908829939976091e+00
nan	-6.041685905086711106e-01	-1.035116729044192330e-01	-8.137856817294897294e-03
nan	1.860071172650058779e-01	-4.624020421805049574e-01	-4.217943003398221813e-01
nan	-3.066547992991814353e-01	7.309441996851238910e-02	-5.444338920237853929e-02
nan	2.150357338513905203e-01	-2.330011780970051571e-01	9.844511546308015726e-01
nan	6.309285098240821066e-01	1.564987720304126695e+00	1.369355930959122558e+00
nan	1.686595581349470407e+00	3.097722046888027880e-01	9.299581325150363398e-02
nan	6.005762016964326655e-01	1.037008577413033095e+00	9.504713777616937698e-01
nan	1.673549636433783849e+00	9.222857356731744005e-01	9.940676412605169432e-01
nan	2.059333340002633239e+00	1.592450239547547497e+00	8.402439867505848703e-01
nan	-3.309098537806085538e-01	1.255409366918042835e+00	5.983713066322997598e-01
nan	7.535176670784544672e-01	2.430413246660743987e+00	-1.367576964454346733e+00
nan	7.169963233337526276e-01	6.492485231559914638e-01	-3.792712762440958452e-01
nan	-2.285434573504160127e+00	5.510145202590553959e-01	6.873361781844379292e-01
nan	-2.672353722616985117e+00	-1.734887271150914678e+00	7.533482114466911739e-01
nan	-1.248110886895098304e+00	-1.476194003528156884e+00	1.703720806986140368e-01
nan	-1.445400204498071162e+00	7.713206262439894489e-01	-7.137444668775728696e-01
nan	1.668229978899844257e+00	-2.818546441755906962e-01	1.494767480650348146e+00
nan	2.573580483288750997e+00	1.072680380909913467e+00	1.731173432233220399e+00
nan	2.324104454470306447e+00	1.599438596571952864e+00	8.071838174462774296e-01
nan	1.044636295522550995e+00	1.920934942339916240e+00	1.084381984202000826e-01
nan	2.675459361247867207e-01	5.137249647574941847e-01	5.526711440767694272e-01
nan	7.294114026289987285e-01	-1.226170854096283902e+00	9.933124253904211942e-01
nan	-7.404467749245389196e-01	-1.896535343677000940e+00	-1.295639456130137424e+00
nan	-1.227756895391041159e-02	-1.869908268603408974e+00	-2.418399633327692921e+00
nan	-1.831708501756750263e+00	-1.883098443402609679e+00	-1.827908761823865635e+00
nan	-1.735065892613191885e+00	-1.916756217009068619e+00	-3.619899261389016853e-01
nan	-5.579038749290183841e-01	6.564423900461384687e-01	-9.294020959872286713e-01
nan	6.953542721295340456e-01	-2.405956099507491897e-01	6.113446077731703454e-01
nan	-8.700071670687492542e-01	-1.129051409052168331e-01	-5.122812051004295153e-01
nan	-1.711532114408109928e+00	-2.734707178941419570e-01	3.518987986058031425e-01
nan	-2.271825455148596351e+00	-1.144850509049103238e+00	1.295617696902985116e+00
nan	-1.406513404283599167e+00	-1.133565439843766676e+00	3.005657160727139843e-01
nan	-1.281906992893116382e+00	-1.505547991249427398e+00	-2.289130682177759335e-01
nan	-1.327227941255546551e+00	-2.962554618525792272e-02	-2.494435996058796512e+00
nan	-1.468888114765604769e+00	-1.828116475113914507e+00	-6.283669632052173437e-01
nan	-1.634317777563207841e+00	-9.598514538853641920e-02	-5.627912532729821837e-01
nan	-1.703401924820021840e+00	-1.693820865142713128e+00	8.028537322172597523e-01
nan	-1.364887835583923792e+00	-8.419329662927613755e-01	9.447513381068544103e-01
nan	-5.691817749472277699e-01	1.407530641047416431e-02	4.455150212992152747e-01
nan	3.979659333570306767e-01	-4.190720038680341153e-01	-1.596728354837378683e-01
nan	-7.926551036332118993e-02	-8.384769634238286029e-01	1.851644537260949130e+00
nan	8.659799429487556877e-01	-9.279787130305032772e-01	-1.515686529096588187e-01
nan	1.868643303959766744e+00	9.945478449005194788e-02	1.639255551191596050e+00
nan	3.810847321491502848e-01	-3.715152155286786106e-01	-2.329377963413492125e+00
nan	4.341162429801614375e-01	2.930219633642457966e-01	-4.365622010596628688e-01
nan	7.805347791772018207e-01	9.061106999602627221e-01	1.385500036457167017e+00
nan	-1.482542760064053944e+00	1.509018046749603381e-01	2.155194281186650240e+00
nan	2.910503712088371442e-01	-4.643068077824357709e-01	1.542240550078207262e+00
nan	-1.277654593149965434e+00	-7.272573576352422409e-01	1.005126894896574807e+00
nan	-4.992164068310098735e-01	-6.468915059864105421e-01	-1.591000757270514043e+00
nan	-3.021025045902611672e-01	-2.481737737476985561e+00	-5.525102440520730518e-01
nan	1.471571379690680859e+00	-7.824110757028321927e-01	-2.189815220119821770e-01
nan	2.354857423754891932e-01	4.383026429977917582e-01	6.883104583211911986e-01
nan	5.803040784940663999e-01	-1.413978933571888030e-01	-3.675088863202434775e-01
nan	-1.872439853882806648e+00	1.156888704466667583e+00	-1.548139708438978634e-01
nan	2.945798835280742933e-01	3.264871359191610090e-01	1.030590667038307817e+00
nan	2.910447815516848946e-01	7.712921157407456318e-01	1.156580088761722580e+00
nan	7.744438466599065651e-02	4.759004445543518758e-01	1.910827704817512185e+00
nan	2.438675252369084112e-01	-1.324474829928574404e-01	-4.607916250579926487e-01
nan	-1.157718604251312788e+00	1.556181035792150835e+00	-1.234736341281183369e+00
nan	7.917989702167369526e-01	-1.778153006818661508e+00	-3.351466953978614327e-02
nan	2.641010180077554725e+00	-6.855063115425935605e-01	-1.170934250204272775e+00
nan	1.716422181364698929e+00	-3.987547306644477763e-01	9.407023992046770200e-02
nan	6.234899618538239929e-01	9.943406407685262405e-01	-9.886923209611907515e-01
nan	-3.300693501975872635e-01	7.979143585606743860e-01	4.467359167718695234e-01
nan	3.661605472207485890e-01	1.004883281435102305e+00	1.886619770311203648e-01
nan	-2.033219021873764465e-01	3.036310669297922482e-01	7.819705499224649525e-01
nan	2.362143989954625933e+00	7.250045559154594255e-02	-7.843831145787669712e-01
nan	1.269244016458197066e+00	1.342137863162210509e-01	-2.353045097949559294e-01
nan	-5.238215404151558285e-01	-4.901015878238162982e-02	-1.113273462799074576e+00
nan	7.790611150649010552e-01	-1.016140157055927862e+00	-3.048499385939056339e-01
nan	-1.420696902185332400e+00	7.267737039157693424e-01	2.711896330015515777e-01
nan	-1.767553221894917037e+00	1.653539810153795420e-01	-1.736381455427131959e+00
nan	2.988830788421548146e-02	9.787162363349999339e-01	-1.459899720263109657e+00
nan	-7.873450831217547741e-01	2.310402886342114215e+00	-1.527558094466501815e-01
nan	1.721918771334100873e+00	5.424515754972131232e-01	2.184102061981484599e+00
nan	8.978527842359358413e-01	2.697747578576559224e+00	6.173909096148805231e-01
nan	2.140646404769525724e+00	1.846174816823804576e+00	1.496683613915960720e+00
nan	1.575161264535175798e+00	1.432403367081345857e+00	1.936704766066184469e+00
nan	9.083551018681276235e-01	1.108518670450405086e+00	1.625687074151268785e+00
nan	9.977422194701470737e-01	1.095094970884002983e+00	-5.896986899243927827e-02
nan	1.415545276641892336e+00	1.524464440595713732e+00	1.489275349060149134e+00
nan	1.941753743807290711e-01	-7.012724256554121460e-01	-2.610664065786094667e-02
nan	8.969404883712503995e-01	-2.073939049398995316e+00	-1.286180236161918455e-01
nan	-6.047212054588007035e-01	-1.092241505435547211e+00	-2.188543109771255990e-01
nan	-1.347446534156583109e+00	-1.176035359022194360e+00	-9.639545893162342338e-01
nan	-6.477933435796247030e-01	-1.591535926843286042e+00	-7.257875561408071441e-01
nan	-5.785251378285272139e-01	-2.166573839120210732e+00	-1.717968634551435780e+00
nan	-1.378695536743383965e+00	8.604671294388165359e-01	-1.928544983442442406e+00
nan	2.017134685648460102e-01	-7.617014526032450661e-01	-1.976341170593165497e-02
nan	1.381351853790275808e+00	-2.006862881256965991e+00	-1.680924715984095208e+00
nan	2.214587468157062755e+00	5.441052942761370748e-01	-2.575389635236469132e+00
nan	9.639230948365788976e-01	1.345754352348530913e+00	-6.194077876818583350e-01
nan	-1.819426740127798592e+00	1.536474483079244502e+00	1.716893369314635098e+00
nan	-1.119093532209346931e+00	-3.924757008736652897e-01	7.647334490874184709e-01
nan	-2.219358379251020530e+00	-3.236068404430902934e-01	1.740286800794941247e+00
nan	-9.401229757761228045e-01	-1.202435564739982699e+00	9.435613644564107005e-01
nan	-9.695685172492176651e-01	-2.637586989981929086e+00	1.059330622430632252e+00
nan	-1.227973645837418859e+00	-6.852475923717853412e-01	1.202443114883360864e-01
nan	-6.412950992538758443e-01	-5.359003351041035090e-01	-1.172610825834994736e-01
nan	5.359873585406954577e-02	-1.522963790096282022e+00	-1.277204274922693061e+00
nan	-9.017805054492455952e-01	8.055896518298628628e-01	1.011076077552374386e+00
nan	-2.200160210468399491e+00	2.104315395985105308e+00	4.422265719244223847e-01
nan	-8.920917203361730108e-01	2.840906242383588465e-01	2.395525503194644745e+00
nan	-2.365281922238390955e+00	-7.605954367946099470e-02	2.045565400562632252e+00
nan	-2.271379604650934692e+00	-7.073933515517063508e-01	1.903120163438953849e-02
nan	-6.377340273233770285e-01	-1.265438130847412967e+00	-5.254861204120278018e-01
nan	1.604665026319717080e-01	-1.246318558791664532e+00	3.407499602807556593e-01
nan	8.913933787259935571e-01	2.492454935788513293e+00	-3.444448753174508271e-01
nan	2.218636438243696052e+00	1.291024401692617118e+00	1.601014566217132451e+00
nan	1.024782185552358893e+00	1.201748172490548772e+00	-6.660466390647968860e-01
nan	7.833488658103455737e-01	1.303082802376472227e+00	1.153734499294858606e+00
nan	5.081537528432815698e-01	9.046555368874743541e-01	1.073584866660028725e+00
nan	1.002018312463222038e+00	7.414441089684165043e-01	1.321088296884385116e+00
nan	-2.244136505173653262e+00	-7.750943219433392706e-01	-8.891144900862990585e-01
nan	3.789625499145993226e-01	-7.166937855523288770e-01	4.657163765256322474e-02
nan	-3.139110215478448929e-01	7.572901829322539746e-02	3.302877763731350558e-01
nan	-1.754751959838337649e+00	-6.035846929241737158e-01	4.208619121124845819e-01
nan	7.275592813897898692e-01	-1.247583916233486523e+00	-1.689357788323338216e-02
nan	7.648465642063311254e-01	7.532550472000240638e-02	-2.055078142629994442e+00
nan	1.012959763894412335e+00	-2.048552424872693289e-01	-1.469216780011431744e+00
nan	-1.641451032790370412e+00	1.362576167425380014e+00	-1.871855966197171428e+00
nan	-2.549757592889675406e-01	-1.033461168548596598e+00	2.204709196446726249e+00
nan	-8.491666258507151177e-01	-1.098022385960122360e+00	1.982526527619314360e-01
nan	-6.481482608195507922e-01	3.975395648347184174e-01	-1.741193819194952752e-02
nan	8.241858995920049447e-01	-2.788114884615205735e+00	1.349808044466482171e+00
nan	-6.875183488609823979e-01	-3.061736204055502952e-01	-1.531534967417384818e+00
nan	-1.854047472191952262e-01	-1.795067229327605318e+00	-9.695813344465094019e-01
nan	2.896565343854343721e-01	5.791652278386496544e-01	7.395388977864587599e-01
nan	1.843747517864383845e+00	-1.414154915176105476e+00	-6.952050256656900906e-01
nan	6.387294412618301775e-01	3.337823845005897905e+00	4.968376012258400864e-01
nan	1.539434499030170933e+00	-3.145118849959098739e-01	1.982800139181955634e+00
nan	-6.667448870927382698e-01	-5.083613812530507481e-02	1.324023192483385847e+00
nan	-2.830601267481372973e-01	-2.214348368060678141e+00	-7.745744330534543032e-03
nan	3.706970163394734952e-01	-2.054818508163962942e+00	-1.479743146250768415e+00
nan	1.238484128987036081e+00	-9.134976669462930854e-01	3.918714843831705430e-01
nan	2.692739578904956854e-01	-9.508817557589470670e-01	-2.126900896386982875e-01
nan	7.423097357421654108e-01	-9.647922713558645946e-02	-1.604777013580408918e+00
nan	1.564550986437276969e-02	-9.236354085246253898e-02	-6.914125035615070747e-01
nan	-9.139389205597586718e-01	1.294480866209864356e+00	1.894216768661830752e+00
nan	-1.191864386438385104e+00	3.182549252248113025e-01	7.209266217754057848e-01
nan	1.281546199061015301e+00	-3.972673652525383625e-01	1.696911783322492928e+00
nan	4.200252204765257957e-01	2.951798171063491072e-02	-7.357113161515416166e-01
nan	8.936492419891639560e-01	-5.333101823937141939e-02	-1.681246818339096505e+00
nan	-6.177721341434136981e-01	5.588592863373625930e-03	-6.891336168767386861e-01
nan	1.132971368305704107e+00	1.215407046426000726e+00	-4.714017775154924483e-01
nan	6.790365555328521374e-01	1.097681336129932017e+00	4.068545987143351583e-01
nan	1.148918439399233993e+00	1.108442245790297598e-02	4.110013943863166652e-02
nan	1.402614280269982139e+00	-5.530315654186950258e-01	-1.381832342134774017e+00
nan	5.584883826648439076e-01	1.224618336684101472e+00	-7.203931494486803810e-02
nan	5.953935585688773235e-01	4.624678392828486806e-01	2.523841921021771628e-01
nan	3.041523582704553363e-01	8.411056009967866620e-01	9.241207015178645179e-01
nan	1.458054528497224611e-01	1.285204244366596305e+00	-2.667293852827651301e-01
nan	-3.815792864952968766e-01	6.075151336832002036e-02	-7.764361482281456617e-01
nan	2.227557005927303102e-01	-7.027069806645901417e-01	-7.599679861647824497e-01
nan	1.950730860548608003e+00	1.098787609364444418e+00	1.845043915572714965e-01
nan	1.151852951396201696e+00	7.703767003121625434e-01	-2.277178329840628956e-01
nan	1.262073106989809901e+00	4.836029127136114436e-01	-9.252057121721340982e-01
nan	-1.490324612205994992e+00	-1.849864182291218295e+00	1.402098590761157171e+00
nan	-1.617079984353593236e-01	-5.964899139686679064e-01	-1.198213961422220475e+00
nan	-1.997818594504000345e+00	1.220452407637543146e+00	7.733465979285876202e-01
nan	7.939847251601788169e-01	1.133679013668093871e+00	-4.786308499629355895e-01
nan	1.765121889925556631e-01	-4.344990695484168830e-01	1.175313078092963481e+00
nan	-2.537173696280279889e-01	-4.674048453098406664e-01	3.061874342103856339e-01
nan	-4.090318015838922960e-03	7.604567329906692930e-01	1.486082965270261402e+00
nan	-3.472366334885559347e-01	8.119429907412978320e-01	1.605817257683826549e+00
nan	-3.579899246597553208e-01	-9.286164859023949836e-01	-1.034074445121667463e+00
nan	-8.133510296180104238e-01	4.934005138544541591e-01	2.243148276280324982e+00
nan	-8.060797606648077984e-01	-9.610224614058308079e-01	1.844390512638420798e+00
nan	-3.171354957074269620e+00	-1.037929964372286795e+00	-1.381754444656435044e-01
nan	-5.782923233165051524e-01	-1.402068426039850157e+00	3.166591384658066777e-01
nan	-1.320949029932636520e+00	-4.544218002917116417e-01	-1.283740329128480351e+00
nan	-3.218658645540432683e+00	-1.767070755688081363e+00	-2.680447937230016286e+00
nan	-1.575228632600520706e+00	-2.452148355200646002e+00	-5.012292808295182311e-03
nan	-2.447085680008810549e+00	-9.485654347974398215e-01	-1.885152389345492008e+00
nan	7.275411105202045370e-01	1.386442768472018194e-02	-8.857221774749290955e-01
nan	4.120888341847183112e-01	-1.580295857452315156e-01	-2.078660540581370952e+00
nan	-4.567211695738491728e-01	-6.898344259865547556e-01	-8.937166165964105513e-01
nan	-4.594228558626132775e-01	-1.401940539402513952e+00	-4.986032871585925341e-01
nan	5.495347914176839099e-01	-1.047051767356345753e+00	-1.531123109222060630e-01
nan	-1.686915015088336300e+00	-4.942202032833377667e-01	-9.250325007072102146e-02
nan	-5.867408785081624778e-01	-8.502499753650640812e-01	5.228352434243368485e-01
nan	-8.986087934026169011e-01	-7.898807300923437191e-01	-1.347664593020040158e+00
nan	-4.022467882971150210e-01	-2.762961296454785609e-01	-2.250662527057206042e+00
nan	-9.629445020556021140e-01	-1.098258291500274320e+00	5.029510240032598611e-01
nan	-1.157893218983663486e+00	2.065432815876182548e-01	-4.028845564478074626e-01
nan	4.489919748616527095e-01	6.943974414294706854e-01	2.622668930176373925e-01
nan	6.702208782454778246e-01	1.154561687022936045e+00	3.561589788262092826e-01
nan	9.358455721279848039e-01	1.156152653599762381e+00	1.382435619371890301e+00
nan	1.451891549191572039e+00	-8.597353450667082342e-01	2.261499722073463392e+00
nan	1.272133480723071530e+00	9.341780505125354406e-01	1.126410173327168085e+00
nan	1.154125905702956478e+00	1.256162109679519467e+00	-1.214835985057250989e+00
nan	8.208953340911145924e-01	7.353395487453087132e-01	1.322298224529934174e+00
nan	2.450653028395969601e-01	1.002738563596740073e+00	-1.055052263493907683e+00
nan	1.495419163645051341e+00	-1.337672292846370237e-02	1.088000806224045158e+00
nan	3.144179725418405624e-01	4.363775855170669016e-01	-6.753653723481658488e-01
nan	1.361560108582188455e+00	5.406761642075432750e-01	2.056641890353918534e+00
nan	1.428338011769885618e+00	6.395031395201405955e-01	5.912491453028911881e-01
nan	-1.934852433302211017e-01	1.527090894146092337e+00	7.322513234825487327e-01
nan	1.351481711236686589e+00	1.266301218468811829e+00	-1.449143139423777482e-01
nan	4.718086268492692748e-01	2.254438408570067498e-01	1.987936375047162141e+00
nan	2.393771499509025902e-02	-6.683930257410701792e-01	2.534981897782591975e+00
nan	5.099465398961389173e-04	5.502291534032611731e-01	6.625236592084865483e-02
nan	-7.599861637298643835e-02	1.283306429985719754e+00	8.703947943870592174e-02
nan	6.175836896858295511e-01	-3.857392268799655910e-01	-1.158962348912253360e+00
nan	-6.476540196665084848e-01	-1.124446050653221119e-01	5.539831891922130103e-01
nan	-1.177505129167776277e+00	9.929926042870721448e-01	-8.326493130602609094e-01
nan	-5.781929760126106044e-03	6.179744379690672584e-01	-2.098304235643574100e-01
nan	5.103841410777744114e-01	-4.128914795318707753e-01	3.335447160718973403e-01
nan	-1.809531463658434314e+00	1.511509289047591187e+00	-6.928676844978766125e-01
nan	6.390224067153856824e-01	6.483804870301173029e-01	-1.095224564706151815e+00
nan	-5.854476979775495860e-01	1.529154285144334491e+00	-1.052108724902141468e+00
nan	2.877474551891001098e-01	1.583562381770410976e+00	1.844329129386369281e+00
nan	1.585943034940571650e+00	1.542123575886084064e-01	6.869813806178988180e-01
nan	6.425974429915329855e-01	9.829450986256675904e-01	-8.238336116607458681e-02
nan	-9.550444448063117875e-01	8.915838728040279548e-01	9.498319814273024075e-01
nan	-3.436524823404821238e-01	5.633943153670972065e-02	1.628535739567136265e+00
nan	-6.270491328184937263e-01	8.568531163890313884e-01	-5.919750441568955024e-01
nan	-1.087094421485885531e+00	1.593102795431810881e+00	1.058321665539495138e+00
nan	8.936632430284887629e-01	6.088311066330756027e-01	2.957434181166366249e-01
nan	1.095205140313030290e+00	9.598124334362985177e-01	-7.663977608549845666e-01
nan	-3.487814369214526922e-01	1.468302343143179645e-02	1.282819284213001232e-01
nan	1.731176887432578360e-02	3.947609167611364489e-01	-1.199383186552222647e+00
nan	6.912400218697128951e-01	-7.158819142935419766e-01	-2.344947238107897847e-01
nan	2.077252288497134725e+00	1.115401531543191549e+00	4.216073163272088253e-01
nan	-5.622200622943833714e-01	9.250884573289194224e-01	-6.955235090200284631e-01
nan	5.804297629234598244e-01	-4.485586346149450510e-01	1.603587159233185178e+00
nan	3.801497221281182615e-01	4.376135989044686592e-01	6.356327456700660017e-01
nan	2.207680193498076981e+00	9.114662895527865238e-01	3.630246899709238528e-01
nan	2.210374426046378016e+00	7.286646059493777638e-01	1.728435763175933948e+00
nan	2.469096512614297190e+00	-2.378781080202941878e-01	-3.620655049263389325e-01
nan	7.893098893813279560e-01	2.249503640139496330e-01	-2.610276004991138321e-01
nan	-9.357819914705969300e-01	6.336091679495306495e-02	-1.061169023380428733e+00
nan	-2.651965676530463334e-01	-1.271957794873342373e-01	-1.290251402485872223e+00
nan	1.231148707127527331e-02	-5.824752641020078947e-01	-9.447875646982951681e-01
nan	2.489417108998365491e-01	5.752745555746557882e-01	-8.843365410294707907e-01
nan	1.617291484230895804e-01	1.248431792417833641e+00	6.222095457765406401e-01
nan	-2.698290811411445667e+00	-5.266446806981726070e-01	1.160121760840253424e+00
nan	-1.372596877521417014e+00	-1.722675111392797387e+00	-1.711210403049123197e-01
nan	-4.761041968985102457e-02	-3.900582237244023531e-01	-1.919966416850357405e+00
nan	-1.968160024368535543e+00	1.582366696653394245e+00	-9.852138996339998567e-01
nan	-8.501922195713987884e-01	-2.162072456145420762e+00	-1.149219652700846028e+00
nan	-1.897500067013925484e+00	-2.345389215751581879e+00	-6.279686148091094822e-01
nan	-4.636063861342720749e-01	-2.478448576233728495e+00	-1.214862670629990760e+00
nan	5.069616857762065942e-01	1.294870883624241298e+00	1.733101705469862974e+00
nan	3.622253841493083826e-01	-2.394534324567347827e-01	5.851087131322483259e-01
nan	7.826169511810685542e-01	7.464756145199205606e-02	2.692876028774167096e-01
nan	1.787440482053076485e-01	6.199791628929014475e-01	2.107037665852089514e+00
nan	-2.549613912888921252e+00	4.367741918112927335e-02	1.533081468276363601e+00
nan	2.653710290514155190e-01	6.945366326829982562e-02	2.474707676206830076e+00
nan	-4.865323982443675033e-01	-2.673632684035201379e+00	1.144751896048684880e+00
nan	-1.755224888555341201e+00	-1.145401482982434826e+00	-5.537395997596183950e-01
nan	-2.140479853521562337e+00	-1.254691203951979084e+00	-1.808020592161943885e+00
nan	-3.882731013135719556e-01	-9.151328678123726856e-01	5.077195658366041586e-01
nan	6.949643885567715618e-01	-9.470525918702326074e-01	-2.587588809749348240e-01
nan	2.669064855176681572e-01	1.337521148346308308e+00	-1.159903671523854207e-03
nan	-1.994599318533107346e-01	-5.203300608582517306e-01	1.156315458544524111e+00
nan	2.789879631299507778e-02	-1.823379161218205979e+00	2.434212835617584891e-01
nan	-5.632745673690778831e-01	7.700083830838080345e-01	6.894232918117346731e-01
nan	-1.885863813935947375e+00	1.062532414947205295e+00	2.930700285761208779e+00
nan	1.032608120272593411e+00	-1.170401817830482860e-01	4.543369976245126285e-01
nan	3.021343803977510900e-01	7.453713663614072171e-01	4.313867139961682362e-01
nan	3.512673089464813381e-01	-1.424776899907467254e+00	-5.564285492203251415e-01
nan	-6.519676642987080051e-01	1.296189912894845087e-01	-9.462156576535704078e-01
nan	5.099825381565392668e-04	-5.450309032722533420e-01	1.533100572371206283e-01
nan	-7.651462458324278515e-01	-8.835223310599535917e-01	-1.483850779443182999e+00
nan	-6.872400529806030889e-01	6.131091598290562272e-01	-1.423903088286391228e+00
nan	1.700247419256595838e-01	-2.756591309891145980e-01	-1.106553004189831102e-01
nan	3.907767280285195377e-01	-6.430422999860732070e-01	4.645265097700855272e-01
nan	1.353760508506764104e+00	7.874301142537725173e-01	1.772025681467555014e+00
nan	1.395660343351502464e+00	-7.700611834698378733e-02	2.389306517671663244e-03
nan	1.134924923186699131e+00	-8.610600946671702616e-01	4.867190647245950852e-01
nan	-1.048933857585060858e+00	9.158885495146597000e-01	-6.179312286040287150e-01
nan	1.156872737176062316e+00	1.872215805543269385e+00	-3.128700154028669911e-02
nan	8.514266108532901889e-01	2.129217501616356145e+00	5.529773694817998742e-01
nan	1.634625488072391164e+00	5.069906338839742510e-01	1.154789235486867405e+00
nan	9.514120254653979369e-01	2.605851091447373591e+00	-6.202722459993961213e-01
nan	2.170720158774676722e+00	1.047174161056522612e+00	1.804168297081419459e+00
nan	4.363530707001522790e-01	3.386764554153721685e-01	2.714016606469500381e+00
nan	-2.488343204352630733e-01	8.411628786523418499e-01	8.510193833277519548e-01
nan	-1.146364421920841981e+00	-7.089258049635158709e-01	1.450763472376172203e+00
nan	-1.555020203238555165e+00	1.772828214369549515e-01	3.631788603209850641e-01
nan	-8.606012070002703185e-01	-1.508493708039069903e+00	1.826552612908774131e+00
nan	-2.279453634657830463e+00	-1.419523976764189843e+00	1.465088752289059326e-01
nan	-7.981860604180945895e-01	-5.521278809592699011e-01	-6.738242885589995623e-03
nan	-6.241503188411255953e-01	4.150459027778424792e-02	8.612077085859978220e-01
nan	-8.274222201408454325e-01	-6.961702561044297299e-01	-1.216331180691329950e+00
nan	-1.240747243130044808e+00	-2.371151052786822699e+00	-1.437611770432829950e+00
nan	-1.149474708887684438e+00	-2.464016829886185533e+00	-1.455751642029877502e+00
nan	-1.404675765379878039e+00	-1.553462976654048644e-01	-9.998076806782977277e-01
nan	-2.706650218988044809e-01	-3.979970498121983002e-01	-6.761020114511564483e-01
nan	-2.854843245130228579e-01	3.026339767620311316e-01	9.247976164229027018e-02
nan	-1.226986691305401306e-01	-1.858107913849916137e+00	-1.694388990879717727e-01
nan	-6.942586346119090646e-01	-9.194748180153708983e-01	-1.210846867199882659e+00
nan	-1.175160285723435005e-01	-1.920871812107778798e+00	1.056587643318707359e+00
nan	-9.776335254728751867e-01	-8.487094891895012871e-01	9.677707875686947236e-03
nan	-1.175752981554663568e-01	-4.092030864311031468e-01	1.159815957723688284e-01
nan	-5.975312773421279644e-01	1.161319387037149875e+00	6.094840744647990194e-01
nan	-4.410391474058028560e-01	-1.849028308979067114e+00	7.014094251781665124e-01
nan	-9.665038685401270424e-01	-3.666251409317305421e-01	-1.663911802452477939e+00
nan	4.670584872007143007e-01	6.976999170140298911e-01	-7.974452916066109287e-01
nan	1.638532218725176348e-01	9.234624506271900124e-01	2.691504506857848034e-01
nan	3.273839567920506788e+00	-2.281290063195604567e+00	1.759653982910353243e+00
nan	2.126929663640460821e-01	-9.085838390457339209e-01	-9.596431631562054587e-01
nan	-1.871922967629920276e+00	-1.524178030932790584e+00	4.474614391462383711e-02
nan	-2.406565420176053349e-01	-2.160156449968209103e+00	-2.133083278888972867e+00
nan	-2.489211963299355457e+00	-9.772119219018089442e-01	-1.272897409776431399e+00
nan	-1.360476296906066862e+00	-8.843419961774752203e-01	7.515151835733638874e-01
nan	6.056174512510545949e-01	-3.234573987195824563e-01	4.812484148299266823e-02
nan	1.916655308343160335e-01	-4.289832556502845562e-01	5.916127118643006444e-01
nan	-4.335420022060061940e-01	-4.329490368885240970e-01	-7.747276135223135629e-01
nan	-1.097063317938233862e+00	6.227677684056220908e-02	-1.976107156161678313e+00
nan	-4.521850103577960134e-01	-1.896059048741690845e+00	1.001008707685401289e-01
nan	-1.392853671750140521e+00	-4.978398354407930770e-01	-1.034448941126733912e+00
nan	2.078572357515074964e-01	-6.469003496243775908e-01	-2.321682929324897060e+00
nan	6.648963495554799374e-03	-5.897255639444405340e-01	1.492906514987887290e-01
nan	1.733408041825233781e+00	-4.210931393644093412e-01	1.039502460546481988e-01
nan	1.910229095382374620e+00	2.105211936494771230e+00	9.609779020826562101e-01
nan	1.706772710775091628e+00	2.506322571967655399e+00	1.620861661055713387e+00
nan	1.455195606105534889e+00	1.612077758392219895e+00	3.220041964303023363e+00
nan	1.191803209880466063e+00	2.250958445615359738e-01	2.052759026775343720e+00
nan	-3.249567534002009150e-01	1.102777186336655557e+00	-8.384111727459344632e-01
nan	1.018835020957598037e+00	5.899806148356440128e-01	-3.871661144951686895e-01
nan	1.001608079777958737e+00	3.304843491176387427e-01	-1.241429265503348756e-01
nan	-1.520845050327729542e+00	-9.114795236822679225e-01	2.519274643890836995e-01
nan	-1.366322372511438621e+00	6.684584257238669336e-01	5.883302423676659565e-01
nan	-4.689341008069110028e-01	4.864437055855858061e-01	1.336396990960391662e+00
nan	1.242102889881546268e+00	5.822648148119381473e-01	-2.125315314880414919e-01
nan	-1.225248657785871220e+00	1.952844613408254659e+00	-1.607931959226095442e-01
nan	-1.753866540748408309e-01	8.226405650780463930e-01	1.613816734472025782e+00
nan	4.774843156247765563e-01	1.620096816069932943e+00	-4.053829740449803598e-01
nan	-3.098792689551815860e-01	-1.178028758742899473e-02	1.170907098256913415e+00
nan	-2.747410545593694797e-01	-4.249469766576025043e-01	-4.473298316387448459e-01
nan	9.281437817930421330e-02	-7.708810030243040678e-01	7.682626827761549482e-01
nan	-1.714710023306886544e-01	6.923027659618999907e-01	1.212667227578214796e-01
nan	-2.435838749669791414e-02	2.126345222093517950e+00	9.073598237102635800e-01
nan	1.031401968322283924e+00	1.500799648275404241e+00	1.294667168431663073e+00
nan	1.160793048561816310e+00	1.593360305407564237e+00	1.064104652800903938e+00
nan	4.969607063224934507e-01	2.911228567771888542e+00	-1.130917921251118896e-01
nan	2.225492548676159643e+00	-2.431642220596903492e-01	2.587174773270233263e-01
nan	8.537527391557336864e-01	5.861095494869820177e-01	-8.195119495622223971e-01
nan	2.152907927528719956e-01	1.017867594390939323e-01	-8.118070580966034733e-01
nan	-7.344369819204690231e-01	-4.050942853690119305e-01	-1.352228344406348315e+00
nan	-8.397652801536228395e-01	-4.407500482281279108e-01	-6.155085424997844834e-01
nan	-4.148459087980412852e-01	-7.737062218712842387e-02	-1.304035963241828577e-01
nan	1.321196232132635373e-01	5.756797894451806119e-01	5.166805480864760103e-01
nan	1.936730161658651195e+00	-1.079085170337958033e+00	-8.280711880651989709e-01
nan	1.011953034597167234e+00	-8.639704074080070129e-01	-7.063208840288957013e-01
nan	1.034148777350873960e+00	6.099381002121151418e-01	5.390904061918397883e-01
nan	4.543501643154390091e-01	-1.108312464028701649e+00	-4.770233463387380524e-01
nan	1.471538082019557825e-02	-1.308289533189831655e+00	-1.153437208507303691e+00
nan	5.601329827087858648e-01	-2.656614328347546738e+00	-6.668100981383134895e-01
nan	-1.561370765964580132e+00	2.044079233574956911e-01	-2.795765002636585450e-01
nan	-1.677383631404682607e+00	-2.906954936709675863e+00	-7.963579952790550420e-01
nan	-1.226543176016672287e+00	-1.034995185822067842e+00	-2.433158003435561767e+00
