nan	1.738149437784495266e+00	4.257206905500787730e-01	-8.396392826347569560e-01
nan	7.226319139773176303e-01	-5.006650440214273079e-01	-7.668284727754698382e-01
nan	1.637456795390828113e+00	-2.902175479858816187e-01	-3.542437537189710994e-01
nan	3.857042049306836362e-01	-5.752397851863777500e-01	-5.262943960535723109e-01
nan	-4.281335597650751112e-01	8.180732735049239812e-01	1.535144293287891704e-01
nan	-2.411690568958491987e+00	-2.531342198498408025e-01	-5.564692818243549555e-02
nan	-2.289543966696980792e-01	1.656408781405354969e+00	-3.804262772982472951e-01
nan	3.758780131377593148e-01	8.614932867659321758e-01	9.582942547889141682e-01
nan	-5.426373751769162368e-01	8.192030047043206142e-01	-9.199269970562158338e-01
nan	1.580228206528351553e-02	6.398466546667296306e-01	2.376987643850684839e-01
nan	-9.453107176987016746e-01	2.194346742455116406e+00	1.919015213696981581e+00
nan	7.161420313860580311e-01	-5.955720626122680272e-01	1.979301393434262035e+00
nan	2.933186418527614636e-01	6.121122592492271863e-01	2.735119725098744681e-02
nan	-7.088868665408507574e-01	9.872937212228539705e-01	-1.158114917862867133e+00
nan	9.642012074910621955e-02	-6.535014592369932096e-01	-9.284438880635502434e-02
nan	-1.680886232760932852e+00	2.540574194968940880e-01	-1.088726951567708490e+00
nan	-1.248727315773754398e+00	-2.306284452205373814e-01	5.548141000904877052e-02
nan	6.996554402885655222e-01	-2.333348446873510229e-01	-5.586555964473901570e-01
nan	5.507678237272888300e-01	1.305519009664827701e+00	6.540696637186557139e-01
nan	-3.203727517439116657e-01	-1.713502176676456878e-01	4.095811772567936604e-02
nan	-4.286589550922063618e-01	-1.084621661074167243e+00	-1.813666967738923330e-01
nan	-5.885855350106541373e-01	-5.297130851562779075e-01	-5.798046746442339083e-01
nan	1.530056171117922581e+00	6.927617645751679154e-01	-1.243694296176039327e+00
nan	4.387154003267517144e-01	1.105092165036223761e+00	-4.290882280509004110e-01
nan	2.891736092136110159e-01	1.793776068264619550e+00	-8.285807131915354229e-02
nan	1.234119129985530305e+00	8.164816753773005420e-01	2.103312154751018626e-01
nan	1.058304780074549534e+00	1.093484622887908708e+00	6.581695674544114638e-01
nan	8.206631753873978585e-01	7.343454560306894585e-01	-1.749704651385386001e+00
nan	-7.655682826476090108e-02	5.930286335036224488e-01	-4.838407598993496039e-01
nan	-1.275929840997568565e+00	-2.338342180104717172e-01	7.776800357317735779e-01
nan	-8.186075101465977166e-01	-4.861581630752356276e-01	6.850090748590615952e-01
nan	2.700235829054705161e-01	-6.841987144338970150e-01	8.259831125924531614e-01
nan	-5.876735931698561233e-01	-2.162734206100429546e+00	-7.547745181063275632e-01
nan	-9.781596914528009057e-01	-1.009794718135824887e+00	-1.725188293792586425e+00
nan	1.065870491901235173e+00	2.595937664365144393e-02	4.110613062665740003e-01
nan	1.770217280922475878e-02	3.027131358271046291e-01	-8.324739405962793271e-01
nan	-9.511859924187501258e-01	1.015009621067439971e+00	-2.139691126381674247e-01
nan	-1.630987440637357566e-01	1.071734002432501054e+00	-8.116558520502015206e-02
nan	-3.113087719448685564e-01	2.577970917195659406e-01	-1.472460229375545659e-01
nan	2.448530088540294081e+00	-1.517143397768348834e+00	-1.901048325127049354e-01
nan	1.757460316175097237e+00	3.606733468561951761e-01	-6.392454712385277071e-01
nan	9.045784614828297210e-01	7.099027354869382744e-01	8.669748299457834539e-01
nan	1.155893395234463439e+00	-6.980915011979085261e-01	2.026632947349396474e+00
nan	1.268281997523513560e+00	-1.154763408695016036e+00	2.757743035635287221e-01
nan	4.310323121780675754e-02	-9.913031093888764467e-01	-1.077838316863320323e+00
nan	-1.672738562348525138e+00	-1.669667101355242878e+00	-4.888317521517531739e-01
nan	-4.839237117482645401e-01	-2.075096359144294578e+00	3.061528254718820508e-01
nan	-9.974429205646737628e-01	-2.666472005225123398e-01	-1.242583143328901629e+00
nan	-2.475007592129394862e-01	-1.186067427360941284e+00	-8.116717403950299836e-01
nan	-1.400555409529143258e+00	4.991735854795198435e-02	-2.336635749609806689e-01
nan	9.589300425604565525e-01	-5.741567169450588759e-01	8.858923605535139467e-01
nan	-1.537665919033233131e-01	-9.183920833584992005e-01	-7.556536868033972842e-01
nan	-2.640404285988626754e-01	9.283538788667283770e-01	-3.800200215400252324e-01
nan	3.886529691368145745e-01	1.490141146148130924e-01	1.152996640829700548e+00
nan	5.791743038657095610e-01	-1.117365253908310097e-01	-4.258254846622356315e-01
nan	6.073329579672505085e-01	1.528667891129856793e-01	-1.529799732523960953e+00
nan	-5.516818505281096963e-01	-1.029586974999939564e+00	1.053321684116901746e+00
nan	1.071978562476977870e-01	9.868286787131879123e-01	1.103370210168290066e+00
nan	7.291243707210983693e-01	-4.141406184857859274e-01	1.061157512424805827e+00
nan	9.403799113170495660e-01	-9.396171133021999355e-02	-1.584915510072678169e+00
nan	-1.628617100616527757e+00	-6.409541325609662277e-01	-1.301242191471810195e+00
nan	6.601645858187999982e-01	-1.214388432270797846e+00	3.297753282798682184e-01
nan	-8.979988087763465243e-01	8.100922548832705239e-01	-2.410248053403354351e+00
nan	-9.017354997387381221e-01	2.296610341173383474e-01	2.675505318929366494e-01
nan	-3.929752425685123729e+00	1.487107691873002402e+00	7.389590567704245050e-01
nan	-2.294943558025844155e+00	-1.894791032240165318e+00	7.484469221179890219e-02
nan	-1.660873604967796568e+00	-2.430312693863065476e+00	-6.163877384980372964e-01
nan	7.181570162401929025e-02	-4.897579276904190371e-01	6.270046603394606732e-01
nan	-1.568990359680907387e+00	1.359491788599255235e+00	-4.958968490005398744e-01
nan	-2.990596635022158445e+00	3.278427741222462721e-01	2.417874084101103438e-01
nan	-1.071697237427627680e+00	4.539009113103449344e-01	8.791956568819882245e-02
nan	2.281620727918177438e-01	1.095147202498466976e+00	-2.080409424218621073e+00
nan	-3.355602414495520436e-01	5.912236547030353950e-01	-9.696933634822993975e-01
nan	-1.828986376790332491e+00	-4.616846463280860347e-01	4.310175754390730418e-01
nan	1.768586297140393615e+00	-1.624497460824163575e-01	5.369662041972164124e-01
nan	1.014490115670097836e+00	-2.145859705933199635e-01	-5.907419604696896309e-01
nan	-1.462502583550751467e+00	-7.817712447226988770e-01	1.169216513251444489e+00
nan	2.498122952884104242e-01	-3.268166600671269517e-01	-1.403733217737624939e+00
nan	1.499803794507210020e+00	5.702318973274314029e-01	-2.521313294079877920e+00
nan	2.176360599217598946e+00	1.637430923182751741e+00	-1.007988565217686538e+00
nan	1.781441587582874631e+00	1.521256511794943256e+00	-3.398124406943270337e-02
nan	7.723533243143280158e-01	-1.935163962729297138e-01	3.974244208600258288e-01
nan	3.294660018875145147e-01	-1.522455418215802991e+00	9.759261043668899793e-01
nan	-8.380899604589364671e-02	-8.698992710701024533e-01	-1.186654817055344813e+00
nan	-1.832238968842159199e-02	-2.069529220133931036e-02	-7.308464686138592681e-01
nan	-4.096769480896912674e-02	-1.895493210135886786e+00	-1.884736000237948295e+00
nan	5.310849368025103434e-01	-3.929729539841600450e-01	-2.237249044741581372e+00
nan	7.335876927481520537e-01	6.153786504523293122e-01	-1.546557160571690126e+00
nan	7.545410897091968661e-01	2.315270398818922715e+00	-2.879879801428849584e-01
nan	-3.284989775005684454e-01	-5.990665778187165280e-02	1.469841506536384124e+00
nan	6.211834860347126286e-01	-1.267983225454094587e+00	-5.165818434014710636e-01
nan	6.845354029652414574e-02	3.218024871947633425e-01	-1.330260690193114215e+00
nan	-1.743493486311809004e-01	-8.054421685924463281e-01	-6.472398516154442838e-01
nan	-1.340911256930868767e+00	-1.293022450578782956e-01	1.090752571028539286e+00
nan	-1.848608155302078337e-03	-1.495523924819859296e+00	5.818002846646925796e-01
nan	2.444793641633709602e-01	-1.177417822903479960e+00	-8.557976347118023686e-01
nan	-2.273892877999697859e+00	-1.433115705012768304e+00	-1.194018762374490006e+00
nan	-1.949391431253717721e+00	-5.567789929028955642e-01	-7.144264661525324689e-01
nan	-1.638828714047249502e+00	-1.855994162665151936e+00	2.929637546578088281e-01
nan	4.940660762747932644e-01	5.542256275321639780e-01	-1.621070001453112308e+00
nan	1.995436800964240920e-01	2.871690488041935274e-01	-6.735926916921159968e-01
nan	8.149575423726274082e-01	3.764610898571608022e+00	-1.063443420077495039e-02
nan	5.830736541672969508e-01	3.514430866208462234e-01	3.426888919495785224e+00
nan	1.255107797070847964e+00	1.200709228533995310e+00	9.791927665059962926e-01
nan	1.016929341183090418e+00	1.408102331720301859e+00	3.017690018280253517e-01
nan	-1.225265334336604894e+00	-2.636640529580349668e-01	-3.206745746009028730e-01
nan	-1.531081991693569400e+00	-1.846948409278403647e+00	4.728955962378456057e-01
nan	-1.628794531293285885e+00	-1.952114152890183529e+00	1.657141866234846717e+00
nan	-3.174875334491321865e+00	7.822849530329798462e-01	-8.493626543521629602e-01
nan	-2.258095384677853090e+00	-1.675682521423172533e+00	1.314369288017100068e+00
nan	-4.576040066743459755e-01	-1.882660705114234112e+00	-2.808325765699026810e-01
nan	-1.613961818767450040e+00	-2.294251106075921309e-01	-1.199553801229108263e+00
nan	-4.801776279896374233e-01	9.564909082855754807e-02	-1.955651983146293960e+00
nan	1.417920344901234309e+00	-1.512203598898397006e-01	7.608119842175739000e-01
nan	2.192719178709456873e-02	7.873825285280202646e-01	-1.272639813496719841e+00
nan	-1.282129693674875393e+00	1.846310996021371720e+00	-2.513687659169105970e+00
nan	1.702809450703208327e+00	4.227333727855098200e-01	-4.661278315773956793e-01
nan	5.953026405836180368e-01	1.645675413229526374e+00	8.647018958342524986e-01
nan	7.923869526050641987e-01	-1.577926094237844579e+00	1.293611354212434339e+00
nan	-2.531457639623038158e-01	6.934649506240632144e-01	-1.493391220231470973e+00
nan	1.011463294570057014e+00	-3.058770135185645556e-01	9.768670380148081200e-01
nan	-2.885005334930937915e-01	-1.524708685932840702e-02	-2.539900578717550483e-01
nan	5.021382289586375780e-01	-1.082371066521984337e+00	6.003741405932458974e-01
nan	1.792500772356765415e-01	-1.952494896920455025e-01	-1.364818346373331659e+00
nan	-1.733074347994026931e+00	1.853850746509304870e-01	6.266367978754107115e-01
nan	-3.877571309831251423e-01	-2.512171979103956954e+00	3.712095738245655974e-01
nan	-1.017526003928687528e+00	4.577751615028835541e-02	-1.611149368133963256e+00
nan	-4.330572746960878461e-01	1.031319318622291314e+00	-1.488662042924814966e+00
nan	-1.166091742396758724e+00	-3.973794580888183603e-01	-4.196121053006193202e-01
nan	-9.832433203905545094e-01	-2.295785903807772144e+00	-7.693688487396045383e-01
nan	-4.482295151714368320e-01	-9.953640205771379090e-01	-8.714848298198553112e-01
nan	-1.518082217967380521e+00	3.403111531594632533e-02	-3.735077415645116083e-02
nan	-7.742117409496274139e-01	-3.576407683577027541e-01	-1.078914663709063859e+00
nan	9.851852289059064294e-01	-3.489071472246629835e-02	-7.255580530492795610e-01
nan	9.752045805859426153e-01	-8.850442100950101088e-02	-2.376267423704530479e+00
nan	1.684237800860261258e-01	-4.046733623725935480e-01	-4.668690638931133341e-01
nan	7.077658390515295661e-01	1.443697788521423941e+00	6.670131498358493616e-01
nan	1.674083954307564959e+00	3.354295941979305584e-01	2.496459484667322481e+00
nan	8.997515544610942273e-01	4.796633990442901729e-01	-3.549947033499738502e-01
nan	3.068996830085023442e-01	-6.221702820633574493e-01	9.995636189415686435e-01
nan	6.392793788878986527e-01	1.420753741230307288e+00	-8.480817602416421686e-01
nan	1.655609933699111469e+00	-3.421555216257952114e-01	-2.105259510473202200e-01
nan	-8.967021696365978789e-02	7.180768800206251967e-01	1.019552370562329946e+00
nan	-6.082778160401001166e-01	3.729429038012646580e-01	2.956160391199659898e+00
nan	4.869782206618134546e-01	-2.063625135859324722e+00	6.776821544663802488e-01
nan	1.567405088095564780e-01	-1.200083214942273102e+00	2.201801577916909780e-01
nan	5.268852206234007074e-01	-4.697140833573536511e-01	1.428110684244529582e-01
nan	5.158566203085878099e-01	5.482181272751749379e-01	1.472290950472056714e+00
nan	4.054186289614938321e-01	-1.227853594827193362e+00	2.993576773926008627e+00
nan	1.835892233792887906e-01	-7.612803215352278996e-02	2.047961224731664753e+00
nan	1.264376218228221660e+00	-4.647089003443750088e-01	1.490588345224830746e+00
nan	-7.852707770572424639e-01	-1.354724803497451724e+00	7.464096239940185562e-01
nan	4.837816085511116304e-01	-2.084916425349966906e-01	-9.273343697646251049e-02
nan	1.296411976193063254e+00	2.768228457674495324e-01	3.021755933354364765e-01
nan	1.440291023741321563e+00	-3.798827730849133610e-01	5.986206018003279450e-01
nan	-4.603183778780006175e-01	8.936308013567166864e-01	7.829410246749308744e-01
nan	-1.418055285620507311e+00	3.825647552537789764e-01	1.576625718822632916e-02
nan	1.532939014505139141e-01	-1.357113719432604615e+00	-7.971173931451985828e-02
nan	-6.172750244753388849e-02	-1.855762506406013479e+00	2.157937805426607403e-02
nan	-1.249169049187441427e+00	-1.337524772326827982e+00	3.442495283674885664e-01
nan	-1.168200814904973850e+00	-2.437922096083406931e-01	-2.727562310780978772e-01
nan	-1.250003921553327069e-01	1.547779113913387627e+00	4.805399125676749206e-01
nan	3.404958442925415385e-02	2.296978064066307057e-01	1.452922615086825076e+00
nan	-2.566797634845322529e-01	-3.458214843832532748e-01	8.574193240896641477e-01
nan	9.311305887762937328e-01	6.706432867555705002e-01	6.127433149823671155e-01
nan	-2.334394993395895179e-01	9.978894480452149551e-01	1.307357360754995090e+00
nan	1.750244530250860686e-01	-1.945401297146301500e+00	8.168277341027674332e-01
nan	6.028085195730361612e-01	7.367839124707076248e-02	-3.854961381340442639e-01
nan	9.346764072623636732e-03	-2.193763038028730128e-01	-6.028952280428004906e-01
nan	-2.696213084548474415e-01	-1.294393951177713331e-01	4.123837276555026854e-01
nan	1.207167440195288988e+00	-9.769481495197561705e-01	-2.298817445343305899e+00
nan	-6.713686772342037923e-01	-7.365676186533152980e-02	-5.045872675136544583e-01
nan	-3.802142640892234859e-01	2.363627519328964643e-01	-7.810140793582728280e-01
nan	-1.393973360634658487e+00	-3.465741667835124940e-01	-1.002334617017651031e+00
nan	4.349960878614130833e-01	2.398788502780178078e-01	-8.768693132536877766e-01
nan	1.346196939027192396e+00	-1.738520754018656689e+00	-2.669312782768413772e-01
nan	1.354022501263368650e+00	-6.097501737686141787e-01	-8.239570940414904232e-01
nan	1.735252604551884570e+00	5.046539226937294398e-01	-9.321131138987606146e-01
nan	1.690328441267509696e+00	4.108659125411908697e-01	-3.212455148159827356e-01
nan	4.514617871995628695e-01	-4.186264543690324524e-01	-6.113717422015221836e-02
nan	-2.721289173507411840e-01	4.574217665321269055e-01	-2.585030469833363931e+00
nan	-4.250801112917762525e-01	-1.261724406614603167e+00	-2.338183495681614321e+00
nan	-6.586386508234454151e-01	-2.148542237625110651e+00	5.091505646463321266e-01
nan	-2.709989444264578662e+00	1.035891718625055358e+00	-2.026843154779854661e+00
nan	-1.578457064591899384e-01	-8.842140409458074668e-01	-8.727128530459330458e-01
nan	-2.920060792825557305e-01	-2.790281306790072247e-01	-2.316103677355715318e-01
nan	-3.326906042686793574e-01	-9.167472398867188010e-01	7.183495448935089955e-01
nan	-1.354797893669824838e+00	2.044040000223341647e-01	4.987690451613955300e-01
nan	-1.404402687812336570e+00	1.737317210407742785e+00	-8.702065955657750651e-02
nan	-1.003126116969734610e-01	7.290421140782771259e-02	-2.111959156731805010e+00
nan	-1.106719673627310607e+00	1.226518518140563979e-01	-9.626124808700662339e-01
nan	-6.035627208066777216e-01	6.555842593127201301e-01	1.216241216335062769e-01
nan	-4.341985720393986559e-01	5.480425877477876906e-01	-8.740898739486732127e-01
nan	-2.507066254996920263e-01	-4.790538952915510684e-01	-2.038023395168702567e+00
nan	-1.451846268197301226e+00	-1.458295827017411783e-01	-1.410045044968096351e+00
nan	-1.155209899492871006e+00	5.966824903010421455e-01	-1.376966562749247558e+00
nan	-1.071779777185121185e-01	4.621152499341776299e-01	-4.526012311069115279e-01
nan	-2.143743582429975536e-01	3.083216442955750147e-01	2.571601773140470004e-01
nan	-8.154167243160964640e-01	2.935874992574925013e-01	-2.746752674757519941e-01
nan	-9.561690682849544043e-01	-1.309722717886465437e+00	-5.696908413714502073e-01
nan	-8.828514391631886449e-01	-8.015210245176479509e-01	-1.255752679774828628e+00
nan	1.087589953054384218e+00	1.342846821512959643e+00	-1.479562869685075333e+00
nan	-1.055555285979811186e+00	7.711514303499896750e-01	-6.419051736805340136e-01
nan	-3.266627342094887698e-01	4.266361011549113513e-02	-2.043493522393713124e-01
nan	-5.319568947771831091e-01	2.449745549783289289e-01	-2.164350382453522903e-01
nan	9.880760652889266638e-01	1.119285540564327386e+00	-1.702699285036340243e-02
nan	7.350565801824364698e-01	1.157840067663680417e+00	1.188832081117915385e-01
nan	1.135232307589134182e+00	1.565140677846310613e-02	2.472947577434736477e-02
nan	1.065667598358303714e+00	-7.382470832428873475e-01	1.450561084735831230e+00
nan	3.641887203182908594e-01	1.022647729778819237e+00	1.193702081791602199e+00
nan	1.461181765533598576e+00	4.174797519441532101e-01	-6.244295116666062073e-01
nan	-6.177254600858044231e-01	5.144711547837521604e-02	-3.538249505370770209e-01
nan	7.401552018530019872e-01	3.860433489096372073e-01	1.587648615268250352e-01
nan	-4.595541179997382764e-01	1.653507166222417446e+00	1.033102305017358447e+00
nan	5.851564915176243886e-03	6.802078948557739313e-01	6.438500186840188100e-01
nan	-5.454807844989979504e-01	-1.210949020542077204e+00	-3.366901257724519425e-01
nan	6.735131939542274848e-01	-7.464222565540025167e-01	-7.625881322134703266e-01
nan	-1.854557739419681939e+00	-1.822925075008464124e-01	2.443793579571518770e-01
nan	-1.490077849457341008e+00	-7.636482315700451329e-01	3.529949214497086762e-01
nan	-1.359980283356463371e+00	-1.578264209942799479e+00	-2.665219726406352629e-01
nan	-1.488569775957128138e+00	-1.756903507886875104e+00	5.894852546529956161e-01
nan	-2.067136626094392859e+00	3.485032014673188350e-01	-3.170558458712681160e-01
nan	-1.499900031486266716e+00	-1.401872040566813027e+00	-1.842342259196637633e+00
nan	-2.978743119046765031e-01	2.864512593064284518e-01	8.896193840534856179e-01
nan	-2.229677697709377682e-01	5.711506487349131411e-02	9.552957745979604454e-01
nan	9.545076019948711687e-01	-8.197422558938098902e-01	4.222198662959676940e-01
nan	1.265295575725931543e-01	1.131838696519585907e-01	5.633126899754679062e-01
nan	-9.364494526911741890e-01	4.799517599685017982e-02	1.198153093394008994e+00
nan	-9.220409552192779246e-02	3.592428326324972887e-01	-1.245525161752326859e+00
nan	1.395893346123520784e+00	-1.080656336046441485e-01	-1.290061541798081635e+00
nan	-3.997189601529478886e-01	-4.478470989732258878e-01	1.392239880508709948e+00
nan	1.038532200431864227e-01	-3.951270774488758186e-01	1.148334260336624446e+00
nan	-2.078387977493004080e+00	9.157425450824419055e-01	1.453563409841415632e+00
nan	-5.574693475607158666e-01	3.164145024618942870e-01	2.131781546793599436e+00
nan	1.266780825310246383e-01	1.755019842514943251e+00	-1.103617300352161212e+00
nan	1.558878359020242188e+00	3.818984162233043378e-01	3.006829341773812336e-01
nan	-2.109757539800007020e+00	-7.415889336816642308e-01	1.565812829905402159e+00
nan	-8.386897944717863762e-01	-6.821437419046313400e-01	-9.855488270149134755e-02
nan	6.135596938619480856e-03	2.646759294609078994e-01	-9.402742569311135501e-01
nan	7.078862746465179878e-01	-6.131109561366629990e-01	-1.989397869713166234e+00
nan	-2.692935177485257792e-01	-1.265628373625995895e+00	-3.811825158409632985e-01
nan	5.783205885355511278e-01	-9.519748947312434151e-02	1.044182162443034190e-01
nan	9.489489928602381497e-01	-1.424830012605320828e+00	4.525990642424383981e-01
nan	2.044295403791197563e-01	-2.869842362119843671e+00	-1.694506340213146833e+00
nan	-1.027985849798993323e+00	-8.693678351623269629e-01	-1.340763542615978965e+00
nan	3.657787790842702558e-01	-1.500151645280651813e+00	-9.533366917390241335e-01
nan	4.968625279003940909e-01	-1.441756978487710228e+00	-3.472198389083105408e-01
nan	5.915861492156081480e-01	-3.596487911640005586e-01	-2.384854931877728568e+00
nan	-2.132732037799803249e-01	-6.839002400116771241e-02	3.061361142582155193e-01
nan	-1.225596129799740724e-01	1.716313630997335915e+00	7.156689695103755078e-01
nan	-2.228073868821314196e-01	6.403523381390838765e-01	1.299984526024120957e+00
nan	7.449910371982265689e-01	-8.720471025493883310e-01	2.139130545068496758e+00
nan	-4.967929622318491001e-01	3.032123589090865989e-01	1.900993934113412998e-01
nan	5.216526943947114026e-01	-1.168692044096064420e+00	4.945428235572211229e-01
nan	-1.181047764629543417e+00	-1.860094142322575583e-01	2.478184523455060628e-01
nan	7.090379917870565096e-01	-1.067095975773707295e+00	-1.677062192479624070e+00
nan	-8.048841788924450125e-01	2.719993477113842317e+00	-5.136644092198587863e-01
nan	1.104808862251598800e+00	-8.580279905904866222e-01	1.391666916344764360e+00
nan	1.892099323105611797e+00	8.064879460905338693e-01	4.236571231745631660e-01
nan	2.109055684808476716e+00	1.811641567570113853e+00	2.347788024956375175e+00
nan	9.967529535300396759e-01	2.680310366858048798e+00	2.681583756058294465e-01
nan	1.265972689295704834e+00	1.177066507474506807e+00	2.219009715261316407e-01
nan	7.676454320571370893e-01	3.743455037395757024e-01	5.686116303419762597e-01
nan	2.684780947846706067e-01	3.914073319210215063e-01	8.970563042230917938e-01
nan	1.665690961151919725e+00	4.119442917105778923e-01	8.656658070263014704e-01
nan	8.461458936514023588e-01	-5.747093650510390894e-01	1.038884859462507082e+00
nan	2.774627051330394445e-01	2.069449509027435408e+00	3.123742513245342800e-01
nan	1.374704880039807176e+00	1.432457467151157182e+00	1.552623360499021610e+00
nan	6.981693298317067642e-01	1.735821088696874348e+00	2.259722008771092305e-02
nan	7.436250179117991355e-01	3.688455517958855179e-02	-4.186626100175981913e-01
nan	-1.277131928952816020e+00	4.332783786803002801e-01	-9.004009088014937046e-01
nan	-2.875961146872843543e-01	-7.251904098694628154e-02	6.845997957057539662e-02
nan	-3.059625813048528764e-01	3.848257041344363971e-01	-3.274937222814735538e-01
nan	1.412261547315328158e+00	1.482328505550595921e+00	-9.261295295213741730e-01
nan	2.160698935418195799e+00	3.672480488452315450e-01	-1.919470539558128852e+00
nan	7.920374417286206725e-01	1.065094863682467086e+00	-6.033432860526467545e-01
nan	-1.231821705569096981e+00	4.527286345759082842e-01	3.845400399162958727e-01
nan	-8.646926556723624202e-01	-1.459418537102570301e+00	7.365800615443167665e-01
nan	3.781127584436282385e-01	-1.056390627686579764e-01	2.506803932410136548e-01
nan	-2.183283616177912112e+00	3.345376449771653160e-01	-3.699830066732802680e-01
nan	-8.823232581866657931e-02	-7.480165207383596693e-01	-1.597818917572853437e+00
nan	1.215433626279612156e+00	-4.702103453467025851e-01	-8.426241985012745683e-01
nan	-9.138637559297499990e-01	5.767738373293284093e-01	2.655668101943653436e-01
nan	6.112068817245291941e-01	1.994890294732845737e+00	2.614139157232042709e-02
nan	1.227401460600772598e+00	1.765022032209845992e+00	5.386035864235141357e-01
nan	1.847970766621676031e+00	1.061503928337322877e+00	1.972991079728316999e+00
nan	9.754021284233785893e-01	9.126331256877635578e-01	9.918141480759010697e-01
nan	4.064539578737961234e-01	-1.155418394104824609e-01	5.316199832599135533e-01
nan	-2.470202530157635246e-01	1.038957427519403121e+00	1.073254275451248851e+00
nan	7.939207020991995156e-02	-1.917425861648875074e+00	-5.849654445148194659e-01
nan	-1.338471897372710995e+00	5.137132204429931681e-01	-6.782823397149728706e-01
nan	-7.625713711723972610e-01	4.123728193166581457e-01	-1.432042978349301832e+00
nan	-1.335656588663612254e+00	-3.813983129109832504e-02	6.140546280753206299e-02
nan	-1.480455164246714306e+00	-3.148455458320998934e-01	1.024379367264019125e+00
nan	-1.140824540656482089e+00	-6.358087828377747552e-01	2.201837011866614624e+00
nan	-1.652349309171604608e-01	-2.806015614246677448e-01	4.085922123027403430e-01
nan	-1.192357016037098649e+00	-8.394205958887834829e-02	-1.347259325383205031e+00
nan	-3.591655014188750994e-01	-2.879012746816883794e+00	-7.289547937289928559e-01
nan	-1.204358522618961702e+00	-1.385419527048206589e+00	-1.530119434074623364e+00
nan	-2.519508041054777436e+00	-1.277178652199610243e+00	-1.483407447739447882e+00
nan	-1.288763036843574294e+00	-9.485136493094911136e-01	-1.719786576535150546e-01
nan	1.751357460923593345e+00	-7.164313642023814044e-01	4.546907832661406523e-01
nan	5.913695000479111119e-01	1.075772373366244428e-01	-8.337745796749798100e-01
nan	1.093885569645412614e+00	-9.004856217344162639e-01	-2.037389057683086868e+00
nan	-3.726706698160734410e-01	2.318985566059641179e-01	-1.304285141843713580e+00
nan	-2.086458496958005782e+00	1.032843185971615618e+00	2.526261712581447938e-01
nan	9.705712260700281035e-01	-9.322331820215583598e-01	1.469717626756444462e+00
nan	-2.024406202609322913e-01	2.250454836422130178e+00	5.937049157401003141e-01
nan	-6.518542080135136807e-02	-3.017695608538447649e-01	1.978902957447043143e+00
nan	2.905752141374138842e-01	-1.066255603673366137e+00	1.652504892879548937e+00
nan	-1.539229615643953331e-01	1.720080135241686126e-02	7.651960228824347121e-01
nan	5.857072163287938005e-02	-7.951109917345722256e-01	9.926893516621635438e-01
nan	-8.592362745423179904e-01	-8.011880776753073086e-01	1.571913641469629752e+00
nan	1.002651187845711389e+00	-1.077679462677624267e+00	5.103902878414534605e-01
nan	-1.463611394455895942e+00	1.371725427323821078e-01	-1.063453608707168319e-02
nan	-1.890086205565654209e-01	5.808339104460595870e-01	-7.568964494305192581e-01
nan	4.651436913303207410e-01	8.121132669124667136e-02	-1.460564035736855226e+00
nan	-1.211887311528990097e+00	4.080097674038291045e-01	-1.059487169508096294e+00
nan	7.649452465623107766e-02	1.190603329641413688e-01	2.103419461032307591e+00
nan	9.544844320703568252e-01	-1.109520645927179361e+00	1.705568527838521975e+00
nan	2.884334208830215296e+00	-1.871217675736403629e+00	5.581572029209056485e-01
nan	1.122931349248601940e+00	-8.135540427342344838e-01	9.992360526313270874e-01
nan	1.208410331579890196e+00	-2.945187542506402245e-01	8.782272293290561971e-02
nan	1.036028849353288095e+00	3.762323197308846678e-01	-1.304332315278310395e+00
nan	1.013052453590758351e+00	7.332580638200054679e-01	-9.921615168532686990e-01
nan	-1.906727281544186026e-01	9.224935319354533592e-01	9.906971587819083380e-01
nan	-7.599843104090856505e-01	8.993220245100311261e-02	4.973002814408586381e-01
nan	-1.031663759800133029e+00	-1.507517271532851311e+00	-1.302411181943875951e+00
nan	-1.259235813813114557e+00	-6.821965779164810284e-01	-9.315623634743261938e-01
nan	-1.174694313177898852e+00	-1.213010772809152815e+00	1.627916201049912637e-01
nan	-5.532015388055870897e-01	3.951430468613268410e-01	-7.982540591647298012e-01
nan	-4.219198234268172754e-01	-5.993370148893659710e-01	2.554227742200274598e+00
nan	-3.552488898564834519e-01	2.358122538118360145e-01	-4.019784339162492115e-01
nan	-9.031107229604801168e-01	-1.780676204291183673e+00	-2.930817532094722178e-01
nan	-1.523816911057872536e-01	-5.056751590662285079e-01	1.689588769734835516e+00
nan	-1.542679421800309703e+00	-1.196743509304193598e+00	1.958808350248600894e+00
nan	-1.772638664818816157e+00	-8.352297835068303034e-01	-8.293924002435618670e-01
nan	-2.918011469922447976e+00	-1.976994115140134234e+00	-2.034066719627236175e+00
nan	-8.876729515490985323e-01	-1.992618748128962336e+00	-1.971753484740108142e+00
nan	-6.564765061335920970e-01	-1.802368705644153968e-01	-1.251147140828188675e+00
nan	-1.420124378975239132e+00	-6.627800449715217646e-01	-5.488425182611303965e-01
nan	-7.753053149351563089e-02	4.400841072799210885e-01	-2.959004702527384456e+00
nan	-1.551333776766173900e-01	1.611952187218369081e+00	-2.273472511877484337e+00
nan	2.096782226054183795e-01	-1.281699844002453181e+00	3.838514707931828251e-01
nan	5.467847563193493077e-01	-1.189645207271507132e+00	-1.339134793493804709e+00
nan	2.050484202926128041e-01	1.063582166410681484e+00	-1.348932328647752810e+00
nan	7.499990653224026804e-01	-1.030212455344856837e+00	-5.765990061101026187e-01
nan	-2.016484662319210752e+00	1.405618823580794485e+00	-9.881810145709668536e-01
nan	1.538013303176963831e+00	3.832073258583745812e-02	3.636728573333370407e-01
nan	1.868195856452755432e+00	7.650505587982958655e-01	-5.238532907279171980e-01
nan	1.140771438608311872e+00	1.750626551353368754e+00	1.203045481344682699e+00
nan	4.900004100501693660e-01	5.364616827934324261e-01	-4.741139680205253004e-02
nan	5.515300045029101206e-01	-1.931632968049353249e-01	-3.171404748273098928e-04
nan	-1.023108358255985006e+00	-1.494532889627413930e+00	9.502335143405442608e-01
nan	-1.628581327390361544e-01	-3.025098861418212270e-01	1.046005175243341023e+00
nan	-7.406885970016560128e-01	-2.424568123420195676e+00	-1.148790345719282180e-01
nan	-2.661177345553489282e-01	-1.371580058475950992e+00	-7.712016447327812996e-01
nan	-2.902831195930606900e-01	2.083426684437626464e-01	-8.886116580672205334e-01
nan	1.135202926058790363e+00	-1.132031586486642594e+00	-7.835714497702015446e-01
nan	8.474701584252755104e-01	-3.555104554574951559e-01	-1.016602821450896643e+00
nan	3.971587909506049674e-01	-1.817310084994097741e+00	3.902624592971267736e-01
nan	-1.426777412593491778e+00	-2.421778988316462655e+00	-6.571914915459293738e-01
nan	-9.636313236221036860e-01	-1.911027570910416307e-01	-4.208677588325057117e-01
nan	-5.875027621474019357e-01	3.106692267073835056e-01	8.597485424444312185e-01
nan	-8.494770055906463169e-01	-1.775009452000094079e+00	-1.267394643047150105e+00
nan	-2.821858768011462626e+00	1.773864391625742387e-01	-1.529550227190924483e+00
nan	-5.276339277573653952e-01	-6.983195721438554271e-01	-3.254963518808602907e-01
nan	2.613926669843826822e+00	-3.841553587599982889e-01	9.767289714642708454e-01
nan	2.921078956647991109e+00	2.742641855156187081e+00	5.593692622106514190e-01
nan	1.145369515126721804e+00	5.197015254776313764e-01	1.967119348743341378e-01
nan	3.265681899144040612e-02	1.800229852319712442e+00	9.432970506045277315e-01
nan	5.393219194671058370e-01	5.879506519921440244e-01	-7.807384533260242065e-03
nan	-1.027299020174657240e+00	8.451124123564549562e-01	-1.148345339273618926e+00
nan	-8.773041962651362269e-01	8.165625549940209726e-01	8.818960901352632664e-01
nan	3.239479531034714088e-01	-8.399354038013604473e-01	1.178974782578531499e+00
nan	-6.729472902370677856e-01	2.478438528937438878e-01	1.716303660328545311e-01
nan	-4.707435546717378960e-01	6.030863872320301189e-01	8.693732859847773664e-01
nan	4.488050782426000196e-01	-1.124433046889949495e+00	-7.985084582939816489e-01
nan	1.827667861610624556e-01	-4.096511922406920192e-01	-1.251626438319249024e+00
nan	-1.675637748178409714e+00	3.477684149852962037e-01	-6.199230265121459249e-01
nan	-1.855340067416020311e+00	-1.027537980105558413e+00	6.562635654411024255e-01
nan	1.386816436919960926e-01	-2.050944919283412382e+00	9.658847299800572550e-01
nan	2.437521123866491557e+00	-1.554618504164404502e+00	-6.788354012204793619e-01
nan	-2.454178912028981419e-01	-3.714556544263265536e-01	3.901161395958464562e-01
nan	-2.372582504640767809e-01	-7.396861924359942053e-01	-2.070164231218496464e-01
nan	-7.826759651176402599e-01	-3.976047989213170597e-01	-1.782791474399934462e+00
nan	1.092069798622428367e+00	1.383292358480469275e+00	-6.789147581463894632e-01
nan	2.557357608791693160e+00	1.924596754079963334e+00	7.288081180042074170e-01
nan	2.355630045732650668e+00	1.391818149966672413e+00	2.397819814337265321e+00
nan	9.819561588310402600e-01	1.026373977082690292e+00	2.643346058042203017e-01
nan	4.113825093219385387e-01	1.214964228833201654e+00	9.853553839841051598e-01
nan	1.534812695395081805e+00	2.272202938025254415e+00	-8.289282305500222936e-02
nan	1.843399675427789042e+00	-7.878457255342163901e-01	-3.109943136200055136e-02
nan	-8.511926101353217700e-02	-1.173275298511791132e+00	-1.170308792101260043e-02
nan	2.241402433294997776e-02	1.208154726179820226e+00	-3.619320311612341801e-01
nan	2.082573509798633093e+00	4.034669950253762516e-01	-3.942108950070473683e-01
nan	-1.648664630674233411e+00	1.534084163993513217e-01	-1.639957221184642766e-01
nan	-6.116087968746396486e-01	-1.715536413795013981e+00	7.203873196991444905e-01
nan	-6.571276539127601790e-01	-8.575804013766994416e-01	9.574903182978860006e-01
nan	1.114592987774391419e+00	-1.009151960626982092e+00	-6.365038447413351452e-01
nan	-6.878407004187284679e-01	-2.130224747917494721e+00	4.979568294156941910e-01
nan	1.279662458472899056e+00	-2.108186986976525290e+00	-6.483591962474603010e-01
nan	-1.447660893707181318e+00	-2.783422378491354210e-02	3.377662248908197551e-02
nan	-2.336218492745789632e+00	-4.132358012027725347e-01	7.672528370306898049e-01
nan	-5.863701387546103039e-01	-2.103362554287939723e+00	2.160707070500412996e+00
nan	-5.762117874605557910e-01	1.005633415978832712e+00	-6.198156045987441853e-01
nan	-1.884757489492741245e+00	-1.421479313780667830e+00	-5.520741192439853062e-01
nan	-9.879601418666718038e-01	-1.574146802547940371e+00	-8.968721215646224820e-01
nan	-1.819721900437118789e+00	-5.219861001417757107e-01	-9.225155077729229047e-01
nan	-1.080151824933899718e+00	-1.125561281143008241e-01	-1.031604080166647286e+00
nan	-4.453805194134766721e-01	-3.960838601976263140e-02	4.363443428472347785e-01
nan	2.513614627800659029e+00	-1.173596880026362976e+00	1.984698323522943397e+00
nan	2.264882741443454972e-01	8.460532881953559681e-01	3.393453124406503596e-02
nan	6.137492227532138633e-01	-1.946388824467773504e-01	7.781233732565260297e-01
nan	1.443740840187996310e+00	5.752011204991066551e-01	-8.867269995611435363e-01
nan	-1.056099886997331261e+00	-4.842685536430579862e-02	-5.184203748796012423e-01
nan	5.879790394459747382e-01	1.864792125232768827e+00	-1.401838122295295586e+00
nan	2.496658818645140610e+00	8.060680242192841405e-01	1.697759110617263589e+00
nan	6.150901785333438010e-01	7.235148043543592200e-01	-5.607367531082816381e-01
nan	-2.208343308523955661e-01	-4.505968096247232602e-01	1.154155982368310518e+00
nan	-2.160703877582577093e+00	1.431337909251602314e+00	-1.598991741003957134e+00
nan	-1.270192210277177214e+00	-5.772321048316693126e-01	-8.795705707144946262e-01
nan	-7.522720538572045257e-01	4.749998438063428585e-01	1.107476729951299088e+00
nan	1.366627101214850093e+00	7.257548035354981497e-01	1.589810436174471153e+00
nan	1.486496728745402951e+00	-6.290908926104401555e-01	4.780488977079370150e-01
nan	-3.696233224249528826e-01	6.717065725184953040e-01	1.588143326010170497e+00
nan	1.805916431140894174e+00	1.597800464941993237e+00	4.549958383784434846e-01
nan	-1.152877244530571499e+00	1.157250325231853783e+00	-2.279423420003547918e-01
nan	-9.427950224289352033e-01	5.514446084043376217e-01	-4.959966070393502791e-01
nan	1.389686511705622296e+00	4.495238542962686212e-01	-5.090443589834492411e-01
nan	-2.027852815191705460e+00	2.050645244509674558e+00	-1.607454834800591037e+00
nan	-1.025416220494367092e+00	-4.659005750915732325e-01	2.573663689380069619e-01
nan	-1.642365298060456613e+00	-1.590766810204705006e+00	1.324822421396943284e+00
nan	-3.789482478081596994e+00	-2.406200764784925727e+00	-3.260608375983146123e-01
nan	-3.296091055526585656e+00	-7.417336724337237897e-01	-3.255852789843596828e-01
nan	-8.561458861341401105e-01	4.816445770537884918e-01	-1.298906282194155937e+00
nan	5.392711841199472333e-01	-1.067940192873461536e+00	-1.005158082449022494e+00
nan	5.364037522636352917e-02	-4.238055373268038162e-01	8.230374934923399000e-01
nan	-1.832665225302513745e+00	-1.969365385413821334e+00	1.037391698140485291e-01
nan	-7.198205365703782554e-01	6.527265700750786159e-01	-1.260412963325873381e+00
nan	2.652976877067889649e-01	6.663416589805170043e-01	-7.506262828264051445e-02
nan	-6.153066207346794547e-01	4.641090947365841268e-01	1.130777257574764549e+00
nan	-1.060114599371493993e+00	-2.664879785203608242e-01	1.188824254113046264e+00
nan	4.435509142215864897e-01	2.389302762460572827e-01	-3.264053094146923684e-02
nan	-2.461719732957865781e-01	-1.758791908959379091e+00	-1.052207240860039417e-01
nan	-8.175696477261613637e-01	-5.428407195817036568e-01	-2.757540996043135739e-01
nan	-2.412751450250806284e-01	-5.697586335383394429e-01	1.409823605427284465e-01
nan	-3.817643490995915045e-01	8.506211620957440100e-01	-2.012421641361230029e-01
nan	-1.872591551827265777e+00	-1.407591447368555126e+00	3.089088687101869679e-01
nan	-9.237813806588008880e-01	-1.793387835621137238e+00	4.567804482165430113e-01
nan	-1.050193581674751853e+00	-3.828417568309825936e-01	-1.663639298768369912e+00
nan	-1.621922332033511882e+00	-5.654866819047346116e-01	-1.247000375092248703e+00
nan	-2.441793585525124044e+00	-8.963412610886301035e-02	-6.485209874278947684e-01
nan	-1.018511978105844928e+00	2.302390941558454251e-01	-1.283393213065916250e+00
nan	-1.397181128122590987e+00	-5.222286807906719730e-01	5.558235234223447563e-01
nan	-1.171102200799871040e+00	-6.797487395883125005e-01	-9.811357932794009251e-01
nan	1.327878065550232023e+00	-3.779113179015575197e-01	-2.427928889329302731e-01
nan	-6.925609764146993808e-01	-2.931252858699922470e+00	2.316493050689191202e-01
nan	-2.858895033451565038e+00	-2.654561907505549323e-01	1.146288700293091045e-01
nan	-1.329391441651271766e+00	1.037544818722231144e+00	-1.505129034134864430e+00
nan	2.610502709789012943e-02	-2.091981938263374197e-01	9.822445642940855759e-01
nan	6.544367754110499424e-01	5.299957094673547475e-01	2.276716631544180025e-01
nan	-8.891240172281811294e-01	2.187326246227098425e-01	-1.041865595639064335e+00
nan	1.120739444173116439e+00	1.253108321612887988e-01	-8.182979087346472502e-01
nan	4.290526102316826740e-01	-8.068337503988598503e-02	-4.570602339689005533e-01
nan	-1.854304479414735363e-02	-3.602738921990732979e-01	5.575449224642557988e-01
nan	1.191237947549194987e+00	-1.236034671637282617e-01	4.731076225395353108e-01
nan	9.527767195049245963e-01	-1.901385634218903053e+00	-8.926738028117683910e-02
nan	-2.809533780193650965e-01	-2.166041483105832499e-01	2.267999159393000674e+00
nan	7.219560392257522441e-01	-1.154310841761279294e+00	5.227765577445804279e-01
nan	-3.070760366460474344e-01	-7.845322687677026563e-01	2.189561419654168783e-01
nan	-9.150362147476031049e-01	-1.135483639544084267e-01	-1.706998898831104894e+00
nan	-1.593344178763326791e-01	-8.915630525643394311e-01	9.578540585672545848e-02
nan	-1.380446875447299160e+00	3.440366256318056482e-01	-1.496040942282264696e+00
nan	-3.866940206477851305e-01	6.892632623710370776e-03	-8.628138700749738987e-01
nan	-4.720411874398599550e-01	2.379902245908103731e-01	8.306345249024227329e-01
nan	-1.624398689399094153e-01	-9.144991589249757968e-01	-1.341089961694616139e+00
nan	-2.893140324106341921e-01	-5.076618866838163990e-01	-1.011404078816223961e+00
nan	3.195356715067413367e-01	-4.845983348173416028e-02	-9.223290742263717812e-01
nan	-1.390209182083255168e-01	2.577311089779618647e-01	-1.667002857806464400e+00
nan	-7.073553737342771486e-01	1.128568241127444693e+00	-2.115578743343209833e+00
nan	-4.551173494215016158e-02	3.443327290451592693e-01	-1.980322326078427508e-01
nan	4.479874071778481293e-01	-9.814969377066014022e-01	1.800501678586944543e+00
nan	-1.981628263176723248e+00	-1.697573030375170600e+00	4.663236986782972604e-01
nan	-2.105276155724464360e+00	-3.182903008420038482e+00	-5.572578019607042910e-01
nan	-2.182483784839354790e+00	-2.853206078123126321e+00	-1.480741304332252373e+00
nan	-1.912692992251837198e+00	-5.718377233345361965e-02	-1.441059284965211962e+00
nan	-1.748274565656122714e+00	-1.589162410960787808e+00	-1.110158525378176497e+00
nan	-4.080369262821226251e-02	-1.437269829462603177e+00	-1.049525089702954439e+00
nan	8.441945674771258457e-01	4.186998498272352376e-01	-1.580726741967435123e+00
nan	-1.121071411206659985e+00	1.156120953610758395e+00	-5.528429687595293185e-01
nan	-8.192277790251354386e-01	-1.240113086085304683e+00	4.764030158537651549e-01
nan	-1.844698609413457202e+00	-1.111370099595474059e+00	-6.721967785353530900e-01
nan	-7.879135748991125121e-01	-2.138542159268945753e+00	-7.218044714816101992e-02
nan	-2.011633209133944167e+00	-4.609232634605193724e-01	7.800233500402349307e-01
nan	1.130705924809899177e+00	8.790453651603289398e-01	1.555350526774623487e+00
nan	-2.333316777754255167e-01	1.547903734708052204e+00	3.236180349419254476e+00
nan	1.060610270441988856e+00	1.622154381501374143e+00	6.078159386108299422e-01
nan	1.836390293500085535e+00	-8.916289504010892486e-01	2.794975833732436521e-01
nan	-1.621082036389409176e+00	-6.113742273701655572e-02	2.058622956398117765e+00
nan	9.388186443472542608e-01	-1.373638378566554241e+00	1.692432439645894071e+00
nan	-1.285389091667252126e+00	4.573089730020237220e-01	-2.347833610207110677e-01
nan	-2.010003711837265450e-01	-2.051358317351766214e+00	2.977701785823017033e-03
nan	5.288377197847882183e-02	-3.455068449446908052e-01	-2.338605263963674741e+00
nan	1.558765994025111734e+00	-4.057746219297736490e-01	-5.996395597891847062e-01
nan	-4.166875493083380122e-01	-1.083755940006434271e+00	-1.551083066756172857e-01
nan	-6.007010442803011330e-01	-2.082758862204537598e-01	-8.286103104523817597e-01
nan	1.112871399258326788e+00	-5.941230920816651384e-01	2.335534061508842130e-01
nan	-2.507224794351867736e-01	1.123195139330677605e+00	-9.266088457749594998e-01
nan	-1.413254751572022405e+00	2.597521641777827961e-01	-8.234465326052805567e-01
nan	-4.194692685093330820e-01	-1.249690354360150746e+00	-1.765599010372010114e-01
nan	-4.595388280154424354e-01	-5.736387676790977164e-02	-8.327488743629477552e-01
nan	5.371685014731633623e-02	-3.110748661460319697e-01	-6.031544998764541976e-01
nan	-1.153531241109178929e+00	1.023517098963174998e+00	-2.625831600977412084e+00
nan	-3.366459805996682153e-01	3.957191547193342207e-01	-5.511162337362920383e-01
nan	-5.493353802211413672e-01	-8.808259125599914308e-01	-9.751466496405829520e-01
nan	-6.786078780756069628e-01	-1.947961758367155349e+00	1.241013151297727823e+00
nan	1.250412086284851787e+00	-5.552884966518276677e-01	-1.321954682386589308e+00
nan	6.474780881790959119e-02	1.196231020954305224e+00	-5.246168949104549339e-01
nan	1.897063200562550678e-01	7.573433497351659272e-01	-1.606050215379489776e+00
nan	8.342113454257144012e-01	-9.775387196146134716e-02	1.093298109469202473e+00
nan	2.994406031893022124e+00	-4.974737220361046264e-01	-1.299370338051837326e-01
nan	6.529636308469378703e-01	-1.778351853302919672e-01	1.373387454320655010e+00
nan	-1.411674602313160165e-01	8.850797672128607463e-01	1.988948698705489126e-01
nan	-1.317550500398474878e+00	-5.447583134132134575e-01	-4.001965620678705204e-01
nan	-2.889921243892886515e+00	-1.913891466257716667e+00	1.216712250979779197e+00
nan	-1.093072535036855086e+00	-2.527484669312198839e+00	6.869078418680720777e-01
nan	-8.346169124150124574e-01	-2.062892196934061895e-01	7.594712740813559515e-01
nan	3.070766918995746497e-01	6.736236158471859969e-01	2.630698583549359704e+00
nan	2.439006459778504110e-01	2.606068594755253987e+00	1.620289415784194276e+00
nan	6.653384016561342262e-01	1.113081300161924414e+00	1.384007293055283361e+00
nan	5.028167581280656995e-02	-5.169277616194505320e-01	4.433319490268995411e-01
nan	1.370627429820103993e+00	1.631109288373844945e+00	-1.525283371504985386e+00
nan	3.087548136009308219e-01	2.083183581585745792e+00	2.746932422851479316e+00
nan	6.119302508625080739e-01	8.688357178359226163e-01	4.655149517877678056e-01
nan	1.059607026119000261e+00	2.196257466958077664e+00	1.095432510498187684e-01
nan	1.225436413888254528e+00	8.770179622760717608e-01	1.048947767095966821e-01
nan	1.767071162119781547e-01	1.153000924692825224e-01	7.719420183552542225e-01
nan	-3.264676852266203966e-01	-2.477231388828775582e-01	-7.837021311730738571e-01
nan	-5.959423370828883515e-01	-1.434783287422280562e+00	7.534998137153887665e-01
nan	-7.980064502302799401e-01	1.943128466507577867e+00	-2.394712443411269320e-01
nan	4.320157690635156866e-01	5.500130274981853695e-01	1.515199418708255585e+00
nan	-1.194395788729930352e+00	3.271919280995926882e-01	3.365158771620959666e-01
nan	-7.643037345166261431e-01	4.834525048617225873e-01	1.195794604215172363e+00
nan	-3.881216035351791604e-01	2.263101025123592347e+00	7.191844943083887109e-01
nan	7.687373222223091718e-01	5.725399983677281757e-02	2.313674685076299475e+00
nan	-1.337775939978047834e-01	-5.452470447325971636e-02	1.018915392249378105e+00
nan	1.433408023701545853e+00	2.132913452405212906e-01	-5.654762594994954261e-01
nan	3.921835566000469453e-01	1.073673977033655857e+00	-5.733443441160008813e-01
nan	2.620366567859488072e+00	7.176799728353380203e-01	6.498415725746952143e-01
nan	2.759609615020147455e+00	-7.937199373854717521e-01	-7.009167592775775724e-01
nan	1.997788391547939080e+00	6.054110241204074816e-01	-1.660787140732163047e+00
nan	-1.000970918428312206e-02	8.751933330818186807e-01	-2.238854651274212681e+00
nan	-2.656019825219060326e-01	4.979598323056658726e-01	-7.377584846190016199e-01
nan	1.165173273826904943e+00	4.507450124670501213e-01	4.271278711004857231e-01
nan	1.659742783768824337e+00	5.761250653225752361e-01	5.236468002462422167e-01
nan	7.962742150850562473e-01	1.447742659211600280e+00	2.295351701299971625e-01
nan	1.567948351003168206e+00	-5.788153449845874210e-01	-9.030906068318855784e-01
nan	-1.948513812363734665e+00	5.565586912829364463e-01	-1.853201649670621620e-02
nan	-1.036751701599770481e+00	1.935291129104337315e-01	-1.172735645286547168e+00
nan	-4.383433199751146092e-01	-6.704540633766764568e-01	-1.803365039325258046e+00
nan	1.098054513622168882e+00	-6.353904483463066466e-01	-8.759694021085842053e-01
nan	8.659823259513069749e-01	1.790684901280087615e+00	-5.746685626420540149e-01
nan	-1.356778198633363575e+00	8.724808905289259675e-01	-6.375724749744828834e-01
nan	-2.226539736659099988e-01	-4.756808507727700586e-01	1.217842611596171798e+00
nan	5.131278474862113193e-01	7.392120463395335239e-01	-2.756268742977910913e-01
nan	-3.864845352344681850e-01	-3.263874918266407299e-03	3.837066841984873022e-01
nan	5.084785092464069178e-01	1.761146868879788496e-01	-3.069459033353741373e-02
nan	-1.191693774470727052e-01	1.056997122675015000e+00	1.149883398753449165e-01
nan	-6.681197912508646253e-02	5.810095088060971413e-01	-4.827609684948402369e-01
nan	-3.823036515834754012e-01	7.416365991326121510e-01	6.737144306761319590e-02
nan	1.787768224295555708e+00	4.724859594824759035e-01	1.009774134021345304e+00
nan	1.150698138583747809e-01	5.271832993502397757e-01	1.232316939064924011e+00
nan	4.709902526365777331e-01	4.695858787193603612e-01	-1.477724918793554831e-02
nan	-5.882506507438300947e-02	-1.083361552748194345e+00	-1.288329615193865019e-01
nan	-2.115513875316616499e+00	-4.695386631294827806e-01	8.222868914310477173e-01
nan	-6.725728710750540351e-01	9.452865606092298867e-01	-3.491578895909527303e-01
nan	2.159601241369434876e-01	-2.525535430738449771e-01	1.566741330905757845e+00
nan	9.529917909840686097e-01	1.708045626300469966e+00	-3.590637897066649153e-01
nan	8.028657991362608826e-01	8.520401329979720995e-02	8.644931402704498780e-01
nan	1.328698526038827099e+00	-6.373377962539912289e-01	-1.669539105986166949e-01
nan	2.581249958288035717e+00	-1.831848301543531343e-01	3.644731383711381500e-01
nan	6.085422850888488888e-01	7.088020100005980595e-01	-1.629632101795308041e-01
nan	1.474976307026001354e-01	-5.614541114564954860e-01	-1.692306394541195802e+00
nan	1.467207310791192487e+00	-7.514820007298123050e-01	-8.856297603720442169e-02
nan	1.377366070453538427e+00	2.814649573456142750e-01	-3.591787282683552851e-01
nan	2.215399919864568190e+00	7.071496708182164470e-01	-1.732516875185961536e-01
nan	1.944832023913694030e-01	2.173053149970659570e-01	1.338506583397772065e+00
nan	5.524904096494464012e-01	1.101849465475348344e+00	4.394913552308435389e-01
nan	-7.350552452122921521e-01	1.977802137972722640e+00	1.344005514098412624e+00
nan	1.809628779773196472e+00	9.619440228871698473e-01	1.875590341812263917e+00
nan	2.807993463931508060e+00	-8.247769914699483174e-01	-4.833976771292400887e-01
nan	1.183346830105620029e+00	-8.997388628494600304e-01	-1.460427186878937356e+00
nan	-3.733404055980832359e-01	5.209246408124124095e-01	-1.233507398047263504e+00
nan	4.496728365524387816e-01	2.998528665580297292e-01	7.814011147054871209e-01
nan	-1.368096951494055080e+00	1.158290681380765158e-01	-9.377403573682516758e-01
nan	-1.384150420154206251e-01	-6.145945323364045976e-01	-2.081494325521494382e+00
nan	-1.862648168124376169e-01	-5.175117067693286721e-01	9.346571559849459199e-02
nan	-6.422347056899826434e-01	1.156436174762187352e-01	-9.958829304361846990e-01
nan	5.756854510296596228e-01	-3.884794172543483415e-02	-9.446459288966329026e-01
nan	-1.315241385995562062e+00	1.360724262069738622e+00	-6.521472881297680768e-01
nan	6.860583979171434033e-01	-1.653729037507544852e+00	1.504832624092335314e+00
nan	1.836631862379134450e-01	3.929301868305741241e-01	-3.412111614450489272e-01
nan	3.263724986465212363e-01	-1.616817396567747644e-01	-8.996727839567597584e-01
nan	-9.869662355292618816e-01	-1.124370808875073458e+00	8.123506560681788002e-01
nan	-2.660114833874811069e+00	1.211901431278759933e+00	-1.330284204331765530e+00
nan	-5.662174177460060909e-01	-8.555538725023376090e-01	-4.373940758664862094e-01
nan	6.970983183421359808e-01	-2.015541543259114832e+00	8.373391502785536566e-01
nan	3.443651409046130651e-01	1.185976917015026277e+00	1.243093284347930094e+00
nan	1.439094233022360392e+00	-9.828232912700853863e-01	1.136690570632620245e+00
nan	9.861460607130159151e-01	2.639661796333413191e-02	-4.857975104817340850e-01
nan	4.960075634286872925e-01	2.332364616211112462e+00	2.238308193613488761e+00
nan	1.214021501718364426e+00	-7.476015963227933270e-02	1.768086878605872547e+00
nan	1.419109694470681804e+00	1.788673995887485990e+00	2.026725501188959555e+00
nan	-1.511423062054385369e+00	6.062694717282066659e-01	1.360644332797926737e+00
nan	1.146086030268945066e+00	-4.104307979434477227e-01	-9.331113536379241902e-01
nan	2.151971557624553277e+00	1.599785201930158607e+00	-3.227754433265682676e-01
nan	1.933187436022615557e+00	1.865560849848986180e+00	-9.016090260213411867e-01
nan	-1.314755804399425632e-01	6.866258111313960910e-01	-1.836444598600318057e-01
nan	-1.103714245741523658e+00	4.309607023469267384e-01	-1.441053814336843653e+00
nan	-2.934502645809192178e-01	-1.771207959011316391e-01	2.719473935727191871e-01
nan	-2.250099747786468984e-01	2.365046861541360568e-01	1.034920886010236574e+00
nan	8.167448815881375168e-01	6.499996087086727936e-01	-7.573060870652015275e-04
nan	5.857967134964338074e-01	-2.909421624100533843e-01	6.009933536023321921e-01
nan	1.870138851506820687e+00	-1.704172429314802506e-01	5.049369028228438694e-01
nan	-7.248826503091323481e-01	1.134398412476847806e+00	9.663938305822954433e-01
nan	-2.889708422321424219e-01	-2.610044211642263967e-01	1.599932137513225161e+00
nan	-1.625818191878273256e+00	-8.476917133464570986e-01	-1.818017478397124798e-01
nan	-2.958422926414649545e+00	2.140349050514441798e-01	-6.755296271435033972e-01
nan	-8.596687545449577250e-01	-4.646648774288934525e-01	-2.550704391583253350e-01
nan	-6.709111448049172033e-01	-7.364667909785225230e-01	-1.030748774393735190e-01
nan	-9.142897328170285220e-02	-1.588286311748343116e-01	-5.318062011418003276e-01
nan	1.011995169760593560e+00	-8.963691302417464701e-02	-1.450412382319872018e+00
nan	1.806939177768182248e+00	-1.197295502082631025e+00	1.164493995179067598e+00
nan	-3.115964501289858468e-01	-1.524789105298458791e+00	1.081217557061233903e+00
nan	-2.130033876545340821e+00	1.221126582443975428e+00	3.556445981903463283e-01
nan	-6.405969048497461849e-01	-3.337384452734042828e+00	-1.080786765569811125e-01
nan	-1.233920671927911883e+00	-1.355214357869556796e+00	-1.192144437879235852e+00
nan	-3.110971162351617858e-01	-5.480348184598140548e-01	-7.408482769037271209e-01
nan	-2.186579864719012667e-01	1.242115673423575872e+00	-5.389248708064121596e-01
nan	8.946508285425333051e-01	1.106794852172352073e+00	1.168008591741731994e+00
nan	4.243693856953497101e-01	3.917019660553521798e-01	6.195544656459424093e-01
nan	1.753852696925831123e-01	1.107847267024327342e+00	1.254134391361773959e+00
nan	1.590042282110061933e+00	1.553261581268711389e+00	-2.393302397921380109e+00
nan	1.766591527763007541e+00	2.738069731472911439e+00	-1.021851899045354672e+00
nan	1.834733727044182583e+00	4.272895165524273509e+00	3.090794172041811283e+00
nan	2.270778648102978359e+00	3.234520256833820717e+00	3.260969047922811725e+00
nan	2.648757237186221580e+00	1.601586876728662512e+00	4.034106833888486676e+00
nan	2.489922911199620614e+00	1.863841249326516625e-01	5.351056259755240241e-01
nan	-2.040632242957308717e-01	-1.364580716022952833e-01	1.658421252519528100e+00
nan	3.071987621771244403e-01	1.199620406217320578e+00	1.002187582124204779e+00
nan	1.224650842879781543e+00	-1.103761217041105969e-01	2.344564506046862284e+00
nan	4.254750840405083778e-01	5.353852519057616943e-02	3.201348428721538242e-01
nan	-3.613673242908085892e-02	2.224252873689933907e-01	-6.504108752327635301e-01
nan	1.816172046443183252e-01	3.458742795333538123e-01	-1.116947565209023718e+00
nan	-9.620214799175188514e-01	-7.762535865252833123e-01	-1.358208747568146135e+00
nan	4.327358267664741520e-01	-2.348576933249332033e+00	-1.824565366206798434e-02
nan	-3.897282079262107124e-01	-1.285505807438793724e+00	-1.174616446543037540e+00
nan	5.682657092560234879e-01	-1.963724325489247580e+00	1.101257438846900305e+00
nan	-1.027494983842573095e+00	-1.040141022303449736e+00	-1.783645763370620863e+00
nan	4.067109252162431909e-01	-4.706596862363904288e-01	4.741357733861101265e-01
nan	1.411666644312925989e+00	4.286716274840825514e-01	1.837842347151738276e-01
nan	-6.787913967413972127e-02	1.372201447204725033e+00	-3.859821898553481567e-01
nan	3.993815736029397989e-01	-6.583230231256884668e-01	-1.416473933676358321e+00
nan	-3.869677160124964654e-01	-1.587482657061526803e+00	-1.733272712070982546e+00
nan	-6.836009408108444374e-01	1.663062013716793075e+00	-3.081524241461232050e-01
nan	2.559389357464358916e+00	-4.920586063745168715e-01	1.816508393386488951e+00
nan	7.825668618711731916e-01	3.066189685568855294e-01	-9.275964231154283368e-01
nan	2.457066699441225466e-01	-7.532235735783157082e-01	4.122993541901135983e-01
nan	1.055890768465221619e-01	-1.126331487277082211e+00	-5.858663473368570518e-01
nan	5.769025399465393944e-01	-4.662077796812162944e-01	4.363038179192177957e-01
nan	1.110175784944376520e+00	5.051901640290747952e-01	1.794769061734997895e-01
nan	-3.931501226698858598e-01	1.434943612944953317e+00	1.648143516339035664e+00
nan	1.270021381736759825e+00	-1.997333203297698923e+00	1.945513694824358542e+00
nan	-2.828043855876987700e-01	-1.241346727226000368e+00	-7.869840939974265259e-01
nan	7.148121044433464188e-01	-1.229684938075762402e+00	1.019392053227425876e-01
nan	-7.603136441717386340e-01	-4.204591635216802792e-01	-2.256787130459270430e-01
nan	3.687514707889436028e-01	-1.862323769473834267e-01	-9.652605644170921817e-01
nan	5.419062063249604488e-01	1.227259777864524670e+00	5.107347598878386741e-01
nan	2.228287601497195958e+00	-1.385891703632340377e-01	1.795332922827308719e+00
nan	4.751970293633845932e-01	3.412451877863953431e-02	1.249257557449840572e+00
nan	-1.685503881625655953e-01	-5.707622537802307106e-01	7.966681128867070250e-02
nan	-1.434961154037353914e+00	-2.662156132800106434e-01	-4.333037586836140931e-01
nan	-8.324762067064003235e-01	-8.137079046235586866e-01	-8.602540692401637601e-02
nan	-9.931817487831087199e-01	-1.424632143637336590e+00	5.707701896243244644e-02
nan	-4.187219455400883472e-01	-1.822280271476302449e+00	-9.742017217726282041e-01
nan	-2.299144442012774903e+00	-7.842652360222551744e-01	-8.475017746598112467e-01
nan	-1.183003367837603292e+00	1.319232117709244534e+00	-8.617124304740919616e-01
nan	8.772400539869682490e-01	-1.960307937170517878e+00	8.158318188688162831e-01
nan	-5.723640758639481074e-02	-1.697251298650237217e-01	-2.642747033845301186e+00
nan	-9.235180778864900963e-01	1.500726457367138056e-01	-6.564383762456028615e-01
nan	9.320115333212158903e-01	1.013917553664950955e+00	5.801314885981420089e-01
nan	1.347078639015639068e+00	1.113847581954451327e-01	5.008880112866502810e-01
nan	3.661896991345880981e-02	-4.667800093890229207e-01	5.006576054821332278e-01
nan	3.848367777286619273e-01	-2.988769167876689226e-01	-4.919797872026100416e-01
nan	-2.996083672478686011e-01	-8.354199288188490780e-02	-5.412640043622471975e-01
nan	1.066355957017931511e+00	1.024872260265945245e+00	8.614346172094441978e-02
nan	1.350895335148795673e-01	2.096329769205508953e+00	-8.589218213794505008e-01
nan	4.618560306712993224e-02	6.118833317635321567e-01	1.012832796762689336e-01
nan	-1.708123118601513557e+00	1.497192356255403922e+00	-1.529418418054911299e+00
nan	-2.699731870281094626e-01	1.065400054801326213e-01	-5.116152436024666850e-01
nan	8.526553833298388119e-01	3.287656655618077794e-02	-6.530979835886094875e-01
nan	-4.360359444383344329e-01	6.313262579825941190e-01	2.774457038033782408e-01
nan	3.694903019329575100e-01	1.694377889407131077e+00	-6.231794078293998451e-01
nan	1.222226196589954572e+00	3.701230682542290262e-01	-1.779106952187298418e+00
nan	6.585056912366338278e-01	1.194372163100590356e+00	3.760721783687752673e-01
nan	1.557529667045886912e+00	-1.927370806337673770e-01	3.157554642402456313e+00
nan	6.745084670019479978e-02	-1.810048111877255783e+00	9.436674727317684308e-01
nan	-3.408625194656984547e-01	-5.349412202705505770e-02	-3.411227703210700790e-01
nan	-8.729441828414618021e-01	-1.169957965767580710e+00	1.828797650727062019e-01
nan	-2.429505149884849668e-01	8.237579175067333281e-02	-1.023483834087910660e+00
nan	6.369796919589429396e-02	-5.185683839136376871e-01	-1.731481369327276809e-01
nan	-4.422163387068003271e-01	-7.505951395040471041e-01	-1.283053194281205567e+00
nan	-7.149138136345689620e-01	-5.083661489038349135e-01	1.048567437746718234e+00
nan	1.007249830824077375e+00	6.008439784339142387e-01	-8.158919844202714433e-01
nan	5.175508405588037375e-01	1.831918355163459688e+00	-1.935236640069480374e-01
nan	-5.079157944700396499e-01	3.024885000545518565e+00	3.689868105118464525e-01
nan	-1.600666662177700150e+00	1.112557140900459096e+00	1.691578645936844261e-01
nan	1.217265988656566877e+00	4.573501084927182325e-01	-5.213142409172042413e-01
nan	7.529641195421450384e-01	-4.308860705326551521e-01	-1.975019735248627339e-01
nan	2.367092180271875013e-01	-2.341505733979278858e-01	2.836220787057380788e-02
nan	4.797156686819824267e-02	-2.572294686327681323e-01	-4.671744533858135373e-01
nan	-8.536325501416032191e-01	3.336313515473942060e-01	3.599808649666567106e-01
nan	-6.994669987844848169e-01	-6.324059671184236731e-01	-6.747180689406545584e-01
nan	-5.352511108442760124e-01	8.997649279626835916e-01	-2.183505483575373107e-01
nan	-5.580438167596357690e-01	7.525740585702933583e-01	7.751943596667678626e-01
nan	-7.164335747382201136e-01	-1.274518043617634433e+00	1.697064573479283300e-01
nan	-9.207074611682521947e-01	-2.838022740978785041e-01	4.042028699376368772e-01
nan	2.140150774314693582e-01	-1.211353858455519683e+00	5.286551927324950606e-01
nan	-1.217926080689900603e-01	1.415255015784447457e+00	2.295116310970525819e-01
nan	-9.696257111834011289e-01	-2.216532368604746672e+00	1.312861873703661253e+00
nan	-1.377256227090293716e+00	-1.077151647665146816e+00	-4.266186698204229577e-01
nan	-1.755964086095133769e+00	-1.849049657565394522e+00	1.787190627269343191e+00
nan	-1.314702825924667140e+00	2.731985338026066135e-01	1.573875302754982816e-02
nan	-9.936855226074343683e-01	6.269530960962999000e-01	-2.482705846800768779e+00
nan	-1.945122704317275852e-02	1.759160918074379021e+00	-1.765716969838868167e+00
nan	-3.474600240944675233e-01	1.569178866950617923e+00	1.369665389174546721e+00
nan	7.506355860162107208e-01	-3.011933616656914947e-01	-1.734018262288963275e+00
nan	2.308751375152519270e+00	1.562810991324089294e+00	-1.935607719993070130e+00
nan	2.097145412005624987e+00	5.942666408611069206e-01	-8.052107458088367808e-01
nan	1.183757446875810526e-02	6.388058389269810622e-01	-1.783788969180778228e+00
nan	5.957810723968948174e-01	5.173976320026020259e-01	-4.306622620527388867e-01
nan	1.212932539872928484e+00	2.506516829463215634e-01	-2.983511576289878953e-01
nan	1.755245795888964455e+00	1.449334082863337425e+00	-7.589525901561130494e-01
nan	-4.066198458747616318e-02	-7.515808284126258565e-01	4.228433039760761680e-01
nan	5.410674203038219332e-01	-1.596323248255087646e-01	-4.431020341081012281e-01
nan	1.177287570002933492e+00	1.178742444602956851e+00	-1.053475633720720062e+00
nan	-4.493767920161545470e-01	1.435488347179338930e+00	1.161093352289350511e+00
nan	4.084879091980040400e-01	-1.192630881884021998e-01	-6.810851440230204501e-01
nan	6.469143668552165272e-01	-4.086193376222789775e-01	-4.764053412469168025e-01
nan	-6.330719896755380161e-01	-1.100538589918607313e+00	1.771269256978673101e-01
nan	-9.896247413905305823e-01	-3.500794780039173659e-04	8.427040198091362289e-01
nan	7.174840678615118650e-01	-5.310994346081099327e-01	-1.329124419993466866e+00
nan	5.060929454307683262e-01	2.125757827967492908e+00	-1.884786192444283248e+00
nan	4.355596468466058635e-01	1.735917228569527460e+00	-1.525390601418632031e+00
nan	9.066843212989719181e-01	2.290385932363525168e+00	2.088902394100534465e+00
nan	7.582899368856560463e-01	2.718862906490371767e+00	-2.006511838711477758e-02
nan	1.872853607585122093e-01	7.112219707127132029e-01	3.205698204692074338e+00
nan	1.261147767565190536e+00	5.687093522905448673e-01	2.142939192077327082e+00
nan	7.397341845310874131e-01	9.552062629498458968e-01	-4.276597952618687026e-01
nan	7.153292887296048841e-01	-9.438878662643959139e-01	-6.490126702640923728e-01
nan	-4.294427272645946481e-01	1.164104336402427275e+00	-1.281140194926734255e+00
nan	7.834782748567066246e-01	1.854450114423141338e+00	-1.186240253734195615e+00
nan	2.941939272634567226e-01	1.366693948809658110e+00	1.765111364560194795e+00
nan	6.485898880548491841e-01	-1.207804617695933391e+00	4.095558420146734324e-01
nan	-2.027468745145121209e-01	2.132484411793817092e+00	-2.108894178817867004e+00
nan	7.966044786846703252e-01	3.385643851656616743e-02	-1.260473518814015259e+00
nan	-1.417300095496100421e-01	-6.027053657347520854e-01	4.606102620167976114e-01
nan	-7.752382024391004656e-01	-4.347445205700948834e-01	-4.100756087363566227e-01
nan	3.499596160201130512e-01	-2.275198598207784639e-01	-5.578549490545037237e-01
nan	-1.079064920622812673e+00	-1.600176710964694049e+00	-8.500533904566506815e-02
nan	-1.246420730168252389e+00	-2.278264393109336261e+00	-5.173870598300930324e-01
nan	-5.833487029197574891e-01	-1.207834463222159371e+00	-2.610519157519135547e-01
nan	9.166669740805232225e-01	2.985885066800965104e-01	5.483930401968962753e-01
nan	1.194667508266756162e+00	-1.823900217422529835e+00	8.788849559955022595e-02
nan	1.348022057733651580e-01	-3.347388897971519950e-01	-2.194793876685194878e+00
nan	4.941649033212936470e-01	-7.496307338506718043e-01	-6.744259573814986863e-01
nan	-6.341166945264057331e-01	-5.934342972772883584e-01	-1.012171873867759198e+00
nan	-1.447471991020321092e+00	1.047674725032108567e+00	-4.865369760581466640e-01
nan	1.217490304107650134e+00	4.148659294773645589e-01	-8.660731399904888494e-01
nan	9.796625384182060525e-01	4.079865191935911350e-01	-1.914401407789443343e-01
nan	1.545806276295777382e+00	4.859252281060335577e-01	1.291807396278288611e-01
nan	1.435003059302517592e+00	-1.216606867907174427e+00	6.387663305124309243e-01
nan	1.104822580151630929e-01	1.513205138716923637e+00	-4.793623623859780691e-01
nan	2.152533980111787759e+00	-1.677262378090017103e+00	-3.962114632624031962e-01
nan	4.170506290537069338e-01	-1.202202472072020079e-01	1.777358945904106147e-02
nan	4.385716212512718037e-01	9.534792351215410910e-01	1.934380838922654444e+00
nan	-8.742374883056980295e-01	-1.784614747060030426e-01	1.248183929075732834e+00
nan	-6.805600659463134638e-01	-1.325822684347276903e+00	-8.157881184644411032e-01
nan	-8.381394083254598559e-01	3.408884190542703641e-01	-1.896300513934228604e+00
nan	-4.729061087425209253e-01	-7.433075751661968322e-01	-2.604094938903958045e+00
nan	2.382008095758058608e-01	-2.774318318190112542e+00	-1.315711721289155589e+00
nan	-7.082301757955268284e-01	-9.987076228399299760e-01	-3.112390358541921920e+00
nan	-5.157030653097729456e-01	-1.563702583633465260e+00	-1.646504923674960708e+00
nan	-1.393914229262320781e-01	4.956511938942295137e-01	-2.439220215306001194e+00
nan	1.444590866370462745e+00	-1.029130778609769342e-01	8.142330644372636206e-01
nan	-1.063825919939132669e+00	2.880996928025824078e-01	-1.033075835936673181e+00
nan	-6.306003814486941250e-01	-1.777031585058936880e-01	-5.430883901606555764e-01
nan	-7.653468561432978934e-01	-1.273980840991756791e+00	-1.016421819322746778e+00
nan	-1.883738454457314804e+00	-1.315301493219001916e+00	-6.604063663727742783e-01
nan	-2.274464609021046080e+00	-1.798033823711752355e+00	-3.878894943037202725e-01
nan	-1.565149981748044983e+00	-3.704673243624284629e-01	1.399576718561285738e+00
nan	3.710478520778104361e-03	-1.031956435679051154e-01	9.391397467010673683e-01
nan	-4.130182635925087886e-02	-3.633569850944365909e-01	-2.447576998754836253e-01
nan	-2.102672607930509585e+00	1.053467226412246438e+00	8.114022200331172385e-02
nan	4.078016447503096664e-02	3.186122358436518920e-01	1.785475501602960646e+00
nan	1.788842551467379194e-01	8.652889035569719667e-01	2.715655822796517516e+00
nan	6.144915613128039134e-01	-9.210907147351232727e-03	4.901969372299651573e-01
nan	1.779641266995108495e+00	2.175784381745331508e+00	4.337084539902180680e-02
nan	1.510533708883792237e+00	1.489988311543850585e+00	1.260363313608173552e+00
nan	1.465323456073508224e+00	3.737905267996189940e-01	-6.564368715544579569e-01
nan	2.681756873029039756e-02	2.534768701498106402e+00	2.963132095460895288e-01
nan	2.883991882156962561e+00	1.466118464911455366e+00	-3.685886522496018003e-02
nan	-4.578725860282106819e-01	1.690863825237207685e+00	-2.143307913089856354e-01
nan	2.657615646216250349e-01	3.680635593509258285e+00	-1.151819922244000871e+00
nan	1.813170372848304179e+00	5.042201517378840370e-01	-2.604518513232078059e-01
nan	-9.923313719670512345e-02	4.354339446011610826e-01	-7.291839969618326700e-01
nan	-1.127930841553066665e+00	4.324274739338787588e-01	-4.528657468766946748e-01
nan	-1.125506984396336785e+00	-6.458139824521018646e-01	-4.738948155514430272e-01
nan	-7.226404685870950750e-01	-1.141721984031592640e+00	-2.162359259333604955e-01
nan	-8.444400445842916714e-01	-7.685937803465721085e-01	-2.009868124625778518e-01
nan	1.076499032147112400e-01	-2.183333024701223035e+00	-4.442202036403660736e-01
nan	3.169383613084491014e-01	-2.966027207310588665e+00	-1.945138535457956452e+00
nan	2.261845908902166968e-01	-3.473203058161776768e-01	-3.014696583121678763e-02
nan	2.303084680805744244e-01	8.990992734313597579e-01	-1.223560130590139794e+00
nan	1.770855051548654746e+00	-8.336338965043899041e-02	8.163596093497473838e-01
nan	7.761851674875028806e-01	6.510810138014107018e-01	1.037055520815908016e+00
nan	1.756075437146631835e+00	-9.157259489540719999e-01	1.000147416491418695e-01
nan	1.833493666763831853e-01	5.339222582846716580e-01	-1.193824577083562266e+00
nan	-1.022531993793290406e+00	-2.949712893116986923e-01	-4.709880362488630956e-01
nan	-1.293110208992022114e-01	8.893608730466957546e-01	-2.313308965746899037e+00
nan	1.652336722670331604e+00	-2.685115792324980766e-01	1.285796435228219736e-01
nan	4.821501552499623533e-01	1.339812619352635625e+00	9.775848141499534627e-01
nan	5.934825735494181354e-01	1.188417714948142301e+00	4.426961265441591298e-01
nan	-3.058087820919453970e-01	-1.093466432444338388e+00	-2.684512907536193982e-01
nan	-1.274872613233783092e+00	-1.639431897760734724e-02	-2.878357789023860969e-01
nan	-5.941742207799487474e-01	-4.649111471038847032e-02	-1.235419636496349005e+00
nan	2.419952689953422942e-01	2.016187405468278016e+00	-1.563614469890825642e+00
nan	6.125608921069034540e-01	2.964943137703239806e+00	1.755307569165094894e-01
nan	4.200273498650386461e-01	-2.547698693980153806e-01	4.357510400314945631e-01
nan	1.505766093143169615e-01	1.249068556719077627e-01	4.392534002171117336e-01
nan	-3.863061788171957556e-01	-1.210198218959480876e+00	-6.794862210276505499e-01
nan	-1.204959095445815587e+00	6.756096701887270850e-02	7.112710120982312922e-02
nan	-1.368812085717374893e+00	-2.258587304170446841e-01	1.056831673530314319e-01
nan	-3.667276211800332697e-01	-5.949739495484137608e-01	-1.136017425236401368e-01
nan	1.981947905127465770e-01	-3.314549365187189900e-01	5.227127593247489212e-01
nan	1.440770672461625379e-01	9.553336222788104681e-01	1.912158868900439845e-01
nan	2.260488253646336654e-01	1.798160781603525660e+00	-1.314946146455493681e+00
nan	1.968761147660259114e+00	9.242185603688111151e-01	8.370932633299128511e-01
nan	5.513750622728887940e-01	2.198081180599739781e+00	-7.272343487358295944e-01
nan	9.197473634553327004e-01	2.499319140057089772e+00	1.673328696200973909e+00
nan	2.034462456428386190e+00	-1.842415974671092416e+00	5.515106723000012812e-01
nan	2.345517608563826573e-01	1.658157516563999456e+00	-1.209265450872744618e-01
nan	8.173766255378605017e-01	1.110783828584468891e+00	1.063943794277343979e+00
nan	-4.338644252237785492e-01	1.906701032098374160e+00	1.477003911626031396e-01
nan	2.466147406933371922e-01	7.655838338487207517e-01	3.028681416542733373e-02
nan	8.142980371767440939e-01	2.167069394861021792e+00	-7.223411387018724428e-01
nan	-4.056322831532299666e-02	-6.129065474028694283e-03	1.347155117686780201e+00
nan	-5.227506416155808244e-01	9.324680297292250453e-01	2.933578076704005944e-01
nan	6.011977808046607974e-01	5.136311328176182966e-01	-6.660037124796556185e-01
nan	6.613629771754446773e-01	-1.021165044149833667e+00	6.630166736092418800e-02
nan	-7.529327850319360582e-01	-2.789704571787202103e-01	-9.231324691861528819e-01
nan	-9.755464361882915103e-01	-1.290789662233692514e+00	-8.996291531839112343e-01
nan	-5.786912386372005113e-01	-1.541055275807406311e+00	-7.345197813362283057e-01
nan	5.659624279386731294e-01	9.119874731771560050e-02	-2.094638778397236223e+00
nan	-2.361424423418657437e+00	7.007282666874463661e-01	1.707382642210218959e-01
nan	-7.719430702876676209e-01	1.111795741503654567e+00	-2.500348000170870000e-01
nan	7.706536632205434056e-01	-5.284811853473635468e-01	-3.501535965370377035e-01
nan	9.007582214297475964e-01	1.794503709299681837e-01	-1.463529533284546158e+00
nan	6.486080698327234551e-01	1.195060813589322812e+00	-3.361357110429268324e-01
nan	7.859351837602219781e-01	2.101189004829275842e+00	2.083328614961741820e+00
nan	2.023196422730148658e+00	2.031733529259077686e-01	9.734560558015858955e-01
nan	8.508685926343682038e-01	1.247923074697451895e+00	4.164263984100088911e-01
nan	-1.430088489164321741e-01	1.553501289807395658e+00	1.043920740128653435e+00
nan	3.997011116211386383e-01	1.219166977655026018e+00	2.624301910566950280e+00
nan	8.771105195498409834e-01	4.798801019526277023e-01	1.393286775517113885e+00
nan	2.066088147994912805e-01	-1.161740350861895088e-02	6.451107307215602216e-01
nan	6.603684009282084766e-01	4.186635206899200767e-01	2.541293363258090299e-01
nan	-1.756140051204377439e+00	1.674500312940802704e+00	3.670500007004797727e-01
nan	1.765947041311084487e-01	-9.888460392156716017e-01	-5.005262230964837578e-01
nan	1.005398802939423630e+00	-2.072232598423868755e+00	-2.770229738431319588e-01
nan	1.826454918012140105e+00	7.087487823014302357e-01	-1.229593653658858088e+00
nan	1.423044983384035511e+00	-9.824585666057246147e-01	1.799735825966497060e+00
nan	4.037468142190845377e-01	1.333792533739404096e+00	1.158456391061625457e+00
nan	-1.536939706685097606e-01	-7.492792564616648221e-01	4.560578838488492659e-01
nan	6.236793395026241082e-02	-1.380657579852307304e+00	1.877220437164213163e-01
nan	-2.315157046646523220e+00	1.106958998210729295e+00	4.015444626394117922e-01
nan	-2.660627993408160030e-03	-1.029915817311475745e+00	-8.047623762152267268e-02
nan	-2.502444204630496216e-01	-6.504515084142130643e-01	3.161710573169941862e-01
nan	-9.928625587857072832e-01	-1.183311845965454134e+00	-2.548265651533712650e-01
nan	-7.339880276202992437e-01	1.193290883909789990e-01	5.247536186608234843e-01
nan	-6.271416615075056655e-02	-1.117366891709361321e+00	1.332214601745787208e+00
nan	4.921184385160650154e-01	-1.319812609096997935e+00	1.176865089023046096e+00
nan	-6.421559193699117873e-01	6.350173213898919755e-01	6.203087569782212984e-01
nan	4.227706226353977748e-02	-6.017961034193689551e-01	4.261028277656183083e-01
nan	-4.081730338109560430e-01	9.425881096218859945e-01	6.675023622977754867e-03
nan	-1.483190143843574893e-01	5.647935354545253750e-01	6.426431516897203045e-01
nan	-2.827175741610206128e-01	-5.271275868002678333e-01	1.735513682464152163e+00
nan	-1.093096967659912711e+00	-9.861850727930146499e-02	1.300587589133249899e+00
nan	-1.585034380020904354e+00	3.041589287018779952e-01	2.803885545764840392e-01
nan	-9.994100752738638294e-01	-2.012722539742325678e-01	5.701852616790665795e-01
nan	-4.166081055793102728e+00	7.549708928300937760e-01	2.141076872280673893e+00
nan	-9.645620899614026911e-01	7.310093339493692888e-01	1.054039735036781833e+00
nan	-4.291541132459212871e-01	7.193322505489067875e-02	1.301681506049280568e+00
nan	3.678819254113232518e-01	-5.190021817779562063e-01	1.391346227002212332e+00
nan	-4.284913315908160936e-01	-1.506408035367103437e+00	3.192988431321180376e-01
nan	-7.243473701461184966e-01	-1.388491505629832146e+00	7.325164166025082135e-01
nan	-1.231637461501543074e+00	-1.053014810845205318e+00	-1.676448018634188575e+00
nan	-2.622567872803145406e-01	6.271847891425444965e-01	-2.105431618400890326e+00
nan	-1.654249002810761482e+00	1.901890002800893376e+00	2.323198396150039091e-02
nan	-1.015960475455498058e+00	1.253570623643283088e+00	4.493362472142077291e-01
nan	-3.503306922171413595e-01	-3.988319122907991177e-01	-3.802580877323752384e-01
nan	-2.247235667288760286e-01	-6.775916811931087524e-02	-1.511123705245314808e+00
nan	8.832629924374777453e-01	4.990251469862982958e-04	4.338340028964670636e-01
nan	2.322871653022294258e-01	9.164311128182384136e-01	1.498178941091191874e+00
nan	-4.823549527546022730e-01	1.479980296825593067e+00	1.671384347294828432e+00
nan	2.105833175443954985e+00	1.851040658152773855e+00	1.556908978606412086e+00
nan	-1.129058720794322568e-01	-1.305980036421185098e+00	4.380767542901236045e-01
nan	1.030794453807894473e-01	-5.691319240147334479e-01	-1.082742054489175709e+00
nan	-1.409463870542725372e+00	-3.128304611176720762e+00	-2.609224638372069638e-01
nan	-1.249146548800859513e+00	-4.368949809072898427e-01	-3.495557038255285853e-01
nan	-4.341193035970181135e-01	-3.603980588158812171e-01	-5.837040252558148845e-01
nan	6.428079595219229336e-01	1.393867773491769935e+00	1.139761670865159227e+00
nan	-9.302226022990093268e-01	-5.011608450326102693e-01	1.372318791794245652e+00
nan	-7.684652512857431672e-01	-2.198116846883656272e+00	1.549853111934789807e+00
nan	-2.215238496752927944e+00	-3.047820004258570137e-01	-7.291115548666825541e-01
nan	9.593237044808200498e-02	8.768269900650664805e-01	4.424180209717093470e-01
nan	1.067600087373527407e+00	-1.136216037618088981e+00	-6.392857386425374600e-01
nan	-8.038640351192568589e-01	3.491599687208924996e-01	5.313567442219038206e-01
nan	-9.081651662515469736e-01	-3.289851239938159644e-01	-3.173889106581483377e-01
nan	7.014527606457394704e-01	-5.347063116125695403e-01	-1.016220135835080030e-01
nan	-2.823429628394331925e-02	1.780408299614301360e+00	-1.234787270201881393e+00
nan	4.184587577141811732e-01	3.293382757128098248e-01	-6.949451182991964737e-01
nan	3.317564100566675056e-02	1.447167693027724966e-01	-1.341463082453159261e-02
nan	8.166990096354932449e-01	-1.603149551598982203e+00	-7.179169108004517241e-01
nan	-8.492083425580089218e-01	8.005999292536840617e-01	-1.453164005466232034e+00
nan	5.133283367469277936e-01	1.210625345708254086e+00	1.229396086643464336e+00
nan	2.349990158149354302e-01	1.654348936148410498e+00	-5.925535788806446380e-02
nan	6.357545594522242549e-01	1.434678082036427993e+00	-9.462646969268362351e-02
nan	5.453374972184038549e-01	1.094079040997840480e+00	-1.570493794398302168e+00
nan	-2.096035112090530728e-01	1.360349527103151157e+00	4.702125483051938781e-01
nan	2.171221029306472872e+00	6.434870440949685966e-02	1.113628974992380005e+00
nan	6.826753909082972083e-01	2.127122397001646181e-02	-6.258979849855368371e-01
nan	7.785621248113275827e-01	-5.590447140818701754e-01	1.182614467671214142e-01
nan	-9.422457509516107832e-02	7.454144330754716163e-01	-4.074915762573736444e-01
nan	1.988010807220682574e+00	5.985492177881973630e-02	3.829675521119285109e-01
nan	5.175697466235226196e-01	-6.134834619847350234e-01	1.851138134908056010e+00
nan	-3.126690285646404471e-02	9.726271649019111454e-01	4.331057463554109366e-01
nan	1.255486406670506927e+00	1.297044245160977161e+00	1.976062224489746055e-01
nan	2.319042336791795833e+00	-8.457800268590676129e-02	4.957220931045297485e-01
nan	6.072240838745451841e-01	-1.668876107481875870e-01	-8.888027522669109115e-03
nan	-2.797599779829519351e-01	-2.366472031140483545e-01	8.162173577909251354e-02
nan	-7.189517637722449006e-01	-5.704584843127337157e-01	-3.251976153045049167e-01
nan	-7.082854321140413800e-01	-1.442032751661043166e-02	-7.749073093838327875e-01
nan	9.090321008985047246e-03	-2.483096504620896094e-01	-3.560102400763027197e-01
nan	-1.950215646655984791e+00	1.397364724008440362e+00	8.125565626191371127e-01
nan	4.835316073305947482e-01	-1.236661647212453863e+00	6.653775360166525044e-01
nan	-7.153646076383186614e-01	-4.204806613408942906e-01	-9.788981872545565732e-01
nan	-3.907899516207852808e-01	1.614385081754508899e+00	-1.845932434884473450e+00
nan	-1.794276431002336802e-01	-3.224806348171407877e-01	9.128290098317523027e-01
nan	4.665604684717853390e-01	8.984546207357281267e-01	-3.136099348392484831e-01
nan	3.796551287821151033e-01	-4.014802876487275629e-01	7.609414219784930988e-02
nan	-1.996219336412301815e-01	-1.033579390094988115e+00	4.160806573203038039e-01
nan	1.885366707376161521e-01	-5.588898721289077276e-01	3.123308011334932077e-01
nan	-1.684921861738067905e+00	-4.874607977741443610e-01	-4.103333991241168155e-01
nan	-2.004049571501194116e+00	-1.053431483283637782e+00	-5.385732880036984138e-01
nan	-1.571389715325111958e+00	-1.333215145424107684e+00	2.206038107700702411e-01
nan	-1.898807688410375727e+00	-9.367292757007226189e-01	-2.168270616700496145e-03
nan	7.015939848364748377e-01	-3.691394590890606509e-02	-2.384996125001677569e+00
nan	-7.524083017139734375e-01	6.052934199306780894e-02	2.286767240265873413e-01
nan	8.508719925617336255e-01	-1.219710233577817160e+00	8.975015236399235263e-01
nan	-1.285887395730351601e+00	5.160963241663294454e-01	1.786610059734187406e+00
nan	1.340434841904772467e+00	-6.117653145611560150e-01	4.312628556527642321e-01
nan	1.668528059249837936e+00	1.293102793045137755e-01	1.534948672389060964e-01
nan	6.626178374246343150e-01	3.698108018585566925e-01	1.489467629511130431e+00
nan	1.237941253479889703e+00	3.876154661719207750e-01	1.503038668196274408e+00
nan	3.434998035428745711e-01	1.768273625851352948e+00	2.991307487995891190e-01
nan	1.029333169397830927e+00	2.603420672901190169e+00	4.339690610464495557e-01
nan	1.206258748799142522e+00	-4.281725669379128352e-01	1.517559922948304774e+00
nan	3.202083291443317270e-01	-2.182787676848639169e+00	4.520989665053301021e-01
nan	1.472141497141583599e-01	-1.823412413012037492e+00	-2.631903510818631164e-01
nan	-2.550239482398056756e-01	-1.833429117297393773e-01	-1.552879681246597920e+00
nan	1.593470621250878683e-01	2.707936733658176109e-01	1.149442958819654192e-01
nan	-4.588387603887759125e-01	9.361365162621120284e-01	1.239857500925277467e+00
nan	-8.234004469619898847e-01	-6.853127479925897880e-01	3.556401293135229014e-01
nan	-4.666669229627293247e-01	1.209485729319662584e-01	1.437146974869341065e-01
nan	-4.086222273114503145e-01	-1.148851597028701210e+00	-2.823725137805447316e-01
nan	1.229964920042090792e+00	3.905467332873276409e-01	-7.222453767521329615e-01
nan	1.723829425280964944e-02	-8.638451832750707604e-01	7.383688794822873547e-01
nan	1.435131584608871025e+00	-1.066025548955620517e+00	-9.415492185899856925e-02
nan	1.362956949176042487e+00	1.689081298866668357e+00	-1.504702225150936767e-01
nan	-1.146164601423504514e+00	1.444661022410204332e+00	1.701651973447277033e+00
nan	1.152377198889734444e+00	1.418649324316626714e+00	1.957934279221311247e+00
nan	1.351815249845530253e+00	5.923482687204357777e-01	7.422971844862482627e-01
nan	1.694426901343319747e+00	1.346363238663542461e+00	1.815893591781911010e+00
nan	1.163089001955738722e+00	1.168440897212418506e+00	2.562385568644073963e+00
nan	6.250869779107223190e-01	-1.311056463271169648e+00	6.260416016714960286e-01
nan	-2.277106196053158893e+00	-3.855389632490545671e-01	1.202314573876529735e+00
nan	-1.287403127581496554e+00	-7.671023786263807542e-01	-1.280599252419821532e+00
nan	-9.064645583431329978e-01	-1.100403544496605157e+00	-5.076496582502989519e-01
nan	-1.512477513005594520e+00	3.398040445569460166e-01	-7.944296534359038819e-01
nan	-1.865346621742330901e-02	-1.276299315925588651e+00	-4.681331661149681911e-02
nan	1.246516103540866505e+00	-7.118417569918077392e-01	1.560289196620660013e+00
nan	-2.048186222198757067e-01	1.783307873573523716e+00	-1.983111894240631612e+00
nan	9.829968548925798189e-01	6.040276836694780105e-01	-2.898514414007645201e-01
nan	-2.552159429600906471e-01	-3.618800494733890316e-01	6.810183979989905545e-01
nan	-3.086069984529808408e-01	-1.886576803043176653e+00	3.701977177121574814e-01
nan	1.183377389810403857e+00	1.204072207935743988e+00	-5.412024725723241225e-01
nan	2.325081408291701290e+00	-8.335165535033733919e-01	5.495843216820828214e-02
nan	1.008946101441814180e+00	6.804001228728681072e-01	1.195344717367439469e-01
nan	-2.271034886481161363e-01	1.585751557825334057e+00	2.354783571272877074e-01
nan	9.703157284990266973e-01	9.658647340185970709e-01	1.323568806039727264e+00
nan	-3.143607552399442229e-01	3.943140742078583560e-01	-5.034538181755493502e-01
nan	-5.783976206280998511e-01	2.620116831691933768e-01	1.250498636091946780e-01
nan	-2.389917366004179478e-01	-1.096250112153500655e+00	-1.486319807238626889e-01
nan	-5.170983022090118730e-01	-5.573099174822884194e-01	9.441001315987407327e-02
nan	7.337543590779372904e-01	-6.582700362202736910e-02	-7.960526159511929767e-02
nan	1.252937134148315090e+00	6.817789082854769367e-01	-5.009312266405679948e-01
nan	8.068148165300436103e-01	1.448635335110089351e+00	4.105336276801089257e-01
nan	1.327454075012871826e+00	1.299915504923778720e+00	1.594065904274073464e+00
nan	1.987952856135214663e+00	2.486627124788585608e+00	1.313634558506047822e+00
nan	9.538911614297163055e-02	8.561626984921166805e-01	4.844853513587997762e-01
nan	4.156139002491747725e-01	-4.220652699497943749e-01	2.026451256552398217e+00
nan	7.034625393922647740e-01	-1.608496483833428581e+00	1.756379178881378511e+00
nan	-3.593412370754123231e-02	1.959611285321743113e+00	-1.051517843094668558e+00
nan	2.359971685673456498e-02	2.143208409138877890e+00	5.421780052224756119e-02
nan	2.162260658801935520e+00	-6.614864363544046277e-01	-4.008539471646455077e-02
nan	4.985781994495391278e-01	3.909754623666732432e-01	8.654560688144277703e-02
nan	-3.958349974321599407e-01	1.187569042787201212e+00	6.974854507783885271e-01
nan	-1.247755969433934409e+00	-4.297712565165647258e-01	2.217329754313143386e+00
nan	6.957601441752110372e-01	-2.698964145831499017e+00	8.461819579126678148e-01
nan	-1.057348684354505020e+00	-2.374936857633684339e-01	4.962019219167109751e-01
nan	-9.067513233421484742e-01	-7.031606309611172501e-01	1.654523282780677729e+00
nan	1.671247203463488984e-01	-1.475644374136258485e-01	-4.201070934710914861e-01
nan	1.940271030615250858e+00	4.748841041482574910e-01	-1.011235276095082458e+00
nan	-7.532611694192681284e-02	5.364792692505631067e-01	1.173023484434554120e-01
nan	-7.947695619345555018e-01	-3.942455647762590498e-01	8.432414288070169128e-01
nan	-2.530165831283042732e-01	-2.147760098589698852e-01	-9.250640588894730731e-01
nan	-8.548894411464551535e-01	-9.966691374494864863e-01	-8.461214078474137423e-01
nan	-6.315701190505312868e-01	-9.321562479824156977e-01	-1.501803762078793625e+00
nan	-1.094609434542819004e+00	-3.532072191319868271e-01	-3.271926399558927834e+00
nan	-2.006252840875893284e+00	-2.013336384858285533e-01	-5.416227933155201013e-01
nan	3.956092066976447663e-01	-1.091971124857214148e+00	-8.989547458085912490e-01
nan	-1.463491313815702410e+00	1.244936112099481296e+00	1.744514950536754094e-01
nan	-1.029677847933335499e+00	-5.132442573675951580e-01	-6.179755978535790284e-01
nan	7.046872018879755117e-01	-1.721881422933955630e+00	-1.519782411202736050e+00
nan	-3.911051069090623611e-01	1.639175535992895671e+00	-4.438780595959078701e-01
nan	3.187204713726335403e-01	1.585587622149026155e+00	5.478794568357464589e-01
nan	1.480168088199221632e+00	-3.825977297171989644e-01	1.493302559082903880e+00
nan	-1.641245934903215131e+00	-1.196805071706694701e+00	-1.577849643436022964e+00
nan	6.710099832048810331e-02	-1.161520930158440157e+00	-2.694466492814158620e+00
nan	3.383876481513067858e-01	2.524589039517968647e+00	3.810969481715156260e-01
nan	1.313829989169611689e+00	2.279567345567258485e+00	1.243525912802130096e+00
nan	4.941966131017515584e-01	-6.134627829293681778e-02	1.958480686765725176e+00
nan	-1.511995485692880337e+00	7.017024815097305801e-01	6.675851734302670204e-01
nan	-1.506998174635731935e-05	-1.627378252838830530e+00	2.236170307999085338e+00
nan	2.435151656987831537e+00	1.134942908091382652e+00	1.028321445343209684e+00
nan	7.258696233754511340e-01	1.811255275715199620e+00	2.910685236407752008e+00
nan	6.573817583879786319e-01	-1.519394597134426927e-02	3.020524688799067548e+00
nan	4.957872346579211831e-01	1.648421742111406463e+00	1.796854034709497228e+00
nan	-2.082678230817878173e-01	8.936480741021490815e-03	2.466745486131312504e+00
nan	1.868555487986178765e+00	-1.680604592621456561e+00	2.205144954487908038e+00
nan	-3.859703166280493147e-01	1.533118128804273061e-01	-3.439667277850529947e-01
nan	-2.243110122452260047e+00	-2.254303774709344454e-02	-1.798260432563390188e+00
nan	-9.560333561569422933e-02	-5.542904541151109088e-01	7.423501491873125691e-01
nan	-7.432365152324901247e-01	-1.416602173000036380e-01	4.825324856655252570e-01
nan	1.370082591357386192e+00	4.237130959799799701e-01	1.450629487463120371e-03
nan	-5.553155305430735877e-01	-6.932483270828490030e-01	-2.056730442386413282e-01
nan	-2.439697239300138154e-01	-8.662899426776035083e-01	-1.143271618350452379e-01
nan	-6.332067841275239584e-01	7.317581784933735456e-01	-8.534601195533586537e-01
nan	-2.978231580190993100e+00	1.038963444669269487e+00	-3.095301744378882794e-02
nan	1.286577771778113277e+00	-2.761416614960800597e+00	1.410640104773599746e-01
nan	2.180447824544975433e-01	-1.702514984271710219e+00	-2.772829832538319828e+00
nan	-5.816176681596230136e-01	3.621642386390118151e-01	-1.028180549322438964e+00
nan	1.063131044507665379e+00	-2.504769851267095948e+00	-3.851037219568334002e-01
nan	-1.938942338552346323e-02	-1.011749796148461389e+00	-3.188657831506510609e-01
nan	-2.001575451547429996e+00	6.654782242313168616e-01	1.860693154487202405e-01
nan	1.987645954108060997e-01	-4.209208136549109636e-01	-2.446064298798112713e+00
nan	1.384240673880264838e-01	1.227734550846620865e+00	-1.436583893890318375e+00
nan	-1.746872713998344429e+00	-9.661352157829072862e-01	3.682456423735629425e-01
