nan	-8.933388318889583513e-01	8.574956563277243982e-01	-1.364442610868161826e-03
nan	4.067531472960820432e-02	2.300596946128095899e-01	6.861817826489854388e-01
nan	9.564561428900479889e-01	1.896335728151022360e-01	-5.256548748087992440e-01
nan	1.108756425612695384e+00	-5.392103417734943616e-01	-6.119922580696596226e-01
nan	-2.874627386533734619e-01	3.857617825523471655e-01	-3.220617992466391355e-01
nan	3.411952686866160933e-01	2.610553400649760492e-01	-8.018018960838139975e-02
nan	9.933743359555913255e-01	-3.024530669732096166e-01	-5.222118245485719568e-01
nan	1.104955498892203236e+00	1.987405569520294402e-01	5.040793967653138807e-01
nan	-1.374870334345092315e+00	-1.876149953294877770e-01	-6.806895752460041527e-01
nan	5.364799520404905930e-01	-3.150654053365884444e-01	-1.604323592518263619e-01
nan	-6.433032502275343179e-01	-1.341371801970626221e+00	-1.127305470031076506e+00
nan	-1.664479763691475211e+00	6.080075455018137953e-01	-1.579815976659185939e+00
nan	-1.417478996563702243e+00	-3.204217311324449313e-01	-1.477489279205411066e+00
nan	1.221240871183511878e+00	-3.879155846500302318e-01	1.513805685435724024e-01
nan	3.879812984546152643e-01	1.318444698530572223e+00	6.556834795729705734e-01
nan	2.405243456464670970e+00	3.415016836497956620e-01	1.354806375514292061e+00
nan	3.192840361743626509e+00	9.290365211016462510e-01	-1.121820095060592326e+00
nan	-2.992902866492465064e-01	3.507288966222225080e-01	2.718671115641267400e-01
nan	-9.559496168219719925e-01	3.705771707083262423e-01	-5.416450777400998451e-01
nan	-1.929677858556018144e+00	-9.411073134511613869e-01	-8.422508003377560115e-01
nan	-1.613150815032737384e+00	-1.736993547527754700e+00	9.920954285823485597e-01
nan	-6.066560151847497639e-01	-1.422138200450706602e-01	-9.463438200132530120e-01
nan	-1.017776037939547296e+00	-1.128419213801561183e+00	-6.184098653123020206e-01
nan	-1.256231688588409501e+00	6.565448359085992447e-01	-4.222995343923794387e-01
nan	3.036432821032759577e-01	-2.332583863091306942e+00	-2.574437443559875471e-01
nan	-2.491967552098562355e-01	-3.916899281982910708e-03	-4.159988630596781478e-01
nan	1.041699853649328711e+00	-4.948781427676059996e-01	1.763245616158169993e+00
nan	1.801118453637327033e-01	1.845455325735272156e+00	2.476094753240447588e-01
nan	1.596478046023397823e+00	6.626703651033230003e-01	-9.644796323782209857e-01
nan	-6.632800541746068923e-01	-2.595047743092272485e-01	-6.538830121501236770e-01
nan	-9.012148041905629903e-01	3.454507268773792661e-01	-1.592379137380639964e+00
nan	-5.630241991564193249e-01	1.535854382889257463e+00	-6.564903341759220634e-01
nan	-4.883799654758544384e-01	9.283168758786866093e-01	9.179184270538918167e-01
nan	-2.781648924637259324e+00	-4.073143272970245476e-01	9.126939487420764330e-01
nan	-1.335774857189517828e-01	-2.427206028891794709e+00	2.149284623605648981e-02
nan	-1.193434212344553824e+00	-8.234212657915463973e-01	-7.396393001191938765e-01
nan	-1.116186591878784107e+00	-1.589609265844206032e+00	-1.464654494860327283e+00
nan	-2.689200245808004208e+00	-1.783901896874938720e+00	-1.304853679473801265e+00
nan	-2.148879250839568211e+00	-2.875676636997875235e+00	-2.099595270509543532e+00
nan	-2.469311624422065421e+00	-1.634733061139843846e+00	-1.125782917424403617e+00
nan	-2.842015800711545914e-01	-1.426462581791234419e+00	-1.565136013343118915e+00
nan	-1.017088272177611552e+00	1.344514165268877903e+00	-1.271943532590769088e+00
nan	1.016367786275624852e-01	-1.125956074037499199e+00	-5.273143308880604563e-01
nan	-1.452550923439554387e+00	-3.660943762821555758e-03	6.306057177319828178e-01
nan	2.339771952454366311e+00	-6.969568678370976489e-01	-1.238688461536548324e+00
nan	1.923933759088527706e+00	1.923208819088650934e-01	1.213828566072175930e-01
nan	1.017687009541944354e-01	1.225177096206785166e+00	-1.179783001005752618e+00
nan	-5.461284917551383761e-02	-6.398301640787134037e-01	-3.826259182236645406e-01
nan	-2.067245126177198689e+00	-4.752705869997023158e-02	3.789406914802030402e-01
nan	-3.779326950758554737e-02	2.259851296225687811e-01	4.010772823920607522e-01
nan	-2.130152026869788773e-01	-5.890534617009093310e-01	6.691907158903481756e-01
nan	-2.421685012630115708e+00	-3.500680744254768828e-01	-2.062062238065506536e-01
nan	-2.083554364351670074e+00	-2.166968633740456340e+00	8.524667746151908254e-01
nan	4.891483022058000785e-01	-6.576264585145750186e-01	-9.538748404687068527e-01
nan	-4.417627814561820299e-01	2.931359185611048246e-01	-1.152592137563527852e-01
nan	-3.803431763992730641e-01	1.053150306537567360e+00	-5.103169832288149271e-02
nan	-1.797656550864876190e-01	1.719122818722964574e+00	-8.574588537359156826e-02
nan	1.402020129008275440e+00	-7.273638456711845057e-02	5.314465147769428244e-01
nan	-8.648705496617067334e-01	1.009933179922837709e+00	6.496942119281826078e-02
nan	8.576568957244526947e-01	7.000083263729907079e-01	1.221064931327270564e+00
nan	7.920492276736409432e-01	5.674975273082643046e-01	9.898328134464151606e-01
nan	-4.980629312115996132e-01	-4.094844165765612054e-01	1.308702836409239234e+00
nan	-6.348950047746598768e-02	-3.924075465704781052e-01	9.467278502178172461e-01
nan	6.375881992482205218e-01	1.283377710050078280e+00	-9.437702699467429568e-01
nan	1.373502029110091005e+00	9.339146575242546211e-02	-1.452435699454810880e+00
nan	4.890025137676595746e-02	7.387203758354213834e-01	7.095444819119747226e-01
nan	-1.384085218898224001e+00	-7.275965656205214405e-01	2.087683570581359838e-01
nan	-1.431813315852548119e-02	-4.788547364173465493e-01	4.254174241294437220e-01
nan	-3.976953821220448604e-01	3.159763374876628506e-02	1.179747704729072061e-01
nan	5.018388750595975667e-01	1.061994216060482721e+00	-1.049450039804621815e+00
nan	-1.779080307776934378e+00	2.234423011028582040e-01	1.039172366012215687e-01
nan	-1.113967355577698104e+00	8.453461540115148054e-01	-3.287760002368028123e-01
nan	-1.035269793616516054e+00	3.368271912721506056e-01	1.246209841767878190e+00
nan	1.423098991099041921e+00	-3.420654546880950164e-01	5.998452938963300118e-01
nan	9.564410152703113344e-01	1.902861809614341482e+00	-2.858037550380780334e-01
nan	-2.014096027477905171e-01	-1.554262109189564534e+00	3.068016957272913237e-01
nan	-7.896958115270713563e-01	1.655646259072843574e+00	1.068757342244148201e-01
nan	3.222207688914700552e-01	-2.773919626014445861e+00	-6.422497487407361483e-01
nan	-6.660868331093937611e-01	-9.087042673332377252e-01	-1.425427632097342912e+00
nan	-1.570279649463288241e+00	1.408076352775537554e+00	-1.650719383657319739e+00
nan	9.211489821902287822e-01	5.133306007653869463e-01	-1.817926527372664136e+00
nan	6.344854106703149421e-01	1.039057205120520244e+00	3.144913905879321847e-01
nan	6.075258104566060302e-01	1.260590737231453429e-01	1.030790131667102427e+00
nan	7.225047362459501299e-01	7.100451963094889241e-01	-6.377889415284037078e-01
nan	2.472405625960874542e-01	4.944359093906686153e-02	6.928848586140400334e-01
nan	1.056553227777004889e+00	-7.516581429847378759e-01	2.080671481062350558e+00
nan	1.427544700054812044e+00	1.012564327729607472e+00	1.900327612251912490e-01
nan	2.564414647225622401e-01	1.341568076138991206e+00	-7.274896958585258533e-02
nan	-4.702315871023315941e-02	1.172656210753153516e-02	2.809142907220653074e-01
nan	-7.771969605410660176e-01	1.083497655406496119e+00	-4.730767084311227055e-01
nan	1.176547527063264986e-01	-5.633232998190408347e-01	-1.293306404552128086e-01
nan	-1.727870177013787423e+00	1.762271550087354532e-01	1.463019223359880883e+00
nan	-2.441299565979742625e-01	4.217825386542296551e-01	8.226105132608355630e-01
nan	-1.276228705296690857e-01	2.528323371367995898e-01	1.906588876649684128e-02
nan	-4.381892552093988313e-01	-2.688114788944469535e-01	-2.558044530964255214e-01
nan	-3.789907432194790093e-01	-8.626737848889077798e-01	6.268073809702747745e-01
nan	3.716817168007605088e-01	4.442124362866523013e-01	9.030679676102493225e-01
nan	-2.471950721887148372e-01	9.340361162089758640e-01	-2.240582397453186325e-01
nan	7.528979429652340460e-01	7.355233766140302221e-01	5.616133820413079514e-01
nan	-1.975709102289192609e-01	2.063055199985547539e+00	-2.348539382084894545e+00
nan	-8.140253254229986579e-01	1.845993520792970521e+00	2.678992459270945203e-01
nan	-8.581203023138367358e-01	2.485672636981282047e-01	2.448978370590052522e-01
nan	-1.125027551027234063e+00	-1.426555312519959262e+00	5.178777459874732703e-01
nan	-2.334335827132561825e+00	-4.449700123441924227e-02	-5.679961545116152255e-01
nan	-1.318940751748048923e+00	-1.366255814796477619e+00	-1.040866724774918151e+00
nan	1.186497118498719860e+00	2.666918394936124148e-02	-9.923361556462549915e-01
nan	-1.019114888067039537e+00	1.027039010862125790e-01	-2.864481743049382967e-01
nan	4.212758644468144187e-01	-5.047031046327423720e-01	-1.131116160955918160e+00
nan	-8.640866471345046707e-01	1.252762718457267832e+00	-2.981440987644018437e-01
nan	-1.480006115824987478e-03	-6.302188728324369382e-01	5.896568497440454193e-01
nan	-1.794262640230441574e+00	-5.592816219457497073e-01	1.078046307785364144e-01
nan	-1.233173668275349577e+00	-3.732049999591939837e-01	-1.201891920076467279e+00
nan	-3.227949135096649380e-01	-2.034651501095491311e-02	-7.307915076860761472e-01
nan	-1.946221145964532884e+00	-5.843452727025923998e-01	-2.853147657149803784e-01
nan	-1.194495472369970779e-01	-5.107881453444176323e-01	-6.560024032979210329e-01
nan	-1.075837810359328017e+00	4.776116064344699819e-01	1.472142999803935370e-01
nan	-1.830517562851941893e+00	-1.121150199510161150e+00	-1.096161174831125962e+00
nan	-1.686599561617867948e+00	-3.063746095104117995e+00	-5.669299750962538686e-01
nan	-2.323199026713890447e+00	-2.203982598517439051e+00	4.399989535122983408e-01
nan	-1.511383325346609796e+00	-2.300818910807557405e+00	-6.141661710794071860e-02
nan	3.036589682186690009e-01	-1.756136318841953869e+00	-9.959229410165455487e-01
nan	-6.468890597943799392e-01	-1.449378237358439403e+00	-1.911123735948159208e+00
nan	-2.179201410221994539e+00	1.292667569472127687e+00	-2.475204228643083759e+00
nan	-6.484852864529764283e-01	-7.822524281181499894e-01	-1.610769182756704332e+00
nan	-1.193570741182564454e+00	-1.126682039784224987e+00	-5.069348846006600517e-01
nan	-1.278196195053000750e+00	-3.733570685685274615e-01	1.307892800112637754e-01
nan	3.295429795047280508e-01	-2.407586635666016939e-01	6.669964026591501671e-01
nan	6.154485856314044767e-01	-9.772912357170344677e-01	-2.776439116607513080e-01
nan	-6.713736453256167191e-01	-1.436602746707302813e+00	6.729063076636547791e-01
nan	-5.360932164570997305e-01	-1.419996225019534597e+00	-1.133498018934669505e+00
nan	-1.366265329972823572e+00	-5.770844721985751713e-01	-1.120568090929437766e+00
nan	-1.576641161479891862e+00	4.886875832483480453e-01	-1.312456568523163503e+00
nan	-1.287722150814516686e+00	-1.410152288526953512e+00	-1.869862444157885717e+00
nan	-8.562960304495966790e-01	-2.174467075338432309e+00	-8.386389193406268427e-01
nan	-1.415388893131965808e+00	-1.253809904696722821e+00	-6.250723459843879892e-01
nan	-1.926742076744393461e+00	-1.486896767680387255e+00	-3.578700764628677256e-01
nan	-2.491054074853154443e+00	-1.494238580297028829e+00	-1.305301685311128113e+00
nan	-3.134634123309111065e+00	-1.319842610714908604e+00	-2.751074227109904236e+00
nan	-2.885074691355149046e+00	-1.509992075974676773e+00	-1.772731957231475253e+00
nan	-1.106593054159273226e+00	-2.048021735718556169e+00	-1.293436264188554841e+00
nan	-2.792990203961289275e+00	-1.457226527935568505e+00	-1.436838147153236100e+00
nan	-2.424110579581197022e+00	7.901027680348688964e-01	-1.714998636550717048e+00
nan	-8.460230220645457155e-01	9.889333091322032310e-01	-1.546218945615867035e+00
nan	-2.565957779344839373e+00	-1.487362194951403538e+00	-1.586757874175061866e+00
nan	-2.144042374608124302e+00	-2.708783615496241914e+00	3.484188678780713033e-01
nan	-8.251419687102455880e-01	-1.652765343227970973e+00	-1.507155241894024833e-01
nan	-2.233405820705669953e+00	-1.041797322222135502e+00	1.643373263343115287e-01
nan	-4.086009485817428954e-01	7.683194974343002803e-01	2.018578768155540604e-01
nan	7.375603368525699421e-01	-9.271776064705870846e-02	6.702722651562451617e-01
nan	9.176577185868257658e-01	1.443490778407858111e+00	8.330919360049103828e-01
nan	2.008985328217197441e+00	3.040161339445871524e-01	-8.433747144236285465e-01
nan	1.501550192839673059e+00	2.249766536126457162e+00	1.059892375966650091e+00
nan	2.180138470212491963e+00	2.792137680610234707e+00	-1.034005658307836084e-01
nan	1.944287041193606846e+00	3.020575372489117782e+00	1.137102332066350030e+00
nan	2.890927452514930440e+00	1.018545026825085298e+00	1.307030008699342272e+00
nan	6.881244862139699325e-01	3.146518398367942559e+00	3.646273688161373316e-01
nan	3.186197459662426290e+00	6.864694454092762355e-01	5.368944047643868789e-01
nan	2.133683443362275334e+00	1.851235853816741495e+00	-1.234107214549418519e+00
nan	-1.537286523399417959e+00	1.330304595041256865e+00	5.907882548090337416e-01
nan	-1.841361226197858469e-01	-7.330059610782511115e-01	9.722422695484461697e-01
nan	-1.165676634449572591e+00	8.211036753099341112e-01	-6.909419238526945950e-01
nan	3.602760327310441935e-01	3.340565499032970287e-01	8.556352005792948745e-01
nan	-8.903575709913572611e-01	1.262567216493103217e+00	1.892504473482506500e+00
nan	2.155413332931192194e+00	1.129043451893394501e+00	4.765079249493635594e-01
nan	-5.053938038057483872e-01	1.113877089254156960e+00	4.292793136017901690e-01
nan	1.093727618162120496e+00	1.765350538851154227e-01	1.053448019328794061e+00
nan	1.744645340498332864e+00	-1.132690363984648063e-01	5.058224753784537064e-01
nan	-1.016136244201971905e+00	-3.555143671632288171e-03	8.845927126992414458e-01
nan	-6.886029197440455274e-01	-6.978521831609338921e-01	-1.854459324544808219e+00
nan	-1.190634867337264646e+00	2.684224461800166495e-02	-1.697206341600554502e+00
nan	-9.027820191293053353e-01	9.929866582458096724e-01	-1.412916648197154013e+00
nan	-3.404900141214253217e-01	8.327221519687746931e-02	6.598100932953904207e-01
nan	-1.051497803526731945e+00	-1.687246266809385054e+00	-7.141210365303021224e-01
nan	-1.049078403451670471e+00	-9.745340980244824314e-01	-1.447692987544004328e+00
nan	-1.977676645840880987e+00	2.832401937611184195e-02	-1.939716565388631020e+00
nan	-3.275482486358306522e-01	1.900279354871952098e-01	7.751587167641305065e-02
nan	1.494570207989818211e+00	1.474381554617626877e+00	2.054163874362779918e-01
nan	1.281106708918477555e+00	1.010219169348767654e+00	7.703257993292305095e-01
nan	-8.014155626800497645e-01	6.802259685495677388e-01	9.529820406425260071e-01
nan	-2.952140253278992543e-02	-3.884661891708012238e-01	1.338260424385768532e+00
nan	5.664554714737964902e-01	-4.726983041520849138e-02	1.041526476851238892e+00
nan	4.869159768489087492e-01	9.080465420829398893e-01	-1.543771427899780058e+00
nan	-7.965445467226899279e-01	-5.067313342904078421e-01	-7.660849758716463676e-01
nan	1.298451795849041357e+00	-9.343604043531611447e-01	-6.810013576260620649e-02
nan	-1.479380108825703477e+00	5.116426032532496171e-01	7.003367695331759180e-01
nan	-8.942128667066421288e-01	3.243551602242776832e-01	2.073290675798588723e+00
nan	-2.013908609901084112e+00	-3.639669919681837174e-01	2.770882701022175376e-01
nan	-6.718364393080403785e-01	-8.312674033812018637e-01	-8.874167957704575116e-01
nan	3.430778519990222986e-01	-1.268470006517421478e+00	5.375163120013753959e-01
nan	-3.777902189175300629e-01	3.977196950830657607e-01	-3.505973543039467843e-01
nan	1.476443204780535368e-01	6.725935254282995324e-01	7.969852401686976506e-01
nan	2.121852749175510588e+00	6.264862225949197061e-01	8.473217276677027510e-01
nan	-1.517056357783064247e-01	5.372128170164671701e-01	-9.845181728504076579e-02
nan	8.732856665444500566e-01	1.026824237013541863e+00	-8.614665471311983014e-01
nan	-1.003147783353809830e+00	1.541180543158138239e+00	-1.043139378962908703e-01
nan	1.141309450425194161e+00	-5.404562541945902021e-01	1.365477507676586377e+00
nan	7.758501489164049136e-02	-1.293707675255411915e-01	-7.818162606244255519e-02
nan	-4.656988886291232310e-01	6.583005420559253640e-01	2.512553992133282343e-01
nan	-1.335247153487823857e+00	-1.852635764034696320e-01	-1.188578791464832474e+00
nan	-2.159826876431194087e+00	-9.931047586060021137e-01	-2.279607867831439649e-01
nan	-1.383140978090635631e+00	-1.829260304471950205e+00	8.123361900961989512e-01
nan	-2.289301825866621343e+00	-5.656958890536634144e-02	-1.465088249261343734e+00
nan	6.981717257498987195e-02	-7.436982906514765235e-01	-2.450049029427594505e-01
nan	-2.014350771368583759e-02	-3.798661658043959721e-01	6.770341979213339023e-01
nan	-6.914606525363532485e-01	-1.984254890297865725e-01	2.973104584730733302e-02
nan	6.322519735620353298e-01	5.958083347410880748e-01	-3.452835567672704609e-01
nan	8.460683268603936824e-01	9.370682850771328010e-02	1.164332700443332147e+00
nan	8.272993346165664619e-01	1.645697705571347980e+00	7.783642076028620682e-01
nan	1.432334585516854553e-01	-3.024959029452403136e-01	-3.540700457063941542e+00
nan	1.217021042216481330e+00	2.880331992533889662e-02	-2.601719432392281650e+00
nan	-1.376370654171369834e+00	5.316938018092678409e-01	-8.223483259508119758e-01
nan	-9.228152624495105094e-01	-1.751655941568887043e+00	8.231147388430587464e-01
nan	1.176470311246732070e+00	-1.721526394711059504e+00	1.203123633895434086e+00
nan	5.710292171947859430e-01	-3.919223995729601007e-01	-8.262460427599115365e-01
nan	7.234900728946931370e-01	-1.033988172009273176e+00	7.462728982995631144e-01
nan	-4.308473004941861251e-01	1.833955089932639559e+00	1.692176385148878026e-01
nan	7.994420776678521356e-01	5.571036146733990835e-01	-4.261221729677453496e-01
nan	1.177264071340231311e-01	7.792159703153416217e-01	-4.433972533903294821e-01
nan	1.108551825266847202e-02	5.446269679031467970e-01	-4.537328786437876960e-01
nan	-6.494252486151220749e-01	-5.406940162724361842e-01	-5.122171467070011502e-02
nan	1.506673855045685517e+00	1.511479799241489119e-01	-9.150849160493720325e-01
nan	7.050067497571599340e-01	3.548314675528741469e-01	-2.375786461458400944e-01
nan	1.421652677754096095e-01	5.796667713409202616e-01	-1.354337854473184555e+00
nan	-3.606535832970073074e-02	-1.742451429612183578e+00	-1.425173598857640833e+00
nan	1.789184232939831087e+00	9.091392476701876113e-02	-9.939854044039256875e-01
nan	2.454293447709970377e-01	-9.687919571344051350e-01	-5.968945639295633043e-01
nan	5.170170186180939043e-02	4.134705502125128884e-01	-3.249526369984174767e-01
nan	1.711469043350268837e+00	-2.004840045961469475e+00	1.866952488357223050e-01
nan	1.695514266269368686e-01	-2.091102739775966279e-01	-2.516180765036670763e+00
nan	-2.026095821021005605e+00	8.057604357020113905e-01	9.420969902220981407e-01
nan	-4.010963350325219001e-01	3.044748906609230366e-01	3.869247369765351774e-01
nan	-3.201739706829925258e-01	1.020608200552940714e-01	-3.293977049104883648e-01
nan	9.365137045037787988e-01	3.656538955307115923e-01	1.796000108165829001e+00
nan	2.505507625408544659e+00	-1.235984563375738809e-01	5.235546229679101105e-01
nan	1.444095709315759590e+00	1.558539536006224857e+00	2.281613247425683166e+00
nan	1.923491162852295933e+00	1.598890122815917358e+00	4.202812736961722972e-01
nan	7.059833624099607352e-01	1.916735168464631656e+00	1.070441410097050294e+00
nan	1.688457215861503435e+00	2.560290147670873928e-01	8.049742658257414973e-01
nan	-5.544209183586377154e-01	1.988980165965259062e+00	2.133785604030114413e+00
nan	6.961951417341009085e-01	1.351858925638518061e+00	-1.652037905918425587e+00
nan	3.061765370669993769e-01	-3.083447562425566391e-01	9.278833865071245413e-01
nan	1.803341028677788449e-01	-9.913021110566145877e-01	5.855008404177493020e-01
nan	-9.378982025968274350e-01	2.031229943999620924e-01	4.788573824117459132e-02
nan	-8.263859092497655157e-01	-8.044011414178792174e-02	-4.139573244629670690e-01
nan	-4.276314605505354693e-01	-8.130119201425440867e-01	-1.550799338597459887e+00
nan	-1.795025315034773028e+00	-1.213911942382897013e+00	-2.040252484892414397e+00
nan	-7.313654067536811132e-01	-9.491650728315172980e-01	-1.409093620954638082e+00
nan	-2.469775284336620524e-01	-1.306832718688899941e+00	2.561243689472023632e-01
nan	-4.002891264325358911e-01	8.450682745180714273e-01	-2.298354312995908866e-01
nan	-7.792332920672024876e-01	-1.147302567934930240e+00	-8.736984121218653865e-01
nan	-2.297113590037256348e-01	-1.512260349346953525e+00	6.010740675393720922e-01
nan	-1.557788955510936990e+00	-8.914117570112508604e-01	5.295106004296985525e-01
nan	-1.960855305932521775e+00	-1.487890222782627836e+00	7.260919045520458637e-01
nan	3.277135397121337945e-01	-9.662180110058048443e-01	2.420093647904501211e+00
nan	-1.376556480347523870e-02	-9.943133393482175841e-02	2.532054730108249441e+00
nan	6.887268043370459170e-01	7.460483822680201715e-01	-8.230378759358746299e-01
nan	2.583072353805174526e+00	9.850914859014525682e-01	8.198325298676695239e-01
nan	5.204028959772810659e-01	5.753267347125361475e-01	1.068878629752666232e+00
nan	-2.339537952081705008e-01	1.260806588223836400e+00	1.157968169985683859e+00
nan	1.555215896049313873e+00	5.430672294217184781e-01	-2.027168113771231184e+00
nan	-4.394946544410372469e-01	1.417836050672402592e+00	1.208685652217907247e+00
nan	8.038576312752062636e-01	-7.654654244606864388e-01	2.550389927932582790e+00
nan	1.087853500745914026e+00	1.222817401212653587e+00	1.454279475079378159e+00
nan	1.130450889702174111e+00	2.570254612599525146e-01	-2.813626608536854423e-01
nan	2.227671871078295562e-01	6.226044521155795763e-01	1.927271373166779656e+00
nan	3.296885288717175122e-01	-1.857397557550799494e-02	2.495671170148261009e+00
nan	5.498289793823936122e-01	3.328456568263806759e-01	8.476267283807898956e-01
nan	-5.711168682631836413e-01	1.929320001235928395e+00	1.681286784305868975e+00
nan	1.250413339211913444e+00	2.704702300591826369e-01	2.096087273264731543e+00
nan	1.319132683824693952e+00	2.488048721645238270e+00	-7.021290223499859762e-01
nan	-5.821644525990348207e-01	1.176718133987715742e+00	3.965424144876424917e-01
nan	1.389907915586550580e+00	-1.034421230928310287e+00	-5.956088873484971513e-01
nan	-3.209308956773409549e-01	-4.171109147505885906e-01	1.072950030593786686e+00
nan	-1.931087321705453386e+00	1.695577444725826222e-01	7.842319535736748115e-01
nan	-7.254568830234919830e-02	8.137619253429231314e-01	-4.435593877353334880e-01
nan	9.925676744734530654e-01	9.154213058372101530e-02	-9.512404269292773495e-01
nan	1.539106754654617992e+00	1.140915782229156017e+00	-1.351607616237780141e+00
nan	9.522626124615676257e-01	1.353251660424117375e+00	-8.650953389630413604e-01
nan	1.327447723579066041e+00	1.057612739724498763e+00	-5.225952432859548580e-01
nan	-3.457548615611435450e-01	-2.213508624597809726e-01	1.588552797348014689e+00
nan	6.299420796915661258e-01	-1.220951902828542934e+00	1.040529951644762363e+00
nan	6.165157144538276901e-01	3.948106464222782552e-01	2.276193813468672111e-01
nan	-4.484204789734714258e-01	8.715039212095240240e-01	-6.833633784703752045e-01
nan	-6.054223378128460453e-01	5.175875083592905712e-01	3.130699972042191859e-01
nan	3.421388729546988028e-01	1.056083431606330558e+00	-1.260325179606204826e-01
nan	-1.170877191318770549e+00	8.935465110252365228e-01	1.415924502151889808e+00
nan	8.835551332796663937e-01	-3.311780097219055308e-01	1.766045700426849940e+00
nan	4.182839511043073832e-01	-2.813999148663672845e-01	4.940585046325440821e-01
nan	-5.646656388852512309e-01	6.584042291127468749e-01	1.986030528915177507e-01
nan	6.051804533288585031e-01	5.250547976666815053e-01	1.227357897327002956e+00
nan	1.193038960197218001e+00	2.635784906845759057e+00	1.989822500106592229e-01
nan	-1.540621830020456606e+00	1.460498492079196797e+00	1.960178876147458560e+00
nan	-4.297805148153697186e-01	-1.195579074011991150e+00	2.494688465371368569e+00
nan	-1.434671785614419215e-01	-1.292796983598826221e+00	2.105816392537008142e+00
nan	-1.139576716836997017e+00	-1.509441065487928890e+00	-2.643599739186969222e-02
nan	-1.183133816402783589e+00	-2.790496195356196196e+00	-3.434602203553545063e-01
nan	-9.122940796585361500e-01	-7.478589457289680498e-01	-2.330807712743814264e-01
nan	4.661380705215958375e-01	1.292186321693222784e-01	1.732003118970549371e+00
nan	2.069689230547454351e+00	3.034171254931119499e-01	9.485495753735068147e-02
nan	3.988607059230216412e-01	-2.627019874033397207e-01	-1.891684323579693738e-01
nan	-2.191091455674088195e-01	-2.447841329812327771e-01	5.146958779648928006e-01
nan	-1.026321715299586490e+00	-6.627140870767092018e-01	-2.830544019023046309e-01
nan	-1.058128939890561782e+00	-4.793130673657430840e-01	-9.286531904670380921e-03
nan	-7.162166064025948797e-02	-1.046420876503237452e+00	-1.018035911434005125e-01
nan	1.509897529308659170e-01	-3.056849778733825573e+00	1.687170543262970446e+00
nan	1.113713499505356586e-01	-1.546454543102686374e+00	5.814449165914965523e-01
nan	-1.110819141538354815e+00	-1.210772471652092896e+00	6.248754017247557524e-01
nan	-8.015647692481675524e-01	-1.328891964923000657e+00	-7.978912663889653478e-01
nan	-1.022629201821104061e+00	-8.484573817478191504e-02	-2.207268460592954895e-01
nan	-5.967855340200280967e-01	-7.060027769863970182e-01	-5.724192033510249189e-01
nan	1.033545068968052316e+00	-1.652700396090616142e+00	1.004171685209008125e+00
nan	1.627403041193699273e+00	-6.855673976425697980e-01	6.529120633498414206e-01
nan	-9.557885843894113886e-01	7.079384795877119441e-01	1.345589467809385376e+00
nan	2.340449862286585248e+00	6.000246264252907802e-02	8.349094581102014523e-01
nan	-2.692806881690581466e-01	7.704628388856852306e-01	1.776810720116900999e+00
nan	9.988771453718479076e-01	6.813995984065397415e-01	2.355332868883838193e-01
nan	1.096808372527819042e+00	9.506407165237439338e-01	2.090699441580514684e+00
nan	1.268427072690373247e+00	6.869592761993139618e-01	1.787499791200110710e+00
nan	7.604019945354318910e-01	6.429851262373995624e-01	2.433090092522424697e-01
nan	6.889831120992464530e-01	-1.628177473705809675e-01	-3.397592027270445736e-01
nan	-8.351647152876814362e-01	6.276449955689292759e-01	-1.970425019673222256e+00
nan	1.074726039779977382e-01	-1.182465127882962985e+00	3.021957280802177181e-01
nan	-1.569919742384101036e-01	1.981018632551052594e-01	9.793447585611905204e-01
nan	-2.987396222491472964e-01	6.516452686973428499e-03	-1.322003650507670880e+00
nan	-1.480009978619239552e+00	4.192811352643486256e-01	-1.028447270787057777e+00
nan	3.617684646191799969e-01	-1.070452590322204411e+00	-4.253723055323180291e-01
nan	-1.477395390460045643e+00	9.419276891241219474e-01	-2.569036288355774911e+00
nan	-8.886616924499018966e-01	-5.609085366218803381e-01	3.851432665958449686e-01
nan	1.367244467227800353e+00	-3.922924865647398063e-02	-7.281623512593599079e-02
nan	4.390339873782614366e-01	9.777264742202973480e-01	-4.616003009570572302e-01
nan	2.312325067659485978e+00	2.246374394168337840e-01	1.495489737548027165e+00
nan	1.196274412897214257e+00	1.863414941856001317e+00	3.657145736578575335e-01
nan	-7.137922680580244261e-01	5.310759804407763074e-01	9.853963742097726630e-01
nan	6.356497889456911299e-01	4.716426232666504625e-01	9.963857023518456479e-01
nan	5.580444167637176323e-01	3.758841043891696931e-01	-3.652706334173123626e-01
nan	1.174278180473619093e+00	5.080178139241569024e-01	-8.456395347142429131e-01
nan	-4.849971729699457668e-01	3.114541254077098920e-01	-1.061816678579695861e+00
nan	1.582641412914213008e-01	1.873129028356374848e+00	-1.011341123025787825e+00
nan	1.303166290981064401e+00	-5.223803056816508361e-01	5.466942965407839417e-01
nan	1.293768380355309056e-02	1.188794040330683588e+00	2.936425768921271384e-01
nan	6.854226746103400103e-01	1.143621668573910899e+00	-4.136941106378939637e-01
nan	-5.428795377139541412e-01	8.716347301375690915e-01	1.694073751901540525e+00
nan	9.781949544524054518e-01	-5.836617916403202821e-01	1.003021584804710375e+00
nan	1.164081649933681684e+00	-1.684436694070910789e+00	7.898953042783408707e-01
nan	-9.403069944000281843e-01	-8.812905034666705939e-01	-1.325625851995652749e+00
nan	-1.661897939466154606e+00	-8.762743040288134555e-02	-7.386354539168058508e-01
nan	-1.756293513124671080e+00	2.117605836175486811e-01	-5.484969325086751502e-01
nan	-1.180590109126097520e+00	-5.533637394310442215e-01	-1.293597484212817950e+00
nan	-1.696927768335994902e+00	-6.579571333411193823e-01	-1.147740009411147177e+00
nan	-2.021824042559362544e-01	-1.151179647765005365e+00	-1.722433752580151411e+00
nan	-9.705447889076267431e-01	-1.069573426321364318e+00	-1.570502826244231542e+00
nan	-1.550748970100912061e+00	-1.323326343177632092e+00	-2.092405027260308081e+00
nan	-3.602600417731766758e+00	-7.395449365117852114e-01	-1.889257981398781761e+00
nan	-4.141244256734903928e-01	-9.971823344630246222e-01	-1.235546705317858596e+00
nan	-1.961570841548447186e+00	-5.745485898817518366e-01	-1.869475915963589308e-01
nan	1.742826352323465500e-01	-5.077921194930021809e-01	-8.321135288450390299e-02
nan	-1.170160334112051448e+00	4.781374465644466776e-01	3.341283795736191831e-01
nan	1.330257263457687023e+00	-1.651810578231553750e+00	-7.373930739342363094e-02
nan	-3.500863130078522012e-01	5.792094900135327240e-01	-1.917980163612686972e-01
nan	-5.754019763468978255e-01	4.062747089475625129e-01	9.681616182234495938e-01
nan	7.898259543979599950e-01	-6.089790834829061916e-01	1.545218399734569426e+00
nan	6.083918289095279208e-01	6.260082297757537662e-01	-3.913242188609596939e-01
nan	-4.650027079387636375e-01	1.454477273847451846e+00	-6.037713825056876260e-01
nan	1.179762993945052463e+00	-8.844770639835560777e-01	4.544899119858681336e-01
nan	-5.596997836048811514e-01	-5.720103900504807104e-01	-1.135682422000974245e+00
nan	-1.376300312457605202e+00	-3.348883987248589267e-01	-1.336437958161412309e+00
nan	3.179822202807326414e-01	5.414874444218409355e-02	-5.427671143775150142e-01
nan	3.349283674498887975e-01	2.856752519312555361e-01	2.942980160992021421e-01
nan	-4.072711364901104303e-01	1.765100709718587790e-01	8.504369871760647515e-01
nan	2.622610533262803578e-01	-2.439570699887673999e-01	-1.638304479479574027e+00
nan	5.394027982646876218e-01	9.379234809983580945e-01	-4.604818519892713291e-01
nan	1.455128181929655484e-01	-8.814320493600007467e-01	-1.961096790251317667e-01
nan	-6.683616769368666555e-01	1.436036820985395202e-01	-2.995771599918989336e-02
nan	2.924548008716086334e-01	-2.194547049575847897e+00	-1.217604383317968525e-01
nan	-1.470783274513116190e+00	-2.557775946251424903e-01	-9.078349494238616701e-01
nan	-2.237680280711750846e+00	-2.021902923184400347e+00	1.517849927447081582e+00
nan	-8.721495147596030062e-01	-1.477702889171432776e+00	-2.601103816007944158e-01
nan	6.814562971856333862e-01	1.094595974947265571e-01	-1.054498351939291645e+00
nan	-4.662947348005476167e-01	5.239216323148102594e-01	-1.405414640413621408e-02
nan	-1.642916949786971670e-01	6.802752375523490880e-02	-5.084597592499988661e-01
nan	-1.709508931964355050e+00	7.362151984712648201e-01	1.174150037098711241e+00
nan	-5.060468616733430069e-01	-1.332174175822661955e+00	8.126281656116229879e-01
nan	-9.680543043044211871e-01	-1.020324865041040141e+00	-1.311767140364511752e-01
nan	1.075531434998605151e+00	-1.286533955859169076e+00	-1.123288434012098991e+00
nan	9.122786868370676983e-01	-6.653676524853074925e-02	-6.768587098243670219e-01
nan	-7.523674640558279947e-01	1.251909869365919470e-01	2.225337329128442843e-01
nan	-1.985248439209809646e-01	1.418875421812790805e-01	-1.051859742901805728e+00
nan	1.850504842180302756e-01	1.113006134720688212e-01	-1.189330629916730775e+00
nan	-5.239626535861454659e-01	5.219406343975937501e-01	-2.660651345944143875e-01
nan	-2.565179573535841806e-01	2.641539318758786004e-01	9.807306018300283590e-01
nan	6.968562379321536771e-01	-6.569410483050592831e-01	1.388018370312608107e+00
nan	-5.857979698523434475e-01	-5.648034634296887901e-01	-1.043927730470483040e+00
nan	2.651568370225048099e-01	-6.143904219392364308e-01	-3.209346658575058076e+00
nan	-2.519369057577610871e+00	-1.085573846461997949e+00	-7.368153549369768074e-01
nan	-2.793480508598401357e+00	-1.989246668138905605e+00	-8.333937206599213443e-01
nan	-1.127524237363715542e+00	3.648059585953411510e-01	-1.199062375272676118e+00
nan	-8.905934574290087502e-01	-7.125980060123652260e-01	9.947230927347494589e-01
nan	-1.291125305728029415e+00	2.273562477276755533e+00	2.524328385816524634e+00
nan	1.969356230611628344e+00	-5.117707322376248147e-01	3.615042030562114483e+00
nan	1.907307537663319952e+00	-6.808230392328036285e-01	6.741586566705134453e-01
nan	2.087402848457619697e+00	6.172990484450022741e-01	1.187096957345984416e+00
nan	5.570326593408359006e-01	-4.600733371522981452e-01	1.336669264318768868e-01
nan	3.642960333072000068e-01	9.975195521147743882e-01	-4.391551813547069916e-01
nan	-8.389546735162745073e-01	2.075908259696629676e-01	1.224220796113053567e+00
nan	5.829766854794620201e-01	-1.000908225277037600e+00	1.672006707319958485e+00
nan	6.878895524554633489e-01	-5.740651671704115333e-02	-1.104269246570183327e+00
nan	-2.415466151062138689e+00	5.898541195669866344e-01	-1.099851983967062019e-01
nan	-4.860224804706339552e-01	-2.756285852470823916e-01	-1.870027937827711151e+00
nan	-1.099467933115723550e+00	-9.495643291518400808e-01	1.075463467669826256e+00
nan	1.284718211759306450e-01	4.418573333091311284e-01	9.443774083265945585e-01
nan	6.149552082212390580e-01	2.399744481419738840e+00	5.579238974501914416e-01
nan	1.783844910926265737e+00	1.704544911121176121e+00	5.565216000572341670e-01
nan	4.753813251081014934e-01	-2.998795988902225318e-02	5.693630444816429881e-01
nan	-1.251350280707130835e+00	3.027588879628966834e-01	-2.282331547509991454e-02
nan	-3.196536819976425470e-01	-5.182701487912008687e-02	2.031597033877073910e-01
nan	-3.129414176237503564e-02	-7.549919057878166917e-02	1.724419369600645791e+00
nan	8.461287503349945727e-02	-1.592365514583351516e+00	1.880878932994002550e+00
nan	-1.377219867663575625e+00	-1.739313928661028741e-01	-7.579247172823232459e-01
nan	8.206628229289510967e-01	-1.030297452460165353e+00	2.837967136980436011e-01
nan	3.296753622162006181e+00	1.189308049690144031e+00	-5.241248915306525591e-01
nan	1.724432651494311575e+00	7.112831784648904199e-01	5.105623376410201031e-01
nan	2.467618174751454951e+00	2.163077442283813490e+00	-1.161749744609506529e-01
nan	3.834539810580150920e-02	3.268982917192819748e-02	8.412097608003910043e-01
nan	-1.627067070781076374e+00	9.330998749268298864e-01	-7.034064540628433004e-01
nan	-1.036876782632031091e+00	1.502447740558254807e-01	1.260511323824195173e+00
nan	3.440572935265268084e-01	-8.973989532680153314e-01	5.325461246438816243e-01
nan	-6.081623925375080342e-01	5.943657683754849375e-03	6.693806281804282055e-01
nan	-7.340827609345258464e-01	-3.533968688035782346e-02	2.045588729826977037e-01
nan	-1.486438494019627132e+00	4.608575055237263962e-01	-2.724658085150405418e-01
nan	1.396899629753819982e-01	-2.472996844133019678e+00	-7.175598286772245649e-01
nan	-1.195588255245643827e+00	-1.236357656053532761e+00	-4.175201690367752461e-01
nan	-3.413564341637397304e-01	-4.925463913199207289e-01	1.984375967622130088e-01
nan	-1.225154305281208611e+00	-3.261326048522408816e-01	1.172546251694170372e-01
nan	-2.691815781250644912e-01	-9.611522110657608753e-01	-7.591709345732222669e-01
nan	-3.079530862991208262e-01	2.940241344599258122e-01	-1.132477691382500762e+00
nan	-3.575452085416444548e-01	-9.953973313767869868e-01	-9.984537387419691878e-01
nan	-1.120819739520581448e+00	-1.294304414258520830e-01	-1.063625230926785292e+00
nan	-6.295781971282815581e-01	-1.915991655879398792e-01	-2.917907939675049356e+00
nan	4.436619439578199930e-01	-2.111256308504375845e+00	-1.149129830576286038e+00
nan	-1.671449074651253142e+00	-4.696597618715652178e-01	-2.614558160246777785e+00
nan	-1.957397368000751925e+00	-1.633900862934023701e+00	-9.599804281215269519e-01
nan	-1.268757611651930128e+00	-3.237918865055764428e+00	-1.929082794727724259e+00
nan	-3.299624476641418891e+00	-1.772673817564549115e+00	-5.856595406270128645e-01
nan	-8.189831742671757064e-01	-2.962052171846304205e+00	-7.743010054296262101e-01
nan	-1.738045725694913113e+00	4.460390365131150503e-01	-2.120372652983386619e+00
nan	-2.106633236297692058e+00	-1.755895161202519761e+00	-4.457231781843169927e+00
nan	-2.226704757833718240e+00	-7.268695706625987185e-01	-2.128211904542371524e+00
nan	-1.385434594374383321e+00	-3.681648577603622297e-01	-1.546741445296077710e+00
nan	3.276369638294831521e-01	1.298157476676366162e+00	-3.165626613994687588e-02
nan	-4.877273306130382458e-01	9.551122046917952524e-01	-5.291261527156978506e-01
nan	-1.031034402019907759e-01	-1.563801594668473571e-01	5.055233806528259821e-01
nan	1.144875823744672338e+00	1.289712929409791320e+00	-2.075766674081227503e+00
nan	1.421527122032532953e+00	6.072831920044962084e-01	-6.045169724944102763e-01
nan	9.113477772746577665e-01	3.755379128790712895e-01	7.342788110637316068e-01
nan	9.108236028163969600e-01	1.113163296745289355e+00	1.089865568531876161e-01
nan	-4.494275634557820531e-01	-7.251725138818981842e-01	1.021540224304836597e-01
nan	4.220414241348391382e-02	-3.956102967880556487e-01	-4.595055855330084094e-01
nan	8.970395741761829633e-01	-6.485616282069874838e-01	-9.658933253383054085e-01
nan	-9.522631905268658103e-01	-6.774325409038591816e-01	-1.278613552249742380e+00
nan	2.668047145205512116e-01	-2.067861862758731406e-01	-3.703710477929535450e-01
nan	-1.718783727477246615e-02	9.330680540008934321e-01	7.878156131016581520e-01
nan	1.486688236134432906e+00	-2.018781696244559054e+00	7.451053704113553833e-01
nan	2.224582415395747415e+00	-5.936578357247807025e-01	-6.068328121419893639e-01
nan	3.234364389017436725e-01	1.356418820498931810e+00	-1.772779990010879547e-01
nan	1.015006013805763718e-02	4.273775627896068130e+00	1.671148041047195276e+00
nan	1.668272848111118867e+00	3.667799959530699816e+00	-1.548095832841771546e-01
nan	2.109501759977515434e+00	1.683608206968400411e+00	1.482738593188044351e+00
nan	1.940827017249861841e+00	2.545090989346468824e+00	1.345866165787857449e+00
nan	2.432015829242883509e+00	1.705985045301314784e+00	1.219862476057268275e+00
nan	1.701191650748925088e+00	2.451134175013626182e-01	4.629076426720316606e-01
nan	6.026327260292466681e-01	1.422437177646728834e+00	-6.440270387253526074e-01
nan	1.135171089065411421e+00	-8.454092852091429355e-01	7.968638802111880359e-01
nan	1.255164826391033106e+00	3.699811176523593592e-01	2.200387506683705308e-01
nan	1.268932527501517971e+00	-9.818846139154402408e-02	-3.257157058805799643e-01
nan	-4.995785440790556087e-01	1.105993489082202297e+00	-5.635541926605710517e-01
nan	9.802446336452308451e-01	1.125389371947351336e+00	4.124903200631566125e-01
nan	2.970380764941697560e+00	1.227599432538964752e+00	-1.993072301139968472e+00
nan	-3.656045595791622693e-01	1.540985019461520444e+00	-6.752763202939966458e-01
nan	-3.928875412184459348e-01	1.111544203550799192e+00	8.009205555284446554e-01
nan	9.770323946385611746e-02	1.210741124394561608e+00	8.882372301723020502e-01
nan	3.687263334755275235e-01	4.251850287320786403e-01	2.501538187039955119e+00
nan	-2.052279318665614083e-01	3.948111673355422235e-01	-2.254426813968504195e-01
nan	-7.375926167845459069e-01	-9.763018933813382150e-01	7.693183251106172627e-01
nan	-6.562002862783328228e-02	6.607500939828129249e-01	-3.478030662567916931e-01
nan	-5.460440469919413120e-01	-9.681609587364280456e-01	3.254562405523818702e-01
nan	-1.133990719275938197e+00	1.574363596541050181e-01	-5.668159878774204907e-01
nan	5.671499214815609591e-01	8.032085473983952006e-01	1.659208470433247484e+00
nan	2.087535487408638257e+00	1.439844103613171278e+00	2.120751282371337032e-01
nan	1.652692708506306563e+00	-3.949731934519307153e-02	8.710706758644273240e-01
nan	3.308530835642534140e-01	7.454193457276416801e-01	2.114210877410165612e-01
nan	6.438669978856321752e-01	-4.268649329500613931e-01	-5.004426562010088064e-01
nan	1.066050004264303963e+00	2.376832426712049973e-04	3.858265897069391159e-01
nan	-2.090341267475704368e-01	-9.446129729405738917e-01	1.992573646074672633e-01
nan	7.870426354233848176e-01	2.963109280549449664e-01	8.654100845491922156e-01
nan	1.130626580510649681e+00	2.677986732410695847e+00	1.138615020050760540e+00
nan	3.231811791441535409e+00	3.491589826518634698e+00	1.342311635881554777e+00
nan	3.294647333594288519e+00	1.008625112879983909e-01	1.018097729926269013e+00
nan	1.946394169346117753e+00	2.173899650757236124e+00	-1.573099704908464069e+00
nan	1.746100197180590730e+00	1.950569631339796661e+00	2.851707115354154554e-01
nan	8.495187951163630791e-01	6.195594991135460194e-01	1.323532861963762741e+00
nan	3.981379292804663184e-01	-6.926182179534231542e-01	-6.385565755042049707e-01
nan	-2.049038859648869781e+00	1.406500320167956453e+00	6.840580556357538367e-01
nan	-1.067753623712122346e+00	6.878521842194501579e-01	9.643853890912704729e-01
nan	-1.699557627124176573e+00	-3.430130898511014603e-01	3.279837399559388800e-01
nan	8.505064569681453079e-02	1.271259462921358052e-01	-3.069902766248744364e-01
nan	-1.991740532893722992e+00	1.248497227917756192e+00	3.218085871341139770e-01
nan	-1.484914214691314793e+00	-3.785217647569772415e-01	-2.754408481299541744e-02
nan	-1.016354415148733814e+00	-2.107601991613045733e+00	-3.315222600776892015e-01
nan	-5.977717477858154327e-01	-4.899331283461649811e-02	-1.548539917941857302e+00
nan	-1.757637708619677497e+00	2.521479395247616218e+00	-2.447364969270735102e+00
nan	-1.571237783731372684e+00	2.773887990897801359e+00	1.329129954087758136e+00
nan	1.331410144609371127e+00	-7.699586739110096945e-01	1.976718005488534491e+00
nan	2.451236731673703151e+00	-3.629574448755227833e-01	-8.909912300570730359e-01
nan	-6.845681179578688713e-01	1.167906179758312568e+00	-9.857936351925620233e-01
nan	3.127068523513548692e-03	1.670936558453135934e+00	-6.874270067993342170e-01
nan	1.114379817549597362e+00	1.437792585558498981e+00	3.177545253146615289e-01
nan	1.087204521257154610e+00	7.519274817935859279e-01	2.681666944922012519e+00
nan	9.873454493782303221e-01	-7.798271025541133605e-01	8.078764532177389324e-01
nan	2.635098692516342211e-01	-1.573712794501244128e+00	1.146941890690305943e+00
nan	2.321917899378232786e+00	3.433995838753939323e-02	6.454108864142306112e-01
nan	1.348046235024454198e+00	-4.288511749433712161e-01	1.440773379134261845e+00
nan	1.056996866987660599e+00	-5.767287080708267677e-01	1.334430092889840491e+00
nan	1.012814206229162295e+00	-4.773566803411383175e-01	1.579436118449886406e+00
nan	1.491069239505171007e+00	-2.046549804055324273e+00	7.658117028414552774e-01
nan	-7.826643840308328270e-02	2.640761220790772690e-01	-6.443859696097592460e-01
nan	-5.571539789726412950e-01	1.253753272314577893e+00	-6.731491538931771990e-01
nan	-2.221907763687638759e+00	-1.709571678885680179e-01	-7.405008141914439790e-01
nan	-1.899252463483843911e+00	1.132748529113035474e+00	1.084254467373675368e+00
nan	4.820254083863384498e-01	-1.118400064188895260e-01	1.003829108395436487e+00
nan	-4.925224236131570121e-02	6.952073233230940952e-01	1.404465173429439773e+00
nan	1.104043119853084898e+00	-3.678440989099065472e-01	2.408749549148376801e+00
nan	6.797881448493583445e-01	-1.116710658665427403e+00	-1.499857905858124063e-01
nan	5.167346497084007728e-01	9.126018074854447271e-01	1.310971374211778562e+00
nan	2.002084299086368091e+00	1.458981535932488027e+00	-3.251202029344749667e-01
nan	1.598430839990601093e+00	4.132187265685620670e-01	1.628119591761483687e+00
nan	3.358886184960164778e-01	1.065063421901968566e+00	1.416260372492191610e+00
nan	1.306945550294954295e+00	8.589379897406781428e-01	1.387402233475025781e+00
nan	1.091004959993873591e+00	1.283079597861328303e+00	2.730933261570598902e-01
nan	1.725931385969936116e+00	1.640973820534692429e+00	4.297817721280028369e-01
nan	6.586166646119923085e-01	1.674955911528492880e+00	1.075571183130298092e+00
nan	1.353975101080439281e+00	2.200979798056426073e-01	7.957962063914284512e-01
nan	-1.755699624977321571e-01	5.536750397910620292e-01	3.908053318418163724e-01
nan	-5.597932933793789978e-01	1.301815714221197462e+00	-1.270204757008457364e+00
nan	4.585195112862319733e-01	6.849754532656514572e-01	-1.695861616606902933e-01
nan	-1.105807238988087970e-02	1.770112731656924732e+00	-2.616801132232519089e-01
nan	2.943720052649922980e-01	1.340103001508681002e+00	1.298073120418824722e+00
nan	1.140580779884736273e+00	3.028640011796556841e+00	7.348719501996111569e-01
nan	5.181482805978454564e-02	5.347235517118302806e-01	1.356677867000634308e+00
nan	-2.671951897721058788e+00	-7.841665400036941236e-01	5.841714587082074139e-01
nan	-5.967106091232556864e-01	-1.484240797102949649e+00	7.259160954582083436e-01
nan	-6.997295524818528678e-01	-1.098634231421208973e+00	5.611549573080625297e-01
nan	1.428335816712589468e+00	-5.239248734908493743e-01	2.277463075613202770e-01
nan	1.117660575701686643e+00	1.076932736186354767e+00	-8.595787090547024611e-01
nan	1.767978977098424664e+00	5.564490039539123911e-01	2.328032027103662749e+00
nan	-5.488585597775541558e-01	-1.001550512532816128e+00	2.062556744911475004e+00
nan	-2.805918847059663546e-01	1.411287955694218166e-01	1.170461069582815483e+00
nan	3.597192796501192946e-01	1.846002391015338029e+00	-1.094907782801515239e+00
nan	-1.394181798364643843e+00	4.085173109865810614e-01	-1.189030420896616480e+00
nan	-1.367411232424143863e-01	-1.196114904619924868e-01	-3.741879881609158631e-01
nan	1.310177227137430345e+00	1.101924161828411242e+00	4.248773617968047978e-01
nan	1.203270516250403377e+00	4.246588819914262070e-01	1.868884873125319590e+00
nan	7.898819525961287003e-01	-3.643876252484113398e-01	6.470010054490967777e-01
nan	7.478932789723855556e-01	1.412749809544030288e+00	5.041641871428100830e-01
nan	1.343600632443863852e+00	8.957455106855556348e-01	1.026702116674287790e+00
nan	2.639802513397308648e+00	-1.867943193611435015e+00	2.067057442013448654e+00
nan	1.011245495867006960e-01	-1.336749440738611572e-01	-1.268814946044458214e+00
nan	1.246744964462275229e+00	6.144622392923086984e-01	-2.574975944424763963e+00
nan	-1.080940642145819197e+00	2.003944067322290579e+00	5.991240578366446856e-01
nan	1.378536551158795920e+00	-3.994788654241138715e-01	1.588549899055160974e+00
nan	1.691806417421204412e+00	8.172566448550203089e-02	2.357204639457728956e-01
nan	1.188779498511217003e+00	6.885389531738607127e-01	-1.897580487589409559e+00
nan	1.098758513630498479e+00	1.193874722543009970e+00	4.561000299050164131e-01
nan	2.281068478912565034e+00	5.750068846500466790e-01	1.360653290660189252e-01
nan	1.979983144774195125e+00	1.659609894760562421e+00	-1.226726203106954127e+00
nan	8.086375574598010374e-01	2.454214918710197590e+00	-5.054067835322082480e-01
nan	1.380071168401041604e+00	-8.045704356847357408e-01	7.590974950314554048e-01
nan	1.412655979264581863e+00	-2.874559421157060757e-02	1.268353791239743789e+00
nan	6.353841502785686490e-01	-2.505729257765074713e-01	-2.177294870543429184e-01
nan	2.530552150586268256e-01	1.679399143886695533e+00	-8.285715382539338147e-01
nan	-7.521276718032015030e-01	1.246418321295825749e+00	3.502773152620015651e-01
nan	9.868409685061388936e-01	1.422486325978452815e+00	-2.479877181888324733e-01
nan	1.247576594708551978e+00	1.860664754837070278e-01	1.550654580059798837e+00
nan	5.892594064371388107e-01	-8.048947922050537773e-01	1.146480976086253101e+00
nan	7.130580326771592814e-01	8.701835986803466705e-01	2.050037946837043323e-01
nan	-4.116930055357148621e-01	-6.926161690722432152e-02	1.044535966833647134e+00
nan	-1.072224285081578854e+00	-1.574734766258203855e+00	5.460562486111293357e-01
nan	-6.604953050318461694e-01	-1.324564774178882409e+00	5.345602847996167029e-02
nan	4.577295597079078515e-01	1.219324590187708113e-01	2.011224053222407937e-01
nan	-4.347385891052809592e-01	-2.624905378118278509e-01	4.394369201710439654e-01
nan	2.182547818032421372e+00	-7.888848988462477951e-01	-1.022346671826838804e+00
nan	9.383050910502696018e-01	-3.922788614828785492e-01	-5.984763008201172685e-01
nan	-5.434388855366247828e-01	1.008639493524200459e+00	-1.769526974287646270e+00
nan	1.869731439293056630e+00	-2.704925132795967246e-01	2.000709861026500891e-01
nan	5.797333707074118214e-01	-1.050163141484859453e-01	3.324987447793295581e-01
nan	-3.689618679677569846e-03	1.112741447318279508e+00	-8.700213261476028581e-01
nan	1.556400363237958162e+00	2.820688577479897874e-01	-1.073217885192414123e+00
nan	-5.179635360190032456e-01	-7.778075939143915818e-01	-7.061375723381293490e-01
nan	4.650482345958444341e-01	-8.402687014915273256e-01	-2.295555843194037604e-01
nan	-9.368028601954896395e-01	-3.904428956118659033e-01	-1.291861112707408443e+00
nan	-8.666101876455779562e-01	-2.315740560210881593e-01	1.586567281951720698e-01
nan	2.472798006149709571e-01	8.721286706556459212e-01	8.803149720685667923e-01
nan	1.964021200069467898e-01	1.028782415630152158e+00	3.641395197992134958e-01
nan	1.403394178707135787e-01	-1.065476054793185190e+00	4.774789637385871144e-01
nan	9.876584317059161622e-01	7.255641747330461300e-01	7.586398947602108755e-01
nan	4.840664676801330057e-01	2.654810751287343673e-01	9.095667070423235634e-02
nan	1.093803127697642985e+00	8.940423417963732078e-01	-6.133550828645735198e-01
nan	1.877305737294542309e+00	-2.339117078963937058e-01	1.090213900815016013e+00
nan	1.986888245190328028e+00	5.430655680690859022e-01	8.572451412658486092e-01
nan	-8.236495198850546373e-02	3.269722776937144526e-01	1.698013737580653659e+00
nan	1.095777313523468521e+00	6.178574313660181172e-01	-7.416064850311612222e-01
nan	1.392155528182265511e+00	-1.003700923289995162e-01	9.998529085519589632e-01
nan	9.978867563409803410e-01	-3.139129862001849292e-02	1.932424811120493802e+00
nan	2.418980913895715235e-01	8.508269051266525995e-01	-1.220084031048880302e+00
nan	-1.534583473012773869e-01	-7.409748503093878114e-01	5.449627697350582778e-02
nan	9.893508516811642117e-01	-1.106500329253927273e+00	-1.707404980563226982e+00
nan	7.619165571536669068e-01	2.762443572111829976e-02	-1.561092421491349080e-01
nan	1.711911460673431806e+00	-5.080626104475977067e-02	-2.971767672229910229e-01
nan	8.612559735616904799e-01	1.736513024965706142e+00	-8.474082050369049490e-01
nan	3.913957763068864892e-01	1.019535328851213229e+00	3.764981947926142047e-01
nan	4.121562869380039351e-01	-2.976974951966283589e-01	-4.111465047733026124e-02
nan	-1.677224526796055937e+00	1.303483806078323592e+00	9.976359440818519664e-01
nan	1.984047839881730724e-01	-1.576468375635345920e+00	2.010654128592396450e+00
nan	-7.544522120696404155e-01	-1.660731972093393294e-01	-2.601026420828666530e-01
nan	1.763364107512775392e-01	-7.427424604720344048e-01	-1.237556050849217965e-01
nan	4.078400677597333046e-01	7.872903991674615187e-02	1.509625017790457768e+00
nan	1.401379505199983888e-01	1.390782594257848226e+00	4.874974450751421440e-01
nan	1.200003732923922595e+00	6.333722172758213809e-01	1.009552144050623212e+00
nan	2.114941159944744964e+00	3.410086026542558102e-02	2.392501182414634719e+00
nan	1.059053456930270087e+00	1.080743010529833015e+00	1.326792978997980210e+00
nan	1.622044300094318325e+00	1.911869659942870614e+00	1.496022627682336292e-02
nan	1.580203599110902024e-01	1.511443747304215268e+00	8.056544154111675571e-01
nan	1.706508278683429136e+00	2.953341748277483081e+00	1.206531202580045647e+00
nan	2.506489434563833996e+00	1.776172001214840757e+00	-2.001568706849286006e-01
nan	2.352689864727777191e+00	5.901630199835034007e-01	1.379358859187775233e+00
nan	1.219210879384266644e+00	1.020945680665487743e+00	-4.864390935851026221e-02
nan	4.327420711089698946e-01	1.257337597425566278e+00	-3.643207263173902088e-01
nan	-1.153295832574902313e+00	-6.723357348581991966e-01	5.304601360207052974e-01
nan	-8.977775429145729014e-02	-1.227820771815003598e-01	-1.811363506211949526e+00
nan	-6.621014131447574558e-01	-9.574848234958790449e-01	-2.187736971013946263e+00
nan	-1.310630080596836722e+00	1.497114945798311059e+00	-1.628232139639610665e+00
nan	-8.574834392573534858e-01	-9.063626550382983815e-01	-1.883344335267861103e-01
nan	1.574999229726860017e-01	-7.049102279297697615e-01	-1.004428037771622817e+00
nan	-1.394755776410888215e+00	1.487288851691197511e+00	3.584287186822504578e-01
nan	-5.242916919947898657e-02	3.320283035595274490e-01	1.426574013298345545e+00
nan	-7.631182622221703848e-01	3.498299317236073236e-01	9.457632546858378841e-01
nan	1.493697745408693933e+00	5.499014112031540558e-01	-1.338826551522441344e+00
nan	1.059581810560857873e+00	1.907319648727145989e-03	7.461282413438778960e-01
nan	-1.699509386926353338e-01	1.362189785642462070e+00	1.378181807457044661e+00
nan	-1.565130464897644735e+00	1.935275544119210656e+00	7.024686729044252731e-01
nan	-1.219734485116472866e+00	1.413737752407178971e-01	6.139858293709310466e-01
nan	-1.247271931531911626e+00	-1.585365177346084453e-01	-7.332736746603210065e-01
nan	-1.557520009019036644e-01	1.242208967839863454e-01	-5.284960023954372588e-01
nan	1.359626443130929063e-01	2.077380423781374663e+00	1.301983826416100776e+00
nan	1.354658432010271474e+00	1.054202201469567335e+00	1.296808980993693794e+00
nan	7.577643278762176138e-01	6.947750144983327880e-01	-2.754613134492729376e-01
nan	-4.065308230065898254e-01	-4.783536017099977444e-01	6.519126976518710981e-01
nan	-5.252588603467746031e-01	-2.044436081482891687e+00	-1.490186665679904987e+00
nan	7.785343685198193864e-01	-6.593263833145006636e-01	-6.660080377479358216e-01
nan	5.670664892509582611e-01	1.355760824127997699e+00	-8.804855503766126912e-01
nan	1.010833468625557341e+00	-1.053563741344631044e+00	2.527289143578865804e-01
nan	1.468705060703486276e-01	1.502658000448060804e-01	6.540685261373864190e-01
nan	4.413316789347223046e-01	-4.015598713181497414e-01	-2.077475443576298764e-01
nan	9.804122248243593574e-02	1.170575252432926927e+00	7.631668258271655514e-01
nan	1.086876169752429622e+00	8.107074597685668405e-01	4.125588947068670187e-01
nan	1.554947672463382613e+00	1.403735625021193201e+00	3.714908310222316268e-01
nan	1.140285022756828637e+00	1.249192565400875532e+00	1.125715830807261009e+00
nan	1.863015321737431673e+00	5.061234777669404439e-01	1.209244580819345272e-01
nan	-2.735065186299538986e-01	1.279458897873924972e+00	4.907344642949171831e-01
nan	4.958489249379066655e-02	5.819453887063089637e-01	1.171038795754877349e+00
nan	-4.122484242180320946e-01	-1.075245155811973996e+00	-7.038098387670860268e-01
nan	2.182443850550607189e-01	-4.956764078539935836e-01	5.772990858014248605e-02
nan	-4.571338455440009801e-02	-7.169116566064673846e-01	2.845294826501976182e-01
nan	-1.295443031676990486e+00	-1.736800918663268245e+00	1.455808479997198479e-01
nan	-1.734883371889127002e+00	-5.790374279909469291e-01	-1.266679510206918824e+00
nan	-1.646473642819552552e-01	-9.156569196495445428e-02	2.346398662128522439e+00
nan	-4.024138280375458843e-01	-4.136723989580098904e-01	2.228069613127474202e+00
nan	1.306379088846968406e+00	1.370226497249511288e+00	2.496547447611497272e+00
nan	-6.702743282597234398e-02	1.935979052503449260e-01	1.693772130403680354e+00
nan	9.685776449476353189e-01	-1.599504225877201646e+00	8.644671184241965456e-01
nan	3.028668404121195312e-01	-6.913421792815368505e-01	1.412889375538216585e+00
nan	3.436397129321415167e-01	2.244196748284384757e+00	-7.871998275605628370e-01
nan	1.602608404969474654e+00	1.417925280593855586e+00	8.525398157844217284e-01
nan	1.921040172693797565e+00	-8.374927852493055935e-01	-2.464881180996930654e-01
nan	-2.065284880006326595e+00	1.832626294800632660e+00	-1.521889443424758737e+00
nan	1.683339368362981592e+00	6.880148732782696008e-01	-4.983633396993636389e-01
nan	1.490998119579985293e+00	1.234955620804614185e+00	6.478252481316771894e-01
nan	1.287635408915261737e+00	2.126747228506293830e+00	2.917342531160944108e-01
nan	3.057783379761755960e-01	-1.658305861961290484e+00	3.188055516874335749e-01
nan	7.770680941757968085e-02	-2.130742962016820119e+00	-4.086566636535627906e-01
nan	1.902903715147450381e-01	-2.160522345013047740e+00	-9.310074793584924846e-01
nan	-1.596911406282727874e+00	-1.481766749470097455e+00	4.963096093304337764e-01
nan	-2.659120215157172673e+00	-1.855794754805996094e+00	-1.354018515755502472e+00
nan	-1.765131019570570503e+00	-1.915922984345661551e+00	-2.097188882704818180e+00
nan	-2.282390403597988282e+00	-1.894360145915534810e+00	-1.120322687324371458e+00
nan	2.831723892915765095e-01	-2.440209444770218283e+00	-9.299324955819542327e-01
nan	1.130534766589899931e+00	1.621111408474708915e+00	-1.198065203805261714e+00
nan	-4.889397724088943575e-01	-1.186016386902982278e+00	-6.513523415994141308e-01
nan	-1.681065949447281938e+00	1.585138892759454521e-01	-4.668831340571888977e-01
nan	-9.426628320798777771e-01	-2.406040318247440801e+00	6.592034967255849809e-02
nan	-3.242632890839869386e-02	-1.819723746007046561e+00	-6.104766370477459070e-01
nan	9.646653529070792210e-01	1.026647542434299343e+00	-1.007849387369376792e+00
nan	4.696453294015747737e-01	1.441425805931382254e+00	-2.696723842569119345e+00
nan	9.309419384231538697e-01	3.697448438140379379e-01	6.567394035349571890e-01
nan	3.101069769920801744e-01	1.054211559771617068e+00	4.361225258997593057e-01
nan	-5.596064304808870959e-01	2.919788139351899847e-01	3.727760309280473972e-01
nan	1.154195448299707882e+00	-7.661468981488360475e-02	1.713968960118853913e+00
nan	1.122145261517954573e+00	-2.199515802082049887e-01	9.915809687009189410e-01
nan	-1.071394078281389106e+00	-3.958476718241937808e-02	-8.979778706566893254e-02
nan	-2.709484122711758314e-01	1.562830471990943049e-01	1.380425441156643007e-01
nan	-1.327418623087455840e+00	-8.213316471910625527e-01	-7.325470891652106076e-01
nan	-3.139689657393862632e+00	-4.349057131368231355e-01	-1.800606221822419695e+00
nan	-1.621667614583542916e+00	-2.208244144919268237e+00	-1.757479530851258964e+00
nan	-8.851374780520402386e-01	7.522809259918061819e-02	-2.297333410953622757e+00
nan	-1.639058729641245105e+00	-8.705523644686549711e-02	9.616040169490203127e-02
nan	1.098976012398469759e+00	8.131566440236770443e-01	2.138118758561239119e+00
nan	1.862223646712599656e+00	9.628736350974073099e-01	8.371796317373931817e-01
nan	1.755225424020670388e+00	2.078080300301487604e+00	1.217293509080286107e-02
nan	9.509330595392094798e-01	2.781795563330049070e+00	2.084826125724957180e+00
nan	9.795118781467245794e-01	4.350125124545655142e-01	1.497882009032141193e+00
nan	4.778471684376147111e-01	8.297481006080662524e-01	5.492560095084866312e-01
nan	1.622080026712842127e+00	2.617354223877208952e+00	1.079441301385906105e+00
nan	1.301402811058651743e+00	2.051897653648131037e+00	1.062185390039680932e+00
nan	6.542980332969144941e-01	9.974116215885122649e-01	1.054623644750100508e+00
nan	4.930717971660800725e-01	-6.641909366401655967e-01	6.955012806348876975e-01
nan	-8.670707770183364582e-01	-9.253453974746156385e-01	-8.844284493152156923e-01
nan	-1.340926420925359963e+00	-1.890024806563500359e+00	-9.518614487803991331e-01
nan	-1.440940660221755154e+00	-1.718764778334670229e+00	-1.346125151090913352e+00
nan	-1.595325815034384531e+00	-3.542165625186430855e+00	-3.457605559404812290e+00
nan	-1.401661359438880705e+00	-2.620232220178979610e+00	1.936593845798735281e-01
nan	-1.162679869788008080e+00	-1.802113235525789392e+00	-1.064143088238854062e+00
nan	-1.368510854459381365e+00	-9.793386892197835092e-01	-5.974814931245624461e-01
nan	1.945601857219298347e+00	-1.388090232186915962e+00	-2.116394911568386217e+00
nan	2.136961471211907271e-01	-4.010386061255700740e-01	-6.646203606870138003e-01
nan	3.983878873626256478e-01	8.591749142317142152e-01	1.194236221867903014e+00
nan	6.126873321973713704e-01	1.425232077923381357e+00	2.023176606922446052e-01
nan	2.315518763060025798e+00	-1.834889435537069291e-01	4.287751489132992644e-01
nan	2.233938434119602690e+00	3.577347545426194930e-01	2.797718509633793649e-01
nan	1.445402522878216356e-01	2.087905234934798848e+00	-1.212247379828341298e+00
nan	1.546840682342500939e+00	1.137515843352766565e-01	-6.131551269261517056e-01
nan	1.128547386371730354e+00	7.576153489668426833e-01	1.265333965517358161e-01
nan	1.174396147914592792e+00	1.224118226898085027e+00	4.785716760041980877e-01
nan	2.778518359946780425e+00	1.458648716897548381e+00	-4.125023900272949406e-01
nan	2.869689211917404670e+00	2.716466838432548769e+00	1.290494963894751379e+00
nan	2.574709679783166116e+00	2.688379013319699862e+00	3.266743439298464002e-01
nan	3.285699040898761414e+00	6.814745727833706468e-01	8.010045080260342898e-01
nan	1.199533973279930166e+00	2.098641161193802507e+00	1.275252961622736159e+00
nan	2.103264743346284771e-01	1.246965754301516016e+00	6.098153301613753463e-01
nan	3.731655804628722928e-01	-9.363485516385938734e-01	4.078734369918570746e-01
nan	-1.260830249214268672e+00	-1.461030089716375713e+00	1.570928727482852727e+00
nan	-8.094200336443364563e-01	-8.426088069386705737e-01	1.047210716604386027e+00
nan	4.764136714447074761e-01	-8.270958849675102975e-03	-1.375642826425249599e+00
nan	-1.169272128811321698e+00	4.134059176140003622e-01	5.582048637003367286e-01
nan	-1.289651154418470336e+00	6.721733426348693863e-01	7.117964503900147122e-01
nan	1.263651142557925544e+00	-9.581248685529923925e-01	1.216489786439070464e+00
nan	-7.316562073274790468e-02	1.575036003039295585e+00	4.001166543684599453e-01
nan	1.098670920052958522e+00	7.450965183220709109e-01	5.213104152671754754e-02
nan	-3.444387051941173450e-01	-3.850319105188598767e-01	4.352153376859330125e-01
nan	7.404403103664372043e-01	3.883443773165259350e-01	7.881356689198941723e-01
nan	-9.639158733932506884e-01	-3.839582398764234683e-01	-8.884315785178581448e-01
nan	-1.764799260616009668e+00	-2.032273053562104081e+00	-4.552909337741045670e-02
nan	-3.813940825339541263e-01	-9.092174851251031420e-01	1.139459880158962823e-01
nan	-2.095950780319700613e+00	-3.122079830489260521e-02	-4.179106225254439755e-01
nan	-2.518968350916319654e-01	6.018327501145084302e-01	-1.112798182937539071e+00
nan	4.582498688373274898e-01	-1.379400728146539024e+00	-6.507330208457577925e-01
nan	1.059351414375306666e+00	-2.446629821478961408e-01	-1.204267830690741725e+00
nan	1.649786454315292916e-01	-2.672737816050149151e-01	4.294416639190403173e-01
nan	1.054877026551669650e-01	6.945849261207555081e-01	-7.668872974570843937e-01
nan	-1.124641269211804184e+00	-1.226704784489330846e+00	-4.053042217659881541e-02
nan	-2.527753928959083907e-01	-1.773996916299898086e+00	-2.635519440929952495e+00
nan	-7.554148670630888018e-01	-5.019069002637669419e-01	-1.706894561316479653e+00
nan	-1.746709720029862689e+00	-2.043653100739664663e-01	-1.624876355875908285e+00
nan	-9.356337095839626361e-01	-2.409586207763051657e+00	-2.951024428388382859e+00
nan	-1.347948277552122764e+00	-2.320596395736506112e-01	-1.060520201689349129e+00
nan	-1.046600685457110824e+00	8.921029590802249665e-01	1.096025106015893424e+00
nan	8.270003357536621635e-01	2.620295199466834646e+00	2.029551712241335792e+00
nan	1.216670114281245052e+00	-3.527711501624402057e-01	3.169627678637122692e+00
nan	1.779384302555078623e+00	-1.078672889962521086e+00	1.529730061307876365e+00
nan	-3.186444391470171222e-01	-6.445999757793174911e-01	2.349552798880977234e-02
nan	-1.768472728012039585e+00	-4.009097457019392130e-01	-2.172006684509233954e-01
nan	-1.253020137085315344e+00	-1.509450546300318496e+00	2.273712961554022471e-02
nan	-1.571160384026197621e+00	-3.970633700221737339e-02	-6.643331203555006281e-01
nan	-2.859944603093347748e+00	6.834104219926037116e-01	-7.390215143560662225e-01
nan	4.152304658262514492e-01	1.119828864264051482e+00	-1.130371528179040741e+00
nan	1.103239967324550097e+00	-6.229644448001707691e-01	4.233625153865340218e-01
nan	5.383449234825716800e-01	-7.652880501221590581e-01	-1.184865034018381058e+00
nan	1.334065394770274082e-01	-1.955093840922762505e-01	2.388828233627336983e-01
nan	5.348446921327281167e-01	-2.881452470956354261e+00	9.681654410812124967e-01
nan	1.674015446292349552e-01	1.136215422548845444e+00	3.491606462245925302e-01
nan	1.124476800499048190e+00	1.381208871444933095e+00	1.606805234861765630e+00
nan	2.056557990270356573e+00	8.883897515353333940e-01	3.084668721423109883e+00
nan	1.643899351430007316e+00	6.618606530861005366e-01	1.563469650864492744e+00
nan	1.441671802219643972e+00	8.709206737790866626e-01	-1.671531362423106293e+00
nan	7.556411677833643203e-01	2.300902064184984219e-03	6.124809968583870834e-01
nan	3.247872728602345216e+00	1.033597784441587231e-01	-7.157727050413063008e-01
nan	6.669744760892631907e-01	1.080805271301905401e+00	9.972990992166156365e-01
nan	2.470618079052854910e+00	2.268603741633650195e-01	-1.919211164038073791e-01
nan	8.061936499851038995e-01	8.775018567619269350e-01	-1.487920822471261229e+00
nan	6.176282589468616857e-01	-9.596008436276324272e-01	-6.535961676366676132e-01
nan	8.946941964409076409e-01	-8.697016175240506186e-01	-5.759456353779279780e-01
nan	4.091609167105474398e-01	7.055997932193649458e-01	-4.486177174771456833e-01
nan	-7.852078444835469684e-02	6.877114734423751541e-01	-1.025008453209087289e+00
nan	-2.099853939527864366e+00	-1.585640794703224277e+00	-2.547827760134611097e-01
nan	-2.551456595955516882e-01	-1.753460190650369288e+00	-1.956552567598158543e+00
nan	1.650492438407069606e-01	-1.927112978643378050e+00	-7.277156556221233696e-01
nan	6.071695341425854542e-01	-3.699595044388907183e+00	-4.469031106722613500e-01
nan	-5.733483850935812143e-01	2.351699420942561236e-01	-2.827955509822355218e-02
nan	-5.557408122806608564e-01	-1.451592675358791773e+00	2.495436266099244071e-01
nan	9.582735670338182743e-03	2.131739147133627776e-01	9.667797171184658866e-01
nan	-1.249804867367661831e+00	-9.023466766115285642e-01	1.758699635071466316e+00
nan	-1.681769207985990056e+00	-2.560287680941059629e-01	5.316567735122237348e-01
nan	-9.688954793493947948e-02	-8.902692505855321903e-01	4.101941783804522457e-01
nan	3.757850278677153932e-01	5.597902666137675176e-01	3.495110472327892515e-01
nan	1.049166010547752936e-01	2.089456311013685230e+00	2.206670107375398593e-01
nan	1.611797844610868502e+00	8.981428072297361620e-01	4.403573409016525719e-02
nan	-8.060992482580816576e-01	2.285690454042919040e-01	-1.006766004798000047e+00
nan	-2.103063768965830693e+00	-3.494983945075598730e-01	5.986217704545356844e-01
nan	-1.825941971650396844e+00	-8.516720016439833785e-01	-8.376549429022227544e-01
nan	-7.018948203793319296e-01	-1.186182774490442293e+00	8.009585919327474324e-01
nan	-4.620437879916372559e-01	-4.241242742839744784e-01	7.538116779533379219e-01
nan	1.343461955892117643e-01	-7.348920680990211896e-02	8.455537726770310236e-01
nan	3.271916253275675701e-01	1.441637072807797182e+00	1.299111401509021935e+00
nan	3.795538908711886261e-01	-1.477192590353031854e+00	7.763639228047299889e-01
nan	-1.589974133450790195e+00	-1.080285523443135443e+00	1.560402758154562641e-01
nan	-3.686560294327561604e-01	-8.289553809720581201e-01	-3.810578567440644493e-01
nan	-1.890888051515598134e+00	3.766211152185885980e-01	1.432351806602516486e-02
nan	1.735051063400193883e+00	-1.015707331083046117e-01	1.191035592382052144e+00
nan	2.140409024066336041e+00	1.671988348623413945e+00	6.526733905629705790e-02
nan	4.521121714362570376e-01	1.609125210257539296e-01	-1.701178516411743225e-01
nan	1.074184561972862939e+00	-2.254404512233448621e+00	-1.238667018318964086e+00
nan	-8.121400945356922474e-01	-2.174133787745428315e+00	-1.815287139019490681e+00
nan	-3.611443040047315201e-01	-1.370082271121601192e+00	-1.257269686282651788e+00
nan	-5.147723430239192766e-01	2.117065701643790376e+00	-3.067715146607444265e-01
nan	3.237986232781119300e-01	7.411324724871327652e-01	1.244032211513844910e+00
nan	1.967833350853553487e+00	-8.792910932230162402e-01	-4.631947641727759413e-01
nan	-1.350359171987240980e+00	7.292366472890969842e-01	-5.920283936042257666e-01
nan	-1.064053331125573765e+00	4.760876600644505796e-01	-4.848051751390538011e-01
nan	-2.217299261892566875e+00	-1.625569994734274992e-01	1.363515540836822693e-01
nan	-8.892086109528591908e-01	8.594739262193835660e-01	-9.237776560767079204e-01
nan	1.383482563459814130e-01	-1.555868137155147712e+00	4.101482678705281604e-01
nan	-7.340854444243154475e-01	-1.507129464798379503e+00	-1.430125924671724336e-01
nan	7.092931078048149152e-01	-7.760781517312167477e-01	-1.250288773714441248e+00
nan	6.399936550995763973e-01	1.641175131015769839e+00	-1.002615289716430880e+00
nan	-1.678198517061225470e+00	1.293141848788570414e-01	-2.808459587540790281e-01
nan	-1.230869592731926421e+00	1.215085120434775012e+00	-2.735335675672880829e-01
nan	-7.441022621295111383e-01	-2.875846367477153387e-01	-1.373032988636695984e-01
nan	1.434026458569548357e-01	-6.970894325235511557e-01	-1.083675505979219800e+00
nan	-1.124988383559759164e+00	-1.194772998265138275e+00	-1.330547094317567236e+00
nan	-2.279407087009651445e+00	-1.864272409397588204e-01	-1.633549858929359777e+00
nan	-1.867045128903675799e+00	-7.647650188604302457e-01	4.635099350863239875e-01
nan	6.413836389054455855e-01	1.529121567237897716e-01	1.972279637751178649e-01
nan	1.221677438955035833e-01	-1.296668450602799449e+00	8.365004611024862147e-01
nan	2.909004635296421615e-01	1.522800693981055886e+00	-2.374510043758053524e-01
nan	4.266595241783752712e-01	6.666418115915546672e-01	-4.608941596223954940e-01
nan	1.336142765250011577e-01	1.004860866272829778e+00	7.173082362619911390e-01
nan	2.795808152684431391e-02	5.408741063458771814e-02	2.142309459830876173e-01
nan	3.328620073732091456e-01	1.028585731030937866e+00	-1.462499005457460033e+00
nan	1.389886130777637563e+00	1.577344645735668793e+00	1.336877222405059129e+00
nan	1.667229712088082350e+00	2.523202988675858904e-01	1.031422383449385638e+00
nan	1.086255088164948202e+00	1.529323050180436461e+00	5.180279206300830719e-02
nan	-6.773689377998198813e-01	7.281517445709018155e-02	7.465876439000926901e-01
nan	-2.865826623743440993e-01	-2.304118160485188138e+00	1.991462390567372731e+00
nan	-2.427342592708868096e+00	-4.858510674672006369e-01	-1.980259698570860039e+00
nan	-1.919976287142530769e+00	-1.240261306988714729e+00	-1.401054760530213938e+00
nan	-2.643238512354531444e+00	-1.739552888051501212e+00	-2.908578390690769844e+00
nan	-2.315473020143693716e+00	-2.150126935826126573e-01	-1.491248205053306020e-01
nan	2.195238830065761038e-01	5.725981251876104405e-01	1.541988174254025346e+00
nan	4.232147797014919610e-01	1.385985384290860933e+00	-2.272366049434504376e-01
nan	8.891555368310080087e-01	1.198372930953688353e+00	1.202302649068751617e+00
nan	1.389161252662918677e+00	-1.525735569112791179e+00	1.061710915477762640e+00
nan	5.454144116920756069e-01	-3.348652026890093225e+00	-3.044352851572867946e-01
nan	-2.762529901768802088e-01	-1.768782069026828552e+00	-1.018841750609206009e+00
nan	5.891020677053835364e-01	-7.475946097894299314e-01	-1.486850348485946993e+00
nan	1.697465779710214173e+00	-9.967799638906407189e-01	4.079988598218573514e-01
nan	2.300589948377084193e-01	-1.247485780877689576e-01	-1.294778821813220571e-01
nan	-9.713253034228194194e-01	-1.189163124634769197e-01	-4.980577645897030226e-01
nan	-1.796086238529982060e+00	-2.803037452069799262e-01	5.154404680405836325e-01
nan	1.892998341603722157e-01	-1.339940040896584694e+00	1.208533168924014856e+00
nan	1.878779124847680115e-01	1.951552441076567890e+00	1.472505417845992204e+00
nan	1.943100963612653942e-01	5.839230404281510189e-01	1.151559331474307335e+00
nan	1.469499394104920142e+00	5.629007275367791108e-01	1.415893610278154746e+00
nan	7.877663045576397405e-01	1.038638778655108119e+00	1.543659646826827103e+00
nan	2.313505219967243232e+00	6.071419762173768664e-02	1.626119630189740262e+00
nan	5.932475989952855633e-01	-9.501710038216892862e-02	-6.451523494981157292e-01
nan	1.198098262490845611e+00	-9.536935480155407374e-01	5.465893647193237337e-01
nan	-5.274812880457880881e-01	-1.524568269290829114e+00	1.532231323931807276e+00
nan	5.072586878384758302e-01	-1.734712260249407167e+00	-2.102669086622609707e-01
nan	-9.342789594132516751e-01	-3.060674340067959243e-03	-3.163126494347455187e-01
nan	3.364805643843853389e-01	9.069353948537497434e-01	2.966383277762533743e-01
nan	4.617771527351335337e-01	1.110741074014156560e+00	-1.793139816900329309e-01
nan	-5.688676179786397169e-01	5.332530212122532642e-01	1.880942948458018127e-01
nan	1.795955035523253696e-01	1.370067100389999182e-01	-1.002997857436903839e+00
nan	-1.877774146286326440e+00	3.678235155296147307e-01	-3.237989954543146753e-01
nan	-7.355368123478757125e-01	-1.675064022466749236e+00	1.236338068417837999e+00
nan	-2.749112275754999057e-01	-2.442568041254441491e-01	-6.899872730837414148e-01
nan	-2.131100481026378279e+00	1.575195687328442729e+00	-4.931174296863466422e-01
nan	5.586771328119888302e-01	1.228163675451838799e+00	8.429188684858586189e-01
nan	6.783795631413391813e-01	7.576071713021519383e-01	4.379682702100863301e-01
nan	3.459439314231469442e-01	3.408136190217481709e-01	1.204985883287026383e+00
nan	2.565318448985431488e+00	1.334330467985913149e+00	-4.069739585901344103e-03
nan	2.117206744006348451e+00	-6.025810967791478401e-01	2.600341755117544285e+00
nan	-2.081559372171628564e-01	-1.357312536441197759e+00	1.160238579472822051e-01
nan	-1.463704033558335338e+00	5.744453560827300631e-02	-2.062587812760684702e+00
nan	-3.200236218645704511e-01	2.023739549773554192e+00	-1.820114033373725126e+00
nan	7.495172911058323173e-02	1.536021384444093307e+00	-2.211986235393594569e-01
nan	7.095289053388220690e-01	2.631056896984860782e-01	-1.145724784967795951e-01
nan	5.542151059225917109e-01	9.881219503256035708e-01	1.553886527994351452e+00
nan	2.683219130342087588e+00	1.861229777682692266e+00	5.845776300235585587e-01
nan	2.127027005048082398e+00	-4.759471636717207410e-01	1.463521943848422158e+00
nan	5.266985450823609138e-01	4.518578001168044311e-01	8.253480457734412301e-01
nan	-2.097706537738419641e-02	2.559510340950005070e+00	1.240584367779576258e+00
nan	4.445238542828409134e-01	-5.434843472955819266e-01	1.569966117140059403e+00
nan	3.045570457918891361e+00	1.221249384361153822e+00	1.028069332755408682e+00
nan	1.479602363231079520e+00	2.293047047341010281e+00	2.812542385021650659e+00
nan	5.091251907091665085e-01	1.461463247563439705e+00	2.449776720029925858e+00
nan	3.126073545234910434e+00	1.198899908193477470e+00	1.379551493778966353e+00
nan	1.433251445098335353e+00	3.862403684577875307e+00	1.859447831782196525e+00
nan	1.219429535823621791e+00	5.618682141789654860e-01	2.485991302034268990e+00
nan	1.308578239983097635e+00	1.828296525145812534e+00	-3.153933891791242949e-01
nan	1.187253617244843351e+00	-7.348031316761527432e-02	-3.787577100291888987e-02
nan	-4.970410141178516206e-02	1.186625955823233713e+00	1.766993011146883452e-01
nan	-3.659010839405926196e-01	2.503008640179099631e-01	2.076594724559951421e-01
nan	-1.888115863408434736e+00	-5.738109535638605818e-01	1.112519582041391120e+00
nan	-4.637840770321390860e-01	-1.104297173978669555e+00	1.458422706070879038e-01
nan	-1.594504480930490020e+00	-1.284581974687086348e+00	7.040972953379465160e-03
nan	-1.957466767498600824e+00	-5.013487960940845589e-01	5.009943099209280826e-01
nan	-1.199427605668348384e-01	-1.294575342619950664e+00	7.066651630335031298e-01
nan	-9.361628595193925984e-01	-5.416750380920365426e-01	-1.131624335763792288e-02
nan	-1.238571751524618625e+00	-8.400149325442460846e-01	2.869775692482604001e-02
nan	-1.017793397096435903e+00	-1.719473245793636362e+00	-1.526531006379829858e-01
nan	-9.739557968665040200e-01	-2.362668105449514666e-01	-2.039395448198482619e+00
nan	-5.187892120486180536e-01	1.134729253310057473e+00	-3.606449771327547849e-01
nan	-1.457233085516938420e+00	-1.136733036330508595e+00	-8.403380698832481066e-01
nan	-2.415758947150316027e-01	-1.455638385282696845e+00	9.224272512776910959e-01
nan	-6.617688916283889222e-01	6.712034390944411344e-01	-8.823044595389109013e-01
nan	-2.205466682632021502e+00	-4.671708938260604738e-01	-4.250325045784825173e-01
nan	-2.977605595370794944e+00	-1.440587428593275154e-01	1.628887464705925936e-01
nan	-3.004591701980489304e+00	-1.259808942858551717e+00	9.244637162409982123e-01
nan	-1.433876234474259270e+00	-1.392689406825736942e+00	-8.141719607587627472e-01
nan	-3.805817811076207313e+00	-2.530235429728059593e+00	-1.173045328062884529e+00
nan	-3.145838834007359530e+00	-2.018654826986026940e+00	5.713320325961019908e-01
nan	-2.384828924490674851e+00	-3.216751438190983414e-01	-1.194089915106096855e+00
nan	2.132895002811485696e-02	-2.052810403515266113e+00	-2.882705175686460786e-01
nan	-1.549768642518575934e+00	-1.997425633595430572e+00	3.021741262088674107e-01
nan	-4.905200789523964100e-01	-8.117993287134233071e-01	-7.672910671440289487e-01
nan	-3.572232162537001265e-01	-4.329217900617317039e-01	-2.087234329471594485e-01
nan	-5.768586763259828665e-01	-4.992629164388820984e-01	-1.404654530013241365e+00
nan	-1.126039602812293872e+00	-3.055256910686103278e-01	-8.594351107017086377e-01
nan	-1.377786176134531582e+00	-1.735609137353572029e-01	-4.498984952472981358e-01
nan	-1.783649267664295657e-01	-5.033147731587827023e-01	-1.781222995529353481e+00
nan	-1.190826824776562765e+00	-1.331458477986269706e+00	-1.055048237727047589e+00
nan	-9.602966131992588528e-01	-5.210312178933453886e-01	-1.009052159171760943e+00
nan	7.077750846587264055e-01	7.674482783710362410e-02	4.299933395348798926e-01
nan	9.500389918535681044e-01	8.183911205745193485e-01	4.418904373023226917e-01
nan	2.810819842981070238e+00	-1.196476129540142708e+00	5.105108968104290490e-01
nan	-7.378206803523572610e-01	-1.135748223074917185e-01	-4.464630296374146878e-01
nan	-2.644210641174491006e+00	-1.102911186492489870e+00	7.921609981874843109e-01
nan	7.047146197459502881e-01	-9.871102760897906281e-01	-4.737740167283336357e-01
nan	1.128517176590676740e+00	6.085282714326654130e-01	6.477116700830197749e-01
nan	1.380733393431936129e+00	8.098784658151524374e-01	-1.344590284619516796e+00
nan	1.812278264565852837e+00	-2.117464473882164633e+00	2.515490329649234802e-01
nan	-4.950262976102884904e-01	8.103472622724241514e-01	5.788962129196247863e-01
nan	1.804020736912200329e+00	1.767563725112459849e-01	1.389397192552067173e+00
nan	3.503029742900498178e+00	-1.050563816622270830e-01	1.124883591625234658e+00
nan	2.223007745842546790e+00	3.177893484849476646e-01	5.792883011190965714e-01
nan	-1.684010353772275037e-01	1.659838360372733135e+00	1.611137658084728086e+00
nan	1.096819232087781426e+00	1.258076708559460188e-01	1.886302261774090550e+00
nan	1.098498765240106367e+00	1.305350698230564488e+00	5.070119626177918004e-01
nan	6.527200428303229218e-01	3.587443122407228957e-01	1.283714656553761824e+00
nan	-5.363006485285011227e-01	4.755629196720607132e-01	5.334686866612097234e-01
nan	1.191301546613951379e+00	-5.445039495295714849e-01	2.538416991178747306e+00
nan	8.629083422678969217e-01	-2.886541791173250493e-01	9.921678449874353767e-01
nan	9.551532403986586761e-01	-5.281695546587906742e-01	1.081691335283584188e+00
nan	1.320911235989300492e+00	-8.006152121460412552e-01	-1.408605549527362388e+00
nan	-1.654893043778336903e+00	-1.605019975073994187e+00	-1.130713239884425736e+00
nan	-3.160577260995395044e+00	-1.275385331386462262e+00	9.582874092585337289e-01
nan	-8.349742065371419386e-01	-1.793345336157252223e+00	1.571298973549545508e+00
nan	-5.808123304821031230e-01	-6.952506266556038872e-01	-1.069970563413463971e+00
nan	-3.612648131380574168e-01	2.556386458150383678e-01	-1.392050523005565754e+00
nan	-1.802728386665417126e+00	-6.886910794226916988e-01	-4.244871057225770850e-01
nan	-1.103084820877065608e+00	2.117590892833637328e-01	1.251574548137323606e-01
nan	-1.181388079414926073e+00	-1.188973952652979893e+00	-2.414236226498933102e-01
nan	-1.195518416892853653e+00	-6.108337469433425815e-01	3.692996576379664053e-01
nan	-2.296604518748013302e-02	1.882165017323189637e-03	-2.042995593411628619e+00
nan	1.062564733836151909e+00	-4.425030135626911165e-01	-1.400296392321518368e+00
nan	-6.715847654936021871e-02	-2.807581802669173454e-01	6.517826283689385214e-01
nan	-1.337909288573314370e+00	-7.374336901944649192e-01	7.403324260683210589e-01
nan	-7.944783414470548699e-01	-1.812757377620491495e+00	-1.705869073242137546e+00
nan	-2.686802601077200592e+00	-1.868236388538033754e+00	-1.633686706866001259e+00
nan	-3.442805483536229616e+00	-5.684765934587241443e-01	-7.449159892203772726e-01
nan	-3.524399322585480832e-01	-1.673479133536382335e+00	-5.007296268773460124e-01
nan	-1.049526272691168494e+00	-2.469611351187890769e+00	1.209699681952655093e-01
nan	-7.679041218183599860e-01	-8.190193853547831360e-01	4.400812253794579298e-01
nan	1.962051834410228901e+00	2.786193303418523226e-01	-2.966650693672076011e-01
nan	6.252190189816981825e-01	1.568029358782885296e-01	-1.784228849842212528e+00
nan	1.432120425977696287e+00	-1.035434476840340290e+00	-2.455906163054886626e+00
nan	-3.850101328551169821e-01	1.267071135420919370e-01	-6.087235096824045177e-01
nan	6.613096548576089528e-01	1.267199731607505930e-02	-8.548262487201241377e-02
nan	-1.024432323764810304e+00	-6.550168727652407874e-01	8.595364001170513468e-02
nan	-1.432943850106631611e-01	2.022044426787385163e+00	-8.757704926294930248e-01
nan	1.450134104873021190e+00	6.756927419361986598e-01	4.609296765521447847e-02
nan	5.899983962880880339e-01	1.816150133278050749e+00	1.611153284277537789e+00
nan	1.698885609235285532e-01	1.899149671910407733e+00	1.387756324879646730e+00
nan	1.051915021335660061e+00	-4.147522770075662280e-02	1.436192862338448117e+00
nan	-4.993243452358486767e-02	1.182373828240870228e+00	-2.899466730962222405e-01
nan	9.297308262367376397e-01	2.447244285846698897e-01	-1.380841231385725454e+00
nan	-4.915135536953685880e-01	8.701381210547143308e-03	-1.430484541445022628e-01
nan	6.021636623059032356e-01	6.954194077054782763e-01	-2.799170938293530919e-01
nan	2.607406013795146027e-01	1.660888510816952435e-01	-9.181337021966500256e-01
nan	-1.337924553129874461e+00	1.215045119132203366e+00	-6.476968957279565231e-01
nan	-1.327739493676679539e+00	5.826110461588188127e-02	9.327706669271548234e-01
nan	-9.078827094057231317e-01	-4.978372980948939652e-01	2.805291794812644346e-01
nan	-1.293173032876349104e+00	6.868679670582372720e-02	6.978424323993522860e-01
nan	-1.330587582538253377e+00	-2.622305983375475602e+00	3.920216277640224400e-01
nan	-2.575477496366955776e+00	-1.286463993875036183e+00	-2.980342874565190536e-01
nan	9.267047009495683607e-01	-2.674144446607647385e+00	-2.735697821857331347e-01
nan	-6.903344144763412515e-01	9.810253572386772314e-01	1.984280122149357783e-01
nan	-5.162214641444198282e-01	-6.682676472774132792e-01	7.002579641556432311e-01
nan	-1.517327428059176420e+00	-1.716243227317915121e-02	-6.316425091248061285e-01
nan	-1.623670481112537756e+00	-1.247390196360522507e+00	-1.254819255355504426e+00
nan	-2.303751870911240118e+00	-9.964979754305269832e-01	-6.516951131133490449e-01
nan	-2.682015736892350510e+00	-1.329860109054729289e+00	-1.901629904971082752e-01
nan	-2.971128795416344115e+00	-2.368618900777791580e+00	9.901135649907401026e-01
nan	-5.445450326957534948e-02	-1.467900459524357659e+00	-1.288231490839171434e+00
nan	-6.176618424217079628e-01	-8.676108740219540261e-01	7.354710454642774398e-01
nan	-9.453451511005249719e-01	-6.154049624238850935e-01	-4.241814145456981877e-01
nan	-2.126760283973004650e+00	-1.807736088761022319e+00	-4.499868153978726082e-01
nan	-8.903271411059171525e-01	-2.327882111158369183e-01	-9.324006770224437801e-01
nan	-1.274923834222721375e+00	1.214189893991946878e+00	1.476259087898097677e+00
nan	-2.415482753173607389e+00	1.391761141670643021e+00	1.800472296987526200e+00
nan	1.720287326622738977e+00	-7.878496322040313693e-01	2.768931576598144817e-01
nan	-1.746425826326702735e+00	-1.747788520590600969e+00	1.918986030500539064e+00
nan	-2.163168231074186654e+00	-9.751390001708456490e-01	-1.369248594889596604e-01
nan	-5.196354587316851514e-01	1.741656664219307871e+00	2.733350931824261587e-01
nan	-1.283581962735914850e+00	3.329918212039931769e-01	1.913040947400312941e-01
nan	5.515193118633512359e-01	2.528498562339179134e+00	-3.259640474807080635e-01
nan	1.217234723381910300e+00	-6.636126887819104869e-02	1.184985234258787212e+00
nan	8.752219348970081692e-01	2.041361182381282724e+00	1.894071575590623002e+00
nan	2.639697642767269148e-01	2.280924385871365700e+00	1.697364856606687233e+00
nan	2.531066882264263462e+00	1.262495868587461434e+00	9.322857947890464958e-01
nan	1.756080218043785557e+00	1.636224608681752457e+00	1.452374197049753901e+00
nan	1.784114243132631117e+00	1.265684116820587457e+00	-4.874625723182179904e-02
nan	7.333592015264291941e-01	1.466651823647619146e+00	6.757830057674547586e-01
nan	8.463532891458344087e-01	3.913629861754210348e-01	-2.843542550846240857e-01
nan	2.116948726873923992e-02	-1.347565198801650155e+00	-5.480459736659681891e-01
nan	-5.293713665422795644e-01	1.961246068148575494e-02	-2.598643036910052717e-01
nan	9.737995626730784338e-01	5.729656654836603469e-01	-8.040453194755419197e-01
nan	1.068587900575730387e+00	-7.649208214473374179e-01	1.239761089417031448e+00
nan	-1.116293085531540941e+00	-2.693391402942248436e-01	8.670378996055198018e-01
nan	8.841388178871594228e-01	-1.356266082972235054e+00	7.893256881380141810e-01
nan	3.451104793228506606e-01	2.135073628751523067e+00	-1.107384318391609890e+00
nan	8.939290093667995318e-02	1.541918193470796616e+00	1.296658204129114367e+00
nan	4.040352898740157128e-01	-1.010023303621216395e-01	1.137152319017513680e+00
nan	1.365701027265227019e+00	-5.495737262145257429e-02	-1.052883543823709633e+00
nan	-2.829581484585182438e-01	5.025827101912128114e-05	-6.666229501287070924e-01
nan	2.038946615266187923e+00	-1.137776186420062619e+00	6.657303165902331843e-01
nan	4.553164791482608442e-01	-1.288895671243167396e+00	-7.441954679134988870e-01
nan	-9.983280278388106943e-02	-1.014652350640919409e-01	-2.019498009647845205e+00
nan	-4.028291662848643706e-01	1.708581126473322220e-01	-6.043394782315414382e-01
nan	-1.128395993153109345e+00	-3.581264995833905451e-01	-1.646814793894067208e-01
nan	-1.230027571396067776e+00	1.518997081219244816e+00	-1.423133621794014092e-01
nan	-4.201577467586016246e-01	-8.983415087193601378e-01	1.018869838383111848e+00
nan	-4.107571569959408975e-01	-3.873816336470617405e-01	-5.387443563182603423e-04
nan	-1.236588943828191400e+00	3.557522626828497625e-01	-3.729124301138920794e-01
nan	9.356947732309649490e-01	-3.312878866009125733e-01	-5.017802516768491566e-02
nan	2.268936051794552267e+00	1.502825315363363501e+00	9.158308440334376188e-01
nan	2.114653360831835638e+00	-1.195849568016100539e+00	1.801043401572621772e+00
nan	1.658238069412011573e+00	9.078832331594561822e-01	-2.756346029864897851e-01
nan	8.943328673864444633e-01	-2.554169123077234538e-01	-3.317989139696049805e-01
nan	9.490204930494476887e-01	1.349752420215271920e-01	-1.136306673416449309e+00
nan	1.563530656420288323e-01	-1.300854715513541038e+00	-4.363802105137133402e-01
nan	-8.611514175215359002e-01	7.173854046802925488e-01	3.887869716250861307e-01
nan	-6.629386079113032126e-01	4.584219884564285641e-01	7.726837256337228954e-01
nan	-1.943646947796756896e-01	1.725735802320609302e+00	-1.518026226008858393e+00
nan	8.263599971017892773e-03	-1.764106254654691508e+00	5.244464484258513914e-02
nan	2.857592709333649506e-01	-8.275450235578436509e-01	-4.636586123151276162e-02
nan	-4.945748759546673146e-01	1.080006372204418197e+00	-2.121632412918095789e-01
nan	4.549526156677696220e-01	-5.108881962128397625e-01	2.144196166203213849e+00
nan	1.613622289950320088e+00	-1.022192667080039641e+00	7.437724446834742542e-02
nan	2.806027282156973168e-01	2.165346853334088884e-01	-2.631415631872844885e-01
nan	-6.313833923782123936e-01	9.142215234907166144e-01	-2.240734888711022332e-01
