nan	-8.232770799814761453e-01	-1.990706180714325868e-01	-1.283567336502803968e+00
nan	1.549421396783919880e-01	9.368065163573867649e-01	1.985178010308729091e+00
nan	-1.558040097136832447e-01	7.237387390355820571e-02	3.887039453259195643e-01
nan	6.168314175379824293e-01	1.147412171420889582e+00	-1.899575127093678928e+00
nan	8.998504678562111447e-01	1.141431821466234009e+00	-1.159961613169628591e-01
nan	-4.258911984670060713e-01	-4.056103520619378511e-01	5.707118574195615412e-01
nan	4.761559180704221239e-01	-2.883160908149318136e+00	1.009208740876536226e+00
nan	-2.708844168143246911e+00	-5.448913707506379822e-01	-1.173874362653143155e+00
nan	-8.672893433327495405e-01	-3.087018813373572090e-01	-4.476679456595760165e-01
nan	-1.054022954849268778e+00	-2.679046647858218666e-02	1.027715162871065679e+00
nan	1.432585530480755542e+00	-1.330371407474867151e+00	7.284218434507414575e-01
nan	-7.898279233544602818e-01	-1.523275601932741363e+00	-1.090434137077505250e+00
nan	-3.167940105790827410e+00	-1.884219410680383788e+00	-2.601710754214822785e+00
nan	-3.071756270010289391e+00	-3.175792606537721774e-01	-3.342390346769041898e-01
nan	-3.074005365014765845e-01	-8.531806612216231711e-01	-2.086216751950381809e+00
nan	-6.140033900690833324e-01	-1.874773389987750560e+00	2.386293730248472134e-01
nan	-4.097994501497314590e-01	-7.748354489853959137e-02	-1.830908886313957318e+00
nan	-7.763880858828047238e-01	-5.690384711255971339e-01	-9.765917178176135582e-01
nan	-7.234330958523887967e-01	-2.068559172044432071e+00	-2.183693130845689723e+00
nan	-1.801997786106065869e+00	-4.739900862439081486e-01	-5.337024907641825244e-01
nan	-1.749277574002992441e+00	-1.657976106058778321e-03	8.097925777559950022e-02
nan	4.122165845536012174e-01	1.189502705017673412e+00	-4.680347673385804042e-01
nan	-2.654988963015246783e-01	5.285823230466628608e-01	-1.153324037309104155e-01
nan	7.431730804528375867e-01	5.980839610579742338e-01	-5.439562129577174554e-02
nan	5.756914952918348316e-01	1.300280230985621177e+00	-1.284479004320515205e+00
nan	1.173394592737723174e+00	-8.043116114492943058e-02	-4.501254427850841233e-02
nan	-7.167197091712185220e-02	-1.465504174186805231e-01	1.082332242929800126e+00
nan	-2.331078612239663173e+00	1.242539143907299026e+00	2.422898695402972091e+00
nan	4.557403886231035095e-01	-2.493869711605759543e-01	-1.416866027175514908e+00
nan	-4.684159075553210316e-01	4.368593343586364419e-01	1.268809491217454122e-01
nan	-9.092380448044994345e-01	-8.736989522191098700e-01	1.915684115447587321e-01
nan	-5.303066421831604815e-01	-5.376627180446320597e-01	-1.280368431816950148e+00
nan	-1.198764657848745419e-01	7.418394317189380693e-03	-6.882846396155724022e-01
nan	-4.789410820549059311e-01	-7.652394500497229357e-01	6.122307077306618495e-02
nan	4.295376214730050046e-01	5.942849535855071474e-01	-1.171335603398613173e-01
nan	-1.454891613485774782e-01	-2.603558566249700723e-01	6.949166381858533637e-01
nan	5.378370578884591330e-02	1.596537992387611071e-01	3.565069206127609025e-01
nan	-5.261633978407453949e-01	-1.887289392983380276e+00	2.107178927063694918e+00
nan	6.265489202614896169e-03	-8.906226788668984984e-01	-1.670016475001376621e+00
nan	-1.791775559933096673e+00	1.051221210957113961e+00	-1.686601760024203589e+00
nan	-1.315410186025002481e+00	-7.341778916950920664e-01	8.766233530778302363e-01
nan	-3.594395641827923260e-01	-7.750046181133173340e-01	1.030458177318448021e+00
nan	1.698412901823962873e+00	-2.177621089964770995e+00	-3.033289982152401754e-01
nan	-8.313628376058925795e-01	-4.403646704188253491e-02	1.440595090515723875e-01
nan	-1.394021410278131867e+00	1.647050530887945730e-01	7.677360877503479619e-01
nan	-5.541054101743312366e-01	-9.781764366288887569e-01	1.227529148236836232e+00
nan	-1.299018662801112667e+00	-1.843496845989903932e+00	7.643179967626003712e-01
nan	-1.606833010469489009e+00	-1.464769353511570005e+00	1.379628720030667166e+00
nan	-1.200062068523601422e+00	1.609854594922867088e-01	2.298496800103974613e-01
nan	1.360450735477730877e+00	-3.237938839081228037e-01	-1.073397659329573539e+00
nan	-7.366676480852357711e-01	-5.602032335296763810e-01	7.007284170675085466e-01
nan	8.764046805618523894e-01	-7.895681747432572450e-01	-1.189962315410331817e+00
nan	-8.135620851002638432e-01	3.911714464327670226e-01	-1.761026737321073732e+00
nan	-2.053559257473379418e+00	-2.240691315016647867e+00	-2.184569029334578971e+00
nan	-1.104611645138544596e+00	-2.420590253194325747e+00	-2.235025056903549689e+00
nan	-2.506213512615388606e+00	-1.837351462315168771e-01	-1.913609551377844831e+00
nan	4.987080706081079562e-01	-8.902467755464749111e-01	-1.020487979871480100e+00
nan	-1.026668336480023980e+00	-3.781216913813973401e-01	-1.849922547992729260e+00
nan	-2.597750447905196047e-01	2.801659286637473434e-01	-7.032800629274585935e-01
nan	2.495459149661009846e-01	-2.071237713184407303e-01	1.077037386969068589e-01
nan	3.591388173979715992e-01	-8.593742331955633862e-01	-8.699159572259145268e-01
nan	-2.791782452998281538e-02	-1.508576574103479784e+00	-2.067642723989981945e+00
nan	-2.645052024548907310e-01	7.504627093063525045e-01	-5.138903938510682723e-01
nan	-7.485217009969166169e-01	1.140103492459298762e+00	3.449863350011170282e-01
nan	3.348429558710463438e-01	5.894636700064876944e-01	-7.605276628507557923e-01
nan	-1.486312453256990462e-01	-1.185879725278616181e+00	4.702010864128108869e-01
nan	8.380265336439715051e-01	-4.934741651402350660e-01	-8.377437701427266070e-01
nan	-3.687513292032420509e-01	-3.819773519734960265e-01	1.672418565287285386e+00
nan	-1.277244655094333492e+00	-1.050679924177424507e+00	-1.196745392450871415e-01
nan	-1.911972559901374824e+00	3.371963040351313445e-01	1.158077145673923170e+00
nan	-1.815347440320048467e+00	2.437470803180624701e-02	-1.098898197724141212e+00
nan	-2.578317569197164705e+00	-2.395865663620901920e-01	4.551723575010611644e-01
nan	-1.357459473376203540e+00	-1.066653556345370957e+00	9.056549081114814714e-02
nan	5.446860721373334435e-01	-1.834492665576565429e+00	-2.354995741796366837e-01
nan	-8.626424351442015803e-01	-3.678620187100079542e-01	-1.461946017154263644e-01
nan	-7.767807253488410169e-01	-5.635363789394506329e-01	-2.080929942638472530e-01
nan	-1.131687219826268631e+00	-1.791745112225786141e+00	-2.172554970044313638e-01
nan	-3.148994332451839906e-01	3.870227548051843325e-01	-1.359679198745009643e+00
nan	8.114462202388859069e-01	2.399730502712160707e+00	4.430640265211574502e-01
nan	1.353560021114887491e+00	8.388491770099003597e-01	9.517275524336507031e-01
nan	1.008783306885458808e+00	1.343807718606512935e+00	-3.496042317968007795e-01
nan	7.351874315468476251e-02	1.576470196072443652e+00	1.065854794589891352e-01
nan	1.487130334071214977e-01	1.074439519113980390e+00	8.809229100771773791e-01
nan	5.508681624799984800e-01	1.550696744458926801e+00	1.553558026932302938e-01
nan	4.881307618225213529e-01	-9.931388717954248158e-02	-9.253720679516714842e-01
nan	-2.563760186029022670e-01	-1.843429973701006253e+00	2.921943132731598669e-01
nan	9.864704269340354159e-01	4.633125385343348501e-01	-7.035217536127507110e-01
nan	-7.172210289275535722e-01	5.300435732184221038e-01	-4.057141480257651645e-01
nan	-1.375703854204275878e+00	5.651413872120446547e-01	-1.581012105360783737e+00
nan	2.428797156645960964e-01	-2.332837628442221423e-01	-4.722213667914167967e-01
nan	4.831281521117407607e-01	5.985473344801109929e-01	1.471251123591323262e+00
nan	-1.045226417020899801e+00	1.285195802846751612e+00	-2.043515632587622033e+00
nan	-1.424130779026839599e+00	8.733042047488203119e-01	8.805256501537820357e-01
nan	-8.438241328473305991e-01	1.935501612455214016e+00	1.065250223735614732e+00
nan	-9.460780499511699526e-01	8.956409462064280902e-01	-4.911809717365256400e-01
nan	-7.338670214131376435e-01	-7.157679776551121309e-01	6.908454491895718586e-02
nan	1.099358855179929595e+00	-1.390399551889830443e+00	-6.147818650032887966e-01
nan	-3.674167812384023790e-01	-4.641478241307340769e-01	5.487000665191296145e-01
nan	2.708122304457535878e-02	7.995679556298151969e-02	-1.547804827733703759e+00
nan	2.200660392212087757e+00	1.884911650660156868e+00	2.472042770785862764e-01
nan	2.251473074676456410e+00	1.847324676991483949e+00	-3.503754802197311946e-01
nan	3.683260680306622570e-01	2.497981212015978336e+00	1.469992686317765251e+00
nan	1.587216686460547699e+00	6.519157685610343922e-02	4.658694260296109002e-01
nan	1.321166684038529215e+00	6.969276094663151566e-02	1.997306836142243580e-01
nan	2.691202305280345985e+00	-1.607681091702456433e-02	9.654651463923602517e-01
nan	7.246113593376941608e-01	2.090654908086924557e+00	5.603493799977201650e-01
nan	2.081741283364008099e-01	2.156980268722285210e+00	1.089404391117936965e+00
nan	1.768821656928170505e+00	2.109650538250913421e+00	1.282975555214399543e-01
nan	5.773877941673223324e-01	1.259997898912391445e+00	1.522598935312129420e+00
nan	4.047097939125975374e-01	1.618309960370212908e+00	7.768695726881004182e-01
nan	-5.742452820294866589e-01	1.669589219458622376e+00	9.704697455616737578e-01
nan	-3.495107575734008876e-01	1.087567578084540409e+00	1.306362778689287074e+00
nan	-2.708162171153776221e-01	4.041104811037797839e-01	1.683711067141160367e-01
nan	-5.116952002527886956e-01	1.896379821981530323e-01	1.563279291548384409e+00
nan	4.110401963983609797e-01	-8.879779554094088256e-01	-1.054884985378433004e+00
nan	-1.949477522893857895e+00	-5.919169235452323985e-01	-1.703098632383300393e+00
nan	-2.935818573526779440e-01	1.023742344669496651e+00	4.027198354606499331e-01
nan	1.686239143810276675e-01	8.438515600939306971e-01	-7.107874079584959315e-01
nan	-1.183717082455681968e-01	-1.147521326428268651e+00	-1.014943132794323244e+00
nan	-2.741409042826899456e-01	5.350020312828569491e-01	-1.925337508391309349e+00
nan	1.100936601247970659e+00	-8.947708820067798996e-01	1.135348220759935911e+00
nan	2.823691567593567875e+00	7.028720578767218008e-01	-2.463587569037866132e-01
nan	-4.800033944122098495e-01	1.097852222181481485e+00	1.467530062491380294e+00
nan	2.635442427151402534e+00	1.172676816633436925e+00	3.828216686737601071e-01
nan	7.397362374298529497e-01	1.211283096739721010e+00	1.468965415542820896e+00
nan	-7.552746260379095133e-02	9.363298961687078759e-01	-2.879641068150727845e-01
nan	1.752666143652286568e+00	8.541823606980383232e-01	1.742414796029768120e-01
nan	3.807367742828894341e-01	-1.182023851789050006e+00	9.443398492779171427e-01
nan	8.031194342865215496e-01	5.799403621833471023e-02	-1.361964110421080676e+00
nan	6.246150791052523799e-01	1.437920676211173809e+00	-5.294099055863878966e-01
nan	2.947980504306244032e-01	2.155041536988696382e+00	1.561605750972145046e+00
nan	4.590024471151857854e-01	9.792422648029608379e-02	1.995124953442733995e+00
nan	-1.799367373837458262e-01	1.361984709411427019e+00	1.350311527346780061e+00
nan	1.231012914285926074e-01	-5.395158933202003348e-01	2.084744629037199815e+00
nan	1.167698354759312496e+00	-7.063924612950699400e-01	1.022444279350021024e+00
nan	-6.400448964090393877e-02	-3.454340007588977413e-01	3.248061273394367565e-01
nan	2.903816927037477513e-01	7.116106186352260110e-01	-5.489026545333955953e-01
nan	5.684685063363101865e-01	-3.815078309059661277e-01	-1.700875198666018662e+00
nan	-3.382844929987707250e-01	5.631878826988894193e-01	-1.709561973106809241e+00
nan	2.718379896451211808e-01	3.313236414341144132e-01	1.085645229422208757e+00
nan	-1.521135509146168685e-01	-7.188037460930869482e-01	-1.649105770896688972e+00
nan	-3.989773285351407295e-01	1.891120460476088283e+00	-1.214024409067449017e-01
nan	-9.253793506087337750e-01	1.262516516748918516e+00	7.552984459856679766e-01
nan	8.589483292764609201e-01	-4.332293351624350031e-02	1.724726315172526725e+00
nan	2.873502420602563667e+00	1.859382407008274563e-01	2.388054240223123070e+00
nan	1.230888773352060372e+00	2.014947447382111623e+00	1.937632690016321657e+00
nan	1.448136592025707658e+00	1.433523621734041464e+00	2.225696547284661264e+00
nan	3.045135553282898311e+00	4.799587657607762847e-01	7.060304196380600139e-01
nan	-6.685023804929088875e-01	1.235527778287963230e+00	8.148933888115192925e-01
nan	1.494420230958882545e+00	-1.475746720492868258e+00	-2.364908841888189173e-01
nan	-1.048674707538492124e+00	-9.228996972459939663e-01	-3.338038560380599540e-01
nan	-1.563729289149135226e+00	-7.993982138786441816e-01	1.562073296842753090e-02
nan	1.002471995495858081e+00	-1.360172935684204942e+00	8.192510519173872297e-01
nan	-1.272711631826400902e-02	-1.614643987346596310e+00	-1.121095633719604079e+00
nan	-1.548973956674170704e+00	1.753932690902987312e-02	-6.190357561104226081e-01
nan	-1.108529949702602213e+00	9.874722712602322927e-01	-1.300231923618580199e+00
nan	3.707895788735008913e-01	-1.115445280076281298e+00	-8.235110612102487515e-01
nan	3.847889890346700703e-02	-3.812402426200489636e-02	-5.457332606247633500e-01
nan	-6.850768768802177611e-02	2.957986298922586910e-01	3.431922385434849065e-01
nan	-4.443571346460536975e-02	5.641349948786837931e-01	1.792021234173331590e-01
nan	1.690582753530739946e-01	-5.597824644600893906e-01	-1.637940350300784553e+00
nan	-5.295612674830685318e-01	5.420962008509530583e-02	-4.971055188275553816e-01
nan	-4.546013188061927002e-01	-1.631257209331740954e-01	-3.712476068390249129e-01
nan	6.179413153674262471e-03	-5.157953629424087971e-01	-1.395147704059846561e+00
nan	7.295598131421023869e-01	-8.781528785926462355e-01	-1.908331441114460070e+00
nan	-2.388905976805891562e+00	2.490891581862896831e-01	2.039513455768624528e-01
nan	-1.256419414121639822e+00	-5.766409010870376939e-01	-2.891510510638761744e-01
nan	-1.870091693542738076e+00	-9.839062152584947540e-01	-7.183365543377298046e-01
nan	1.413262715565335448e-01	-2.270056518644535615e+00	1.213047036948201374e+00
nan	5.748616158163388778e-01	-1.373293528332108382e+00	8.635165538446960554e-01
nan	-9.011622153138857394e-01	-5.188570063063628890e-01	-1.711023483142476431e+00
nan	4.987403949921119795e-01	-2.103294398639392604e+00	-3.027428835123413986e+00
nan	-2.077062056840843773e-01	3.562021843495891682e-01	-1.713466459569231937e+00
nan	-3.108764060582658306e-01	2.211698166007410593e-01	-4.312925762425476317e-01
nan	1.611591008517138934e-01	-3.860294583683980818e-01	-7.232377077600673498e-01
nan	-8.370730620203398198e-01	-4.216274975450667178e-02	1.090891530148871524e+00
nan	-2.657350190087790498e-01	2.735818563361907541e-01	1.667038410265152759e+00
nan	3.564172276109167647e+00	-6.068263219359842919e-01	1.344154348152796441e+00
nan	9.598031428245623609e-02	2.093593847186912882e+00	-6.061402983955694879e-01
nan	-5.972343373447110970e-01	1.811528552917764712e+00	5.112484787848030621e-01
nan	-8.721561427778495856e-01	2.306415518166729794e-01	5.262139028844647903e-03
nan	-5.215149565891139538e-01	-3.634168679399109037e-01	-5.497796469637105110e-01
nan	-2.759932358912481343e-02	-1.270990066206791003e+00	2.116821883373331548e-01
nan	-2.293624950068148816e-01	-1.157742645678017102e+00	-1.455436393687624008e+00
nan	-1.105595530083827605e+00	-9.730446539712409582e-01	-1.906738952711193757e+00
nan	-5.040284757660499215e-01	-1.172610062141390630e+00	-3.487778663727897133e+00
nan	-1.878931778434604460e+00	-7.655691409792706459e-01	1.927787646181386982e-01
nan	6.645731490968775912e-02	-1.326620786851833822e+00	-1.140276102092286026e+00
nan	-1.157101756768838863e+00	3.432921124201408491e-01	-1.410009469584128539e+00
nan	-1.890794030372514367e+00	5.879911904263772637e-01	-7.515092343007881981e-01
nan	2.036782186434661135e+00	-1.201713216791026273e+00	-1.105824321064958538e+00
nan	-4.570590771394744678e-01	-2.002805421103488470e+00	-2.920330552698680582e-01
nan	-1.706339977788826623e+00	-1.593824708643898358e-01	-1.063893731004979637e+00
nan	-8.289282693404397273e-01	-2.060332575868634164e-01	-1.207737665507348790e-01
nan	3.852081701815333603e-01	5.144725362741447983e-01	-7.885982923115006371e-02
nan	7.978658837662709891e-01	-3.626031578903762265e-01	1.390705528285093306e+00
nan	-4.561641458461458409e-01	-5.314523744868513422e-01	1.298705705206486316e+00
nan	1.351387813718708086e+00	-5.941425752461776399e-01	-8.994507676538993080e-02
nan	-4.871612486316173607e-02	8.333599792655254079e-01	-2.334673034016237825e+00
nan	7.178128564893287988e-02	-4.439315476853701314e-01	5.146020723833180099e-01
nan	2.046443318262428368e-01	1.011681637778847564e+00	-1.756975982662909441e-01
nan	-1.194424375599585364e-01	-8.715930663903881381e-02	7.186579940707252812e-01
nan	5.262445739893424346e-01	1.410785397448926171e+00	-4.735820917001409835e-02
nan	1.799783927313525211e+00	1.002792506360691283e+00	5.083374898188304236e-01
nan	1.470186283772210389e+00	1.664056614214058705e+00	-1.163374067758701780e-01
nan	3.081504043021177086e-02	2.189409392661854525e+00	7.566873575302096588e-01
nan	2.953026984639456565e+00	1.951813133370792763e-01	1.149098349568114852e+00
nan	-5.797936836446484499e-01	8.385444047030292669e-01	-1.344151944981917257e-01
nan	-7.994601901913209741e-01	1.124415965974664977e-03	1.398549129773594357e+00
nan	4.706455616484500060e-01	-3.741861295012469113e-02	2.933572940922127836e-01
nan	-1.901683204737501409e+00	1.476090562031605380e+00	1.361042663373504880e+00
nan	5.196840471215806723e-01	8.037148726393000819e-01	6.866287566660304043e-01
nan	-1.730985380404209684e-01	7.400641101429568103e-01	9.271054421458344574e-01
nan	7.746974373975425987e-01	1.307570357416854012e-02	-1.837096312732797720e-01
nan	-1.556336973550181080e+00	-2.086638777570630765e+00	1.018560413059251823e+00
nan	1.270613658767683951e+00	-1.549800458230057298e+00	-1.035899901896009556e+00
nan	-5.567523048554057219e-02	-9.025201215436587932e-01	8.578116570317474432e-01
nan	1.272877648670109885e+00	7.713588744453097057e-01	-5.941940733574355704e-01
nan	1.427349682703837219e+00	-1.773164272640822325e+00	2.847514578783576944e+00
nan	8.951329220235043627e-01	2.244165678318954971e+00	1.751197355351019613e-01
nan	-2.164557407431011438e-01	9.990143415207731747e-01	-1.248639111582974914e+00
nan	-1.798953781631385862e+00	5.733636670557478165e-01	-5.608864914817601743e-01
nan	-2.326651754468260336e+00	-1.071611967447493985e+00	9.219212259728762904e-01
nan	-9.059543257861815135e-01	-1.996092747783037691e+00	6.211375943859535065e-01
nan	-5.793943961854165492e-01	-4.767126060625391792e-01	2.862246913332764375e-01
nan	-3.407334248128102705e-01	9.944727937266798490e-01	3.439364214292310595e-02
nan	8.042889982594272347e-01	-7.708112309543037055e-01	2.028319325388991956e+00
nan	2.323331259034609353e+00	1.172484801971014901e-01	1.213977865003751377e-01
nan	1.637592608863028154e+00	-2.490471164219237865e-01	4.109458440217739206e-01
nan	-7.838929274463981578e-01	-4.382909821793729011e-02	-4.464572564743089500e-01
nan	-7.037885256655616040e-01	4.362500224907819857e-02	4.063161634595693350e-01
nan	-2.948029826036545620e-01	-2.920099794124770276e-01	2.720366204321412518e+00
nan	-1.073238767892700896e+00	1.744850060903412547e+00	6.666435569781617998e-01
nan	8.309352082911840576e-01	1.458741841487849467e+00	1.015855562526829292e+00
nan	6.592953288573644155e-01	-4.029771813558469251e-02	7.635889487633510386e-01
nan	3.189084858455942584e+00	-6.053795576008822454e-01	7.333054560491523155e-01
nan	1.012846554237662788e+00	-2.178657234761514960e+00	-1.328182169619542830e+00
nan	-1.346903653581364324e+00	-1.994726568499217922e+00	-1.255818699433581820e-01
nan	-2.231705419988840866e+00	-8.695023545879356774e-01	2.137992172386590228e-01
nan	-7.277182421483949781e-01	2.216529737174344206e-03	8.822047877139089778e-01
nan	4.708790539211162307e-01	4.860886389227996318e-01	8.543130443130200757e-02
nan	-4.799569448333910193e-01	3.486793544659818056e-01	7.575024938524022033e-01
nan	-1.076248980796374877e+00	-5.595909995971939388e-01	-8.098741517219536501e-01
nan	-8.417008147820039810e-01	-8.951459511189976404e-01	3.328005428848779812e-01
nan	1.164428282289962535e+00	-1.015798058815937877e+00	-1.431957545235231777e+00
nan	-1.211678983936836707e+00	1.082726429213623165e+00	-1.421492605932459963e+00
nan	-1.740781915603680230e-01	-7.732517595317903725e-01	7.348899333774512321e-01
nan	-4.659268308256481195e-02	-6.293164959299247796e-01	-7.307707796746316653e-01
nan	-2.507454109788928243e+00	4.600066984715712182e-01	-2.422910800641814077e+00
nan	-1.477839170905502542e+00	-2.281177541701785660e+00	-2.774891002736689094e-01
nan	-1.112402526439629336e+00	6.959086416869515457e-01	-2.339531776084288417e+00
nan	6.231105625737197728e-01	9.183385195590911820e-01	1.752367230145424060e+00
nan	2.917264614994223404e+00	-2.479911205609870994e-01	2.242913416969839258e+00
nan	9.793665194040149791e-01	1.188226292551969099e+00	7.629073701021102938e-01
nan	-1.075876551158001515e-01	2.741146580798865529e+00	6.994387121457297241e-01
nan	-7.637260104339405054e-03	1.548856450183139000e+00	1.958997875543998735e+00
nan	4.308362118201720659e-01	2.708800795707858811e+00	-2.041692925449680729e-01
nan	5.344070574439601096e-01	-9.214505547891926884e-02	7.245661831983771783e-01
nan	-1.304410922762079816e-01	-7.487763988587656794e-01	1.183075327620982220e+00
nan	2.381955253869021405e-01	-1.057105567470636220e+00	6.302128624321394756e-01
nan	4.097868634900215801e-01	-1.116943772819592340e+00	1.512583769905509579e+00
nan	1.469540979771107425e+00	7.720154941627134226e-01	1.622903568664117724e-02
nan	-6.871489577658810299e-01	-4.918590042727610800e-02	-3.471727431383170304e-01
nan	8.387420038461843586e-01	-1.134131773084401384e+00	-1.455594357883981949e-01
nan	7.934143700286163670e-01	-1.423495629264900586e+00	-6.505194833053842274e-01
nan	-1.817209137244488459e-01	-6.614529862119215009e-01	-6.290559459803817255e-01
nan	-1.187368586495393785e+00	-2.239916738910401883e-01	-1.773761774235914079e-01
nan	5.343573223553326201e-01	-5.828888204369365722e-01	-1.722621749386617773e-01
nan	-1.548695430031885589e+00	9.783238686398657569e-01	-5.732662729643600574e-01
nan	-2.658600323915965902e+00	-1.802423507772271227e+00	-5.201555569903247855e-01
nan	-1.721664471901598548e+00	-2.370341411063851211e+00	-6.985820859122815474e-02
nan	-4.255724987267613946e-01	-1.584252708095704953e+00	-6.647069413828685658e-01
nan	-4.768702424434310694e-01	1.564173401230236626e-01	-9.482570066737343595e-01
nan	4.319305775573206163e-01	-1.050492016234397363e+00	2.412925646016973458e-01
nan	3.361960114357305240e-01	-1.938310203163208012e+00	-7.298762509663405673e-01
nan	-9.116177741056892270e-01	-6.999710845351957422e-01	-3.856931426959932518e-01
nan	3.801741457397876944e-01	-7.533198317321569970e-01	-2.117910677228914906e+00
nan	-2.338072595162902223e-01	-5.798065347562593175e-01	-2.179134940208849347e+00
nan	-1.856489584159896511e+00	3.351700714876209575e-01	-1.128901306162259033e+00
nan	-5.292635768413833652e-01	-8.402397165614443608e-01	-2.678308644118164494e+00
nan	-2.141679031496767749e+00	5.973267304700710101e-01	-1.456990753300427821e+00
nan	-1.570744894514612966e+00	-1.525485095144002212e+00	6.182559217507860305e-01
nan	1.252602001925541497e+00	-4.486624677275581341e-01	-2.738265282035214909e-01
nan	-4.859090450699240504e-01	1.197304847257220528e+00	1.624967113971607369e-01
nan	1.081928731814164157e+00	1.266409769482606640e+00	3.851902140166459376e-01
nan	8.022536747250702538e-01	1.702256889631709180e+00	1.616845465155830608e+00
nan	6.120677895810712199e-01	3.679915742825815017e-01	1.911456231520608284e+00
nan	5.529121152710503306e-01	-2.765980056153980460e-01	2.440937611958697406e+00
nan	1.695652991068001381e+00	3.308457293654750164e-01	-5.235514973124762994e-01
nan	-4.149992918217663140e-01	1.216712505294023972e+00	-1.081611339184937792e+00
nan	-9.334672778365327162e-01	6.882633779335778357e-01	3.222333222545599174e-01
nan	-4.169858713730992816e-01	4.256435152004570677e-01	1.429873686009002443e+00
nan	5.678052844346778150e-01	6.609044733714201092e-01	1.656909736107095465e+00
nan	-6.775592868187043649e-01	9.615445068663784900e-01	2.729177555808513844e+00
nan	-1.289224768095287299e-02	-5.806029661843713496e-01	5.398946695449994282e-01
nan	-1.755388078770800664e-01	5.016340566087926223e-02	-1.927716250284037480e+00
nan	-8.699940933321390624e-01	-2.581849741403508425e+00	-7.745317310252378684e-01
nan	-1.432118058838851349e+00	-3.540531332198562531e+00	-1.958359704402149015e+00
nan	-1.284111536371182138e+00	-1.610479272727626920e+00	-3.272957647437607420e+00
nan	-2.852286142882868969e+00	-1.744495233378190457e+00	-1.858171148585939125e+00
nan	-2.355564144522154457e+00	-3.078787020289804666e+00	-1.195746726369461221e+00
nan	-3.528325863584149680e+00	-3.198601676762377721e+00	-5.481294382653136843e-01
nan	-2.417307841651303857e+00	-2.444299895891765662e+00	-5.081048323940117184e-01
nan	-2.227992623818251250e+00	-8.443448200295108341e-01	-1.286747836307688742e+00
nan	-2.266745837282412523e+00	1.637459973096224708e-01	-2.124237086194653568e+00
nan	-2.722723058682832153e+00	4.581556221675505691e-01	4.461139124797401934e-01
nan	-1.985352291699607363e+00	3.460966283891575568e-02	7.262400777806028440e-01
nan	5.560914729374806242e-01	-1.967035163658488184e+00	-4.389771970708252202e-01
nan	-6.718779196393037667e-01	-3.145048559975813784e-01	-2.404454589159109035e-01
nan	1.377977837797063287e+00	-1.034215046366220747e+00	1.416344875031503747e+00
nan	-1.260204057646966191e+00	2.332640969036302303e-02	-4.000390819098981199e-02
nan	-1.558044831431720123e+00	-4.244354991052439185e-01	1.107944894681516912e+00
nan	4.684518721123073770e-01	-5.521275982087417988e-01	4.952408847040944417e-01
nan	1.145606774237416525e+00	1.871636739506416791e-01	7.272906345712626397e-01
nan	1.660991075836883546e+00	9.844804563637281625e-01	-1.050404582943365028e+00
nan	4.794195760461605338e-01	-5.026543509725536207e-01	1.712548284745522564e-01
nan	7.034829466248275764e-01	3.285580274282946522e-01	-2.364751809006928052e-01
nan	-1.412437053606091730e+00	1.787230436045306181e+00	1.554414253136209512e+00
nan	2.482250107400852390e-01	1.294558884629818940e-01	1.914279062253566588e+00
nan	-3.237982642694953173e-01	1.166414550423908736e+00	4.143578080148950793e-01
nan	-1.113781683159978497e+00	3.152253580658730958e-01	-1.099323527476797180e+00
nan	-7.965544245607840690e-01	-2.536549922032598769e-01	2.753702525214963170e+00
nan	6.779225470518275287e-01	-2.047976461257176251e+00	1.939913916663547955e+00
nan	-8.910080089485801214e-01	-9.776551761270160235e-01	-1.213793844957375523e+00
nan	-1.619993757726613470e+00	-1.293405405323035051e+00	-6.936119380843753790e-01
nan	3.403987644514616662e-02	-1.602062350542924118e+00	5.632084713098028939e-02
nan	8.855301292094259757e-01	6.977127027945271287e-01	8.459792632073517282e-01
nan	-3.660825793540212203e-02	1.797780571779828307e+00	3.748628494241412756e-01
nan	-1.810395667374965045e+00	1.329471792871539382e+00	-3.972456346806498839e-01
nan	-4.441295436120501483e-02	9.792126631526605340e-01	-1.686342538433567073e+00
nan	-2.109853684451934441e+00	1.084365278093664564e+00	2.173564181667396067e+00
nan	1.249762402140593087e+00	-3.865416668703636205e-01	1.147624952616735694e+00
nan	3.280621655042828544e-01	-7.437149469014021630e-01	3.025086334845558111e-01
nan	1.760285643186619620e+00	-5.710966981063702042e-01	-1.303898387021023009e+00
nan	1.144061167421433822e+00	9.531535800813006887e-02	-8.821222500021341784e-01
nan	9.069661935541722952e-01	-1.733510597212088333e+00	1.195540128935309587e-01
nan	-1.295752279957935293e+00	-1.580339220199992178e+00	-1.143378266235503649e+00
nan	-2.252978315729901926e+00	-1.279255772307333894e-01	-3.732745424646051746e-01
nan	-6.912728253690192393e-02	-5.239956344294111057e-01	-2.063244535546208402e-01
nan	5.344157640814929389e-01	-7.410980563229989659e-01	-6.559956729400989728e-02
nan	-2.959759391144277108e-01	4.110900781450577135e-02	5.352871001217509583e-01
nan	4.318620273573807733e-01	-5.319135776185669462e-01	1.047758000613899565e+00
nan	2.568699137399457655e+00	5.337367139042890063e-01	-2.691165433795386641e-01
nan	2.399397510066688444e+00	2.594559448100062227e+00	6.545166108770503754e-01
nan	1.339059510208994386e+00	5.163570372419367116e-01	1.022894448746836105e-01
nan	-4.495709435894222894e-01	1.385853343252983483e-01	-5.039746229821885359e-01
nan	3.598384852823702240e-01	-7.938148263813332717e-01	-7.547759881521050040e-01
nan	9.640680368446317150e-01	1.551056680136072119e+00	-1.932532613620205009e+00
nan	8.915172488058429323e-01	-1.371926394437625873e-01	-9.945918563573645788e-01
nan	-1.017415492093999729e+00	9.877686374696811322e-01	9.851032872263698614e-02
nan	-4.785991774804918553e-01	1.570245153335913191e+00	-5.878961727221783118e-01
nan	4.431494091022686321e-01	2.573054574715479825e-01	3.635066238708264397e-01
nan	9.785100302121352289e-01	-1.011675285974098060e+00	2.599641387366132150e+00
nan	-7.587469458810447431e-02	1.477411464153050892e-02	-4.007330225421451564e-02
nan	-1.562423892073407927e+00	-2.156594832249132954e-01	1.473224679070691545e+00
nan	-1.222964522249757602e+00	-1.367038108017751163e+00	-3.990492610592276668e-01
nan	-6.795270846796985786e-02	-2.642373993106887475e+00	7.065958936120119160e-01
nan	-9.855811182466348574e-01	9.332467648089621814e-01	1.094107722310145858e-01
nan	-6.601803308926831870e-02	-7.773048073965065363e-01	1.039650854486171339e+00
nan	-5.117353909391006983e-01	-7.162077520129295216e-01	-1.529559728656906259e+00
nan	-8.380309543011279505e-01	6.205281415668303380e-01	1.368464677124419104e-01
nan	8.009925421994792405e-01	-1.040800202438193489e+00	3.786861464385609666e-01
nan	-4.140660697681924352e-01	-1.269410519587969854e-01	1.017830890202441552e+00
nan	5.178482463294643567e-01	8.964153040831841501e-01	2.453260086857303346e+00
nan	1.714472683527664243e+00	-5.283054772284886402e-01	1.443124986971547674e+00
nan	6.345120067659204555e-01	2.825704169433663204e-01	-3.911537015340368906e-01
nan	3.899521986021500242e-01	8.724080381989083310e-01	-1.944371989184440763e-01
nan	-3.362141527359080451e-02	-5.708571997796190178e-01	-3.957242311068022156e-01
nan	4.137466697176489516e-02	-7.344492936576187958e-01	1.418973132809098647e+00
nan	5.643317235483201744e-01	3.161846690551914918e-01	2.095311567171854961e+00
nan	9.710638186464012334e-01	-5.540939435398227753e-01	-3.619490489374643793e-02
nan	1.669929805377022014e-01	-9.748669176212233500e-01	1.513837687669648879e+00
nan	-1.173199448758516228e-03	-5.248190692688404768e-01	-2.110770146440263506e+00
nan	-1.318846643319727008e+00	-1.306455933907108236e+00	-2.974803322172402953e-01
nan	-1.369730186087023682e+00	-2.170170208689581326e+00	2.272730358834775366e+00
nan	-6.524901118576909020e-01	-1.184552511531322017e+00	1.811378506490130880e+00
nan	-6.346284507389886587e-01	-6.016170862234444527e-01	-1.270043889025722406e+00
nan	-1.713531823343838134e+00	-1.165532245328178007e+00	-1.905234641097077519e+00
nan	-2.685096294220196356e+00	-6.033283548269936514e-01	4.723638331488472231e-01
nan	-1.428380314557263775e-01	-1.274256346185969280e+00	1.036082615505349858e-01
nan	-8.881540799461236091e-01	-9.957221804709524005e-01	1.675532116351893475e+00
nan	-1.343683263824602570e+00	-9.909496995323711088e-01	7.519817567080525622e-01
nan	-3.822976364941801375e-01	-1.325796696907472150e+00	-1.069713542328303069e+00
nan	-5.831840499134447464e-01	1.650852314985007396e-02	-1.727121148795068617e+00
nan	-1.076396600788047220e+00	7.367107305414317686e-01	-7.577840826576798250e-01
nan	-6.109430414216985294e-01	-9.151021829868837276e-01	-5.580632717403837262e-01
nan	-1.060091221988064270e+00	8.724951729841384784e-02	-1.816645327452922842e+00
nan	-1.868421478832550386e+00	-4.158603600153989999e-01	-2.278558183814594074e+00
nan	-3.067557675154930497e-01	-6.129980419368377120e-01	-1.078360775137627403e+00
nan	-1.096825850268210445e+00	-4.756777112325608070e-02	-2.045418212834368976e+00
nan	-1.323221397726266790e+00	4.962195904564751792e-01	-7.691896224654733993e-01
nan	3.940676546994542617e-01	-7.677493949837590481e-01	-1.035256687613457904e+00
nan	2.930465597033369840e-01	2.161246735983298084e+00	-1.290904787390950936e+00
nan	4.790593956750770488e-01	2.156732945171629279e+00	6.555527669298346627e-01
nan	6.922279935025902331e-01	1.189491707017277244e-01	1.555063891328236636e+00
nan	-5.552788173461294940e-01	-1.073705593074540054e+00	-7.040162701279009116e-01
nan	-2.821772372025344922e+00	-4.932517841019892213e-01	-7.952049385521756664e-01
nan	-1.386550560650949171e+00	9.278890962315611279e-02	-6.713208686343675735e-01
nan	-6.273168624941908300e-01	1.223358536308440492e+00	6.089329176471587335e-01
nan	2.890427697446729671e-01	9.623220425992977667e-01	-3.882919956006425366e-03
nan	9.591311522847710824e-01	5.138984692070975857e-01	5.499319426421418466e-01
nan	-1.596950373024652592e-01	-5.615294233561607395e-03	2.132197602256765911e+00
nan	-2.005596020558802373e+00	-6.877947853682030432e-01	8.906946070173611396e-01
nan	-2.400333124654985273e-01	-1.400483606182985286e+00	-6.373412567748840685e-01
nan	3.042827648912568295e-01	2.975553422556857508e-01	-1.532917701864075388e+00
nan	2.973452768375641764e-01	-6.375567675750098973e-01	-6.281960914334934198e-01
nan	-9.156386243441743122e-01	-1.184586724280320691e-01	-1.324429455401909150e+00
nan	1.102859106466239858e+00	-1.760321195703967945e+00	-4.241102234051269959e-01
nan	-8.043773852344326958e-01	-1.232002088717384813e+00	-8.205858190977294297e-01
nan	-1.487845874358689757e+00	-6.405987884059383131e-01	-1.625358636460856321e+00
nan	-1.725310969447324094e+00	-1.605437226982304955e+00	6.035568116579178577e-01
nan	-8.742343233221989696e-01	-4.201961237437736862e-01	-1.077696004736989455e+00
nan	4.275784326696714377e-01	2.061445844920286152e+00	-1.125829552248323706e+00
nan	2.961369945661707082e-01	2.968454406870664752e-01	1.015594540281422153e+00
nan	4.824217794533123271e-01	1.244873601507427541e+00	8.419816680866964997e-01
nan	-3.456980723663690691e-01	-5.225292170377362488e-01	2.677049466862913563e-01
nan	2.737847099095507830e-01	-1.449209167898870554e+00	-7.278236610642921933e-01
nan	-4.739458482684447693e-01	-8.381174561386992572e-01	6.046682636332407768e-01
nan	-2.744650596159364131e+00	-1.217592235944455537e+00	-1.214627446182077408e+00
nan	-7.364958466953918093e-01	-2.104025642024425213e-01	-2.608483009640090722e-01
nan	-8.811862326008849111e-01	1.410377537864048403e+00	-1.153855085570283379e+00
nan	-2.066637088879475392e+00	4.932535401019005339e-01	8.018145804099080509e-01
nan	-1.714924796766132520e+00	1.787326422465210229e-01	1.560944787432932523e+00
nan	2.265962095182461944e+00	-1.436550198925106825e+00	9.076232783944073734e-01
nan	-8.005518045827131335e-02	1.020516949685914332e+00	-1.956009909848660744e+00
nan	2.417583106037272667e-01	2.345731524356252429e+00	-3.890643906742040081e-01
nan	8.008744082421888066e-01	2.179632430980614988e+00	-1.424896076484621243e+00
nan	-3.111719011274503011e-01	-2.724364919107791216e-01	7.207485575300888181e-01
nan	1.554816632449365521e+00	9.535645679168805455e-02	6.767411728595986720e-01
nan	1.522553933477174049e+00	-5.772629319240336621e-01	-3.231897533959907087e-02
nan	-3.120642444580583041e-01	2.003554879958396318e-01	1.259148462852514694e+00
nan	-1.404096139622531547e-01	-5.146700075731892587e-01	9.063481614187316460e-01
nan	-1.233573365230552055e+00	1.663260900577350210e+00	4.510951727510189579e-01
nan	-4.708879951575134504e-02	-3.454577612036523471e-01	1.123440663588299859e+00
nan	-1.553364114635424065e-01	4.804720988948640858e-01	7.896625772794055864e-01
nan	7.084232126555216613e-01	-6.665968900811890530e-01	-3.891265527083428433e-01
nan	-2.755962549490039715e-01	1.226380395276086110e+00	1.641271811284255033e-01
nan	-5.584115870928483272e-01	7.064050869010662925e-01	-9.947658619745831654e-01
nan	-1.073464590044872047e+00	-1.133198185267270119e+00	-1.815172226967744606e+00
nan	-1.215038341382537856e+00	-8.225105137703112579e-01	8.927871167630142546e-01
nan	-8.785594936779724806e-01	1.789103875043660974e+00	-3.318055406097103477e-01
nan	8.041653910873713951e-01	1.026500966890565802e+00	1.062351171017884011e-01
nan	2.730088934883291851e-01	8.308017269421085205e-01	2.223086277095028596e+00
nan	1.537548996643661070e+00	1.801271455487166939e+00	9.968310187134779010e-01
nan	-5.768286727577720541e-02	3.050718472826066563e+00	2.684691569253768506e+00
nan	9.577422675956785980e-01	2.291495988687776819e+00	1.473975083868254821e+00
nan	2.815575300872942499e+00	1.338303759871793508e+00	-1.135671677636075128e+00
nan	1.633817792529838053e+00	8.382698840174132027e-01	-2.946682075395954392e+00
nan	8.036847956656247849e-01	9.977743143742843213e-01	-7.500279627933510440e-01
nan	-2.694791220378141561e-01	2.156495014537220811e+00	-1.087010621609725280e+00
nan	-1.403229667291538973e+00	-5.184970823626587899e-01	1.924083191076568333e+00
nan	-1.119593742190215568e+00	-1.570680807759326836e+00	-8.593920959282944638e-01
nan	-7.277832918131016404e-01	-1.386292615405061435e-01	-4.346769629574668281e-01
nan	-1.988434604076126377e-01	-7.580578184196685720e-01	8.248933867478122628e-02
nan	6.489730506889337391e-01	-4.895565412036834152e-01	-2.945568391906839834e-01
nan	1.318611794910552748e-01	2.837429980407085162e-01	-2.413822313360168170e+00
nan	-7.074416056684244003e-01	3.679556986094137394e-01	5.945449663347082137e-01
nan	-1.030499467111682499e+00	2.200896907569819039e+00	-1.063969339349307042e+00
nan	-4.946425916891996066e-01	-3.797799705638438272e-02	1.836802238650585561e+00
nan	4.594275375995729438e-01	1.033404482070208630e+00	3.967970060346592831e-01
nan	7.028396068472408942e-01	-9.518055548885024919e-01	1.751430358945937904e+00
nan	-3.939674739617954335e-02	-8.744993493594520606e-01	4.360825709884204038e-01
nan	1.651333492899047295e+00	-5.398694786914508548e-01	3.029804617864850780e-01
nan	9.418653771802074637e-01	-2.551156059556858313e-02	6.642033960853739316e-01
nan	2.117560694545140176e+00	-3.292836414181772309e-01	2.319392212948562237e-01
nan	7.360705567880232447e-02	4.250095925600039237e-01	8.682003378806096849e-01
nan	-7.968276298865757390e-01	1.559087406421119093e+00	-1.074148421927842989e+00
nan	-8.303541723046475864e-01	1.665044791734359153e+00	-5.870185145446634722e-01
nan	-2.770994084826067239e-01	1.020041508988416501e+00	3.472683496488413457e-01
nan	3.112581245364788862e-01	7.221276275045862558e-01	1.531325792067335989e+00
nan	3.878513800315947502e-01	-1.331053748514601787e-01	1.557219760766242800e+00
nan	-1.790528584076460650e-01	5.041318400157650537e-01	-1.181577523722240897e-01
nan	5.009562123192436989e-01	2.383141760895404471e-01	8.248486198387546819e-01
nan	1.350056015933293274e+00	1.996069129517183960e+00	-1.983122952549575824e-01
nan	2.432902017534531947e+00	2.934759245972669017e-01	8.087533795743886422e-01
nan	6.234851466607862491e-01	8.549432256835162169e-01	-1.635874913152037147e+00
nan	-4.303521546570387990e-01	9.973504285940677505e-01	-1.172609212491726449e+00
nan	4.359746814244251922e-01	-1.079080270630378147e+00	9.499470436076081770e-01
nan	3.683938427909140279e-01	-1.168499552490325666e+00	7.516891984805683380e-02
nan	-1.650217907756745817e+00	1.652207078140735252e-01	-9.881970920559537408e-01
nan	-2.382431500386141821e+00	1.117340455346681027e+00	9.325304242198821925e-01
nan	-2.835408252754113567e-01	-2.372832832029895478e+00	1.812811286272168143e+00
nan	2.062535231806655878e-01	2.562898357448130104e-01	1.906394724016972964e+00
nan	9.743507811372711380e-01	5.422427120666791778e-01	-7.772699446875857010e-01
nan	-1.313075515530659487e-02	-6.156641077320395006e-01	1.040766583919080945e+00
nan	1.887819463499471884e-01	-1.187766282507699556e+00	5.853473212844251261e-01
nan	-2.278218102619757879e-01	-1.273705260124412098e+00	-8.255177547171994590e-01
nan	-1.628469958828739239e+00	-3.813402423461605406e-01	-1.128575306496260922e+00
nan	3.024585590872908014e-01	3.639993784300811219e-01	-8.931843586270266089e-01
nan	4.735937208175234892e-01	-9.726421310233864803e-01	1.305873752488503570e+00
nan	-2.455633209418835783e+00	-2.554612537522997218e-01	-1.376492599806159456e+00
nan	-1.200942782653727559e+00	-1.184449057364219016e+00	-4.868480474566668770e-01
nan	5.409362943031946758e-01	-1.014946599330163179e+00	-6.291161205481525798e-01
nan	-1.160230609934764123e+00	1.827771097560154212e+00	9.011828519539410998e-03
nan	2.551508828412351049e-01	-1.855547861946797550e+00	4.842823081317394474e-01
nan	-7.304983179877960753e-02	2.212122830855649536e-01	-8.170413093250938896e-01
nan	-3.368921983604226122e-01	-2.215440866024814603e+00	3.946392891281113036e-01
nan	-1.496664009266466921e+00	-4.298909601659181567e-01	-8.974621683117072202e-01
nan	-2.109017347523828967e+00	-9.046730067304410428e-01	-1.735065575018749917e-01
nan	-6.988785487670161611e-01	-1.915661201136594105e+00	1.399189104215977419e+00
nan	7.638945791793330109e-01	-5.516125231319737310e-01	-6.940806358806106413e-01
nan	-2.164628687447474054e-01	-2.711276815274001051e-02	3.853514240792105250e-02
nan	-7.876917862100720757e-01	-7.372517570204748516e-01	1.027345971667391056e-01
nan	-1.099088183977224409e+00	1.089352480834576697e-02	-2.162291745263807297e+00
nan	-3.189628780821190723e+00	8.068764355137644229e-01	-1.147159260112866619e-01
nan	-1.966746445234679452e-02	-1.274623880879148796e-01	9.351693280301961453e-01
nan	1.353037622625107739e+00	1.119835927347526683e+00	1.408801432548936750e-02
nan	1.439994306473921348e+00	5.050193852226672053e-01	1.960402480185857721e+00
nan	7.036125899574645626e-01	4.032516077382622965e-01	1.812554515315776271e+00
nan	6.309061813123038043e-01	-9.835558033386263554e-01	8.528388965363027374e-01
nan	1.091364795755424888e+00	5.320959784491205991e-01	-1.131953795821530440e+00
nan	2.159637650744520077e+00	2.150914984578039757e+00	-1.016574195687451443e+00
nan	5.527562785299278136e-02	9.074743242355873818e-01	1.346413611498520346e+00
nan	3.154000465994480251e+00	1.095024540191396500e+00	4.659134798206219230e-01
nan	-1.049547399855810248e-02	1.999074165929059621e+00	-2.516626810070424214e-01
nan	-6.399161073570261982e-01	2.189116758323421230e+00	1.222647472522982781e+00
nan	3.990751937623133738e-01	8.842655194206165969e-01	1.610806759916826980e+00
nan	5.171354108834773644e-01	7.262015843967830619e-01	-1.861928656305248397e-01
nan	1.743163054412462942e-01	6.700420285106285512e-01	1.925954833339617700e+00
nan	8.527416690037862290e-01	2.169716426728174330e+00	1.050179275035604043e+00
nan	2.132967536927547592e+00	5.462836894386593478e-01	1.276170167544755873e+00
nan	5.697934548274613542e-01	1.188696686261982327e+00	6.082098151535749730e-01
nan	1.644374994157721037e+00	-2.393366597969824872e-01	-5.558477598730723335e-01
nan	8.892853806371505687e-01	1.014473322305668335e+00	-6.160387457023144275e-01
nan	-2.303772826812097718e-01	1.576980576008237822e-01	-5.711213503634238187e-01
nan	-1.822652320353157496e-02	4.728203584568019813e-01	-1.227159563763244449e-01
nan	-9.708947314662289552e-01	6.452471623768413211e-01	9.802065715723459194e-01
nan	-1.681562575181124175e-01	-1.110570717179392597e+00	-6.945339362056079935e-01
nan	2.252947638821019005e-01	-6.947559219457155599e-01	-4.615942800905811216e-01
nan	-1.389788859770206608e+00	-5.582889028679911547e-01	9.003604245229546166e-02
nan	-7.867695251239141818e-01	-1.107419771389760665e+00	1.590018491794786604e+00
nan	-8.134925128170420461e-01	-2.853964451104635258e-01	4.903292157584270283e-01
nan	-6.954928314359157815e-01	2.053764542219238542e-01	6.352644960244651084e-01
nan	-6.677632174491520134e-01	2.002999722012027917e+00	2.202992387974703092e+00
nan	1.658051544949921130e+00	6.389903436998571884e-01	1.396404760250426147e+00
nan	3.727533838408465527e-01	-1.438425255933806213e-01	9.684575479885171312e-01
nan	1.093187711336729206e+00	-7.685624161145423461e-01	1.604266894000497601e+00
nan	9.319159114566218927e-01	-4.095259712198301427e-01	1.702104059950982240e+00
nan	-8.347386416093982575e-02	1.734676632698788135e+00	-9.243038952177600187e-01
nan	-9.035643444128673707e-01	-1.212975832010079191e+00	-2.560472195350201319e-01
nan	-2.201983008885154414e-01	5.800653551547426678e-01	-1.875231397236885922e+00
nan	-5.296634242568872830e-01	3.754062537294327595e-01	1.424793815440320577e-01
nan	-1.130695932814144156e+00	-4.706843266972800532e-01	-4.442415614161612791e-02
nan	-6.022993895637817063e-01	-2.896007812471650400e+00	-4.285424877956153233e-01
nan	-1.759169963159781691e+00	-1.719003709678427194e-01	-4.093339778979881993e-01
nan	-3.607668096639723987e-01	-2.219877150755679818e+00	-3.074516647238530465e-01
nan	-3.307664185692040792e-01	4.804511974636511695e-01	-1.733487827494491373e+00
nan	-1.410830308677094136e+00	1.132229743348923817e-01	-1.752649567977226042e+00
nan	-2.429963026730769915e+00	-7.069921731471180415e-01	2.550777016109559980e-01
nan	-1.610794841745708972e+00	-3.716262833017980327e-02	1.985591702977520967e+00
nan	1.894005038941402042e+00	1.348640083653569688e+00	7.586091749244030513e-01
nan	1.209181055778083103e+00	-5.058170634886636208e-01	9.808695058035665770e-02
nan	-1.191360714726943104e-01	1.514658560714982616e-01	4.492877093908814734e-01
nan	1.254644801250696995e+00	-4.017249855994535768e-01	1.953211127001034109e-01
nan	-8.070197834779537782e-01	-3.064176732947440640e-01	8.255880072340427978e-01
nan	7.978087266284180634e-01	-1.777470224639031926e+00	-1.121306979023391381e+00
nan	-3.527336063953305234e-01	-7.541764229587286650e-01	-2.703692479426161199e+00
nan	-1.308128459804149379e+00	-7.778640234098109785e-01	-1.053814497092757652e+00
nan	-5.318066539534942461e-01	-3.701161148285699865e-01	-1.055714953744870677e+00
nan	4.969392673675299132e-01	-2.699911849984523826e+00	-1.111336272518770318e-01
nan	-1.356187374740069229e+00	-1.706837226004714658e+00	-6.169674164072854738e-01
nan	-2.197541658788183749e+00	-3.885030210924070859e-01	-1.852322441484514748e+00
nan	-5.354786074422684949e-01	-1.123863222622901503e+00	-2.482874435522969492e+00
nan	-6.922135177451990140e-01	-2.659543397646875196e-01	-1.954875088510353853e-01
nan	-6.151083001737396305e-01	-1.549793426555340137e+00	-1.989604849878535420e-01
nan	-3.238390243323645556e-01	8.697725319301865543e-01	-1.042944416910443817e+00
nan	1.332804991064505451e+00	6.612859373684403241e-01	-6.695935572826963167e-01
nan	1.289628483573034501e+00	3.709243693729258329e-02	-4.696095534842451014e-01
nan	3.899517630671016644e-01	5.476908797091694092e-01	-1.635341001193195254e+00
nan	-2.014909357058025652e+00	-1.391310417906337360e-01	-1.452910161251102616e+00
nan	-1.259360566474986065e+00	-1.410261209400007099e+00	-1.406182990618668471e+00
nan	-1.803891706270530193e+00	9.039474545448783482e-01	-2.787453220992754943e+00
nan	-9.841453815982920128e-01	-3.117767961651509712e-01	-2.167713867320786747e+00
nan	1.049321879928512669e+00	-5.926272052830029446e-01	1.113248755826209191e+00
nan	3.536843824836870542e-01	5.957432202979768832e-01	1.780415963897174603e+00
nan	1.731757336579636375e+00	1.389417873231518996e+00	-1.066743528251485884e+00
nan	7.858401134907571084e-01	-4.721812124913543629e-01	1.851174777737013777e+00
nan	1.010070354562655037e+00	2.216536106797694639e-01	-9.518658823188843598e-01
nan	3.536001910655991454e-01	2.432713734678749073e+00	7.488286822870566795e-01
nan	-1.881205311749716280e-01	-1.318021490049243072e+00	1.236538251598975124e+00
nan	1.179289735942985473e-01	-2.336384207525560530e+00	-1.145569519870113462e+00
nan	5.701818697808451741e-01	7.153753442764310133e-02	-1.909395799732709786e+00
nan	1.875205685451910020e-01	-1.600823420401152886e+00	-1.762741662205016269e+00
nan	-4.102334666170239785e-01	-2.070360488576730162e+00	-9.044928510945694500e-01
nan	-4.711006110131157332e-01	-1.211802373723582349e+00	-1.559434322274651841e+00
nan	-5.397837982762911935e-01	-3.492396254563219227e-01	-1.067537520543327734e+00
nan	7.063478090447250501e-02	-8.905949715534433597e-03	-5.973279321133257991e-01
nan	-1.194791170190150797e+00	4.130789229967473664e-01	1.643151699488017758e+00
nan	1.390370883494084220e-01	-5.479745909921781566e-01	4.201379317194632312e-01
nan	-1.329165182764621977e-01	3.411147734715309077e-01	1.447741517178872395e-01
nan	-1.053457676065607362e+00	-3.052269040855921656e-01	-8.147658751586051018e-01
nan	-2.997928670792883166e-01	-1.906103637334483958e+00	-8.521098005339016179e-01
nan	5.453330910868352532e-01	-6.341022446543661539e-01	-2.029264176465261915e+00
nan	2.841529356670482453e-01	-6.394523999705820083e-01	-2.137134066133373089e+00
nan	-1.288466288907835988e+00	1.631678273287678893e+00	-4.368572439529838647e-02
nan	-4.409745364555551772e-01	-2.187300376087984999e-01	6.210683680018197483e-01
nan	6.139965204906483454e-01	1.849095777131890994e+00	9.283847014979307311e-03
nan	9.747125359787742749e-01	2.189810953384407011e+00	-1.128358093296110365e+00
nan	2.290756806748339702e-02	1.955982849438910431e+00	7.549896038583496782e-01
nan	2.359309860542681214e+00	2.988918755772191460e+00	1.689966641479214271e+00
nan	2.685185746730345713e+00	1.171919501199082836e+00	2.462574912102443392e+00
nan	1.703373167186331916e+00	1.515546534815138680e+00	7.273314340647665244e-01
nan	4.058434935363286478e-02	1.402240228903093522e+00	1.945150956484962834e-01
nan	5.300030734382704667e-02	1.003509167623904075e+00	5.733929507664680125e-01
nan	1.029653894883048926e+00	-1.401888821221965120e+00	1.901575267688936588e+00
nan	-6.932810968595752854e-01	-1.056176217666588979e+00	1.282785944034209535e+00
nan	-4.470090958869410991e-01	6.151566219947589564e-01	-2.579910299253179162e-01
nan	-3.025547891020088365e-01	-1.745378526290675691e-01	1.355626278144102637e+00
nan	2.519395491782332908e+00	8.527127447471777311e-02	6.105344081791811428e-01
nan	1.781564881513511445e+00	1.248119402008926127e+00	1.058232563711399399e+00
nan	1.129363001737672123e+00	7.048084657959687860e-01	-3.984179401931678965e-01
nan	-1.433443209396915163e-01	5.432400670462982362e-01	-7.503852746389055861e-01
nan	-1.520965395173566659e+00	6.551187381239830243e-01	-5.294412425936668720e-01
nan	-1.603542539504207110e+00	3.258160312261640379e-01	-1.834011088659374789e+00
nan	9.076302797023982905e-03	5.568655540805866888e-02	-1.878983533101218906e-01
nan	5.282210961150649586e-01	-5.719091698983957972e-01	-1.074103675906256106e+00
nan	-3.267339669096873678e-01	-5.957361701170623691e-01	-1.214235444116489870e-01
nan	-2.571196387450158216e+00	-1.199400317593928289e+00	4.900725363775982890e-01
nan	-1.383266240412079462e+00	-1.847177035053986671e+00	-1.742844599387668225e+00
nan	-1.226822097043211990e-02	-8.396168157661205722e-01	1.899459215723493521e-01
nan	-2.041697707714407617e+00	-7.668966197990331191e-01	-1.348133242213777949e+00
nan	-5.344514791379583185e-01	-2.196742679892253580e+00	1.323750630711952425e+00
nan	3.039229598107678343e-01	9.790259437427173417e-02	-7.594987949153702012e-01
nan	2.579805788193195726e-03	-8.732323942775157555e-01	4.004364120023370388e-01
nan	3.525688311130157904e-01	-1.119321815641946272e-01	-1.772073281364993369e-01
nan	1.216971052199224523e+00	-7.303225575828831140e-01	-6.791726388964924865e-02
nan	4.467513846888648832e-03	2.702154207313317791e+00	2.230486275104354432e-01
nan	1.828725705393000389e+00	2.260162508470007214e-01	1.818342703928027326e+00
nan	2.846853116743539580e+00	7.828342831857387774e-01	1.400313391927003326e-01
nan	1.949573003133082905e+00	-9.960366929683328596e-01	-1.243969293750649685e+00
nan	1.268675884394617204e-01	-2.715332100393819115e-02	-1.892383863189311288e+00
nan	-4.424719367580588480e-01	6.766533661044176196e-01	9.263037177722961424e-01
nan	6.159647058641770645e-01	-4.927382414797341070e-01	-1.088933530569596853e-01
nan	-6.498139582672167736e-01	5.954793242248845875e-01	-4.486100602009295280e-01
nan	-6.015290772812688092e-01	7.751813249609749157e-01	-3.858142526988839749e-01
nan	-1.493158760883078751e-02	-2.310179052153603363e-03	1.224567329698185825e+00
nan	7.743503108662045387e-01	-9.636181033781652250e-01	1.633500643737396008e+00
nan	-2.707256780505501448e-02	-8.403245596357551417e-01	-1.049512166450790485e+00
nan	-1.148787598199916715e+00	-1.021085833894765704e+00	-1.690311062042930246e+00
nan	-2.456026641848398029e+00	-5.560191974737875853e-01	-2.111806598728344753e+00
nan	-1.701508847618785403e+00	-3.090393622316442546e+00	-4.699955411212246581e-01
nan	-1.281743598518369165e+00	-2.858371088347729128e+00	-1.769323964445158159e+00
nan	-1.475980475240730172e+00	-1.307657293452754388e+00	-3.848671748922385394e-01
nan	-1.882553404554575760e+00	-8.782813349862882424e-01	2.411302516144281372e-01
nan	-1.383510915021979315e+00	5.504514482973069667e-01	1.113612343070412569e+00
nan	-1.440640899578292666e+00	-1.664843924081934823e+00	1.340811620726273468e+00
nan	-7.018027235417930720e-01	-2.036972205634516531e+00	1.268409330174396832e+00
nan	1.288499942350259220e+00	-1.670822928185455636e+00	-2.222609158056884360e-01
nan	-1.704060855639897065e+00	-1.672652996040985052e+00	-5.272548820571310024e-01
nan	-3.139615069839851280e+00	3.082883868550310158e-01	-8.129921999291064294e-01
nan	-1.254450151390160695e+00	-1.438943451893037739e-01	-6.543460969525732862e-01
nan	2.482484298535106992e-01	-2.074789083697685665e+00	1.149023446292269490e+00
nan	-5.117291726706284516e-01	-2.059929987204419444e+00	1.317546022146758311e-01
nan	-2.680330719585890975e+00	-3.205527793688985327e-01	-7.934250434654375184e-01
nan	-1.320732025493283945e+00	-1.312434274053979166e+00	-4.492030050672953800e-01
nan	-1.092612690452691604e+00	-9.429735470262798902e-01	-9.936256472456437283e-01
nan	-3.665884849692987446e-01	5.718606221049512550e-01	-7.965503811925810362e-01
nan	6.407807944650795173e-01	3.835677124697651763e-01	-1.094291190685553250e+00
nan	9.406567497672269074e-01	4.838264158912595203e-01	3.335224008099744730e-01
nan	2.510129613187049191e+00	-4.687590944177507102e-01	-4.798532953280523206e-01
nan	-9.434315232296250908e-01	1.724519078799114258e+00	-9.414272485182055838e-01
nan	-9.634225975734332925e-01	8.866870953903485120e-01	2.223091903359522448e+00
nan	3.603880115126527617e-01	1.102210209987580791e-02	7.989023410740812015e-01
nan	3.135303854217051378e-01	-2.399984159390527172e-01	1.696016879802386690e-01
nan	-1.329144806841103810e+00	1.222964371905236547e+00	1.715724954434806881e-01
nan	-7.518993993294930123e-01	-1.223968735462914292e+00	-5.126502434157074184e-01
nan	6.827488060077170351e-01	-9.642730264631282910e-02	-6.800533794460739134e-01
nan	-5.882100686626882124e-01	-1.256971525739379036e-01	-1.793006838506813472e-01
nan	-1.720571952906167157e+00	-5.128766459897478036e-01	-2.097502359604742850e+00
nan	-1.539517623255879153e+00	9.313894674975712329e-01	-5.826422845927465843e-01
nan	-1.836030782528754290e+00	-8.502697603756648181e-01	6.290834148979478346e-01
nan	-1.985484554413897040e+00	-1.453342224726525966e+00	1.671851122753419627e+00
nan	-1.554318479060075919e+00	-1.674874439793860859e+00	-3.177627225297036673e-01
nan	-2.741775044699662267e+00	-1.292021701900082586e+00	-2.992294355456594168e+00
nan	4.386893697093818822e-01	-1.203348081431549144e+00	-4.325539803719515852e-01
nan	-6.554035291095945404e-01	-1.336122535795547517e+00	-5.131021983038802636e-02
nan	-7.036225227397530091e-01	-2.265742225373404750e+00	-3.496043300560269351e+00
nan	-1.929971631556991030e+00	8.901413482554441092e-01	-8.626622658443339198e-02
nan	1.381723467286272156e+00	-1.128001684321508158e+00	3.363543804885085198e-01
nan	-1.354733697912040569e+00	-9.212989165996730012e-01	-1.490430875383754739e+00
nan	-3.728960276016649589e-01	-1.582868485656098390e+00	-1.344433986703100770e+00
nan	-2.076014391319559671e+00	4.435856411330977300e-01	-1.148612871231032173e+00
nan	-6.903893791843811467e-01	-9.014550043430474835e-02	1.038373633480195402e+00
nan	3.502397704474877749e-01	-1.333207012263868840e+00	-2.063765087358660488e-01
nan	-1.606686629502274810e+00	-2.066585275145854439e+00	-1.162595871478712795e+00
nan	-1.766178138601927294e+00	9.894653337186376518e-01	-1.034161624768287879e+00
nan	-5.937705276990472569e-01	-1.939755663250034790e+00	4.281618656312854432e-01
nan	-1.495246899958348363e+00	7.668820912103392340e-01	2.671552472542132461e-01
nan	5.101770976980712913e-02	-1.409871528194372781e+00	1.068166477364629108e+00
nan	-1.716269423590472964e+00	-1.056056565241309642e+00	1.469396139064442330e+00
nan	9.168029402834478869e-01	7.667134348745164862e-01	3.838339510581440517e-01
nan	-4.061767689404054416e-01	-8.756717931576640801e-02	1.411489155666418860e-01
nan	-2.329161408476680517e+00	-1.351611151210210915e+00	2.284478047876926654e-01
nan	-4.924786453265085351e-01	-8.999709006703573433e-01	-2.032147862756637835e+00
nan	-5.865734349099045453e-01	-3.246720968697224263e-01	-4.796218026013814306e-01
nan	-5.775339962647098035e-01	-1.198604680331706751e+00	4.644846009614465032e-01
nan	-1.433419206992629369e-01	-7.148124745782453715e-01	7.436281362684113994e-01
nan	-1.395947896355700379e+00	-1.519537566561413922e+00	7.222266574419833329e-01
nan	-4.588324735672624222e-01	-1.904265177722934466e+00	-1.108293339125154819e-01
nan	6.723611637691830900e-01	-6.299309698629366183e-01	7.049027911080041342e-02
nan	1.957512242480133335e-02	4.590236203642257262e-01	2.790047925684817631e-01
nan	-1.677139571880843061e+00	1.243250073264922984e+00	6.980143658213888713e-01
nan	3.866882082552577926e-03	1.487032951788207935e+00	9.171528634360159860e-02
nan	2.784976884557888166e-01	1.126473469280095396e-01	-3.017839365084392100e-01
nan	-8.562496838842819091e-01	2.323355191032890898e-01	-4.781398779157719492e-01
nan	8.408221982473284006e-01	8.247277204501151093e-01	-1.051079209945843917e+00
nan	7.015176319673288585e-01	7.565026127551377488e-01	-9.130564348033686217e-01
nan	-1.869835976518561926e+00	4.627427693286293997e-01	-4.963056212648203624e-01
nan	-4.058423589303309376e-01	-1.349692145421687028e+00	-1.392714487882670715e+00
nan	5.983006176675145227e-01	-4.085642017702058593e-01	-1.238820390129320215e+00
nan	2.856753360789018870e-01	6.761386628232860518e-01	-9.704469643995888850e-01
nan	-2.265571211745829039e-01	1.069184240762051097e+00	-1.500868470049117720e+00
nan	-8.840681735317420520e-01	-2.568862917526830159e-01	-1.053234080393769867e+00
nan	-2.163945071459937863e-01	-3.082511225389367171e-02	-1.725878196012443633e+00
nan	-5.184808020404733098e-01	7.305337964217414326e-01	-2.121709829196404051e+00
nan	-1.952201858954004221e+00	3.426451508458957518e-01	-3.544116334128250556e-01
nan	-1.355770900530596457e+00	-1.602515856629201929e-01	3.839787282306149074e-01
nan	6.543954714780020332e-01	-1.278160687939939866e+00	-6.188011139857074738e-01
nan	2.043435771344959129e-02	1.853357095907363916e-01	1.555415590442857932e-01
nan	4.098497605802008392e-01	1.231369188449952468e+00	-1.890452385271727542e-01
nan	-6.328492142912085505e-01	1.445374531616593572e+00	8.361032798865688509e-01
nan	3.042851111950258591e+00	-6.426560899160475016e-01	2.056597887257025192e+00
nan	1.090195536974817969e+00	1.636912990935337708e+00	1.191423061967688546e-01
nan	-1.273760255711221534e-01	1.002815676516574994e+00	1.546782750066111323e-02
nan	-1.224079216485345123e+00	1.666915696448198592e+00	1.713376511736890428e+00
nan	1.421262616110262833e+00	1.733369194623619602e-01	-3.831210889820206855e-01
nan	1.728897576692785210e+00	9.961408088699805763e-01	-6.107380923924609073e-01
nan	-9.073822765138401802e-01	1.527488917202317609e+00	6.630632605353536935e-01
nan	-2.177086383512238932e-01	4.308975202102472424e-01	1.628781776648096091e+00
nan	1.627242706581720988e+00	5.782737336877145085e-01	1.261624840810095183e+00
nan	6.328668022480365973e-02	-3.778549829451315345e-01	-3.087981132559485253e-01
nan	9.304265431916860507e-01	-6.725447511694795377e-01	-5.392239567988362792e-01
nan	-1.937301734442354650e+00	1.627417606341069245e+00	-1.773226130765958031e+00
nan	-7.308798650301164823e-01	1.664788649232111117e+00	6.614389081319482777e-01
nan	-3.113598290443318484e-01	-2.874813515319816770e-01	1.320460379981759136e+00
nan	3.530504174510348814e-02	-2.027171878919070025e+00	5.911439082233980180e-01
nan	-9.559220176254972223e-01	-1.735322293842024521e+00	-1.754554659968667329e-01
nan	-4.198696077746131294e-01	-1.812729088908116681e+00	-1.237019182030453912e+00
nan	-1.532692854821367856e+00	-7.888398516308744446e-01	-1.284390506895389805e+00
nan	-1.439900291581644343e+00	-6.813125520240401745e-01	-3.701989012052916972e-01
nan	-3.706195707672526596e-01	-1.796781435140774708e+00	1.263484976231141754e+00
nan	-4.661281128077379154e-01	-2.611514642974367417e-01	-1.568502586701310042e+00
nan	-2.677475884170230636e+00	-7.187332955788335864e-01	4.966541553697081390e-01
nan	-1.319854527985136139e+00	-5.846869470105020561e-01	8.482232152794739743e-01
nan	-1.013200143066330883e+00	4.241743682249634606e-01	-1.386721149605760983e+00
nan	-8.621498066726529519e-01	-1.569971518044151582e+00	6.411119733674245369e-01
nan	-1.154443555696084811e+00	-5.240494162188980010e-02	-1.786881173505679099e+00
nan	-1.907357342460122673e+00	5.783406602202829649e-01	-6.757830317780308960e-01
nan	-1.958650456821177666e-01	-9.482340513511402502e-01	6.187212738909667609e-01
nan	3.690026014042876445e-01	-1.596080440863894001e+00	-2.308700289254204951e-02
nan	1.239019799289981405e+00	9.178669143964781618e-01	-1.753389822003211251e-01
nan	-5.356666374212359916e-02	-3.187364695748129417e-02	2.568470385015845459e+00
nan	1.589542128749466876e+00	-1.348521420917118130e+00	1.938282398476038892e+00
nan	2.773546647188979142e-01	5.255261632166806640e-01	1.832542239713833121e+00
nan	-1.467032843094980832e-01	-2.069471262777028642e+00	3.991082827353780171e-01
nan	-2.154016236441682608e-01	1.365210478974912434e+00	9.000966164950363613e-02
nan	1.786954679035341609e-01	-4.527245297438187710e-01	1.404338713913454884e+00
nan	-7.700440879466952104e-01	-1.789793397350064819e+00	-8.049116687122525038e-01
nan	-1.932835733189003591e+00	-1.465126985774318324e+00	-1.871338367458410756e+00
nan	-1.535856840742494622e+00	-4.151568212747529074e+00	-9.945885455349046111e-02
nan	-1.272008467675288967e+00	6.280963491458591008e-02	-6.569173185312032759e-01
nan	1.360777475344890908e-01	9.936343453634373102e-01	5.424604606279419539e-01
nan	7.539569827667089719e-01	2.957713847645511152e+00	4.509270274932031253e-03
nan	1.008372832699639510e+00	1.060318073616612677e+00	1.253104831299700406e+00
nan	1.898536024578786119e+00	1.930635960414147867e+00	-6.039622045887494961e-01
nan	7.343449319895694050e-01	2.667338277934546475e+00	3.255650348146267969e+00
nan	2.039851610227603640e+00	3.298875614904067000e+00	-4.226906911975372161e-01
nan	1.860678930036708145e+00	6.701013659095618191e-01	1.633428090117305942e-01
nan	1.160479318388051073e+00	-4.964412165093333718e-01	-1.594840780747217135e+00
nan	-2.124238991425301482e+00	4.828460917405084096e-01	-9.470579374967992292e-01
nan	-1.635106610181154441e+00	1.344559683447041909e+00	1.236298601007988829e+00
nan	-1.706262144166444950e-01	2.081269932638737163e+00	6.209699685628865540e-01
nan	1.233447182976034062e+00	1.564037276933297527e+00	8.043211216803403119e-01
nan	2.076034086343373275e+00	1.794988955093119731e+00	1.368882486952387012e+00
nan	2.281467844670111322e+00	2.026512347800403457e+00	6.427164019334241640e-02
nan	4.561441055162711589e-01	2.547023307371966805e+00	2.395730457270815350e+00
nan	2.734178231672627746e+00	1.645035371057336215e+00	1.134166694405854159e+00
nan	5.251803408866384526e-01	1.965087243324458832e+00	1.343360634629247707e+00
nan	1.236789154474912333e+00	-3.806912320346720335e-01	1.637365123065927852e+00
nan	-1.198075362386248344e+00	-4.327751836367058624e-01	-7.966199476237744159e-01
nan	6.279625339295723530e-01	-4.642958420989838353e-01	-7.371236857017694488e-01
nan	-6.809749964178252180e-01	4.684534132934932149e-01	-9.962088363282268766e-01
nan	3.305632361201344405e-01	-5.237255600078711826e-01	-3.790546266851821389e-02
nan	-8.441467238799650330e-01	1.295336489749047804e+00	3.583796667718938678e-02
nan	1.811614519347160002e+00	1.246781308274144129e+00	1.554816230554607159e+00
nan	-9.615952137494097052e-01	-1.160139663304136981e+00	1.400683493778366095e+00
nan	-2.044028671093760074e+00	-6.149484150271574689e-01	7.056143281576449100e-01
nan	-1.309212628988464466e+00	-1.632776810180333271e+00	-1.404240483976199272e+00
nan	-8.327185397399458067e-01	-3.074369639518300668e-01	3.574849133911101040e-01
nan	-1.347447087645281094e+00	-8.215100564097017610e-01	-6.606517229062969232e-01
nan	7.022822127032319894e-01	-1.112975202207951320e+00	-1.655593048757243446e-01
nan	-1.325087692847978671e+00	-9.263095120413175065e-01	-6.575221680669627311e-01
nan	-6.290912044599865638e-01	1.323992047491887591e-01	1.986613308342977668e-01
nan	2.305343116064409448e-02	-7.136261195592761286e-01	3.590451599602800248e-01
nan	1.266939730107223383e+00	2.686980628200674182e-01	4.869239620026799553e-01
nan	1.002530559801006582e+00	7.943143763116491396e-01	5.411848273139866494e-01
nan	1.377265172093313339e+00	-1.572501181712048224e-01	-1.201785415076898733e+00
nan	-2.404830799241950978e-01	-1.005187648620350926e-01	-4.656843406266092389e-01
nan	8.509320368012329716e-01	-9.010479153089667737e-01	-1.406720251955245082e+00
nan	-8.209689446844731231e-02	-2.222963554631755823e-01	-1.614372899330882571e+00
nan	1.052636387067525270e+00	-4.670598003370844964e-01	-1.581171974980832173e+00
nan	-5.169863430161414364e-01	8.101745076503494292e-02	-5.869568191659807477e-01
nan	-2.228470352386467679e-01	1.142371665887297993e+00	1.858054132704252404e-01
nan	1.208926352078192767e+00	-7.198197603368279296e-01	1.577098889902382339e+00
nan	-8.543083682842532722e-01	6.614024019207350724e-01	2.809575287919969355e+00
nan	-1.889399023536968425e+00	9.801550158480115682e-01	2.243197563450459064e+00
nan	7.177275179572412123e-01	6.093119186919317976e-01	1.251753668216401216e+00
nan	4.142644881698527293e-01	2.323084757496483299e-01	4.908956119010484676e-01
nan	-1.132988588014519071e-01	-4.960319596306645984e-01	-8.333148455901382423e-01
nan	1.042333656859144586e-01	-1.090031242518841870e+00	1.875715203818423271e-01
nan	-1.525172726622172181e+00	-2.573287764180165471e-02	3.694935923100671205e-01
nan	-3.593329642149689640e-01	3.951271198755896275e-01	-1.839361522000085292e-01
nan	3.459551226813434854e-01	1.411084495827010565e+00	1.207365032064612986e+00
nan	-1.180891820419631699e-01	3.957056139278853912e-01	-4.777448757663469436e-01
nan	-6.539684885197460940e-01	9.995794597367092527e-01	-1.511834476652495374e+00
nan	-6.613033996354120703e-01	-2.604475776324781666e-01	-8.329208583186475945e-01
nan	-2.618304132608999968e+00	-2.753742871510538315e+00	5.608406448001659328e-01
nan	-1.905701489613629951e+00	-3.566267157178003799e+00	-2.026957609473641675e+00
nan	-1.563621384877772247e+00	-1.891383983539108860e+00	-1.266676592958290382e+00
nan	-3.286107958792823247e-01	-5.403532023746411284e-01	-7.414340397414636019e-01
nan	-8.808372045370019832e-01	2.269989417778889296e-02	6.810102047051683760e-01
nan	6.317269092442980849e-01	2.144135575873680200e-01	3.804425603791050103e-01
nan	1.375872739868734040e+00	-1.400007030067712988e+00	7.361589483247010790e-02
nan	-7.559416135953579419e-01	-1.816338839950470685e-01	-2.020160069250909463e-01
nan	-1.288134486861226335e+00	-1.699318609526839552e+00	1.011863846629384778e+00
nan	-7.078997882894891847e-01	4.365883506994183705e-02	4.528968054026911716e-01
nan	3.838687540845275303e-01	-8.598765145845035374e-01	5.250198343600986917e-01
nan	5.045885164129513267e-01	-2.251068329357094333e-01	-6.436512360586525983e-01
nan	-1.159172198434635703e+00	8.312449354712578842e-01	-1.552500989014539146e+00
nan	-1.554554828863479732e-01	-1.704077027616025308e+00	1.281523573885620992e+00
nan	-1.293326624085952448e+00	-4.603932223120824618e-01	2.071058099975092992e-01
nan	-9.476928452317707752e-01	-8.662641660268891597e-01	6.269584117544876878e-02
nan	-2.615627150742668716e-01	-9.465823070426282460e-01	-1.327897532002330072e+00
nan	-4.647715090958168815e-01	-3.001761779689499088e-01	6.894731529652751156e-01
nan	-4.332473279130755195e-02	5.484231477890416651e-01	3.429440972394726117e-02
nan	1.284287331952748357e+00	2.023426677959103415e-01	1.140862782875058240e-01
nan	-3.692234233288570477e-01	5.092223676086543582e-01	6.480528209874011347e-01
nan	-2.571849406090930268e-01	-9.293127525639767184e-01	1.788004711993311568e+00
nan	1.663226065323914371e+00	6.871268625433293309e-01	1.900584954315959751e-01
nan	1.569645112234304918e+00	1.126119342193070194e+00	1.288500260958044930e+00
nan	2.289249917065728113e+00	1.208001103801568110e+00	2.621891836138254273e-01
nan	1.917980942877818729e+00	3.191316475468014779e+00	2.901645330688774838e+00
nan	2.108530860714985522e+00	6.039407340304613347e-01	2.066311851562818713e+00
nan	2.328979261814430046e+00	1.515065744228125677e+00	1.676498578590196686e+00
nan	1.861106016873713465e+00	2.289043207092212207e+00	7.708152923024813585e-01
nan	1.458335633232620943e+00	1.092624812138615509e+00	1.196420563688335381e+00
nan	1.074078432233812164e+00	1.151985426151052705e+00	-8.342318620480326796e-02
nan	1.819534666402769396e+00	1.625592452056946247e+00	-1.016609241087867099e+00
nan	1.042172773397457952e+00	-7.137358680929173360e-02	-8.071063598293102270e-01
nan	2.236063670530231029e+00	4.351425773970079014e-01	-3.619288373610707321e-02
nan	-3.889393947495611847e-02	7.741648321515710585e-01	-8.453429356045242260e-01
nan	9.506735134997680303e-01	9.211611042663938598e-01	3.354750632140070188e+00
nan	1.867045242302896257e+00	6.882038859924779484e-01	2.157673550832169607e+00
nan	2.145859751061983900e+00	3.408856636905565063e-01	2.991363086614037270e-01
nan	1.484802366993825729e+00	-2.304776912522003007e-01	1.185922503143555656e-01
nan	8.534917748558289441e-01	1.470547769817098782e+00	1.335048435320837834e+00
nan	1.466594101695224861e+00	2.516678803106962015e-01	-1.804855720752033044e+00
nan	-1.170672188726584961e+00	-6.993820251655841203e-01	6.940803388131453477e-01
nan	-1.434374717433421598e+00	-5.487524116099266047e-01	1.891519534442501760e-01
nan	-6.718004000364167227e-01	3.667618563340685478e-01	4.161342919053542255e-01
nan	2.018555062111840048e-01	5.351914829803025575e-02	-8.140889191274808256e-02
nan	-2.107287417109429684e-01	5.897430624144166522e-01	7.096736026575722889e-02
nan	3.717636201337131685e-01	-9.335718692620037507e-01	1.676414188368881231e+00
nan	-7.709082347507190125e-01	6.470309532769344951e-01	-1.707272178840115284e+00
nan	-1.171276844856843802e+00	4.467850189279173878e-01	-1.728661321996405986e+00
nan	8.282447462034497887e-01	-4.629930778295292537e-01	-6.383891616446484285e-01
nan	3.856192116589790553e-01	-8.128861067058290590e-01	-1.003328164434455161e+00
nan	-2.111573337643108117e-01	-1.090549338808339819e+00	-1.261417954365127159e-01
nan	1.252183067167473851e+00	1.857505315956723413e+00	-3.970577032789187388e+00
nan	-6.723212272306235970e-01	-3.328047501119925089e-01	1.080715644225939798e+00
nan	4.151581240071187118e-01	4.988285687034335059e-01	9.020286606826548592e-01
nan	1.076765729950984740e+00	5.103463947850179760e-01	1.540913942891118937e+00
nan	-8.507901924747224287e-01	-5.983076912222884403e-01	-5.459235278281152626e-01
nan	-2.224420787425805290e+00	-8.473677865607947002e-01	-1.991089575281828949e+00
nan	-7.019903808147011093e-01	-3.013996955711474079e+00	1.298852390534890322e-01
nan	-7.203639993430875910e-01	-3.066829483406977364e+00	-1.386270642231813843e+00
nan	-1.609968565457355893e+00	-1.491194285600367486e+00	-1.119746029983773150e+00
nan	-1.496058978997911737e+00	-4.232036727197580062e-01	-1.461003992741589208e+00
nan	-1.418635750995071332e+00	-1.217649004982004124e+00	-2.092209729545233987e+00
nan	7.075394896220044139e-02	3.539335330346871089e-02	-2.868152883151490862e+00
nan	-2.640774467218929722e+00	6.586497217742690591e-01	6.942974866729914041e-01
nan	-9.907863779694079387e-01	-1.011083815409194342e+00	2.800203901185133182e-01
nan	-9.809982251426369038e-02	-1.939859087670900539e+00	1.329880619721162782e+00
nan	4.440021838442798074e-01	-1.438482105282351764e+00	6.890150153267368682e-02
nan	4.917476063585734525e-01	-2.657925464488493983e+00	1.377705139626371089e+00
nan	-1.976760238692160665e-01	-1.457943630293786041e+00	4.326006881224158107e-01
nan	-5.271772486342537478e-01	6.252092695183211202e-01	1.012078207568864796e+00
nan	1.887025985507746917e+00	-6.418081683318387354e-01	4.421876365046181756e-01
nan	1.969440060205368770e+00	2.136878830568672338e+00	-1.511284955540211694e+00
nan	2.005414773212092605e+00	1.401048148744138189e+00	9.655743962135149294e-02
nan	8.781738640607219537e-01	1.005795854508036324e+00	1.120045208461581954e+00
nan	-6.363849589764269954e-02	1.225402972372766630e+00	5.622649482280531741e-01
nan	-7.526046804702267723e-01	6.342551539659374571e-01	3.709904722525116938e-01
nan	-8.321596084162363738e-01	4.831820770536578991e-01	-5.540788102514014879e-01
nan	-1.233810762038718867e+00	8.881410986479310044e-01	1.680391116681782815e-01
nan	6.556539217504546713e-01	5.702896245280638654e-01	1.763130622776351686e+00
nan	4.268636643204928305e-01	7.038639418967532757e-01	1.925355144437010724e+00
nan	-7.360488226721229044e-02	1.105730739883369340e-01	1.211207726972874932e-01
nan	-7.240126539012802231e-01	-3.977524382587405705e-01	-1.341624184030653366e-01
nan	8.996117842801126807e-02	-3.746747935781200578e-01	2.110941619934064040e+00
nan	3.984525039991307915e-01	7.649105258370043625e-01	8.789158149779369156e-02
nan	3.841814771342340062e-01	6.575503839722831589e-01	1.918355404391737906e+00
nan	-7.903367533421620239e-01	3.900159618223684177e-01	-2.181148910237573624e-01
nan	1.905844042578616615e-01	-1.866100662440262292e+00	-6.512211948619683888e-01
nan	-5.545629925607327149e-01	-2.044967756379048596e-01	-3.842115839134183641e-01
nan	1.356951732016640211e+00	-1.039795217472581745e+00	3.386730055631114178e-01
nan	-1.322335340259991887e-01	-1.914100449367760193e-01	2.108304020759632191e+00
nan	1.682312249876409815e+00	1.155159172029089243e+00	2.205471962042163114e-01
nan	2.225722094676612084e-01	2.166419975083639926e+00	8.386984639888590554e-01
nan	1.422149755471879828e-01	1.859574816367108863e+00	4.950284882863849045e-01
nan	-2.574613233691456227e-01	2.137239418041082528e-01	1.360274210377709458e+00
nan	7.650467791161947861e-01	1.442946397702882466e+00	-7.261732309330966029e-01
nan	-2.311530867823802238e-02	-4.189577475395818151e-01	-1.401899540085123519e+00
nan	-2.096187752825174666e+00	-2.394107910643736403e+00	-7.082843606810913517e-01
nan	-3.726037161026675815e+00	-2.996433367578783091e+00	-1.335443572018949698e+00
nan	-2.098995484272786705e+00	-1.906312522473424087e+00	-1.367292287414689778e+00
nan	-1.766249650436775509e+00	-2.131113833084155473e+00	-6.155541275474019081e-03
nan	-7.781515918561157097e-01	-1.123589498364370165e-01	-9.744155119760972150e-01
nan	-1.544138256208701376e-01	-1.072596738957815043e+00	2.853764887375170867e-02
nan	1.311098890322829114e+00	-9.704231015299388252e-01	-2.608085850092037861e-01
nan	-6.329250396219204822e-01	1.151536559815306893e+00	-1.017745161250874109e+00
nan	-6.537015666454456531e-01	-5.185406341569868127e-01	-1.374607578393136409e+00
nan	-2.320972446082043561e+00	5.255549450158346625e-01	1.073316046756106701e+00
nan	-2.327962400605023685e+00	-4.124961537715603477e-01	9.004922548181599762e-01
nan	2.407733571611411216e-01	4.374709356268967619e-01	1.467584635731625120e+00
nan	-1.949080372173417341e-02	1.226553613535422249e+00	-3.716461433427742378e-03
nan	6.586683274268734234e-01	2.797067730039822786e-01	5.097644783897730125e-01
nan	2.678849250303135254e-01	8.926530373671932583e-01	-1.072856491484731833e+00
nan	-1.733471370230543984e+00	-1.088701968873262427e-01	2.024194199639769209e+00
nan	-2.868389986043857337e-02	-2.245546882534287469e+00	7.946150715044132395e-01
nan	-5.522875626751858613e-01	-1.634896903180253824e+00	2.137899227952346770e+00
nan	-6.635263974154931299e-01	-1.036648122490210211e+00	1.266920908697609427e+00
nan	-1.862060956837841896e+00	-2.498785841852594114e+00	2.184174400822022910e-01
nan	-6.863488895268834433e-01	-2.675398579646063091e+00	-1.319345946839553196e+00
nan	-4.152303692898015042e-01	-2.687161624309948760e+00	-1.160998052274123005e+00
nan	-6.661008811776879535e-01	-1.175971810317563149e-01	-1.262334124595562601e+00
nan	2.043339657573851609e-01	-1.521808599350073787e-01	9.509071360877263679e-02
nan	-7.294700539724733312e-01	4.674489410230669995e-01	-8.477304902970842493e-01
nan	2.623776664541657144e-01	8.768218836313581566e-01	-9.549429847925792192e-01
nan	-1.019911169147475150e+00	-1.641275954991698871e-01	1.625281604091422860e+00
nan	5.167942197070605204e-01	-4.339193349534443689e-01	-2.319950159803084944e+00
nan	-2.128620005673344640e+00	3.111641024013114709e+00	-4.884777973679411689e-01
nan	6.144789252462258267e-01	1.929142462302150807e-01	1.860275564686282301e-01
nan	-2.522457686582894043e-01	1.621963308886506860e+00	5.734859692020104482e-01
nan	2.467018509021590145e+00	1.610427930004190156e+00	1.426303612740308591e+00
nan	2.597441902977883466e+00	1.303779814516563551e-01	-1.317809297721385109e-01
nan	1.981693692657472194e+00	6.009692476181704990e-01	-1.121871886383994932e+00
nan	-4.618666127852818493e-01	1.551644196487370619e-01	-4.644119992348686998e-01
nan	1.785531546486008203e+00	-3.257889926098311850e+00	-4.272355543267383204e-01
nan	-1.134744210312764956e+00	3.192635031826627778e-01	-4.955278895804858807e-01
nan	7.075930356269166666e-01	-9.954969670754678646e-01	9.778871657513171778e-01
nan	-4.264035323901187446e-01	2.371709840971431005e-01	9.203368569302959601e-02
nan	4.409270813589606930e-01	-8.518888486632608670e-01	3.892121785570590853e-01
nan	-6.616882181297246701e-01	-9.792136224845847392e-02	-1.870631366449768906e+00
nan	4.502289780419145293e-01	-1.112081947058352949e+00	-1.208073178257695224e+00
nan	-1.643323680779661622e+00	1.722379968809989448e-01	4.854716524413115186e-01
nan	-2.028713424612112459e-01	-7.224746319832275887e-03	4.434376285851118205e-01
nan	1.501994136483386366e-01	1.633094048699615497e+00	2.027566080365132528e+00
nan	1.150497996632445119e+00	2.140333340479815494e+00	1.208552435510890977e+00
nan	1.432032192549397731e+00	-4.622964183314492992e-02	1.281150816633286560e+00
nan	5.872227839906228875e-01	-1.694131712491434572e-01	1.656671775524632517e+00
nan	-9.193259707531062919e-01	1.862313399719908613e+00	3.672418224202098624e-01
nan	1.440803165037296552e+00	-1.148672097448987239e-01	5.792340316336787032e-01
nan	-2.649375351994032179e-02	-3.280739377558478664e-01	1.690736286856160842e+00
nan	-1.012029959807382973e+00	-4.778005345340818333e-01	1.115916153683326195e+00
nan	-2.322992264325142164e-01	-5.083015518734983473e-01	1.027026224820640099e+00
nan	5.790176686872099410e-01	6.537724727714183670e-02	5.334290836934117985e-01
nan	-9.863168270818429839e-01	8.115787746163422023e-01	2.434454252832365939e-01
nan	-1.610563936403450080e+00	-3.420386573663725671e-01	8.150456582051908150e-01
nan	-2.202394636282131835e+00	-1.234368738022005862e+00	-9.736605394666635327e-01
nan	-5.154170677256419975e-01	-2.370452320201063223e+00	-4.135640125100055742e-01
nan	-3.357417720949992246e-01	-2.526218789511483820e+00	4.306456273033754112e-01
nan	-2.845277516052824751e+00	2.100847749788093966e-01	1.509048182781966840e+00
nan	3.019331010740589072e-01	7.433350111224956702e-02	1.777675237562288180e+00
nan	4.698186314259023000e-02	-1.306410010218161055e+00	-1.065382866306415766e-01
nan	-1.358152260402327727e+00	-1.273697101052400971e+00	-3.282665239000458479e-01
nan	-5.100473016946129867e-01	1.407064707286769689e+00	-1.645415437938424930e+00
nan	-1.908527573240405451e+00	1.513000217687496263e-01	-8.894190326196276253e-01
nan	2.537732387227535913e-01	-6.052391620554039564e-01	-7.678769224308040764e-02
nan	-1.101575851552861307e+00	-1.235351690905428512e+00	7.605997006371451041e-01
nan	-1.039977678351157619e+00	-8.735719909985889542e-01	1.319225136360576922e+00
nan	-3.914141288340955982e-01	8.880438801400627469e-01	-7.049677011838600960e-01
nan	1.294233595734518794e+00	-6.983078472018289240e-01	6.303187940555856628e-01
nan	-1.816821908961482546e+00	-1.728908489761127321e-01	4.635596297688763245e-01
nan	1.567629838555996802e+00	4.970835749301855122e-01	1.143978625345544453e-01
nan	8.623611397684765034e-01	2.788239835696824653e-01	1.367301358419020785e+00
nan	-6.821981418641049899e-01	1.954747807333009124e+00	-1.964894689872038747e+00
nan	-1.185722471612693507e+00	1.721615477722165277e+00	3.283493811033655896e-01
nan	3.398575114956568499e-01	7.184909378729215090e-01	1.092448079983003639e+00
nan	8.532884305722820972e-01	3.245965799195874579e-01	1.791059788149086840e+00
nan	1.180013677648039438e+00	-1.270531332022084792e+00	4.493602025022427893e-01
nan	1.308895562013959735e-01	3.476020035423731391e-01	-1.055934852714298877e+00
nan	3.109641023160578110e-01	2.054418263393255895e-01	-1.157565205041652945e+00
nan	-1.181003626664272721e+00	-4.667820491096164037e-01	7.078776527126789953e-02
nan	-7.041556883155233315e-01	1.964498463682092244e-01	-1.276809089274338338e-01
nan	-3.124324995990528930e-01	1.137888396476681718e-01	-1.496581844436123188e+00
nan	-2.157045458034090313e+00	-1.308240559066563780e+00	-3.220592612042377789e-01
nan	-1.868553582252828082e+00	-2.130912612663472760e+00	-2.161460766619170304e+00
nan	-2.237339058122417068e+00	-7.357041336504264173e-01	-3.410753541179167847e+00
nan	-9.166095521038166716e-01	-1.295117829469404347e+00	-8.110856486477876492e-01
nan	-1.618179284077485125e+00	-8.284019332420310411e-01	-2.177031544862201073e+00
nan	-1.267637142951873352e+00	-2.328889308564773941e+00	-2.417993023195653457e+00
nan	-1.538737424861101655e+00	-1.554252507327766208e+00	-1.135954959729778224e+00
nan	-2.637123489316299363e+00	-2.894623884282831128e+00	-1.476089790524520939e+00
nan	-3.064808782266708498e+00	-9.449604468120729184e-01	-4.806680363421383939e-01
nan	-7.775406284854677885e-01	-8.818247766606805982e-01	1.236788361516689250e+00
nan	-8.006692016344313378e-01	-1.961384163185435181e+00	1.989029526174887486e-01
nan	-1.309760352963331265e+00	-2.626588367913194055e-01	-8.791640509685895166e-01
nan	-4.006406851921948675e-01	-1.867980039640002587e-01	-1.210606317488927219e+00
nan	1.101880667032983929e+00	1.770387558821631402e-01	-8.012773366629997174e-01
nan	1.409791520949388310e-03	9.052118045439145888e-01	8.906377811533929822e-01
nan	1.471300699647544730e-01	-1.669385804438631826e+00	-8.270580430120673121e-01
nan	-5.415112003051925083e-01	2.603775624491389551e-01	-7.466112640595279348e-02
nan	1.862597129197864909e-01	-4.513176269325920309e-01	1.742804836942130731e+00
nan	-3.836484589769044162e-01	-2.103957095731433746e+00	8.409375849915229351e-02
nan	2.162605424232288964e-02	-2.426658163480520436e+00	-2.627191455141223653e+00
nan	-2.139355218544623405e+00	-1.777037048061866020e+00	-7.579735925334626367e-01
nan	-2.707010178157041480e+00	-2.002779321827357517e+00	-6.686621512445927173e-01
nan	-1.442577522253818634e+00	-6.265771011602040419e-01	-2.221330252165988339e-01
nan	-1.282491901595594452e+00	-1.460250771137164172e+00	5.089041276389569823e-01
nan	-1.423089454261483588e-01	-1.872283291568735963e-01	3.306211643705481706e-01
nan	3.028240028765823988e-01	-1.196043476378659820e+00	8.448213152432108852e-02
nan	-8.001903728566086560e-01	-1.515608687560649759e-01	6.756645005997474751e-01
nan	-7.593106176411723585e-01	-1.003699597521759301e+00	-4.102798370884794821e-01
nan	-9.419336061370231494e-01	5.778834666650431995e-01	-1.848470812468759883e+00
nan	6.415684158185748220e-01	1.623656036102143263e+00	1.205380202046253957e-01
nan	1.716523504928171517e+00	1.366479032552281314e+00	-9.300172023356312323e-02
nan	1.789940284039605256e+00	2.715052580822975070e+00	-1.019221533930202650e+00
nan	1.897084658302659932e+00	6.457124963222032887e-01	-2.801682452637568321e-01
nan	-7.003641717774744535e-02	-1.642383344202211770e-01	-1.782387016697287718e+00
nan	-1.350845809217097182e+00	-9.851833848350435296e-01	-1.499423724284462578e+00
nan	-6.621668958513986514e-01	-1.200163667909687204e-01	2.043371178043817959e-01
nan	-9.953213709174875135e-01	-6.835736243316919980e-02	-1.614901060053380508e-02
nan	7.878380362242325408e-01	-8.326152628168390635e-01	-4.951934231430917821e-01
nan	3.709058361124041303e-01	1.495264952258964497e-01	1.075132693637043668e-01
nan	-4.436845092047638772e-01	5.282077809674560198e-01	-9.185104765639473534e-01
nan	-3.229111357818222894e-01	3.897951788999156064e-01	1.284843224544045759e+00
nan	5.559061037872775612e-01	2.913774689762597125e-01	-8.291567170229987571e-01
nan	-1.552648428116545798e+00	-9.247124480444743888e-01	-6.552817966647606074e-01
nan	-1.762790325745716036e+00	-1.332565495003938061e+00	-6.246422773527304795e-01
nan	6.866389518134210501e-01	-1.463497426124895195e+00	-2.226987429532326868e+00
nan	-2.764727064461746764e+00	-1.869887554691062492e+00	-2.226041880957096097e+00
nan	-7.149752807708764646e-01	1.061096894909845378e-01	-2.014933822201803615e+00
nan	-3.703748275981269544e-01	1.585370207059931535e-01	-1.162702640942694376e-01
nan	4.375776792798712345e-01	-1.894915117665748605e-01	5.667584201478857997e-01
nan	9.183337846826158390e-01	-7.603936402726967081e-02	-5.323095186791058087e-01
nan	-1.555325461054611891e-01	-2.541955347080061545e-01	4.282765617962909221e-01
nan	2.369685489232408737e-01	1.222638694984079510e+00	-4.713804727306001863e-01
nan	7.936540836499854645e-01	1.684416683520819635e+00	4.278099823064074325e-02
nan	1.735549057276845053e-01	-9.156219062303196932e-01	-1.099827974641215178e+00
nan	8.773454023597833107e-01	-2.923626895836168305e-01	-4.034537844955149444e-01
nan	8.145380314680211731e-01	-9.066582395998205035e-01	1.521521753047244685e+00
nan	8.741441258274207371e-01	-3.573614987141516264e-01	-8.757321735399765661e-01
nan	-1.019737391866786247e-01	-5.261374127132256717e-01	-7.663180744414808121e-01
nan	-1.791699345941577759e+00	-4.847732329561172948e-01	-1.724226309441508898e+00
nan	-2.011253207407764698e+00	-3.533706869236075132e-02	-6.659354882250573260e-01
nan	1.254296612552348034e-01	-1.878588022383838041e-01	-1.098071588860952019e+00
nan	-6.995032992678651418e-02	-1.115922815840695581e-01	-6.926089668346618877e-02
nan	1.092831605833122444e+00	-1.930770873773358653e-01	1.122043282696965516e+00
nan	1.096547530614519150e+00	4.831438642762285740e-01	-9.978161993772644012e-01
nan	-2.164772321455717408e-01	1.624308979181584123e+00	1.691302146732521550e+00
nan	1.690071161935507327e+00	1.381059933621047620e+00	2.141597150402932748e+00
nan	1.049643948640808899e+00	1.997990494655626392e+00	4.830826405869805829e-01
nan	1.713691488063832535e+00	6.845351406529179839e-01	2.325062256634097047e+00
nan	1.338523981219019499e+00	5.674403095154245680e-01	9.911128133505813231e-01
nan	-1.656009624487100762e+00	9.070040102356963230e-02	1.299417432807652428e+00
nan	1.052384589391900604e+00	-7.661690117073458595e-01	-1.846095819004430094e+00
nan	-2.302259214395514064e+00	1.735334329722446167e+00	3.064721819658978719e-01
nan	5.525816857515795100e-01	-2.371088849449198843e+00	-1.449357500351208472e+00
nan	-7.215063591267335541e-01	2.097877616207145524e-01	-1.574134977859134921e+00
nan	-1.050617793195204985e+00	-1.527613651302458075e+00	-5.761425246934364086e-01
nan	-2.047190842633713537e+00	-5.074462097968535090e-01	-1.416737657912422677e+00
nan	-1.104130138118419202e+00	-7.972941075299546654e-01	3.434100006959379670e-01
nan	-1.102478320347368479e+00	-2.328693176965433764e+00	7.780449993158614075e-02
nan	4.364061851012790427e-02	-1.773433452753689687e+00	7.809051687202450687e-02
nan	1.445670210415776591e+00	1.466924585677918946e-01	-1.833090853262557385e+00
nan	-4.665349913852406827e-01	9.161222119993012170e-01	-1.923820556562869655e+00
nan	1.886994488292913497e-01	5.952526578977020977e-01	-8.420199662853211642e-01
nan	-1.040044124352822230e+00	2.101519446913475697e+00	-2.245308556690964186e-01
nan	-3.465138938254646028e-01	1.957440879318548821e-01	6.228050922698628034e-01
