nan	5.503323199371428220e-01	2.595294806718378422e-01	-3.502171797407962334e-02
nan	1.341297468644764956e+00	1.550443586554191455e+00	1.860593911872477468e+00
nan	6.640266933467464661e-02	9.733258809393817712e-01	1.477162374052465532e+00
nan	5.689921519535936500e-01	1.219276492613954321e+00	1.303980955999966440e+00
nan	2.248854083510432034e+00	1.887924807502511015e+00	-1.619168646389215205e-01
nan	3.241844633213074589e-01	1.503982451638080864e+00	8.703396907621119283e-01
nan	1.355250588438076109e-01	1.245681204625245897e+00	2.921261145557800809e-01
nan	-7.580019343464490245e-01	-7.412693752966559302e-01	7.856129721723192905e-01
nan	3.482845946655712122e-01	8.994980935263536814e-01	-2.097917887562590789e+00
nan	-1.703822660208960560e+00	2.389827583627630592e-01	9.045222262436641847e-02
nan	-6.886947242628094212e-01	-6.169381326004175214e-02	1.805283027727974110e-01
nan	-1.680171728706872036e+00	2.118537615598706236e-02	9.897039737026982475e-01
nan	8.012510907849912378e-02	-1.472869073715545207e+00	-1.991417023641394390e+00
nan	-8.614225943529513208e-01	8.957874507402013853e-02	-1.458632690934550613e+00
nan	-6.875784869696792700e-01	-7.320280032106368795e-02	-2.970732553906623163e-01
nan	-2.200800636285228928e-01	5.758915378999099888e-01	5.561925783983819871e-01
nan	2.779565128252258766e-01	1.882207688684057079e+00	1.232707517949136022e+00
nan	1.257151387163571110e+00	8.434947498540515953e-01	1.138927721886844324e+00
nan	4.406793831262739713e-01	-9.205409873192635928e-01	2.135973819188210054e+00
nan	1.010737882328348380e+00	7.860930984639016850e-02	3.296398818516899087e-01
nan	-1.080599150133540465e-01	1.273733288706169198e+00	9.905038662148383244e-01
nan	9.914944479908893715e-01	7.937745337330772699e-01	1.712711021124460942e+00
nan	-2.269084972960659918e-01	-5.492256686780078168e-01	6.775076751351437609e-01
nan	-1.029628327380404329e+00	1.352024126362832535e+00	4.680579984765252388e-01
nan	-6.128684527329327780e-01	-4.746589589054622804e-01	1.962114767890870137e+00
nan	1.063432274065527094e+00	8.116665155255664565e-02	1.072901113013023489e+00
nan	1.672298814927841715e-02	8.114315357139381124e-01	2.112660536370688236e-01
nan	1.454236458427116352e+00	-7.308053553427784621e-01	-5.393558497424083553e-02
nan	-9.549952642639323308e-01	5.100664779177457309e-01	-2.786365585279138024e-01
nan	-2.148708396697442069e+00	-1.749173269819938592e-01	-5.989826987898567712e-01
nan	4.184024945918806138e-01	-6.192000873757460555e-01	-5.874665230445526021e-01
nan	-1.499769962707073190e-01	-3.513287900199943414e-01	-7.620882643240578513e-01
nan	-1.064085280723570337e+00	-1.745560561135936384e+00	-1.244582849044123529e+00
nan	-1.331131920446134709e+00	9.036139428399369011e-01	-9.288680503625589280e-01
nan	-4.080869269917382081e-01	-2.796296166380132786e-01	8.973709881462352822e-01
nan	-1.250183797356023474e+00	-4.834814559678158319e-01	1.555948451224386631e+00
nan	-2.986217280756674197e-03	-1.194480897320382873e+00	8.589001468564030350e-01
nan	-5.431195154837781258e-01	9.352708611449457310e-01	1.188560779294723480e+00
nan	5.414117378484715193e-01	-3.423781036905929609e-01	5.127346223058396602e-01
nan	1.434869621147375929e+00	3.636357314636326499e-01	4.491300328324855373e-01
nan	-2.195256206371973828e-01	8.816244519982266992e-01	3.387994487550364253e-01
nan	1.824596945107724411e+00	-2.922688398957626887e-01	3.928094719661450740e-01
nan	1.448456179729082915e+00	2.550976360216114625e+00	-1.294963095558923527e+00
nan	7.942989769135886391e-01	2.052293341443648611e+00	1.200146192250081789e+00
nan	6.248660085333282987e-01	1.972878410514625980e+00	8.075637469801921764e-01
nan	1.420605954528982640e+00	2.028828708789518043e+00	1.529252346996539336e+00
nan	1.194704741244829060e+00	9.612587078768258797e-01	-1.095078780709172639e+00
nan	1.789820087512356217e+00	1.765932509480019563e+00	7.383593319395292953e-02
nan	1.469058503947284100e+00	3.138087800162212559e-01	-1.278846403462506887e-01
nan	-4.430658616416888185e-02	-1.689565675160388247e-01	-1.392001925551958230e+00
nan	-1.305621113408663159e-01	1.029228741139442738e+00	-1.192614835762043080e-01
nan	1.523881070180374220e+00	1.329366850443947534e+00	1.501908830899574276e+00
nan	-9.877978677906147364e-01	2.111232505198061826e+00	-1.168978041189808081e+00
nan	5.814326058814713871e-01	3.231165706252371872e-01	-2.005126089233631337e+00
nan	-1.521824511292730220e+00	1.709954788268169601e+00	2.020380504041807690e-02
nan	1.509410516820471893e-01	4.072359038823182287e-01	-5.605653471307119329e-01
nan	9.254072396875162587e-01	1.914454699018777462e-01	1.063481872285702984e-01
nan	2.079003176446591272e+00	4.827643466451310150e-01	1.279439784650008294e+00
nan	2.790803594709194257e+00	7.364737656133689692e-01	-2.500931685430369811e-01
nan	-1.392750725691839886e+00	2.127004262083755926e+00	9.862307501539143706e-01
nan	-2.761228394124185526e-01	-1.347009975375387913e+00	9.136668667589255000e-01
nan	2.039747388871011868e-01	-1.422662921597613428e+00	-1.049230156135791070e+00
nan	1.140122346646404994e-01	-2.989758015250624901e+00	-1.551587527175935843e+00
nan	-2.527870046176853513e+00	-6.531739666175041537e-01	-2.695813852863033766e+00
nan	-1.888824101507990516e+00	-2.246070668011390659e+00	-4.057996477241945232e-01
nan	-1.223224561538655442e+00	-1.600374310671059064e+00	-2.749951799257079887e+00
nan	-1.440645065079029230e+00	-3.810343566491614098e-02	-9.830848037839650111e-01
nan	2.699171169872681464e+00	1.416202940917086206e+00	-3.264423539028649124e-02
nan	9.857932289911501833e-01	3.994427758299513576e-01	-3.413507871485433331e-01
nan	-1.888148791321862197e+00	5.862456347749760432e-01	-2.820989872210976079e-01
nan	-7.542965608800467070e-01	-1.902596385412341107e+00	-3.745235947120328923e-01
nan	-1.614251249655588971e+00	1.184132079916031977e+00	-7.871983173255484578e-01
nan	-1.089210909633191449e+00	-4.099756026105251805e-01	-1.592216436931110923e-01
nan	-1.022966377381226755e+00	-1.346830771097896173e+00	1.374895439018644083e+00
nan	-8.216812131541360031e-01	-2.062016769262815075e+00	-1.339269204933822843e-01
nan	1.268667243365103392e+00	-8.074287214710784699e-02	-1.942708951324423339e-02
nan	-1.439658011537031657e+00	6.549624863322206503e-01	1.091938956458816667e+00
nan	-1.656151581731150291e+00	-6.885542662638236000e-02	1.133376804132221749e-01
nan	3.083545608718032405e-01	-2.711154752624707953e+00	6.589837027770121258e-01
nan	-1.517794272438816039e-01	2.287961698639716657e-01	-1.107669144914940063e-01
nan	-8.570879706292169331e-01	-1.125385120524729388e+00	-1.452838343722367309e+00
nan	1.449582729502885137e-01	-8.455250769925837240e-02	-6.148531505902267158e-01
nan	9.094739223701545638e-01	6.519909018862468653e-01	-2.148174071256825357e+00
nan	-1.565571357287457221e+00	-9.137733419572164895e-01	-6.032098830878054319e-01
nan	-8.399200363274647030e-01	-2.691891204401580140e+00	-7.034009578676787555e-01
nan	-2.801088529869553145e+00	-8.171784705084804701e-01	5.578711894613324063e-01
nan	-1.493045315909074855e+00	1.238905740963724966e-02	-1.301894699160412783e+00
nan	-4.308398299901729511e-01	-1.778050548008493159e+00	-2.014301618193401477e+00
nan	-5.875062040586793710e-01	-1.307523122281193606e+00	-9.778612158477284488e-01
nan	-8.021130005975268817e-01	-1.142665348053085506e+00	-6.640190492664335142e-01
nan	-6.948959313740262767e-01	5.211751439864271696e-01	1.374213044024336750e+00
nan	-1.149914567893419504e+00	1.192641089329297577e+00	-1.580287538988395246e-01
nan	-8.273221773979549942e-01	2.367614160579047389e-01	1.456726319883403953e+00
nan	-1.361489156268087530e+00	-2.302877705082388538e+00	-6.236603517803562813e-02
nan	-7.683164278144694048e-01	-1.996980337269998129e+00	-3.093694779650459914e-01
nan	-4.092550513320803995e-01	-2.975512369082189412e-02	-7.922006441982120117e-01
nan	-9.593001205186427738e-01	1.211478946237216858e+00	3.963886327643725282e-01
nan	1.707296095102577294e+00	-6.275131126658874958e-01	-1.234388990330714253e-01
nan	9.011459921300224440e-01	1.162026726669199483e+00	3.684527907313906780e+00
nan	1.539596988815101986e+00	7.981804952755252591e-01	-2.857120662596046579e-02
nan	1.138549872239134286e+00	5.280475868521175009e-01	1.243088995662055662e+00
nan	-8.592987638913717197e-01	2.553074820360951014e-01	-3.637221917518507208e-01
nan	9.242638339165809569e-01	5.396078336620364624e-01	1.571927838755300622e+00
nan	-2.157543099299071843e-01	-1.171412676096340588e+00	1.052092135021320596e+00
nan	-6.727248615495581285e-01	-2.139892374729090552e+00	-9.897206422988671370e-01
nan	-2.951097484425392992e+00	-2.422259315280388847e+00	-6.617658243583754984e-01
nan	-2.237003171598744178e+00	-1.835254969797400548e+00	-9.412963794577905441e-01
nan	-1.305207973477194194e+00	-1.214196396605545569e+00	-1.256653396761005625e+00
nan	-8.281548438562991166e-01	2.509755079826095914e-01	-6.803748025629526852e-01
nan	3.811825600427435901e-01	1.533031295404854444e-01	-1.400179087613669049e+00
nan	-4.254756656698055473e-03	-5.908027377131688240e-01	-6.609176789885695680e-02
nan	1.946990251872387223e-01	-6.340579546995608329e-01	-3.992531109449666271e-01
nan	-2.039965153678387821e+00	-2.330735295314296351e+00	-1.524301003006796495e+00
nan	-2.136509719008865105e+00	-1.253649015105649411e+00	7.532432555483430381e-01
nan	5.454492241103185979e-01	-4.781592448498739323e-01	-9.427262251616086441e-01
nan	1.286255777888042573e+00	2.425899070855974671e+00	1.050251114243442085e+00
nan	9.893073573998107939e-01	1.129334606608791924e+00	1.012015753084456016e+00
nan	-2.126654757037492072e+00	7.267447202747773227e-01	-2.205671898294365718e-01
nan	8.653052367042959325e-01	-1.056268563406343342e+00	-4.414117627591367388e-01
nan	7.916811510855034095e-01	7.762284301232895423e-02	-1.152018379834945261e+00
nan	1.243194531327723312e-01	9.664973571889849957e-01	-2.071554152097008217e+00
nan	1.229578791586551256e+00	3.919355269072514192e-01	1.013073962760768776e-01
nan	5.199265040574094776e-01	7.885892829607765719e-02	2.352173992877659270e+00
nan	1.100476852913764070e+00	7.605222682428691705e-01	1.378064415927354958e+00
nan	2.465399276226942771e+00	1.702823941428319054e+00	2.623258021872199586e-01
nan	1.681669010930759267e+00	3.019913483505211049e-01	2.373982686386002960e+00
nan	1.807733908052616023e+00	9.597713959209159817e-01	6.305255653059430587e-01
nan	3.043149026906567745e+00	9.107693790577299220e-01	4.187720869320337158e-01
nan	5.607500083805642133e-01	1.282856653634983024e+00	1.922966604874044361e+00
nan	4.465769840035096472e-01	7.621763077635337336e-01	5.858202694764542695e-01
nan	1.883259612197905941e+00	1.030784049036429506e-01	-1.754574290894175714e+00
nan	-4.600767826746937628e-01	9.413477890883870103e-03	-8.801719983127476166e-01
nan	1.868171984091143711e+00	1.614953426720450169e-01	-1.765106704099433488e+00
nan	-1.562010925988084775e+00	2.633156086676621821e-01	-5.272192679925050696e-01
nan	-8.275642550509016981e-01	5.795346263380635188e-02	-5.332986622083668582e-01
nan	-5.065389957615893390e-01	1.281924759648158108e-01	-1.112278135085120745e+00
nan	-4.308393689612771138e-01	6.496152136691988321e-01	-1.190994339711965777e+00
nan	-5.459322902271919187e-01	-1.766176342130467147e-01	8.381572641489980491e-01
nan	2.709565669141755229e-01	2.196201232775772727e+00	-4.069095121066487741e-02
nan	2.072477680902931052e-01	1.197119570118312826e+00	-5.238435272452646174e-02
nan	-3.373725715052444674e-02	1.078219535420301689e+00	2.294778728231372245e-01
nan	7.466501877156450639e-02	6.603949976136902489e-01	1.542588686364966932e+00
nan	2.257215013492013256e-01	6.704387252496600835e-01	-2.755613310134904514e-01
nan	-8.619513292396644433e-01	1.305938535198492900e+00	2.998676889600344064e-01
nan	7.845890418308382186e-03	-1.531134712214718752e+00	2.065576096350362434e+00
nan	1.502221649177286622e-01	-2.108605139473469503e+00	-6.438560312915304618e-01
nan	-1.972238322065097638e+00	-1.688327387994192463e+00	-1.431893890641488198e+00
nan	-1.717612198310691118e+00	-1.132783023260893751e-01	-8.880760144972998926e-01
nan	-7.511381812506680022e-01	7.337680046482478735e-01	-1.551794844466815482e+00
nan	5.562684393330494803e-01	-2.376372272496360072e+00	-1.216496032928153115e+00
nan	-2.067797620652813251e+00	-3.473863610781314781e-01	-1.605329762555821826e+00
nan	-1.354480624988211535e+00	-1.153771587762514539e+00	-1.441177340243671168e+00
nan	-3.929766813189348174e-01	-2.174477387498569003e-01	2.381475489272888435e-02
nan	1.085578971606385057e+00	-1.338532872400870488e+00	-2.845788256840072195e-01
nan	1.180204182653369349e+00	-4.918171547207630251e-02	-2.754022873255193904e+00
nan	8.657714246577734585e-01	1.106968917215615633e+00	3.084924133572973792e-01
nan	-2.144839242682310410e-01	1.519212406135224680e-01	-1.144377486038569369e+00
nan	-7.965493272386667822e-01	7.998845732070575254e-01	-9.284792742498340079e-01
nan	1.628368759139939392e+00	7.164649806962256617e-01	-1.113197108127392809e+00
nan	3.205202045112517384e-01	5.272467090893323549e-01	9.711867267194489173e-02
nan	-2.020371303800538865e-01	8.987393803645045143e-01	-1.675305146751730145e+00
nan	-3.369402362150842212e+00	-8.572545502144742757e-01	5.042794106668184728e-01
nan	-1.836677315342296612e+00	-4.424713336797678753e-01	-3.269358531924933531e-01
nan	-8.999164866179470978e-01	1.223297108285396728e+00	-9.917541580290953895e-01
nan	-7.560479003576745516e-01	-1.569808361273266062e+00	1.150485715008340154e-01
nan	-1.140023318454096213e+00	-3.355753471664867371e-01	-3.334495213117030232e-01
nan	-8.597658553933764658e-01	-5.059816652078675814e-01	-8.173234854882824862e-01
nan	-9.496322893300906953e-01	2.519161166672074792e+00	-1.789149229917472717e+00
nan	2.476200640860206192e+00	-1.190170879053518149e-01	1.128227728597490515e-01
nan	4.980822959237337089e-01	3.851238170914245140e-01	-3.127520891024607730e-01
nan	-4.539601391924714680e-01	1.053993975519867732e+00	-1.237000925993449879e-01
nan	-4.824346767515614864e-01	-2.515254222041066745e-01	1.011478313244373428e+00
nan	1.291182568072904990e+00	-9.220955745121035552e-01	-2.513683324966259347e-01
nan	-1.902483793168114473e-02	-2.741149473380063428e-01	1.453791226543703852e+00
nan	6.537846373394300414e-01	7.231846725118719066e-01	5.832157705486709087e-01
nan	9.141494573352088038e-02	-7.267163303124546392e-01	3.398650282843346249e-01
nan	-2.062062018042261913e-01	1.887227967910968529e-01	3.585905627500859949e-02
nan	2.117147322660302977e-01	3.332393570481619050e-02	1.056387984444549399e+00
nan	2.139301831199551529e+00	-1.139709465398927257e+00	-3.144380207228717472e-01
nan	7.766220614607814987e-01	3.789254573998968034e-02	-1.302151281569059682e+00
nan	1.151437372109574531e+00	-2.997260994457870420e-02	-1.641345192956571886e+00
nan	-7.230149963004366409e-01	3.039866583197947669e-02	-1.727357104689655198e-01
nan	-1.814609213853674685e+00	2.058000428322118158e-01	-4.528996697949583816e-01
nan	-7.057525186808178974e-01	-7.761742635098963783e-01	-5.045490847940350410e-01
nan	-3.039843954061069109e+00	-1.856390145944130543e+00	-1.460085752387613400e+00
nan	-1.253905449046639475e+00	-4.057851717275948733e-01	-1.477354306988551524e+00
nan	-7.648919952581056947e-02	-6.060221615391333527e-01	-1.298610343485524066e+00
nan	-4.203283296236235422e-01	-8.464312701830509766e-01	-1.041994123021154905e-01
nan	-2.590652551393588965e+00	-1.289598864718551674e+00	5.651899026026312445e-01
nan	-2.615158318837329521e-01	-5.966910025931099204e-01	-1.094609679445953110e-01
nan	-3.934671895502702688e-01	-7.568497440642748542e-01	-8.837520294386986830e-01
nan	-5.923103619115864804e-01	-9.175374996050941201e-01	1.011971231470184085e+00
nan	6.601555946493523619e-01	-9.020145907936294449e-01	7.186625773298235265e-01
nan	3.796068354268352096e-01	-1.692892174211169110e+00	2.095966403045057547e-01
nan	-2.065775007437058441e+00	5.658461695017412696e-01	4.186893764668541129e-01
nan	-1.744265238597367818e+00	-9.696216762790288435e-01	-2.259266834816919256e-01
nan	-1.717971147101769125e+00	-1.363833909023466573e+00	-7.541491373119448838e-01
nan	-2.877761206081217438e+00	9.688324185563668145e-02	-1.674697538962279131e+00
nan	-1.886129720111530794e+00	-2.505085559784817395e+00	-1.166050268419523084e+00
nan	-1.690319809621410485e+00	-9.668893418662616313e-01	-3.203072455924526052e-01
nan	1.305027575349046565e+00	4.218769501559910262e-01	-1.336851464264711797e+00
nan	2.462337864169007462e-01	9.534315047593280301e-01	9.937281292728000759e-02
nan	1.592717721241377893e+00	-4.707761013772123748e-01	-2.897665271259484143e-01
nan	-8.640053867402865961e-01	-1.589016642527705248e+00	9.267693180491212712e-02
nan	-1.798601822811921824e+00	-9.736169679846108371e-01	-6.756951556509555035e-01
nan	-2.502757471782852683e+00	-4.650343648851696932e-01	-2.446305929992248496e-02
nan	7.540537121329132786e-01	-1.134958792177130027e+00	8.971705198104432677e-01
nan	-7.017439676177250618e-01	1.223702808725246172e+00	-3.699635021189168205e-01
nan	1.453903457578446190e+00	-5.729602186267807040e-01	-4.254180228411449383e-01
nan	-1.148236733779174901e-01	-1.002230905832998786e+00	-2.171976803893883812e+00
nan	-2.897910638734637612e+00	-1.721427069795480769e+00	-2.312673219834759930e+00
nan	-2.463782585219489007e+00	-1.266389159182704116e+00	-2.489913173362686027e+00
nan	-2.447745718784774205e+00	-6.750185949613625169e-01	1.127670745117488327e-01
nan	-1.458702803063862685e+00	-4.784018364529841194e-01	-6.445791923033401538e-01
nan	-2.171645480708515041e+00	-1.431836598155712625e+00	-2.420129497896119086e-01
nan	-5.319185130841613818e-01	-1.347864438661411812e+00	-2.241620388045231782e-01
nan	3.316083992367964139e-01	-1.256970544824521419e+00	-2.589872284588842444e+00
nan	-1.887690031963111359e+00	4.526492081550424484e-01	-1.413001692783555807e+00
nan	-2.512468814409014595e+00	-1.718929503107496037e+00	-5.252877552489733093e-01
nan	-9.690465122996094749e-03	-2.703255565981283581e+00	5.876609950505180535e-01
nan	-1.492625830491459693e+00	-1.379286010926028094e+00	-2.179393668678157869e-01
nan	-1.469970406697351795e+00	-2.072014141773718343e+00	-4.530301698138251565e-01
nan	7.514526906079528334e-01	-6.545579952340963015e-01	-3.265266968073927134e-01
nan	1.572483558554452321e+00	-2.826706569739334540e-01	-1.251877972985723231e-01
nan	-9.541105662410431787e-01	1.893090375092682631e+00	8.792196710721780217e-01
nan	-8.821155512888745331e-01	-4.701719457648970146e-01	-4.294952607942910117e-01
nan	4.702838019690346316e-01	8.541092539420231944e-01	8.644258632345358517e-02
nan	6.759633541300792414e-01	-1.749532409262945620e+00	4.743101259973800943e-01
nan	-5.647638394517251470e-01	-1.349989263356700553e+00	-9.472666864848267032e-01
nan	5.266623046772513916e-01	-1.004961636760855370e+00	-1.860416685817030569e+00
nan	-2.030852950627299869e+00	3.295223433413321801e-02	1.712075421075551773e-01
nan	-3.662775656987519723e-01	-6.975293924010139701e-01	8.316692344076540566e-01
nan	-9.611396189452582617e-02	2.845542726706835612e-01	2.243654311910518451e-01
nan	-1.686190063334507494e+00	4.435405927866140630e-01	-2.343693089781673233e-02
nan	-7.333474972345582765e-02	7.936135392497851715e-01	-1.151447277087767507e+00
nan	-1.247345304426690227e+00	5.269835614544111646e-01	-4.616276964779809089e-01
nan	-2.134594454773072858e+00	-5.939446441195294080e-01	2.086374314322347878e+00
nan	-1.658203731106735246e+00	2.422407555764876097e-01	2.188811060662558816e+00
nan	-5.332683103445393091e-02	-2.624295209696914100e-02	6.093066488348528598e-01
nan	-2.230233454303895413e-01	-6.775478135837423865e-01	1.307179370857057377e+00
nan	1.812454631822348228e+00	2.851554360184667125e-01	1.307502076707686811e+00
nan	7.776620705803900524e-01	3.875913853850296298e-01	-6.204849910670866553e-01
nan	-1.223939125476207090e+00	-1.788860816577235724e-01	1.752377955032396795e+00
nan	-3.810907181002137767e-01	-2.139280978330778016e+00	7.729259660485798822e-01
nan	1.404985492895774568e+00	-2.337568067287666640e+00	-2.199661953410735893e-01
nan	-1.600412049885298060e+00	-2.652070654860764765e-01	-7.285435994028893747e-01
nan	1.441445438053560402e+00	4.716913603688066559e-01	2.020750684430007826e+00
nan	-3.417944349411510263e-01	5.355948886855086410e-01	-1.582969037992537631e-01
nan	-5.486126394749880619e-01	8.989621702981728801e-02	1.968717221123623129e-01
nan	-1.341552552920513008e+00	-7.019791579945364735e-01	1.169622972175191400e+00
nan	3.928091328511060243e-01	5.225129869334966815e-01	1.683440569944516962e+00
nan	4.707772166812662085e-01	8.553570323561032751e-01	1.843102037734588805e+00
nan	1.530079672052057527e+00	1.409581538625290786e+00	-1.901226041345271955e-01
nan	5.751551805501120551e-01	1.935913287394981808e+00	2.645949203529391336e-01
nan	-4.306352266613537871e-01	2.565912734341910251e-01	1.036679182707421321e+00
nan	1.674294592478537957e+00	1.068592737819650917e+00	1.694123623747801899e+00
nan	1.979176284278072462e-01	2.671912684825528572e+00	5.454136347151483655e-02
nan	1.432805800090023451e+00	1.679269681149170745e+00	4.988489446488212353e-01
nan	2.651442653891916024e+00	1.936591674770150817e+00	-8.755620684785843100e-01
nan	1.026253783875011427e+00	1.269659750634811735e+00	-5.277543957044739109e-01
nan	3.857519389354294725e-01	9.737243491560494402e-01	-1.413385369519886581e+00
nan	-1.206828072296274867e-01	-1.577923703185237225e-01	-1.439083077166264657e-01
nan	2.360741157555004133e+00	1.262489233660089027e-01	-2.721121311401132337e-01
nan	-1.977119190732665732e-01	1.075941758875284204e+00	5.368445195361425393e-01
nan	-9.177339955683907480e-01	-2.581977065227612833e+00	1.692457849514167334e+00
nan	-1.315820239933786606e+00	-5.360780651549090781e-01	6.477391604648163881e-02
nan	2.239288470825836486e-01	-1.488734519054908945e-01	-3.023750322580910921e-01
nan	3.551329923754197315e-01	-1.314718485484527744e+00	-4.275874813764543592e-02
nan	-1.053444390887983140e+00	-1.089328804003343976e+00	-8.192596390442552501e-01
nan	-9.992192040795475627e-01	-3.110887874533265207e-01	1.861099612026873018e-01
nan	6.307255896094338121e-01	4.460591806408800153e-01	-4.957365350014547034e-01
nan	4.870797573599532360e-01	-4.115851465177969848e-01	-1.469344560610479133e+00
nan	3.809604147070917435e-01	-1.161124420832122528e+00	-2.888406171056736027e-01
nan	-8.197027871333411042e-01	7.704563725105811889e-01	-5.033993764173786412e-01
nan	-1.225055858208328186e+00	-4.536226490877409145e-01	-7.367148834473181696e-01
nan	1.445631410017694796e+00	8.182766586225158623e-01	-1.753024727203224886e+00
nan	-2.571162692806853167e-01	-3.753470285939980444e-01	1.516612376355765401e-01
nan	-1.463425460360174846e+00	2.550442653153615069e-01	-4.197313236264010872e-02
nan	8.713900200295381371e-01	-1.086813543264806947e+00	-6.534458891464861585e-01
nan	-2.862929997848224772e+00	4.797500910240530547e-02	-6.464259869818100857e-01
nan	2.947564669104254520e-01	-7.022026364403948229e-01	-6.396906112198775807e-01
nan	-7.771501438374226467e-01	2.449185413679964562e-01	2.767768371346965295e-01
nan	1.410105801498450495e-01	-1.952333207303299789e-01	4.480986080020117612e-02
nan	-1.815425045059763931e-01	-6.733533834484997094e-01	-5.191663368865917505e-01
nan	3.732489012968501219e-01	5.973762395773059009e-01	1.243550244536547833e+00
nan	-9.319225750335802250e-02	5.056667566939894165e-01	2.697821758521096402e+00
nan	7.038894853034404209e-01	1.130998828209185125e-01	1.243548155443348513e+00
nan	-9.088820144706788451e-02	3.828169371108269825e-02	1.305183504352164459e+00
nan	-1.694327486866520349e+00	-7.419938364295528554e-01	-3.130683188348090673e-01
nan	-1.278344186588812326e-01	-1.545000306662338563e+00	-5.607769824450095086e-01
nan	7.547470885588772882e-01	-7.851066908167025904e-01	-8.456687781294779382e-01
nan	-2.469374709988091110e-01	-5.006215977259945715e-01	-4.511714886509943234e-01
nan	-3.902261351071476536e-01	-1.042719281731746328e+00	2.036426590366235967e-03
nan	6.775964379158624373e-01	-1.120999317416660590e+00	1.854280964902401130e-01
nan	-2.039314945465171003e-01	-6.747350668114346917e-01	-8.918308500297802421e-01
nan	-1.910326353831544477e+00	3.670596301720912003e-01	8.338193119073089576e-02
nan	-4.927635465789857450e-01	-5.044141293375892232e-01	-5.106497631041285734e-01
nan	-1.642225064800120871e+00	-2.449262312568417643e-01	1.451737048023735155e-01
nan	-9.019390019235187239e-01	-1.522522230418677402e+00	5.255589552918749074e-01
nan	-2.114304873483558112e+00	2.747082243235542398e-01	7.827793872682902165e-01
nan	-9.401031614155107574e-01	-1.426301956189966358e+00	-1.411598308962457082e+00
nan	3.858290155809296351e-03	-9.248540016611270786e-01	-2.475468228228527856e-01
nan	-1.706062302771079453e-01	1.027874344584842170e+00	9.234151622693093087e-02
nan	-1.209273569755974442e+00	-1.874467613531318744e-01	-1.080854722391672906e+00
nan	-1.681902354820748791e+00	-1.423048341982169784e+00	-1.649074659868126735e+00
nan	-1.962874422467575819e+00	1.488804093469038303e+00	3.752483875258860735e-02
nan	9.801674205390862316e-01	-7.058895784521161954e-01	-3.475417431705948856e-01
nan	2.391107327743895727e-01	3.894619460534172184e-01	-9.314397521744024466e-01
nan	3.355385519125246296e-01	1.097727803792925005e+00	-1.165158062558398600e+00
nan	9.644297301087662033e-01	2.054159464304754046e+00	3.312056286894909274e+00
nan	2.758685026892314429e+00	-1.053598771776947940e-01	2.020786822748532607e+00
nan	1.455782162267879709e+00	1.102003251444591880e+00	-2.542403369544122826e-01
nan	1.492829589031839710e+00	1.169342486409503223e+00	-2.248033653447029656e-01
nan	1.345818863735243509e+00	1.038459065744610665e+00	7.664808108621499194e-01
nan	1.299029470321207302e+00	-2.458953957813103663e-01	7.896975059458757329e-01
nan	7.865768306067866256e-01	-1.375605461379803551e-01	1.215474419125619265e+00
nan	7.279110026326357508e-01	-2.599791209706894257e-01	1.453727712999975719e+00
nan	2.298299231703478940e-01	-2.937202095247368194e-01	1.386930341652011789e+00
nan	1.949118679811104871e-01	-3.892491825158458374e-01	-2.551065933157029009e-01
nan	-6.667887481076576472e-01	-4.107295340667219130e-01	-1.169817449032169998e+00
nan	-2.377370553286800026e-01	-5.747859908929373596e-01	1.731909980834349105e-01
nan	-6.052659446568184887e-01	-1.239199085431785807e+00	1.747809304916677187e+00
nan	5.085635773815390115e-01	-1.806308112810187438e+00	1.061632208549097678e+00
nan	2.206045817735653891e+00	-5.718257191876658929e-01	-6.072376593841301018e-01
nan	-4.018541739025016102e-01	1.854478562881572534e+00	-1.230185094705658511e+00
nan	1.151057840382074149e+00	3.004824852056291462e-01	-1.927517340043697125e+00
nan	1.459654155438684597e+00	-7.383579874161372292e-02	6.679138271350372191e-01
nan	1.803539755559657509e+00	1.759561995402916690e+00	-7.286956137548685764e-01
nan	2.078092203931230841e+00	1.398043024185972705e+00	-9.850835149845045269e-01
nan	-1.896614885845006038e-01	1.547095784235437588e+00	1.229679793170332269e+00
nan	9.153235267532534580e-01	-7.074885576748478622e-01	4.887058305268178748e-01
nan	5.199632071802288147e-01	-2.290398195280285432e+00	1.299446232564635872e+00
nan	-2.190396175056076589e-02	-1.446784361818252318e+00	9.391689205421216435e-02
nan	-3.859788409528227549e-01	-6.804077365061588223e-01	2.769745801792292683e-01
nan	5.202119570818983241e-02	-4.507801569643688500e-01	-1.802852935615409491e+00
nan	-2.610337547815920090e+00	9.513632976083798987e-01	7.005246114573603355e-01
nan	-7.713718647486752511e-01	1.522482073473378494e-01	8.856339759619031859e-01
nan	4.005191566302095385e-01	-2.440970914127183367e+00	-7.036944089810515113e-02
nan	-1.445328124502397449e-01	1.537021237395717943e+00	1.203315222253412697e-01
nan	1.655876347466241350e-01	1.491695502812446228e-01	-1.198902196756534533e+00
nan	9.154793168327109987e-01	-1.296643932446967185e+00	5.367369762419278434e-01
nan	3.611022928361814488e-01	-2.998456222511109992e-01	1.161130197322085333e+00
nan	1.853749633009274866e+00	-5.904868743824525090e-01	-2.448266873692209189e-01
nan	-8.191030050832297515e-01	3.818900402065080191e-01	-5.892597332765924234e-01
nan	5.810149809207982852e-01	-5.790976579693873916e-01	3.823483289894198389e-01
nan	-9.801327192947173472e-01	-1.048139082623830848e-01	5.059156536403752735e-01
nan	-1.448009183323121007e+00	-5.617657712977652817e-01	-4.143921274044211067e-01
nan	-9.611620253814801007e-01	-2.319389313020647214e-01	6.025785212689453996e-01
nan	2.203115207811711329e+00	-4.315366177070362186e-01	4.079873615965174949e+00
nan	2.179868640622206755e+00	1.277879336946224909e+00	2.086087445114483963e+00
nan	7.783979225418213854e-01	2.109378752962854264e+00	1.746674045002971187e+00
nan	1.746634385918464316e+00	8.756783894010964353e-01	-1.848708114909314304e-02
nan	2.938933443283878177e-01	1.754528783346765985e-01	8.134203981383272275e-01
nan	1.638244975090288047e-01	-1.182739416671778176e+00	1.109413737330889438e+00
nan	-4.384544972651053807e-01	-7.068799722056168244e-02	-4.059763305658716792e-01
nan	-2.617998335692698908e-01	-7.946304361828102625e-01	-4.936556351924065722e-01
nan	-1.538701411755943660e+00	4.302506411039259127e-01	-2.314013870263036843e+00
nan	-2.909132104935045149e+00	-9.910619358899690479e-01	-3.493654319089745108e+00
nan	-2.217758650780116358e+00	-8.157603137165398977e-01	-9.735784900053263691e-01
nan	-6.182229371386933625e-01	-6.834654959371870842e-01	-5.647592267306325020e-01
nan	-6.110652612316940235e-01	-2.073622786679377716e-01	1.149686651233685630e+00
nan	-1.552683642043983125e+00	-4.303092592003530115e-01	-1.575290328352327851e+00
nan	2.419090761050395333e-01	-1.081560195477718200e-01	7.531767552406958277e-01
nan	-2.451422361065103139e-03	1.143714436261205281e+00	7.590472776121580667e-01
nan	1.073208792279303658e+00	-2.716158174537837144e-01	-9.050486776606392336e-02
nan	2.126752044279239140e+00	-7.048821042244970414e-01	-6.328647404713155789e-02
nan	5.883703579419354845e-01	4.918576768993360160e-01	-8.033664292830738907e-01
nan	-4.580268548334718859e-01	-1.983641140345874909e+00	1.160587539762611531e+00
nan	4.901314303792616012e-01	-5.813335229296756612e-02	9.500825070454324006e-01
nan	5.859458344403435381e-01	4.905231554318041365e-01	2.294360668047659590e+00
nan	2.237301273210832164e+00	8.926896348009516480e-01	7.469479135791811109e-01
nan	8.958856123516842906e-01	1.712136113210835475e+00	3.026080918150150234e-01
nan	2.336828286964850676e+00	1.489059129457064978e+00	2.229906635841776286e+00
nan	2.739180283728407161e+00	-7.517890511434508483e-01	9.169425727682973815e-01
nan	-1.547728984896228788e+00	-4.518405951262023379e-01	-4.486149257216120456e-01
nan	-6.161815829622597773e-01	-1.559081953529081854e+00	2.088651971393856721e-02
nan	-3.538992786820902570e+00	-1.662879186223667372e+00	-2.312530245632117509e+00
nan	-4.090906602972484762e+00	-3.209005572555756469e-01	-1.151776281185623363e+00
nan	-1.862231190118071256e+00	-1.877804993621964291e+00	7.870585671610097478e-01
nan	-1.325779885672718539e+00	-4.935494589922497788e-01	-5.304751371847786778e-01
nan	-1.539120957622217567e-01	-1.875834280626917927e+00	-1.097618408971718251e+00
nan	-7.046475489265344727e-01	-2.948691610427712773e-01	-2.445995084711563017e+00
nan	-1.379127790577614032e+00	-1.401947332756581677e+00	5.345357849748991752e-01
nan	-1.077002442228459866e+00	1.796771423065503637e+00	-1.555245780219047358e+00
nan	1.004932963532194190e+00	7.342403128699490633e-01	1.085659135603549430e+00
nan	2.152226225554942918e+00	7.956791882398994709e-02	5.760602887755730261e-01
nan	1.153177935852234715e+00	-7.092528684116872206e-02	2.077853463066774431e+00
nan	2.548158552369949037e-01	-5.285678744994665168e-02	3.486915867697500948e-01
nan	-4.607260749370990505e-01	-4.532069595522916217e-01	1.828415803806917816e+00
nan	-2.535581531661188492e+00	1.670428667471136830e+00	-2.398918278942880455e+00
nan	2.735400413203642467e-01	-5.064305058956871664e-01	1.220797770515268388e+00
nan	1.476603329356392047e+00	1.176552359316336061e+00	4.859574100261713214e-01
nan	9.833651519753641157e-01	1.416464496885744273e-01	-5.294761342362546142e-01
nan	1.676141727097117118e-01	7.922751963896709215e-01	-1.936511894466227401e-01
nan	5.861424610297150117e-02	1.428271478907061354e-01	-4.070345560076543689e-01
nan	-2.428905270126557880e+00	8.156360277465608544e-01	8.826642571761003087e-01
nan	5.647777502388069415e-01	-2.556300814960761336e-01	9.917074367243600141e-01
nan	2.954652919241650411e-01	-4.117353681481399352e-01	7.427452576298164688e-01
nan	-3.515302522484397008e-01	-1.775425969554938754e-01	1.064531571559013123e+00
nan	7.094383536489575759e-01	5.249455080401482787e-01	-3.681325357675956922e-01
nan	1.913318534862306741e+00	1.045943312130043212e+00	-2.164798490944049192e+00
nan	1.494798081026637027e-01	7.704707673911832533e-01	-1.540984945988876920e-02
nan	-4.555592331171377518e-01	1.550686666648344092e+00	1.825333444559317897e+00
nan	4.010392164900662970e-01	-7.288244275295364671e-01	9.694758423594207475e-02
nan	-2.126466167968522336e-01	-2.209784438734667122e-01	-1.220796830840109815e+00
nan	4.919574174130319499e-01	-2.308854172488158607e+00	1.403188756354086242e-01
nan	-2.338997302918371934e-02	-6.794838896763519820e-01	1.039105263131088197e+00
nan	9.829308604610399736e-02	-1.091789047505885346e+00	1.242633553214586017e+00
nan	-8.514415086360923590e-01	7.934509939593705763e-01	-1.172047943755115451e+00
nan	1.721188949054597295e+00	1.014247847362252264e+00	-1.339005621344419694e+00
nan	5.803287595779581531e-01	-2.378539593256279172e-01	-3.717330967735531511e-01
nan	2.849335223701406905e-01	-1.119805325815542707e+00	1.215896882657367284e+00
nan	-6.746137423093935548e-02	-5.790357763342044439e-01	-6.543052578050809753e-01
nan	-2.821360507036094756e+00	-3.979506460350595853e-01	-1.048655724156730473e+00
nan	-2.505907135682146070e+00	-1.041665104377640372e-01	-1.706755427997820318e-01
nan	-1.044094564652841672e+00	-1.583371862919530804e+00	-4.426202319363235493e-01
nan	-1.935396812987009607e+00	-1.180032242966240652e+00	2.253496169188274889e-01
nan	-1.062838719289499689e+00	8.089513701925892253e-01	6.286130205127593573e-01
nan	-9.012588536079824131e-01	-2.041732488497517650e+00	-2.645108122367142434e-01
nan	-1.386816062662700411e+00	-5.206952467140835150e-01	-8.518357544664867387e-01
nan	-1.647908251112672140e+00	-1.602397169622200135e+00	-1.027578903352674100e+00
nan	-2.667308792315944199e+00	-1.999131378658891123e+00	-6.564642205366642003e-01
nan	-2.525400494585996469e+00	-1.796290569871182408e+00	-9.003292585065185705e-01
nan	-1.970303530292104810e+00	-2.020986454887176098e+00	-3.948333190725816788e-02
nan	-1.487663656727167272e-02	-1.689205508611608675e-01	-7.497637824108468463e-01
nan	4.672427754875183026e-01	-6.233599621494686494e-01	7.773688487470120645e-02
nan	5.827030468223234339e-01	6.341906697688023398e-01	-9.422872338441885542e-01
nan	2.012343964029868204e-01	2.102785227235903776e+00	-9.798948120172534804e-01
nan	7.714161668833998675e-01	9.581482120097504218e-01	9.919343045648518209e-02
nan	2.370622841392608482e+00	1.548554376184496650e+00	9.135003916819786074e-01
nan	1.461645942601785597e+00	1.572016284098947558e+00	-2.338648276271229065e-01
nan	8.167198290020019069e-01	-2.331107539022825303e-02	1.229220314566546568e+00
nan	9.470859869541692344e-01	-4.942107618078921405e-01	-5.233924754686499758e-01
nan	-3.388717786269835330e-01	5.435896074970276715e-01	4.750873124928883251e-01
nan	5.387708362175540611e-01	-1.871214867452682951e+00	2.579543488236304971e-01
nan	8.504924868336292132e-01	-1.935187347141454461e+00	-6.422737814462423644e-01
nan	-2.296484477651806966e+00	-2.217217064049881614e+00	-2.616829287824610439e+00
nan	-1.555620409018833250e+00	-2.774504146856076048e+00	-2.566733360623969507e-01
nan	-7.189307566669992378e-01	-1.902917541613262653e-01	-1.421694450589452874e+00
nan	1.274308733245405723e+00	4.120364175053082834e-01	-1.734234125541369576e+00
nan	-1.852464414296110196e+00	1.650877967938334745e+00	-1.186031851320733299e+00
nan	1.791832550479212083e-01	1.584763192313569380e-01	5.689288375394284669e-01
nan	1.382272318596872385e+00	1.332267672860218966e-01	5.803866306472140746e-01
nan	7.853246050545381607e-02	-1.839210520134504367e-02	-5.344686936900897578e-01
nan	7.671317264163424188e-01	-3.674017904684063751e-01	-1.045097374829199177e-01
nan	1.409665981109955224e+00	-2.615037039641062711e-01	-1.319808517579027507e+00
nan	-1.594057805247788506e+00	3.230560975390672218e-01	-2.118162312383414236e-01
nan	-2.825353386592550642e+00	2.128153520888190098e+00	-1.047129355845331844e+00
nan	-2.322985379702042774e+00	4.251491714191207860e-01	3.550637728672426663e-01
nan	-1.854885499701614537e-01	-2.035033103737434956e+00	6.587550423306810510e-01
nan	-1.850188857249474239e+00	-8.451455213970631153e-01	-5.552604935332741132e-01
nan	-1.050969147022239980e+00	-2.023461966482986707e+00	-2.741457510022047295e-01
nan	1.160066338530170160e-01	3.096759685296068820e-01	-1.751228941426419272e-02
nan	1.105321633706577877e+00	7.454875910251312909e-01	-2.259753688383262793e-01
nan	-1.130577690671684898e+00	-1.579520694786537005e-01	6.762918565717021546e-02
nan	-8.002258902273238217e-01	-6.512113359520554923e-02	2.425530654102319578e-02
nan	-5.229583487686799703e-01	8.799331675881914006e-01	5.632667932659318755e-02
nan	-1.332672254219413599e+00	1.396277258584464498e+00	-2.178723353808945884e+00
nan	-3.189768808246002951e-01	-5.394073768872839070e-01	-1.767479017089653937e+00
nan	-5.051852236994780476e-03	6.463713307479717063e-01	-3.936214101561759104e-01
nan	-1.500042639546458056e-01	-1.168597336419223476e+00	-8.342929083809191848e-02
nan	1.422507046356706661e+00	-2.534953894419089249e+00	1.343302448475568234e+00
nan	-5.826189438670444920e-01	-8.879494604619052600e-01	2.447484724166542613e-01
nan	-3.796160005538051774e-02	6.436891926838845812e-01	-2.924867530489220768e-01
nan	7.793579200551629116e-01	8.234501057216159214e-01	-1.319190200451233252e+00
nan	-4.818368170332449907e-01	-7.764830872934064265e-02	8.379799923176988186e-01
nan	-1.216625534598179126e+00	-9.450390570087097153e-01	5.513312477207086282e-01
nan	-7.607189649618150140e-01	-8.752557250026591351e-01	-2.248859012574831728e-01
nan	-2.155472118392380398e+00	-1.228006226708313608e-01	4.455949153331253410e-01
nan	-1.297150431880527144e+00	-6.942966173723259526e-01	-8.371314453231148978e-01
nan	-1.507580612420882371e+00	-1.822613263765015423e+00	-8.173229252451579274e-01
nan	-2.695153068862304879e-01	1.274065379464870418e-01	1.685266632491062788e+00
nan	1.094122289416862737e+00	-1.240183254787291522e+00	1.729011695144732741e+00
nan	1.121059259893092186e+00	-2.521265537773182519e+00	-7.557991403394418439e-01
nan	-4.509940556080705987e-01	-2.405613572576739134e+00	-1.197802541361245199e+00
nan	-2.137937565388768668e+00	-7.397503906524205419e-02	-1.202406658112032956e-01
nan	-1.064741178906809527e+00	-8.158441172600007230e-01	4.062809824844546558e-01
nan	-5.497566517024455868e-01	-5.508035384657697930e-01	-8.780714125403165093e-01
nan	8.168859257368921156e-02	1.290519191053935089e+00	3.912216577924278460e-01
nan	1.405314172200825329e+00	1.333224692785467402e+00	-2.049213108309421161e-01
nan	-2.940977393667827400e-01	-5.975181737837168550e-01	8.405341920944919831e-01
nan	-2.592693260273834621e+00	-3.106588723612849101e+00	3.043007769957334907e-01
nan	-6.786677870467415774e-01	-2.014325288126570523e+00	-1.783494025342406530e+00
nan	-5.526704722609292464e-01	-1.421137752372429119e+00	-2.792431795955649942e-01
nan	-8.003883153612199042e-01	-2.273024182946896676e+00	7.030354298605051566e-01
nan	-1.879885452975730953e+00	1.104476382340159102e+00	4.461134880281463766e-01
nan	-4.829132976129513199e-02	-4.042059162069980838e-01	-1.407124398979974211e-01
nan	2.030876424289936588e-01	-1.278087922609822291e+00	-1.139165745308941435e+00
nan	-1.739370086971699925e+00	-1.252568184323852751e+00	-1.005078772978627910e+00
nan	-1.153504983161649067e+00	5.185495321904012300e-01	-1.659742050601501484e-01
nan	-9.780675316952939236e-01	4.154005733020831315e-01	7.899760765508285765e-01
nan	7.253832388656988872e-01	-5.792289050762728930e-01	1.725458339724915413e-01
nan	-4.924964165016962880e-01	-9.446632656433607833e-01	-6.891849417407724943e-01
nan	8.617614166099015760e-01	-4.782986049197386347e-01	-5.122970404449925796e-01
nan	-9.183917451153245093e-01	1.668709143934706152e+00	-8.400766652614100050e-01
nan	4.483742553958778299e-01	1.271267989528120257e+00	-3.241354088943031453e-01
nan	4.856872090847916268e-01	2.596681369115515503e-01	5.676744880580861796e-01
nan	-2.342433406394596740e-01	1.534387880569937634e-01	3.678216434630334764e-01
nan	-8.619136369460818070e-01	-6.647551022369534435e-01	-3.014277874542625746e-01
nan	-1.537271186001385015e+00	1.086883539100184093e-01	-6.217155855160260147e-01
nan	-4.309337495900080195e-01	2.639478964470652333e-01	-1.234216084289333715e+00
nan	1.740228278960764596e+00	6.133545692545705474e-04	2.887183418570165028e-01
nan	-1.414250767247831497e+00	-2.085838593847226807e+00	-2.259546746683002982e-01
nan	1.320941716635455343e+00	-4.810687697951618880e-01	-3.977201859059171229e-01
nan	5.516255805814905822e-01	1.043736921069636781e+00	-4.829385050070752472e-01
nan	6.725130719697296477e-01	-1.794541970682414500e-01	2.164976284513114635e+00
nan	1.837759896924818115e+00	-7.694724563330692657e-01	-5.216256501240457144e-02
nan	-4.244074348623982917e-02	3.768250261545510460e-01	3.442309354092755180e-01
nan	-1.649945218659848889e+00	1.908517141428304198e-01	-3.988031637140363461e-01
nan	-7.329805360680829995e-02	-2.251531579895078128e+00	4.799386863149679994e-01
nan	-2.306966996377897594e+00	-5.645066631610540231e-01	2.023983094967432450e+00
nan	5.162595853771400067e-01	-2.081356292731741053e+00	-2.050724974349718011e-01
nan	-1.138598235698004890e+00	-2.722368087798767156e-01	1.680956087854833525e-01
nan	7.479848510987856525e-01	6.627692941611166288e-01	-1.997681723117515462e+00
nan	-1.372206586051219146e+00	9.696053931182815333e-01	-1.247081003489059814e+00
nan	2.034870818097330170e-01	-4.963003920875361241e-01	-1.012602217706867341e-01
nan	1.866753076363712571e+00	4.665729833107676860e-01	6.171257331636468280e-01
nan	1.809714358649743726e+00	2.742110875677698512e-01	1.830243438448131865e+00
nan	8.821047687107899105e-01	1.018583605629504341e+00	1.988951892323322035e+00
nan	3.336926636894921305e-01	1.766568630278414709e+00	1.641007506215264922e+00
nan	2.715945153193020101e-01	-7.919937838613455572e-01	2.211064857218395296e+00
nan	1.450302843749367909e+00	8.489055704914703071e-01	1.014243900772502371e+00
nan	3.613510825771031332e-01	4.106215686589075875e-01	3.876876959716757387e-02
nan	-7.587974115317408508e-02	2.148207435607225602e-01	-1.384187149381642390e-01
nan	-8.011616839162644110e-01	1.348123748057817872e-01	-1.491018280958226860e+00
nan	-1.016326373701498920e+00	-3.135289579082150557e-01	-1.170698143744551167e+00
nan	-1.175073345627727139e+00	3.951279989328583264e-01	-1.427485735647293419e+00
nan	-1.219656181512907445e+00	-1.573946162341707922e+00	-9.413570168164870910e-01
nan	-1.130587184848514282e+00	-1.381639489541029553e+00	-9.632235271505702467e-01
nan	1.099153328717505929e-01	1.857660193576401442e-01	2.066691688506192559e+00
nan	-2.963703595209793429e-01	2.760405383950343072e+00	5.468447863387564389e-01
nan	-5.496079644698682598e-01	2.538493948910786724e+00	1.032465632712894710e+00
nan	-1.919214949115919611e+00	6.875977666461874360e-02	1.813555575675648068e+00
nan	8.073218718800646565e-01	-2.804848544099774355e+00	4.233035550094021993e-03
nan	-2.217705928673958105e-01	-1.032962385257362614e+00	-2.952006896158707594e-01
nan	-3.888356483431457677e-01	-1.259839685389139818e+00	-1.210068501233242166e+00
nan	-9.589474124740815508e-01	-3.804217174293444415e-01	7.791101955099197784e-01
nan	-2.193994968841222359e+00	-5.007967397724554237e-01	2.192038707415898902e+00
nan	9.760494754820396857e-01	-1.421910271452145880e+00	9.297739179226849338e-01
nan	-1.487629506665845147e+00	-9.134160942517036141e-02	-1.065406957268277388e+00
nan	8.294034517021798836e-01	5.907919590124712794e-01	-1.728504265388447481e-01
nan	2.064330919613490134e-01	1.111902883358878658e+00	-1.155190054871069627e+00
nan	7.556651650297891987e-01	1.844873323939152099e-01	8.039754386703920272e-03
nan	-1.488511891256360409e+00	1.044967968104778322e+00	1.635143819710339619e+00
nan	-8.785156594882114200e-01	9.178768518184885483e-01	-2.400676453806084298e-01
nan	1.828924050664097578e+00	7.664411057809508154e-01	-1.141126158243805477e+00
nan	-5.544596817545766054e-01	6.038229170232675136e-01	4.327530527539978911e-01
nan	1.609607222839969154e+00	-1.717079922525916791e+00	1.315186849504860200e+00
nan	-6.129981138094822146e-01	-1.283958653353722390e+00	-1.387803134592389576e+00
nan	-3.387664917479026094e+00	-4.341233280197844269e-01	-7.114611008786128066e-01
nan	-9.848634483020473063e-01	-9.006284728105478088e-01	-1.298966328714605822e+00
nan	5.106976038232589055e-01	-2.614102612115820179e+00	-8.753737158271293062e-01
nan	6.129314566953836252e-02	-5.187447438120662557e-01	-1.337363498200632606e+00
nan	-8.236501625406824623e-01	1.621032643331950795e-01	-8.749108003047451065e-01
nan	-6.067071444183782525e-01	-4.282553857144824616e-01	-1.188265979386875365e-01
nan	2.659183523125097093e-02	1.024693403382456736e-01	5.722656443531498605e-01
nan	-5.654833229726998756e-01	7.589455356894613258e-01	-2.842953142823392287e-01
nan	2.997591388925373024e-01	1.077124212995366426e+00	1.676389450659429570e-02
nan	-3.165712432871564119e-01	-5.394042617601257916e-01	-3.863135536887832289e-01
nan	-3.526299477069903543e-01	1.137798951442401840e+00	-2.997673133492868014e-01
nan	-2.543473470697109051e-01	7.794315549240111718e-01	2.763343154578196126e-01
nan	-2.376227478876672683e-01	-2.208882381829118946e-01	1.107957886923200075e+00
nan	7.615942013480595518e-01	6.944778591738822726e-01	9.145323069620158174e-01
nan	-3.087731501286689051e-01	1.233471229324087926e+00	-1.272312878023906801e-02
nan	-9.300816450428515125e-01	1.319704324553511610e+00	1.335753183582045756e-01
nan	-5.002601835868281110e-02	1.084827221229038297e-01	-2.498658247074814653e+00
nan	-1.604052588223231934e+00	1.150256336597598184e+00	-7.378974103858300104e-01
nan	-1.134351478840491589e+00	-8.822214921545989963e-01	1.166268120983400491e+00
nan	7.626560774117456809e-01	-1.694762680774626551e+00	3.792177754113273958e-02
nan	-3.654626489862040639e-01	-3.005887549923779711e-01	-2.521188417797521009e+00
nan	-1.021419444239245911e+00	-2.276843905511019839e-01	-1.563149547738849732e+00
nan	-7.382731012872906229e-01	1.468993773586853013e-01	-1.930126440792489517e-01
nan	-1.972720609322760332e-01	4.822645948130929172e-01	4.375152863865595931e-02
nan	6.630205723424575925e-01	1.196775411161606684e+00	1.348786848314407649e+00
nan	1.572996399632952347e+00	7.835188877312181388e-01	1.093035807800642356e+00
nan	-1.090514773962927286e-01	-2.417352261289144044e-01	2.181735974353735674e+00
nan	2.492198900769090342e-01	1.393962127918509375e-01	1.715616650001736243e+00
nan	1.571353371500531781e-01	-1.227033609868248387e+00	1.028923675577320340e+00
nan	6.108115007176130318e-01	-1.352017927511500739e-02	1.118310987452656224e+00
nan	2.107739847951516143e+00	5.504373875180639253e-01	1.061599881100258713e+00
nan	1.319266829098747262e+00	1.136929357608336133e+00	-5.148866776740553819e-01
nan	1.770216565543009102e-01	4.383029576059548904e-01	9.419979900030410747e-01
nan	7.560725432444037608e-01	-1.755059765501353786e+00	-2.439793064484913288e+00
nan	-9.288011143815217974e-01	-2.408586997285898423e+00	-1.144698639392387474e+00
nan	-2.136880051038786199e+00	-9.108616528684998492e-03	-2.815864721090814982e+00
nan	-1.562718200103474731e+00	1.567623660324013457e-01	-1.389492306572331248e+00
nan	-1.501701595597386252e+00	-5.766658584500161666e-02	-1.794481132448271510e-01
nan	5.037402015166644320e-01	4.438638551164074131e-01	-1.780110128272017755e+00
nan	-1.327868290548699148e+00	-7.439219283138007732e-01	-1.014252998828518937e+00
nan	-1.916268844492989398e+00	-1.383438837030998236e+00	-6.476450028593251362e-01
nan	-1.517207906415499963e+00	-1.466514443382125332e+00	-6.818395089657691699e-02
nan	1.238773464315444661e+00	-1.981932018650170324e+00	-8.357585621369222340e-01
nan	-7.449025789427303756e-01	-4.022490921446245649e-01	-3.721634796206846563e+00
nan	-3.011325346952343107e+00	1.912063314453651408e+00	-3.453614444493060542e-01
nan	4.222479435997968378e-01	-8.137228845168048563e-02	4.465015212786899168e-01
nan	-1.489426081978143968e+00	-5.874161778402636758e-01	1.205870383222487741e+00
nan	3.883107575124093436e-01	-1.397677965630865771e+00	2.677661319346885671e-01
nan	-5.192982514603787791e-01	6.992027224786029338e-01	1.408123062959322214e+00
nan	-1.807543593950297067e-01	9.217647445204488754e-01	9.797140920522324770e-01
nan	-2.361411989396597910e-01	2.437099501367445686e+00	1.204534045073655246e+00
nan	1.646485108930756835e+00	-1.038547131545797253e+00	2.365372635987333716e+00
nan	-4.293073167665151235e-01	8.985680405931645298e-01	1.987543378195352206e+00
nan	1.675803455943135623e-01	-1.078548379304324623e-01	-7.075926025455117063e-01
nan	-6.211461049940651957e-01	-1.683193833021377817e+00	-5.667947259477171817e-01
nan	-1.505268715327737983e+00	1.175414065957788301e+00	-6.352369268485358322e-01
nan	-5.969744838024120259e-01	1.069950437513783381e+00	6.405184795874221404e-01
nan	-1.547045286159908217e+00	4.764104808200044228e-01	2.312031105027327005e+00
nan	1.359357989805993094e+00	-1.921526935289414872e+00	-2.448815222920117662e-01
nan	7.866810687204393027e-01	2.678442148075296236e-01	-2.136846611808476126e+00
nan	-8.776706334472670346e-01	2.166894665272101506e+00	-4.956374933723698972e-01
nan	8.186115241896207984e-01	-6.944897576231721104e-01	1.572228241451888220e+00
nan	-2.688534344370550055e-01	1.160722490333178758e+00	2.550507892358625739e+00
nan	2.151685099107124799e+00	-5.058319769337278338e-01	-1.107610603203889710e+00
nan	-2.807961779514087652e+00	6.135737654963071552e-01	3.046631851319830386e-01
nan	-2.089964677900980394e+00	-8.767514845360369069e-01	-3.026393628456335305e-01
nan	8.279296538725052779e-01	-9.597403230077250491e-01	3.094349015736254649e-01
nan	4.888091211981748785e-01	-2.486189261840060283e+00	3.240158931250542440e-01
nan	7.797834713503060122e-02	-1.733223270344447675e+00	-1.344697177640948427e+00
nan	-2.098357112935038682e+00	-9.256305884968420994e-01	-1.027520925490055692e+00
nan	-7.605148968974433377e-01	-2.720756371204425150e+00	-1.841888464784894319e-01
nan	-1.165845602180804352e+00	8.496673492199025013e-02	-1.777563669632548748e+00
nan	-1.720611629619204219e+00	-4.759983729981805967e-01	-1.586820920288076753e+00
nan	-1.309172865555929155e+00	-1.243791555712860486e+00	-1.502968203271275005e+00
nan	-9.654902443640505094e-01	-6.453292511754007421e-01	-9.583350211875186764e-01
nan	-2.888551219447602070e-01	-8.939133973233519548e-01	-1.834912074677416571e+00
nan	-1.508813890953072390e+00	-1.128785449674741814e+00	-2.025942034025745020e-01
nan	-1.041662603062501802e+00	-2.883154153680226317e-01	-1.664311400133786201e+00
nan	-6.058709478234420853e-01	5.921332287209148948e-01	-1.577037664060659816e-01
nan	2.192159357796726743e-02	1.898115246158496028e+00	1.632196141961956393e+00
nan	1.111472990088893553e+00	1.550720715061610466e+00	1.429512011223519341e+00
nan	2.191358608227555127e+00	-3.152190156954466360e-01	-5.351807733236444431e-01
nan	7.846194248548554739e-01	1.916223764366979720e+00	-2.167247772435136888e+00
nan	5.131279808152109378e-01	9.746404104119428258e-01	-2.821365926289923221e-01
nan	6.525289399668466883e-01	7.779060597917140107e-01	-6.953792172805877136e-01
nan	-1.233793620421663295e+00	-1.319556186548718424e+00	-7.435663310791879033e-01
nan	-1.035822594980439382e+00	-1.771083263714622991e+00	2.256429047681507427e-02
nan	-2.987197505835534894e-01	-2.963294205386941549e+00	1.096648960799619932e+00
nan	-2.232629134389789716e-01	-1.394820304956644108e+00	-3.490264307174758551e-01
nan	1.249995127432117714e+00	-1.523265546806440218e+00	-5.135203418686284937e-01
nan	-2.256176529476865866e+00	-1.328541313790909228e+00	7.766597218889412790e-01
nan	-1.567056767427142949e+00	5.533975394043824103e-01	3.956919747601058690e-01
nan	1.302240452557327233e+00	-1.033338001969627662e+00	9.721982466536549516e-03
nan	4.683115642265671119e-01	-4.364890843320414771e-01	5.617661828205040564e-01
nan	-6.143079361888930112e-01	4.847695867659074231e-01	-7.011336089627299983e-02
nan	-2.090141527450738723e-01	-1.595997560104911672e+00	8.333616858714684161e-01
nan	9.075416929633927099e-01	1.612240890078020517e-01	1.117460013016183251e-01
nan	-7.813778681289162975e-02	-2.804240658598962654e-01	-3.288053334004277239e-01
nan	-8.553426409890505511e-01	8.364230929463444264e-01	-9.978943580192461971e-01
nan	-1.577668171016697984e+00	-1.221702600244117587e+00	-2.950640059861024955e-01
nan	4.653228179758359673e-01	-1.108144253863875273e+00	-1.531718941631754038e+00
nan	-5.978749094723475599e-01	5.075037846784042905e-01	3.365702694512560100e-01
nan	-2.871173612216849913e-02	9.076858982553996924e-01	-2.769068973999927463e-01
nan	3.646081392588912395e-02	-1.294692717936196669e-03	-1.084969228245347583e+00
nan	-7.202425130181177027e-01	-4.174158792688349995e-01	1.662809904683505424e-01
nan	-1.458357646162224075e+00	-1.208035755031847680e+00	-2.296072787774157964e-01
nan	-1.855113223040401271e+00	4.018090026155864969e-01	-1.038205670053181651e+00
nan	-1.129904590678454834e+00	-1.512750623351671209e+00	-5.603134664701689971e-01
nan	-1.471954127432703041e+00	-1.094995616570619390e+00	-9.871632083674153346e-02
nan	8.319360915175554316e-01	-1.616148173781241759e+00	-3.676666862693143134e-01
nan	5.171801645239553213e-01	-4.038546434062917356e-01	-9.612097648762824020e-02
nan	-1.579180188023671771e+00	-9.318705546852332766e-01	1.363584948437485123e-02
nan	-1.877015135542209112e+00	1.806538288538857007e-01	-3.996648565207593373e-01
nan	-1.142356392267055210e+00	8.583082056860769082e-02	-7.840744911194573730e-01
nan	-6.672013853384133331e-01	9.684683928764935557e-01	9.960423547253267618e-01
nan	1.540728613531507030e+00	5.099732228486790753e-01	7.278606681511892162e-01
nan	2.053001289416144237e-01	-1.196888044515503235e+00	9.095183528940536943e-01
nan	-3.082207931504987175e-01	-2.272774230183402633e+00	-9.542823110904963269e-01
nan	-4.607819372729604623e-02	-3.779766796084709224e-01	5.693028415610301707e-01
nan	-1.755395343178193457e+00	-1.070022994107866277e+00	-5.886768187059537860e-01
nan	-1.603563449424156850e+00	-9.448532230214221617e-01	-4.158908699524583863e-01
nan	6.897121676972232107e-01	2.283080695061827647e-01	-3.112179467529320176e-01
nan	-3.194460469875358699e-01	1.258665786714967982e+00	-4.176023767631507067e-01
nan	3.955695787370244743e-01	-8.439671614944843636e-02	-1.446946344645303473e-01
nan	-4.558041225699693277e-01	6.074293061367940227e-01	-1.319808141065412110e+00
nan	1.336969345421270106e+00	9.200831997596033984e-01	-1.269301797841617008e+00
nan	1.154682565534393079e+00	-1.089386368309274156e-01	-6.051067003869385896e-01
nan	8.448542843292302651e-01	6.822238740742383456e-01	4.398589344422217939e-01
nan	9.046432219217644954e-01	1.204941684118124190e+00	-9.447195739919728164e-02
nan	2.833565331094799244e+00	1.087947266368161081e+00	-9.181893999103487580e-01
nan	8.104161836688621445e-01	6.557624434350923792e-01	-1.016258191701521207e+00
nan	-1.559630859932348956e+00	-1.625097906798332326e-01	1.510404581332404073e+00
nan	1.221377583704405190e+00	2.649942562041455174e-01	-1.411461404160639366e-01
nan	1.947131369811601509e+00	-4.352614858595063585e-01	-8.954525681745637566e-01
nan	-6.798954022733345592e-01	3.203449188720466356e-01	-8.822268029273985235e-01
nan	2.436772948157584495e-01	-7.763012054692862707e-01	-5.728348760427381947e-01
nan	5.458257872868248484e-01	2.128849096593159462e-01	6.612214780778065126e-01
nan	4.309838610120207969e-01	5.386597933351662260e-01	-1.160106569017323341e+00
nan	1.186758252604187769e+00	-1.319769488887839737e+00	-8.936493300277875695e-01
nan	-1.242034997448271394e+00	-3.892730114938079411e-01	-3.805246029360982996e-01
nan	-9.222248358541529356e-02	6.288602063286465871e-01	6.729827504007268590e-01
nan	1.446747653613548623e+00	-5.814428911620814766e-01	4.084750969409123300e-01
nan	9.326047457568670263e-02	1.474010835201807756e+00	-5.261243127111089185e-02
nan	-1.020073274049734691e+00	1.167222484656478265e-01	3.101877829402652331e+00
nan	1.326651709673783763e+00	-1.363783491604687814e+00	2.013463602387850493e+00
nan	2.018167919699546675e-01	-6.873504441149738131e-01	-1.939960019630925459e+00
nan	-1.336596531410143784e+00	9.237368014987237252e-01	-1.155198385019890805e+00
nan	-1.158034449856059078e+00	-1.725277372870250847e+00	-1.257097157717269376e+00
nan	-6.315576739869096512e-01	-1.888671891884677212e+00	-2.645444221821939390e+00
nan	-2.889670548439274178e+00	-3.288119071824793793e-01	-1.031284323926632274e+00
nan	-1.238611210218564018e+00	-1.682439976599342746e+00	-4.032302431676399457e-01
nan	-1.395410223234061498e+00	8.957451960804196922e-01	-1.554653015810751437e+00
nan	2.183079585948566326e-02	-2.020773983089779513e+00	4.336458969554174425e-01
nan	-3.647176204750541828e-01	2.613267617796830589e-01	-1.445816704069307956e+00
nan	4.782979747972809226e-01	6.498895588374441479e-01	-3.084323072224117723e-01
nan	-6.061673642545717389e-01	-9.145797847194392372e-01	5.363464838820988095e-02
nan	7.534857603744211652e-01	-8.620096260762805107e-02	1.929921790303510853e+00
nan	1.055129947200319940e+00	1.486243035268480561e+00	1.500611124672536434e+00
nan	6.454323555832897075e-01	-1.118895477227498159e+00	5.773569480969580336e-01
nan	-8.507979314733272735e-01	-5.312552099072763712e-01	-1.346137658016946514e-01
nan	-1.266407566619831004e-01	-6.146408127706975977e-01	2.314295433567251647e-01
nan	-5.400926966067632895e-01	-8.198154261953380373e-02	7.524392433740705044e-02
nan	-4.040741935868034096e-01	2.162656215046775632e+00	-8.380214064571180899e-01
nan	4.821659267226002799e-01	8.907569801472220439e-02	-7.294968091151503575e-01
nan	1.016399973363298903e+00	-1.238044063667717021e+00	2.488536640801955802e+00
nan	5.184676663611990088e-01	-3.293632584925161866e-01	6.674370539600459340e-01
nan	3.165486466235403196e-01	1.361287070694871537e-01	-1.040106677991179396e+00
nan	5.033352367304375630e-01	1.551197823642545659e+00	3.615357576520636940e-01
nan	2.912788894168774623e-01	1.508661963812395479e+00	-5.824943172537770941e-01
nan	9.985784631231042763e-01	3.673833520226946758e-01	6.959407296633896012e-01
nan	2.084695921126315632e+00	-1.475714687009643811e+00	9.714071116785978344e-01
nan	-1.624750246008567878e+00	-3.919418237957944529e-01	5.071472800017851057e-01
nan	-1.279448074130874469e+00	-3.092631670189441295e-01	-8.292253043387169953e-01
nan	3.708562434943400987e-01	-1.614991728180307895e+00	-1.792895008910188270e+00
nan	4.107344446755253342e-01	-4.818411253207247613e-01	-4.262996539759604797e-01
nan	-2.176845244757998898e+00	5.829916462969177982e-01	-1.163179468170536079e+00
nan	-1.134552703554048136e+00	-1.912868805509907455e-01	-2.053416453240372586e-01
nan	-1.380012440074198654e+00	1.779995564488631832e+00	-7.080309608273308575e-01
nan	-6.391353343594382563e-01	-1.724768825227202207e+00	1.906239978190898687e-01
nan	-1.467054930821688252e+00	-1.000261462856168793e+00	-4.443338094658464410e-01
nan	-1.670240363514920556e+00	-2.210552965311162410e+00	-5.555920877587250395e-01
nan	-1.134281922299329670e+00	-2.060243620900193307e+00	-5.359074852039620307e-01
nan	-1.759254350670859335e+00	-1.710434440381547017e+00	-2.450426835623026323e-01
nan	-5.190622112396514609e-04	-1.361834646782522862e+00	1.317967398010307489e+00
nan	-6.734719559045986292e-01	-1.564643882842796874e+00	-9.721287322860932001e-01
nan	-2.700902242097254380e+00	6.134523288821848164e-01	-1.971583863632891731e+00
nan	-1.839074802619462767e+00	-1.546822326416870341e+00	-7.040204276873558431e-01
nan	-1.758102943395077222e+00	-1.112869095841443334e-01	-1.009942462962333032e+00
nan	-8.775923109822294510e-01	5.868448677392815727e-01	1.370362474857134361e+00
nan	2.611667381679961153e+00	-1.268902017061481535e+00	4.181938406176609613e-01
nan	4.331787755688566444e-01	7.407389973100970693e-01	-5.593686183873952666e-01
nan	6.731573902584155888e-01	-6.397819871922711954e-01	-5.335596716973142195e-01
nan	1.763884414346268414e+00	-9.340251716343526134e-01	1.874560833447983521e-01
nan	7.907153649923506222e-01	1.002520147785777693e+00	-1.301067819142939230e-01
nan	-3.503501360598209935e+00	2.508303505423746249e-01	-2.043645015050357117e-01
nan	-1.587262139384865156e-01	-2.627202318912817969e-01	-5.340516771644551186e-01
nan	-8.753454338048991534e-01	-2.061672568515008575e+00	8.190739873871683008e-01
nan	-7.856239265756581602e-01	-2.563881478867017005e+00	-8.220017056670462230e-01
nan	-2.808566103684566162e+00	-5.100311041842009452e-01	-1.135286953787000508e+00
nan	-8.170751815184882361e-01	-3.182942620231385966e-01	-2.974027952526581697e-01
nan	-4.551701633226220012e-01	-1.231700037697354588e+00	8.723223639605777180e-01
nan	-2.932976431420113994e-01	-9.234548156690912668e-01	1.422637478290390778e+00
nan	1.019942006516260102e+00	1.715551295865576087e-01	-8.185447280845365992e-01
nan	-1.255305120508255934e+00	7.155197692946684285e-01	-8.306392015295736009e-01
nan	-7.728243820210816128e-01	-1.648069383519129572e-02	-1.607282244158093620e+00
nan	1.763725758789125297e-01	4.249577964411094255e-01	1.580695958954165259e-01
nan	1.856239956091707111e+00	-6.317885565048508845e-01	-4.299196002947501816e-01
nan	4.304604623690153620e-01	-1.318376996930872291e+00	-1.497065181736002337e+00
nan	-7.101490943401465028e-01	-9.125715500596633944e-01	-1.595422872884426191e+00
nan	-2.353031747128021545e-01	2.706186439374549391e-01	-1.507941247705609555e+00
nan	6.778617578420851331e-01	-1.015323578384971004e+00	-5.685804875179730766e-01
nan	-1.423927048325025702e+00	8.316295081194622352e-01	-9.103650784322955269e-01
nan	2.145100295302702631e-01	8.747258860693210569e-02	-4.924249461955482188e-01
nan	-5.230101182487296718e-01	-2.362344152506496153e-01	-5.662317040687040448e-01
nan	2.060844326358895362e+00	1.310825340123891625e+00	-7.218812697044540982e-01
nan	4.216536247529290016e-02	1.117109840036000667e+00	6.785367193655862383e-01
nan	1.470271018638589666e+00	8.411494746436143366e-01	3.830517781839620772e-01
nan	3.322991237920486784e-01	9.329415788293922152e-01	-7.884494369904528899e-01
nan	6.807795561125145056e-01	3.014562972946733810e-01	1.407695848105096736e+00
nan	-5.735831640486241945e-01	2.352857324118560467e-01	-6.079570165143218796e-01
nan	-9.723027419425643858e-01	3.482597361386654544e-01	4.400924599361810685e-03
nan	-6.572785544676620351e-01	-4.430603018158488227e-01	2.597195432271329207e-01
nan	1.948318586084186954e+00	5.757791064011273940e-01	-6.959020779385858280e-01
nan	1.137954156147396922e+00	1.716725788171296063e+00	9.140524226056435664e-01
nan	9.394717564716333902e-01	8.183234869760622754e-01	-2.964697435160704719e-01
nan	8.691365821279765091e-01	-2.906595233974116343e-01	1.788125361538134561e-01
nan	-1.711719810105201578e+00	6.638596144190089809e-01	-9.564440950121112506e-01
nan	1.197139380652955998e+00	1.009191519333751064e+00	5.447727799058321718e-01
nan	-2.961832509638375743e-01	2.622567318011173487e+00	-1.369267358641988452e-01
nan	1.352765996724737407e-01	1.515559354000454828e+00	2.529900368856052850e-02
nan	4.454963651680978187e-01	1.300369686160838700e+00	2.036082739276570686e-01
nan	-9.641920990803737324e-01	6.871575181964232337e-01	-6.981548452212669176e-01
nan	-2.139818611151502292e+00	-1.476275011319531094e+00	-2.978024994994813990e-01
nan	-5.925386523152511575e-01	-6.130193827979775190e-01	-2.748806981397052152e+00
nan	-2.618978229534731916e+00	-1.487766197833391812e+00	-3.109010293599043795e-01
nan	-1.635430083472347196e+00	1.256122172116952873e+00	-2.267143974099794512e-02
nan	-4.765105749830012560e-01	2.408522273195688457e-01	2.217966269945748525e+00
nan	9.718701274584458094e-01	-1.916556663632735358e+00	2.491923362091252869e-02
nan	5.931844428661625646e-01	1.300430336446555923e+00	-1.498464520437448932e+00
nan	-5.766794320025850906e-01	1.729868703017986231e+00	-1.723367748433128455e+00
nan	-1.356749511184465851e+00	1.627141408655899513e+00	6.070079018132629872e-02
nan	-3.352021053568915998e-01	-8.123534740493851825e-01	5.049185116259822248e-01
nan	1.181433344579946310e+00	-7.900545528352582725e-01	-1.345329472784889457e+00
nan	-2.366851487798060649e-01	4.825466047211017517e-02	-1.255971134652096532e+00
nan	-1.757391253176305845e-01	-5.010367122039569576e-01	1.263637522643809019e-01
nan	-4.807488609712201599e-01	-1.612142733734630129e+00	-2.046588410373403999e+00
nan	-2.696000207090428979e+00	-1.181860423629620183e+00	-9.566048651307209605e-01
nan	1.243733164062597041e-01	-1.682027767836982157e+00	8.717469065196807865e-01
nan	-1.712534565287231691e+00	-6.218947267353164277e-02	-2.951391478913115485e+00
nan	-1.701633610313252110e+00	-7.082146279058565419e-01	4.121952763382641383e-02
nan	5.447140349610871679e-01	8.087202036614660194e-02	6.523868406470627601e-01
nan	1.257809572511965901e-01	-2.087536281890201573e-01	7.404893724527933374e-01
nan	6.987355305795609484e-01	-1.167657715966938514e-01	-4.871319528569166835e-01
nan	8.085123211315197178e-01	1.096662372009196140e+00	9.833963146429092195e-01
nan	2.039567675203262542e+00	1.742587304029375561e+00	3.808621744306881496e-01
nan	1.469840877073965490e+00	2.131401396335874665e+00	1.768332006341641227e+00
nan	7.138390605330078298e-01	2.795468832756840882e+00	2.717657903163499533e+00
nan	8.282435224727904277e-01	2.144742991096386220e+00	1.686448874759178596e+00
nan	1.072467833731124420e+00	2.502669478027121919e+00	2.087089614871136423e+00
nan	-7.942909104098871964e-01	1.120575995319106566e+00	2.097110937684740328e+00
nan	1.126799736807308383e+00	1.565020136556268260e-01	3.169060111792576961e+00
nan	8.361643062068245813e-01	-1.093168095487589753e+00	8.280767492949079323e-01
nan	7.518013649713324309e-01	6.012005018474296802e-01	-5.569585423863921553e-02
nan	5.082528932946317468e-02	-1.933966012832129544e-01	-2.483952302887348917e-02
nan	-6.754548558234201305e-01	7.596706160604874691e-01	-2.812084722374381673e-01
nan	-1.007571311176377771e+00	1.336955059325613204e+00	2.692384021573472341e-01
nan	-5.681598012284874155e-01	-8.680909681914070752e-01	4.129587353985090248e-01
nan	3.229692391638483429e-02	-1.233161349706727083e+00	1.907010235793574759e+00
nan	8.205904733082319824e-01	-2.993555660340494473e-01	-6.439780388377867038e-01
nan	7.740204958416030401e-01	-1.461736983754896801e+00	-2.716019167221747299e+00
nan	-8.940600077074160046e-01	8.691343373540144635e-02	-3.927062280161091046e-01
nan	1.188822542944612870e+00	-4.517934821573983961e-01	-1.635783719816314541e+00
nan	-1.715147032105290403e+00	9.818672673822306796e-02	1.699150149993615466e+00
nan	-4.651286242873893251e-01	6.874541326902462446e-01	3.899111798401637685e-01
nan	2.852292300310952378e+00	-1.281074724457295311e+00	7.492141498055655546e-01
nan	5.016889575156093795e-01	6.346166861034640005e-01	-6.592075882314146762e-02
nan	4.689559737198411571e-01	5.618047357174669187e-01	-6.703337426655744391e-01
nan	-6.925780001851686851e-01	8.532211100242163004e-01	6.043392733821562057e-01
nan	5.129925564092965296e-01	-1.847285986142833264e-02	1.007091713085142004e+00
nan	2.794881952207993514e+00	-5.725798721203460007e-01	8.129542684056307866e-01
nan	1.710515264595035667e+00	1.601147762774757011e+00	6.862005648664523672e-02
nan	-1.229996238818688914e+00	2.201126380255208126e+00	8.561971576953092411e-02
nan	1.480364121349523998e+00	-6.323100646967887428e-01	9.714394446354879253e-02
nan	3.035770867568092779e-01	7.656693020399201188e-01	6.906330081330999127e-01
nan	1.622189682861966631e+00	1.747290974894508686e+00	-8.952153459380632894e-01
nan	-1.052623636227218995e-01	2.209193870769699863e+00	-4.031071550730308539e-01
nan	2.538091403233446730e-01	-4.623398935575883106e-01	4.899051068721897439e-01
nan	2.564406542346271856e+00	-5.339118403991339745e-01	-7.950457505463420782e-01
nan	-8.894326636644447337e-01	5.437482533806412555e-01	-1.220448308990081943e+00
nan	-1.530482830070570621e+00	-2.675128540469222660e+00	-1.674975731437062576e+00
nan	-2.429892780230428428e+00	-1.331233741425596362e+00	-2.411374661207854597e-01
nan	-2.358695876572896921e+00	-4.312808595565053027e-01	-6.864821588561966781e-01
nan	-5.076102287064380159e-01	-6.781013059486524774e-01	9.425148182017848431e-01
nan	1.711455904284957974e+00	5.596957282924612809e-01	-5.585805526230744888e-01
nan	6.967923390331282052e-01	1.159877300310380388e+00	1.287350088065476905e+00
nan	6.751607792817094778e-01	-1.220398807290226983e+00	6.501754682861174972e-01
nan	7.087945811827200959e-01	1.535919064947502743e+00	-4.933994810185690083e-01
nan	6.439220847705067197e-01	1.703349924786297098e+00	1.485048597242700552e+00
nan	1.550767330511683140e+00	-7.210471014095329867e-01	1.921453285142423084e+00
nan	-6.199438128959644523e-02	1.336053238277868926e-01	1.268416649992036294e-01
nan	9.183375029715663551e-01	-4.984876959144261127e-02	-3.127234764186848093e-01
nan	4.132486308970864108e-01	1.254659553478086886e+00	-3.050752166821849576e-01
nan	1.796916522076615230e+00	8.335835013057339982e-01	1.234873924511532550e+00
nan	4.719170743736245122e-01	-8.717406156898684921e-01	6.554571659803136718e-01
nan	2.099641375985002445e-01	-1.057075388754343148e+00	-5.103149816846882514e-01
nan	-5.675057412037586291e-01	-8.862213337029841709e-01	-5.048972695074986916e-01
nan	-6.563222571635707325e-02	1.959401787621460223e+00	-8.000800790782315319e-01
nan	-7.679620463935072916e-01	1.811920343595429528e-01	6.285585673293376807e-01
nan	-8.051158060622645163e-01	-1.555597230822141741e+00	-1.850608778067296956e-01
nan	-9.975666488211739624e-01	-4.188029047241822456e-01	-4.600493965936294227e-01
nan	-2.126957891991425598e+00	-7.020118182356824832e-01	-1.383566874178167261e+00
nan	-1.065039017905317520e+00	-1.304752320451345149e+00	-1.401756884716214735e+00
nan	-9.061396137491454228e-01	3.194855428173870582e-02	-1.213808444835832390e+00
nan	-1.091146467233478967e+00	-4.202260210605397450e-01	-2.275045538709778992e-01
nan	-4.345432956631440358e-01	-8.111483585258314477e-01	-6.338433798245976525e-02
nan	-1.526890819187495918e+00	1.208758031572957359e-01	-8.005002702904800982e-01
nan	1.227270447095272221e-01	4.690877472006589888e-01	1.868584761776608261e+00
nan	3.430807434012694834e+00	-1.373716240661887467e-02	-1.182341590807695075e-01
nan	8.317060078751759011e-01	-2.372773462030144387e-01	6.938551785010453887e-01
nan	8.846189563401702927e-01	7.321707934160492925e-01	6.102300476695241560e-01
nan	9.809231162101909041e-01	-7.502028768490158761e-01	1.532202664804031889e+00
nan	-4.600376084610977578e-01	3.243165701982286819e-01	1.170571383941131777e-01
nan	-1.841963553323115732e-01	1.322687510867088578e+00	-8.267621899781398831e-01
nan	-9.114343403892775086e-01	-1.969474697479104419e-01	-3.991872081340620548e-01
nan	-9.573864223104958660e-01	-1.286701360395719584e+00	-4.952882698380084436e-02
nan	8.556168782880534396e-01	-6.811399335939064548e-01	2.598103960188654082e-01
nan	-2.448012764698817567e-01	1.098783962657135849e+00	-1.861638620717924075e+00
nan	-1.098788222582580243e+00	-7.114053705056506693e-01	9.220766088621195067e-01
nan	-1.761211408149101487e-01	-1.256632185085947206e+00	8.587897487920102824e-02
nan	1.208354285804709605e+00	5.095319108428135735e-01	-8.754997508188047117e-01
nan	1.403410763896464797e+00	1.175529143600924531e+00	-1.271063781057722997e+00
nan	-2.694589597824041949e-01	1.249001045892584649e+00	-2.887307416965495754e+00
nan	-1.580531493606076587e+00	-7.452130225079891535e-01	-1.875354396874778118e+00
nan	-6.264444972654955590e-01	6.177662456465171648e-02	-2.062745101444154461e+00
nan	7.047882047282492124e-01	-9.328910496946518638e-01	8.291189841104638081e-01
nan	5.607599602816589757e-01	-8.562492518017333909e-01	-1.035650978717322701e+00
nan	-2.028009666423015722e-01	1.040825167478179325e-02	-1.847709667333189976e-01
nan	-4.366412045120297014e-01	-9.815850740342458858e-01	-4.907914686399716953e-01
nan	-1.100080446910012277e+00	-2.193059892530278443e+00	-1.564745502501356356e+00
nan	-1.863272082709643618e+00	-1.200675419889615014e+00	-6.887387994374976063e-01
nan	-3.050393385729752271e+00	2.557190007564335010e-01	6.709131769519883770e-01
nan	-6.511045601102584124e-01	-1.863696307494124182e+00	1.682531988900251019e-01
nan	-1.637185093075258280e+00	-2.671176415247579206e-01	-3.257090991040101358e-04
nan	-2.285803653538861724e+00	-2.043458885543459669e+00	1.235311034142197034e-01
nan	-8.760427755088630031e-01	-2.196189934457526860e+00	-4.133692175454601880e-01
nan	-1.061585403014459583e+00	-1.220257432450913004e+00	-2.074877015031931116e+00
nan	-1.648098648411951084e+00	6.528775277663101395e-01	-1.946827266921915545e-01
nan	6.650032642124176219e-01	-1.479393139549072034e+00	-4.101899930059555444e-01
nan	-3.435360793088547693e-01	-1.606744288179714486e-01	-1.760564533010907429e+00
nan	1.131332450335453821e+00	-6.405671008848582426e-01	8.327281253425344865e-02
nan	1.642717238220269049e+00	-1.532972460264711900e+00	2.122063723015630732e+00
nan	6.165983672019228479e-01	-2.619871362975958462e-01	-1.412206279801664799e+00
nan	-1.407836424449590229e+00	-1.171075499641559409e-01	1.006490927219431342e+00
nan	-1.188501319986265514e+00	-1.055066933851527278e+00	-1.262719471795393122e+00
nan	-6.753506074811219673e-01	-1.276614630335274336e-01	-3.080345477964421264e-01
nan	1.802501031202896620e+00	1.702459589921148653e-02	-5.674411183650966972e-01
nan	-1.123007381647757597e-01	1.213941776620371726e+00	-3.371968402535084341e-01
nan	-4.422751748249253434e-01	-1.133671906339494551e-01	7.800499450014086733e-01
nan	1.625373803527545347e+00	7.841377329363963256e-01	-1.898955984259918406e+00
nan	-7.195809045148308103e-01	6.916884916751835366e-01	6.009353228082696674e-01
nan	9.928096764818941100e-01	1.006945246310805064e+00	2.146769694065611966e-01
nan	1.552879215814972458e+00	3.098669258974178220e-01	3.102655492613606847e-01
nan	3.156634665773553894e-01	1.306174083433885302e-01	-1.521255637276715200e+00
nan	-1.733510588488434701e-01	-1.779415322386488141e+00	-1.032096793437414117e+00
nan	-2.163109742877868058e+00	-1.418869528767443988e+00	-1.485931801571040101e+00
nan	-2.601951424333222462e+00	-6.442597338654201256e-01	-1.351647485312579278e+00
nan	-1.794849505629687370e+00	-1.190249914685128640e+00	-2.164418170473313197e+00
nan	-2.420121017159050147e+00	-1.377809430700356774e+00	-1.697170524996042484e+00
nan	-1.672992434083839797e-01	-1.230156014033743306e+00	-2.728993518538020968e-01
nan	-1.314507228347846723e+00	4.597429667641393936e-01	-9.383154383691341138e-01
nan	-2.134522455445925893e+00	-1.149885564405187965e+00	-1.062690615095700286e+00
nan	-1.935532224697910531e+00	-6.559271740142000873e-01	-1.852520445006141658e-01
nan	-8.319462436659543769e-01	-7.636942780168208822e-01	2.362186858650026533e+00
nan	7.751746440096458635e-01	-1.044972792355399971e+00	2.696496501740501817e-01
nan	-9.264857250830498270e-01	-1.410616379464940229e+00	-3.030667892972422339e-01
nan	-8.583978162716973115e-01	-1.357486598668986133e+00	2.439199382652382786e-01
nan	3.095567479333551919e-01	-1.711233230184315168e+00	-1.120479310908937487e+00
nan	-3.814323924362398865e-01	1.652931616568548145e-02	2.552921094186889617e-01
nan	-1.805802658901094704e+00	-1.052568701829323494e+00	-1.855414443799004776e+00
nan	-1.639260628762047034e-01	-7.252454142369813006e-01	-4.156898528161644402e-01
nan	1.699193045366856891e-01	-1.166216375050775467e+00	-2.853174152782019801e-01
nan	5.411170641190056196e-01	-3.226247398309982084e-01	-8.964657356566152480e-01
nan	4.202387558525786382e-01	-1.941113967106963711e+00	1.235564928812650898e+00
nan	6.004630280802734088e-01	-5.976885206115869487e-01	-9.582325193939953412e-01
nan	-1.760715304398737802e-01	9.029955005557991354e-01	4.747298605736037791e-01
nan	-1.167060934381420889e+00	5.519734222605224838e-01	1.099472266113583840e+00
nan	1.876429236322675997e+00	2.446721150818764456e-01	9.572365007814513937e-01
nan	-4.823100529787527346e-02	2.630262096785562775e-01	4.076349705059010287e-01
nan	-1.285781844318690359e+00	1.244041199410975018e+00	7.458536896965439755e-01
nan	-8.984700408049810516e-01	6.960319527597346179e-01	1.009454002441953158e+00
nan	4.822015045620695606e-01	1.450597744457246652e+00	-1.071382272604612940e+00
nan	7.782210047663836727e-01	8.615091374019478998e-01	-3.017409876040811900e-01
nan	-1.042183320147169745e+00	1.309832505551455917e+00	7.512022285246753306e-01
nan	-5.100599893931803130e-01	5.199066973865831831e-02	7.438690435478807483e-01
nan	1.730748574662223982e+00	-4.995184985502680586e-02	-2.113546344651751341e-01
nan	1.624859102014458490e+00	-1.294585206433188640e+00	-8.299150806869466379e-01
nan	-1.298324929412534745e+00	-1.234422242729069419e+00	-7.196170835943611621e-01
nan	2.346359729351596979e-01	-1.418578304432039028e+00	-3.001271793699960000e-01
nan	-1.785624706175258591e+00	5.111847425485440688e-01	-3.713627596561078770e-01
nan	1.402618852858243725e+00	-1.351786438179531924e-01	5.722011107215129178e-01
nan	8.557757758541675308e-01	1.046964477685805139e+00	1.174884867767822083e+00
nan	1.669437893793052075e-01	2.231926964177128880e+00	2.228843079526674487e+00
nan	3.209528792589471102e+00	-1.613168001753712000e-01	9.505836861184624453e-02
nan	7.948510383772937615e-01	1.988121447545783571e+00	-3.917518511676509885e-02
nan	-1.880623122717337559e+00	1.412098232550769161e+00	-7.082248221420183176e-01
nan	-3.594704994380917285e-01	4.436136291802524889e-01	-1.503968921466875275e-01
nan	-3.748232616847734233e-01	-1.371229393402013219e+00	-4.181169114451422364e-01
nan	1.249720997807262091e-01	8.999019113333481812e-01	-1.555664835991046546e+00
nan	-1.087218260429406058e+00	1.629897190664709061e+00	9.720733377783397078e-01
nan	1.151922806254706888e+00	1.096811764680167833e+00	-8.998308487052197879e-01
nan	1.069471695959812729e-01	7.204526396234882668e-01	-7.402032077897742202e-01
nan	3.125770315689020418e-01	2.727140825173087757e-01	-1.806887979812239475e-01
nan	1.069770931587853191e+00	2.209809353973730406e-01	-6.562665656452775220e-01
nan	5.104757068533704034e-01	1.426971240416692988e+00	3.268437230717843867e-01
nan	1.956522695316771920e-01	-2.998806988260122042e-01	1.214727041627785553e+00
nan	1.294575466430346600e+00	1.253529363521103335e+00	-1.474128194961083493e-01
nan	-9.987083089290907933e-01	1.240632727798731683e-01	6.687006364481223875e-01
nan	3.237203840308618824e-02	1.365735978509464266e+00	-1.405991279521808579e+00
nan	-2.412156348662830921e-02	2.510662908282949579e-01	-8.474389406179498596e-02
nan	1.467925264351726211e+00	-4.099180944347687872e-01	3.656731997210920793e-01
nan	-1.161670766175769920e+00	1.092424023166971514e+00	6.928344504217970323e-01
nan	1.508429370733557762e-01	8.498759287276750340e-01	-1.946057334218465940e+00
nan	-2.443236295401335356e-02	8.096533811547570458e-01	5.069552573711916255e-01
nan	-1.161087955150180706e+00	-2.067958684978236927e-01	7.697277547981554724e-01
nan	3.167873543922694601e-01	3.655358640196897380e-01	-4.644577722061534741e-01
nan	1.643747279989496990e+00	-5.762084988355524739e-01	3.902272235054829452e-01
nan	8.965909961479396895e-01	6.626397551411097320e-01	1.518990660591499064e-01
nan	7.726106869763128548e-01	2.126237843914312364e+00	9.798728542945125963e-02
nan	1.294198532976272187e+00	1.272084787320437060e+00	1.087691574077316536e+00
nan	8.458533447482683432e-01	-4.564819337069304650e-01	-7.546528308826072617e-02
nan	-2.026902379129190412e-01	5.968444600209840134e-01	-1.872565078385269310e-01
nan	1.115852853152035973e+00	1.544918728040018951e+00	2.693415305418863093e-01
nan	-9.508168598776475244e-01	-9.225541767144189720e-01	1.134534819754079660e+00
nan	-3.487092907535989661e-01	-3.619747428625942343e-01	7.754362833167756097e-01
nan	1.520800472537653825e+00	2.101061106049456395e+00	-6.175194267947048399e-01
nan	2.436272908608132504e+00	5.940175844891006918e-01	-1.274637517196903325e+00
nan	3.358725752032165612e-02	1.262250316059073452e+00	1.084708090684030901e-01
nan	6.360633045783485873e-01	1.429204576231415391e-01	3.049405045368472345e-01
nan	1.567161032797687481e+00	-5.189420715162944564e-01	4.075952725568129376e-01
nan	7.985874952089384582e-01	1.836396757850832673e+00	5.586574498007534223e-02
nan	4.238116129767208196e-01	-1.605000491324757972e+00	2.029470407704903057e-01
nan	4.503394080090057927e-01	-7.147116579717512908e-01	2.112940465146395663e-02
nan	1.135035929415056710e+00	5.786851759835888176e-01	1.324982680947740743e+00
nan	2.440515237205547194e+00	1.552070270995712153e+00	6.546952587084242658e-02
nan	-3.690566211039956190e-01	1.395811976351985839e+00	5.147313563469603226e-01
nan	1.867615460802578009e-01	2.072393428237601753e+00	1.006421524156931313e-01
nan	7.545823805004840956e-01	6.336937539271253472e-01	9.170546890546280583e-01
nan	6.944634788736856468e-01	1.226624117568249961e+00	6.204603839651290365e-01
nan	2.160226799808731890e+00	1.440457916461881593e+00	1.668830289011520862e-01
nan	-4.257681627882523578e-01	1.797080492083516390e+00	7.085319911328208375e-01
nan	-3.002147342442393896e-01	1.136256784951856336e+00	9.037755615072187165e-01
nan	-3.114742006964469345e-01	1.223589360204992316e+00	7.341533148190735325e-01
nan	2.359650450804866573e-01	3.728218819760082958e-01	2.232233310367838897e+00
nan	2.683135581283774940e+00	-1.080694402151195943e+00	2.522740246202300973e+00
nan	-5.197317797303169229e-01	-4.040725252659553846e-01	-3.506079904996995400e-01
nan	7.769585992089100834e-01	1.142841866550555086e+00	1.695602545853534648e+00
nan	1.555128757575622300e+00	1.043191163783206310e+00	1.190525979727376171e+00
nan	1.062964130895528658e+00	1.557603696457381837e+00	1.566307722666182123e+00
nan	2.344154536399312594e+00	-1.356861593240363817e-01	5.377870154213059140e-01
nan	1.527726805506880003e+00	1.092297814959398483e+00	8.918357403726550059e-01
nan	2.459842861762062682e-02	1.963476485760252466e+00	-1.570726501133227204e-01
nan	8.180904224625807908e-01	4.430856046497191336e-01	1.695467423622160741e+00
nan	5.938479503854059427e-01	2.228995011023403583e-01	2.048532936907411006e+00
nan	3.187385144725686237e-01	2.453804798828793099e-01	-1.442062864388202748e+00
nan	1.026394242680286117e+00	-7.816804462376383822e-02	5.019071507152097489e-01
nan	2.613375140877245428e-01	1.575947138083181320e+00	-1.219529741127805822e-01
nan	1.089859600054755129e+00	9.145739086113058303e-01	-1.154955252283257794e+00
nan	3.509384709000762936e-01	1.674875535146979733e+00	1.267345124064992890e+00
nan	6.243477732656819157e-01	6.480321192610447589e-01	1.894926786601265789e+00
nan	-1.194602485292732608e+00	4.339236207112078247e-01	9.196902187871798251e-01
nan	1.017375982054890438e+00	-5.360953765055495035e-01	-9.017590219959847886e-03
nan	-3.054430276217549034e-01	1.243812228608194737e+00	-5.951825640978731791e-01
nan	-3.074641251583467572e-01	-4.611699711094927601e-01	1.518745990887899744e+00
nan	-4.570320501742987096e-01	-9.517283078788221773e-02	-7.657182818212049380e-01
nan	-1.292559899198726381e-01	-1.137845424329911426e+00	4.867090595526157859e-01
nan	-2.899003678667685380e-01	1.969891041120220287e-01	-1.300189090574096484e+00
nan	-1.080565389036697965e+00	6.983835767313181231e-01	-4.146721693306144041e-01
nan	1.582301614667302458e-01	1.499541205034291558e+00	1.372697751286590995e+00
nan	1.952879841268223338e+00	9.612807620151975208e-01	-4.844184593907404635e-01
nan	3.451130219056105508e-01	1.663794561233108205e+00	1.410934416130633196e+00
nan	1.098515033941839691e+00	1.514148810905469933e+00	3.561296862738090319e-01
nan	1.040172324789437441e+00	6.820464402183422647e-01	-6.914856619221333434e-01
nan	-2.952184374051500804e-01	2.155507053065289780e-01	4.407506730757466268e-02
nan	1.050621610057354438e+00	-2.218924175016262268e+00	-1.542906980111336201e+00
nan	-3.569067349135635947e+00	-1.330534844454708820e-01	-1.616684708270089477e+00
nan	-2.655216976037048759e+00	-1.139087866499687518e+00	-2.969240932688372858e-01
nan	-1.564413155222872609e+00	5.663524136405451159e-02	-8.137070842035026841e-02
nan	-2.555314545348988275e+00	-7.777492466305107044e-01	9.427242557636981157e-01
nan	-1.843769001794389517e+00	-1.314757634363525662e+00	1.207355361790500847e-01
nan	-8.093548796026115433e-01	-1.112296281660066999e+00	-6.371995094722682218e-02
nan	-1.321032677050752113e+00	1.115135818076874008e+00	2.533888905183167561e-01
nan	-1.353800278651865918e+00	-5.499245365232320326e-01	7.341386811963876990e-01
nan	3.094404529346785448e+00	6.301281344815503616e-01	7.981384255312827802e-01
nan	2.373647788715954832e+00	1.545587112332786894e+00	9.554469269322283242e-01
nan	6.272693409680182297e-01	1.147845471718367039e+00	-3.447557406904219190e-01
nan	1.722626229056912983e+00	1.599534452696749209e-02	1.581421467912516032e-01
nan	-1.143088538321774816e-01	1.648267515852460452e+00	1.271826975920083980e-01
nan	1.866664331448679270e+00	-4.297913237312163681e-01	3.500358505942345877e-01
nan	4.308888139144667617e-02	5.753468602934718179e-01	-1.555545951521080661e-01
nan	6.734728850436100256e-01	-7.313689855695550968e-01	-1.034479597187481392e+00
nan	-4.863435938662267755e-01	-4.052347142875240005e-02	-5.438455460969437993e-01
nan	-1.286556225368150341e-01	-8.079399557151847322e-01	1.293804137742111671e-01
nan	1.589211434818259328e+00	-1.447263495764470775e+00	-1.499969437817038065e+00
nan	7.623264710103300201e-02	-3.663544099995720282e-01	-7.932193133337392954e-01
nan	-1.403531676597707056e+00	-1.143717373546424998e+00	-9.881048437365449466e-01
nan	-1.210962334185689437e+00	-4.411190414632924495e-01	-2.988250997400858200e+00
nan	-7.619178327687678998e-01	-5.250811174084092370e-01	5.021946561531005493e-01
nan	1.414856435227205500e+00	-5.693126587846890629e-01	-8.127121651046775863e-01
nan	1.536705862805660905e+00	4.458196687574157435e-01	-2.587136167869672931e+00
nan	-1.086331918724900980e+00	-1.465809687641371761e-01	1.662428590438967069e+00
nan	2.261815765788041110e-01	-2.295317646373840947e+00	-1.035615191774972077e+00
nan	9.078586172549175659e-01	-1.139372231333624974e+00	-9.368200837914002488e-01
nan	-2.435386874618597375e+00	1.089675644444652036e+00	5.988654498315054697e-01
nan	-7.562814049302982178e-02	-2.426299172028053341e+00	-1.667034933795478180e-01
nan	-5.383342834463491489e-01	-8.271061238717676289e-01	-6.978662791539055332e-01
nan	-2.116485017948828706e-01	-4.792881133477117084e-01	-4.205520164648643977e-01
nan	-5.302685204230173088e-01	-1.679903047170409058e-01	-4.085844185520760563e-01
nan	3.219214920192932650e-01	-1.226641638621861485e+00	-1.327998916984998723e-01
nan	-2.161294413872300590e-01	6.721759920835784774e-01	-7.342845345902423437e-01
nan	5.869754722300768446e-02	-5.990059554872539938e-01	-7.644920177803774530e-01
nan	-1.480680134640236290e+00	-7.073901630896730630e-01	-6.367254087811642371e-01
nan	-1.624084993108175334e+00	8.099779181980475418e-01	-3.788867080194149306e-01
nan	8.518444088317245200e-01	-1.172661433714932588e+00	-4.897143654369113253e-01
nan	-3.132316737739701540e-01	-1.580935391395374534e+00	-5.980725580640082750e-01
nan	-1.883452510891474141e+00	-1.286402163525618647e+00	-4.483911111801889504e+00
nan	-2.480316039262643102e+00	-8.816564247575793267e-01	4.353214470157025229e-01
nan	-5.432471103448360816e-01	-3.160195057136071739e+00	6.591056644855497471e-01
nan	-1.294100009341367485e+00	-1.252181086638411323e+00	-1.254414662023691118e+00
nan	-1.672880962097833546e-02	-1.106085685753950720e+00	-2.598312373953628018e+00
nan	-1.697683638120385252e+00	-1.134815201015756170e+00	-1.697268980835725749e+00
nan	-2.479934672263119921e-01	-8.305856400330930978e-01	-2.076342995949642667e+00
