nan	2.718046827140864208e-01	-7.652377548054019041e-01	2.202119598234483777e-01
nan	8.602079299940340595e-01	-4.184772853526170788e-01	9.107261643175920129e-01
nan	2.024628020259574279e-01	4.002366076977271758e-01	1.784491816490517024e+00
nan	-2.586075707941908330e-01	3.633078556675821691e-01	1.692602192440136211e+00
nan	6.649587405749664004e-01	-1.154331107589569028e+00	-1.045619455117758445e+00
nan	1.630731084787079510e+00	8.668707967102006196e-01	-8.893579046357646956e-02
nan	6.971928262030624435e-01	3.057598573222700677e-01	1.798654136254816960e+00
nan	-2.084524609722412380e-01	8.279644349741200893e-01	-1.178114925946732061e+00
nan	4.825184196230009048e-02	1.312793536350558843e-01	8.620214596427348830e-02
nan	1.936724748136389396e+00	4.386233580649519515e-01	7.156464130305204563e-01
nan	2.318582245235031092e+00	-2.555333563816887255e-01	1.441814136520653600e+00
nan	1.417006842496467689e-01	6.151993612926419663e-01	8.722386229023540993e-01
nan	1.160216187866604853e+00	3.224205118695228078e-02	-1.511799271073875350e-01
nan	1.089113914746441925e+00	-1.787064255285793490e-01	5.275959883977984766e-03
nan	1.019778347396107065e+00	6.717972765198302332e-01	-3.342395887576591340e-01
nan	-5.925364768445704478e-01	6.645360419037998900e-01	-8.321386252958786756e-01
nan	1.441660780853053714e+00	1.873447691358461675e+00	-5.378455272168511936e-01
nan	2.162953614946645065e+00	9.830154866111953105e-01	1.484878392211323339e+00
nan	9.578631006587616792e-01	1.291957967350106262e+00	-3.547668057453154944e-01
nan	-9.142840924690799342e-01	-1.349651168623424713e+00	1.826688632378274280e+00
nan	-6.158354169918011101e-01	-2.492137001137783692e+00	1.927232923569702994e+00
nan	-7.085478397224100888e-01	3.909355766502013996e-01	1.146175919010007815e+00
nan	2.993423142657923863e-01	1.076367832075391107e+00	-9.967863769846108113e-02
nan	4.795652453909360347e-01	-6.822127037937593119e-01	-1.614582073758303427e+00
nan	4.485141707314456161e-01	-1.491494840545488421e+00	1.453554772363972125e+00
nan	-3.706836175530004995e-01	-1.163643467687099253e+00	9.692848974611162349e-01
nan	3.316027634391990331e-01	6.764943280613429089e-01	3.122638137688988902e-01
nan	1.868214797226964485e+00	9.383089029125063485e-02	-3.793288450598885642e-01
nan	-4.935452970238837223e-01	9.987206605388115888e-01	4.606038856465541897e-01
nan	-4.124896034792767674e-01	-4.975566473151752933e-01	-8.479655171318886131e-01
nan	-1.613191504019374722e+00	-1.690827140284414609e+00	-2.701554207088202597e-01
nan	-6.354403664971437493e-01	-1.835666419983510878e+00	-1.739291674841869639e+00
nan	-3.688538442412983009e+00	6.293680004020625329e-01	-8.104480538141665136e-01
nan	-9.766800382150053750e-02	-1.641098460633864109e-01	5.322719038990147977e-01
nan	1.231620051345087230e+00	5.335974499526081605e-01	-1.030664039122242137e+00
nan	1.042552257802822790e+00	1.009283799687127781e+00	-8.170291547968449031e-01
nan	2.076412696129361635e+00	-1.312156466003825406e-01	7.954352857306644653e-01
nan	1.458045362249049681e+00	5.823982536354532780e-01	3.959557604859006985e-02
nan	-4.634415334789728780e-01	2.043146944980195334e-01	9.873970511968072072e-01
nan	6.870875813913350783e-01	-8.417409935848783054e-01	1.526565911527256514e+00
nan	1.130646845504839515e+00	8.371675741157981188e-01	6.851403555118379396e-02
nan	-6.413659573544278070e-01	2.257846622166649109e+00	3.639949107785363513e-01
nan	-4.825048128193396568e-01	6.209177707035812288e-02	2.946875428318703749e-01
nan	1.173898825803265877e+00	-3.239922536737016578e-01	-1.273235684020132541e-01
nan	1.213444651560148690e+00	-5.265365106779571480e-01	-8.701246011777773459e-01
nan	-3.670524515868636151e-01	3.322122179902287642e-01	4.604407023358786377e-02
nan	-6.976394578950216863e-01	-3.788394596383017898e-01	6.979464112142885757e-01
nan	1.176887069173578659e+00	6.139143404757159139e-01	-7.668591790042895706e-01
nan	-7.670367603063916739e-01	1.497415970916925243e+00	1.411093256377955907e+00
nan	1.570177034503424940e+00	-2.293484087143526029e+00	-8.342927764900778254e-01
nan	3.957892738785891984e-01	1.875522757802886131e+00	-2.051653230767218616e+00
nan	1.117523152671497044e+00	2.491111221696834521e-01	4.242195009220300350e-01
nan	1.808652302614593088e+00	-7.808974669154772341e-02	7.628460967495395151e-01
nan	3.388041363795197825e-01	-1.314983291631290241e+00	1.391499392305149074e+00
nan	5.764419103503002351e-01	-1.083986858867405922e-01	2.089939475345502784e-01
nan	4.119325498764589977e-01	-8.385354814997749706e-01	7.416951954756553778e-02
nan	-4.782021359588575771e-01	-7.056461901520523217e-01	-1.606382079931227613e+00
nan	-3.545760820757783094e+00	-2.465232775896265771e+00	-8.035727790970368378e-01
nan	-1.867434897702715091e+00	-2.157193150368385215e+00	-1.294856090246913727e+00
nan	-1.825447096371654476e+00	-1.706397752495169673e+00	-9.727570298672352234e-01
nan	-7.216152266991265884e-01	-9.959497724131177732e-01	-1.230298333493440754e+00
nan	-1.421124971927380187e+00	-1.618590601651753058e+00	-9.294981849561960718e-01
nan	-8.103789044720737245e-01	1.185873623979648572e-01	1.780368775166675244e-01
nan	-1.085976871934656973e+00	1.984120445765728824e-01	-2.267239000456907072e-01
nan	-2.383505679147607470e+00	1.221514882791850720e+00	1.984740015232336341e-02
nan	9.460386699683109857e-01	-6.441761162758472548e-01	9.129992482686559718e-01
nan	-1.385025174870282871e+00	2.030386344928672315e+00	-3.877896731572647582e-01
nan	4.080662176772733019e-01	1.490145965527054084e-01	3.308004034056976628e-01
nan	-2.636186634987411459e+00	-1.469099750433019713e-01	-2.784127123894819533e-01
nan	-1.413262095381699002e+00	-5.200993625939939191e-01	5.355137995851220190e-01
nan	1.090208874452476051e+00	1.959109087824834505e+00	-1.811934517646955012e+00
nan	-8.161518456190514081e-02	2.172327478371677500e+00	8.605013860044800067e-01
nan	4.756022200505659048e-01	9.819533766701054045e-01	3.137333004684217386e-02
nan	4.011071656186634415e-01	2.220899865318025856e+00	4.194311679201090381e-01
nan	3.623914022055560125e+00	5.667656285150923789e-01	2.050006463831335779e+00
nan	2.844567833729456652e+00	1.115255646721678318e+00	4.295151377324880615e-01
nan	1.600464730338233554e-01	2.116060489308848158e+00	-9.024100883438943566e-01
nan	1.681457081608633386e+00	-9.171676954247187652e-02	9.798954183544354990e-01
nan	2.680071424310683792e-01	-4.542825169868903723e-01	1.079003303039448580e+00
nan	-1.502567342765154246e-01	-7.670284726473908243e-01	-2.335225954819913630e-01
nan	4.200982892462504781e-01	-5.627050309363965663e-01	-5.869339634615415857e-01
nan	-9.259049798956490163e-01	1.592313335415221021e+00	1.322457421049713311e+00
nan	1.340569860529525981e+00	5.839360099832777706e-01	1.630596898512722603e+00
nan	4.896016092453846502e-01	-1.113452291693484586e+00	7.956773277658895083e-01
nan	1.445375633742649990e+00	6.511722641828342484e-01	-4.051380762706822680e-01
nan	8.011021791585362095e-01	2.758723043420857834e+00	-4.805002864835179466e-01
nan	9.187292236156363590e-02	8.396561000031126376e-01	-1.631520646453793244e+00
nan	-8.342507294132869289e-01	7.249184821934221423e-01	-1.280693042600692388e+00
nan	1.323162266039371593e-01	9.873243496111024919e-01	7.958057877850227557e-03
nan	-5.391511053169539824e-02	1.688410261800655787e-01	1.221975653896765657e+00
nan	4.200866110532209263e-01	-1.299198998529537130e-01	-2.202933561095588577e-01
nan	6.609423774572492638e-01	-6.882799231278580177e-01	-3.068686134331249371e-01
nan	-7.074753712711170373e-01	8.991093369996562279e-01	-7.458032225910187218e-01
nan	-5.900949857263482201e-01	1.160175906354743658e+00	1.613453540150892707e+00
nan	-3.571560792895526193e-01	4.841459359340732349e-01	1.992447508822678959e+00
nan	-1.323754140224735476e-01	6.296476653562442793e-01	1.930058239444235380e+00
nan	1.879747160801017003e+00	9.049886729764484716e-01	9.159702710496817613e-01
nan	1.783363642481375688e+00	1.637375906116819380e+00	8.476437608148703617e-01
nan	2.592825072105386930e+00	5.462543433669756476e-01	2.464181257133362668e-01
nan	9.214828234401153395e-01	1.171166381301399273e+00	-1.744558648225384978e+00
nan	2.119910554704466321e+00	9.946102574436603838e-01	-1.222416605771182163e-01
nan	1.007393266168281176e+00	4.938925601490098405e-01	1.199086126294729215e+00
nan	1.791755614260447382e+00	1.895727108784017734e-02	5.417041369616303337e-01
nan	5.449435015756735057e-01	7.121036826897690908e-01	-7.319642774551012865e-01
nan	-1.030531306350194742e-01	-1.932314031559988488e-01	-1.320006243042403771e+00
nan	-1.669989033248971300e+00	5.466737694385547242e-01	-5.180126375787057480e-01
nan	-1.951657651232215906e-01	3.961160468413748581e-01	1.385243359534774843e+00
nan	1.395700628124748821e+00	-1.288031830146943557e+00	1.294750601289252234e+00
nan	1.221576287847356834e-01	8.989525626363066291e-01	1.694779945545561717e-02
nan	1.835884756659677541e-01	3.909885486842747393e-01	-6.820143229011925712e-01
nan	-8.384444170688637454e-01	2.504745843391046334e-01	1.965380239551709762e-01
nan	-1.216579872527199679e+00	-2.611067609231952913e-01	-1.433918708457124547e+00
nan	6.810460932129418499e-01	-1.914329127295543609e+00	4.781897141633517645e-01
nan	-1.960118588656577732e+00	-8.832242537788925762e-01	-4.652400669017968671e-01
nan	5.495364105701834312e-01	-3.743091472162672351e-01	-1.321549325436858879e+00
nan	-7.762734061595266688e-01	3.620370533371874977e-01	-1.507553692702997772e+00
nan	-1.365100813385572653e+00	2.455429296120380522e-01	-3.196289555024882101e-01
nan	-1.517431495524244500e+00	7.427950998467583998e-01	4.155204762145497943e-02
nan	7.849214416626301705e-02	1.518325936587981984e+00	-3.891137553253039005e-01
nan	5.441176940259900841e-02	5.113574541447082344e-01	-1.882595345475635895e+00
nan	-2.610477270979289166e+00	7.611372680788787426e-02	1.071512591209562659e+00
nan	6.956236010193201924e-01	-2.514150751487705948e-01	-5.919392727781986885e-01
nan	-1.004715457214774066e+00	5.763640230992531643e-01	2.619245864334531770e-01
nan	-1.672619519663318677e+00	1.401775000200419674e+00	-3.168208490786756371e-01
nan	-1.411962851573866085e-01	1.034886079037361239e-01	-1.054728078394838287e+00
nan	1.310709672077244314e-01	-1.149163353328492843e+00	9.125680908646582878e-02
nan	-1.142870033377331618e+00	-9.999623996925367519e-01	1.497514304782475492e+00
nan	-2.076781252824463131e+00	-5.954260028965155938e-01	3.088228098889370665e-01
nan	-1.425632167049602383e+00	-9.133158486298009748e-02	-6.453891125591243449e-01
nan	-1.834718963418289883e+00	1.253928984141482683e+00	5.662410068391179330e-01
nan	-6.817453640126357461e-01	-1.461464658113628134e+00	6.573778175236477672e-02
nan	-1.399507190161219050e+00	-1.093158699341371110e+00	-4.495046103780463986e-01
nan	-2.230921589131427130e+00	6.149606321290419508e-01	-4.565308492499213777e-01
nan	-4.701193455619175343e-01	-2.154950583359016569e-03	-1.668332141507461897e+00
nan	-2.004037992820044689e+00	-3.167871102223001056e-01	-8.368286654865917384e-01
nan	-2.657115172360209776e+00	-9.158648671911464589e-01	-4.017193543790653631e-01
nan	-9.030082484590933323e-01	-1.543391078785738557e-01	-2.415960430380476864e-01
nan	-1.291461962550941811e+00	-1.657448871377437349e+00	-3.277666523680426991e-01
nan	-2.548372751510056267e-01	-2.767394659464364359e+00	-1.015893788350151539e+00
nan	-1.083919908944845467e+00	-4.762035322754420430e-01	-1.746671423293992831e+00
nan	-3.726098986296769944e+00	-7.747908057561373463e-01	-1.593470050193078080e+00
nan	-2.309126361561043339e+00	-2.117118322016005472e+00	-1.226988066513231779e+00
nan	-2.869461999439623767e+00	-1.527948313531670710e+00	-6.912843860111970162e-01
nan	-1.231599514207205814e+00	-2.339608330365523958e+00	-8.539575051911478809e-01
nan	-2.621059585248784796e+00	-1.839401001395355451e+00	-1.533185927383408753e+00
nan	-2.250761505931430762e+00	-8.916388480310696307e-01	-1.656169756624588763e+00
nan	-1.180823345918310174e+00	-1.693822731220100852e+00	-7.314589435844871534e-01
nan	-9.261622609112307725e-02	-8.766075631866145912e-01	-6.162005403548719285e-01
nan	-1.107575272011729339e-02	-1.411444576339974777e+00	-8.618382662638501834e-02
nan	-2.269476748983153547e-01	3.291333403192442941e-01	-4.847779173510960438e-01
nan	8.944896796040568976e-01	-1.323600634082451766e+00	-2.675638249644672340e-01
nan	-4.003986560882423773e-01	-1.747846321166355965e+00	1.320086366222559815e-01
nan	-2.540056972018852832e+00	-7.305933763111256418e-01	-1.693562450131359531e+00
nan	-2.124482731814457903e+00	-1.885633467568247568e+00	-7.357289547111558470e-01
nan	-1.347555125437412515e+00	-2.461957786909696022e+00	5.472612412125507086e-01
nan	-1.244654430844234216e+00	-2.226702002880492692e+00	-1.367268835451668885e+00
nan	-9.605090002954151940e-01	-8.893961555308849132e-01	1.175075694435257612e+00
nan	9.778746185977074123e-01	-6.926928537301564326e-01	5.162720007659441501e-01
nan	1.095723978445557689e+00	2.093972530708481550e+00	-1.579528399653581383e+00
nan	1.136341098654108261e+00	1.648958284845700284e+00	1.314294181457640098e+00
nan	2.270662355650476805e+00	4.266331810587190576e-01	3.331893923123280254e-01
nan	1.364902846126801350e+00	7.957435464459855501e-01	5.728907768409570167e-01
nan	1.282497464214356953e+00	5.548396070538842428e-01	8.279357592913870745e-01
nan	5.097791391608231804e-01	-2.265600971467899294e-01	2.882969274223173284e-01
nan	8.783144504033812971e-01	-1.174791415913952891e-01	1.560436884665992840e+00
nan	-1.486135061782691835e+00	-5.069349103435126791e-01	-1.124734085458826804e+00
nan	-3.948142767632978334e-02	-1.974858637860878785e+00	-3.561759443955058724e-01
nan	-5.296927906061414948e-01	7.137027228084469321e-02	6.618241951871792761e-01
nan	6.299328927849366655e-02	-1.329288510706786441e+00	-1.014714647356047550e+00
nan	-8.644266926723322975e-01	-1.255049407841862807e+00	-4.156972748154853514e-01
nan	-7.795293667075890998e-01	7.536813060943574616e-01	-1.755781512147034928e-01
nan	1.394880120790063849e+00	-1.691626027510050312e+00	-5.536428645494109180e-01
nan	-1.188309454864132197e+00	1.393499023489359612e-01	4.116141206137746700e-02
nan	-6.999492241892082411e-01	-8.513443184056659341e-01	1.087844300817476378e-01
nan	7.029575376656389540e-01	-1.844209745029409042e+00	4.824727844086171835e-01
nan	-2.388985238022616198e+00	-7.990602379356048779e-02	-1.306577446527864561e+00
nan	-7.292098237827526752e-02	-2.171736752735952791e+00	7.904853261388401497e-01
nan	6.080200283124765903e-01	-9.583786577132893392e-01	1.192276997054455112e+00
nan	-5.733648271116646988e-01	1.451073266980674070e+00	6.476456733412957467e-01
nan	1.329166323594728194e-01	-2.931768953380695653e-01	2.176963049318747512e+00
nan	1.025290008623412241e+00	3.839706994680042729e-01	9.489308266697593641e-01
nan	6.671534074421923144e-01	2.352660798057743807e-01	5.047893839685135831e-02
nan	6.825456128330881223e-01	-5.292546570622116420e-01	-1.008769406133543045e+00
nan	-2.134359535409415365e+00	-1.896582708348123258e+00	8.440833174973516595e-02
nan	-1.716871767608786348e+00	-2.785998713226551793e+00	-5.649515077678263220e-02
nan	-2.970609695115260518e-01	-2.266992100830334422e+00	-1.554643722674711181e+00
nan	-1.030671585492016984e+00	-8.755478722084688581e-01	-1.351859321877126874e+00
nan	9.109760593037186105e-02	-1.580920089699575648e+00	-7.423108103584229456e-01
nan	-2.888107596983316760e+00	3.138292561014181525e-01	-1.039316488290053186e+00
nan	4.204509113753895910e-02	-1.233808795265255220e+00	-2.001872386880625410e-01
nan	3.512212809890196130e-01	1.067095553466542501e+00	-5.556484078198979937e-01
nan	-9.361461388367200431e-01	-6.027574293792090643e-01	-2.628621374281551182e-01
nan	-5.534932773006441264e-01	-4.180626666911441691e-01	-7.824750607266407476e-01
nan	9.160737918378956124e-01	-1.765518275226595435e+00	-1.260393818112499620e+00
nan	-1.521076821110066035e+00	1.052905112552649403e+00	-1.205608135278206205e+00
nan	-2.556703145722972526e+00	9.962431444455321916e-02	-8.295390124497545870e-01
nan	-2.249381356122640785e+00	-1.721969067813789334e+00	1.568191027984425334e+00
nan	5.209956345267972022e-01	-2.364321082474550195e+00	1.099628811280576740e-01
nan	-8.095897971453872577e-01	6.261082066741994190e-01	-1.216278103455729731e+00
nan	-2.172265725170546169e+00	-1.255916428815548880e+00	2.341248694294906785e-01
nan	-1.587059164034344327e+00	-3.876137805488788501e-03	3.345173007027797407e-01
nan	7.446882467713289433e-01	-3.514713825976464312e-01	2.041753938653804390e+00
nan	6.290450424803941676e-01	1.125673586636978474e+00	-6.175914851079801204e-01
nan	1.254996312045968399e+00	-1.097804324345216020e+00	-7.139455329241960468e-01
nan	9.176503247938188057e-01	1.066664762817597589e+00	4.746900244077689734e-02
nan	6.498369254062330569e-03	6.063129766825572364e-01	8.763024853500941957e-02
nan	1.833595721748362051e+00	-1.436494825373040518e+00	-1.343677729735189841e+00
nan	-9.055635334413011939e-02	5.937845255295175484e-01	4.401076729252939579e-03
nan	-2.001450092369601030e-01	1.843946996751286704e-01	-2.801625828221779857e-01
nan	3.553029391390313818e-02	-6.734050346113540364e-01	3.629213578253759342e-01
nan	-5.653562820305848557e-01	8.599991777208323418e-01	2.119898853843080744e-01
nan	-1.157617771033488729e+00	-5.630076606003526773e-01	6.053423066045247047e-01
nan	-1.099132047241614840e+00	-2.344112554724953501e+00	-2.935303014071059466e-02
nan	-2.895145246935904026e-01	1.251998806908964035e+00	-1.601281665477780169e+00
nan	-7.831542851426268603e-01	-6.349829204770784941e-02	-5.693560189280499895e-01
nan	-1.942250954354294956e+00	-1.301628237109585751e+00	1.690706256855084577e-02
nan	-1.151832759110789528e+00	-5.054494191497180822e-01	-1.660689021988510650e+00
nan	-2.189239782411016577e+00	1.408589763245330917e-01	-3.296932933047208025e-01
nan	-2.952185358331405052e-02	-6.155030165682406906e-01	-1.026109392465912817e+00
nan	-4.348070936932968422e-02	5.773289880987880762e-03	-1.718330273678022047e-01
nan	8.672843666181347111e-02	-1.964326365851576106e-01	-6.095595346364715006e-01
nan	9.652855972889260450e-01	-1.564418088555835862e+00	-1.442684366164344034e+00
nan	-2.458272482139816084e+00	-9.112868133210471067e-01	9.034155914152636191e-01
nan	4.034397062342209850e-01	-2.276114909516915752e+00	9.400917323130590919e-01
nan	-1.858206590415533377e+00	-2.017373735965136916e+00	-7.520108108249708989e-01
nan	-1.004345820267255718e+00	-2.237513250042836077e+00	6.401485421667917342e-01
nan	-1.904055483835361606e+00	-1.479121558070828346e+00	9.987875338449052620e-01
nan	1.837123743629263117e-01	-1.358284132653718723e+00	2.898978275934993021e-01
nan	-2.790852664040555653e-01	1.368137251669606425e+00	1.770526905826578234e-01
nan	1.759997903240574590e+00	-1.607065515079284745e+00	6.309312569545819649e-01
nan	8.230647555583455732e-01	3.672331173587902731e-01	6.165139731592339523e-01
nan	-5.489460806159496276e-02	-1.461131932322367044e-01	1.449136877574568549e+00
nan	1.006831653899890489e+00	7.851874185962082198e-01	1.300225609447283937e+00
nan	1.031127715905618247e+00	6.950517708535692840e-01	7.749395681352619913e-01
nan	1.621931278057615611e-01	1.644342347955760619e+00	6.013541651750811123e-01
nan	1.359412954669608098e+00	1.675797339798502428e+00	-6.711150965239398580e-02
nan	-2.570228652918481460e-01	1.221099254303759762e+00	2.098995367561235170e+00
nan	1.988157665302435761e-01	3.367049353647969534e-01	4.000778224648424697e-01
nan	2.404449025635789994e+00	-1.719740038956075190e-01	-4.326656754758513301e-01
nan	1.573069005469747816e+00	1.684400058024404512e-01	7.142109951089530284e-01
nan	-2.822615395380755343e-01	5.618198773964689918e-01	1.728035525875385225e+00
nan	-8.116278565753847207e-01	4.001484489341919359e-01	1.355676304159996626e+00
nan	1.432371737014527802e-01	1.263723064647731265e-01	5.221692632157398650e-01
nan	1.749988267994422531e+00	-9.541717287725476337e-01	4.376848134827268089e-01
nan	1.096382748393778028e+00	8.979071360373311883e-01	-1.176870440933284634e+00
nan	-6.425289153247604190e-02	-5.164103251344889234e-01	2.228860208261644327e-01
nan	-1.488283199154048830e+00	-9.736371453287251398e-01	-4.397079292997269073e-01
nan	-1.490863868131222958e+00	-1.926576017171845123e+00	-1.353176790166516374e+00
nan	-5.575538980454788351e-01	-1.047089645457424112e+00	-6.609190048425408470e-01
nan	-5.179696304469681989e-01	-6.717112661301030130e-01	-1.109965854156580445e+00
nan	8.058580912509549776e-03	-6.221503405051309610e-02	-3.255544765775726379e-01
nan	-2.361149799822703343e+00	-2.272209429955581728e-01	-8.088972309043549469e-01
nan	-2.293176312062248368e-01	2.098775303914315327e-01	-1.126288659378871237e+00
nan	2.903780635213769057e-01	-1.895131967868462608e+00	-3.104903776620969058e+00
nan	4.069282089863981433e-01	-5.295403846300497097e-01	-2.091691264364662128e+00
nan	-5.170582405741681598e-01	-1.908039941545009333e+00	-1.069796278172636672e+00
nan	2.103130276857401171e-02	-1.207016988081564879e+00	-1.859845623836589024e+00
nan	-1.481174809520180879e+00	-6.238018778053557867e-01	1.089485979298223661e-01
nan	5.714309374493975469e-02	-9.435208670238307560e-01	8.552555366651728996e-02
nan	1.445139091577559931e+00	-4.667227921621107112e-01	-1.894559501725823214e-02
nan	2.415858601211907430e+00	6.948276849976366965e-01	1.194008254483015730e+00
nan	1.870221416147498816e+00	4.290500376304531294e-01	2.816316983328172596e-01
nan	1.142837205465802031e-01	1.022450807819430318e+00	-1.921578581605833502e+00
nan	5.915110505308318611e-01	5.950939282353622239e-01	-9.118254610065247290e-01
nan	-1.828541957699647835e-01	-5.309086428258624757e-01	1.000070457496811338e+00
nan	1.214317384064403232e-01	2.022699163768732156e+00	-6.201800107902483150e-02
nan	3.050621945861873741e+00	2.184304488827115698e-02	-7.888931518362419792e-01
nan	1.008960715037301892e+00	1.707016307830540924e+00	-3.812119531881820178e-01
nan	1.294281339786365059e+00	7.765138081277470627e-01	-1.412928328038503656e+00
nan	-7.042940551965256590e-01	-5.555411709537125819e-01	1.198775107897536163e+00
nan	1.464682300503255208e+00	9.331032885698260504e-01	6.075829579353310139e-01
nan	4.066591890198519854e-01	8.798733497367303702e-01	2.614285331659543132e+00
nan	1.275401974351077383e+00	8.927027205269542076e-01	8.415699078616230011e-01
nan	2.087233711176687656e+00	1.039043745393307683e-01	8.641580789149283515e-02
nan	7.694077262435493614e-01	5.954897503967518935e-01	-2.448128542774802519e+00
nan	-7.383269475025684425e-01	-6.431561734215712756e-02	-1.875536148322380914e-01
nan	-4.975057980994679330e-01	-1.723945644358756968e-01	-1.020609305318732396e+00
nan	3.497898807401601529e-01	-1.102902369979185337e+00	-5.364751757670782606e-01
nan	-2.308135731149825176e+00	9.128854724115160746e-01	1.877024726346770089e+00
nan	5.251728996996440912e-01	9.775533886287884888e-02	1.843677636083366878e+00
nan	8.627251554513942766e-01	5.045890792217725407e-01	1.338462124076403637e+00
nan	3.238363727666504488e-02	-3.543179703203734321e-01	-5.758457026363084097e-01
nan	4.626255107733361904e-01	-1.820766327704123277e+00	-1.789523349888421322e+00
nan	-2.406689997825463223e+00	1.991144976162750879e-02	-8.040490844846821528e-01
nan	-4.504035335148320884e-01	-1.031990040328379488e+00	-2.156220216448958116e+00
nan	-9.774573872792494678e-01	-5.385295878887772503e-01	-2.554532542398312289e-01
nan	-1.761245441731137396e-01	3.036792820419392802e-02	-1.608233767228966493e-01
nan	-8.005210688697166344e-01	-7.038976241059574646e-01	-8.877920561575319836e-02
nan	-4.801710458842944895e-01	1.247596449947724784e+00	-1.003450178941763804e+00
nan	2.859082203893114071e-01	1.714631502270645536e+00	-2.317252590078117125e-01
nan	1.358855374790914339e-01	1.378597459142684167e-01	9.599389714176713717e-01
nan	2.012245291969267935e+00	8.185082116627511173e-01	-3.797597615053838194e-02
nan	-7.614838854564817128e-01	1.134121335432767719e+00	-6.955773560203941663e-01
nan	2.628995601182191777e+00	1.708189202509627636e-01	-1.122026325542992531e+00
nan	-5.925582543535754532e-01	1.120772575210260857e+00	-1.553206291863570065e+00
nan	5.437030803659559375e-01	-5.770190503956648120e-01	-1.088489982859451866e+00
nan	4.814212036820800789e-01	1.838696782667661733e-01	4.803620235551203654e-01
nan	9.997587659603733856e-01	1.529472288659835977e+00	2.910112865666008575e-01
nan	1.520514206338237972e+00	1.679299055129421347e+00	-2.526474095525553798e-01
nan	-1.091900395833002246e+00	4.265869056417669336e-01	1.984024891195224960e+00
nan	1.438480698690680626e+00	-3.339137813776527075e-02	8.230074875856495664e-01
nan	1.802407510237917565e+00	3.120033994287325640e-01	1.083870190683515311e+00
nan	7.471329614791499818e-01	-4.116144622565556244e-01	-5.078130810130014883e-01
nan	-3.031246337497916499e-01	-1.830396996615453409e+00	-3.488232523921697137e-02
nan	-5.362632847204926723e-01	-1.931249787651236227e+00	-6.881448539861281244e-01
nan	-1.298750131640505234e+00	-8.260001436153653342e-01	9.805701598640242933e-01
nan	6.464409650276259356e-01	-5.460791986124871045e-01	1.182002813524295481e+00
nan	1.966396856403017923e-01	3.775322637349413646e-01	3.895142451116930804e-01
nan	-4.579320476799962347e-01	-1.729679451036194304e-01	-9.096581371116949644e-01
nan	-7.889827201429899795e-01	-1.089619663515576597e+00	-2.009899718480917308e+00
nan	-1.056309957735178440e+00	8.643258247221917712e-01	-9.025139297967974539e-01
nan	-1.293454086242863177e+00	1.901456512366064944e+00	-3.772087210179015937e-01
nan	-1.293141530411725248e-01	-8.246164777013306191e-01	2.033349646828791490e-01
nan	-2.130341577405141518e+00	-8.497778363782990674e-01	2.824320438158643976e-01
nan	-1.888054859197196844e-02	-1.838540452965133909e+00	-1.049410766030738129e+00
nan	-1.244824793066880986e+00	8.886996887738057849e-01	-1.410609574831794166e+00
nan	1.042764126196212837e-01	-4.443568701247071484e-01	-6.607616223913141684e-02
nan	-3.223935020345051750e-01	6.593302126530704577e-01	-1.673895631549263907e+00
nan	-1.966157627651004658e+00	1.274597808243049357e+00	-2.846717546732959736e-01
nan	2.080224859601415011e-01	1.965245347078692639e-01	-8.927657442057052029e-02
nan	-1.399743472477230632e+00	2.147410166456420466e+00	2.492572860213098540e+00
nan	2.505955919277148780e+00	-5.616724632090570601e-01	2.662908834431450433e+00
nan	7.830447076260254047e-01	1.100087795463495777e+00	9.773192591871298074e-01
nan	1.652224605156420223e+00	1.915077354571504076e+00	7.378983455935040903e-01
nan	1.929568681023503984e+00	2.678027541410843426e-02	3.208485375482374446e-01
nan	-7.362472763106155949e-01	1.176747388207430411e+00	1.168771530255783286e+00
nan	1.321982925583948809e+00	-1.488323835893127667e+00	-8.047949882393765630e-01
nan	5.422957618424912862e-01	-1.181622294677244778e+00	-1.291492702850625118e+00
nan	-1.320663393101171756e+00	1.106664273153039890e-01	1.329394963994383172e+00
nan	-5.877991195423315496e-01	6.191885392565501522e-01	1.518076987910015330e+00
nan	4.731314360127075735e-02	-3.833778713495297197e-01	6.160199990312762441e-01
nan	-2.085524223534726218e+00	1.423573318914466590e+00	-5.153701619411585888e-01
nan	-2.491740103468059075e+00	1.259659236157993689e+00	4.063080027951456730e-01
nan	-5.855282405874475682e-01	-1.030696564463668308e+00	1.086701474326010830e+00
nan	-1.282491771112029832e+00	-5.729466634397172298e-01	5.291414506641378690e-01
nan	2.411274397933794722e-01	-5.495885089183989436e-01	-8.584959633231894482e-01
nan	-4.133742865449993031e-01	6.559387040576891703e-01	4.437219701831403573e-01
nan	3.409514550888215201e-01	1.210134002324191993e+00	-2.164919677864716618e+00
nan	4.819170842388624254e-01	1.160483747157130541e+00	-3.638440575479950922e-01
nan	-1.076812367029471362e+00	1.569602154262110805e+00	-5.800873780854425288e-01
nan	-1.161089578708198067e+00	4.149012868097260442e-01	1.560832399155190064e-01
nan	-2.166226947777264211e+00	5.049878574599903081e-03	6.507864864093764190e-01
nan	-6.020879523126707600e-01	-4.045122473876218150e-01	-6.261792270385329040e-01
nan	-2.097934788122141070e-02	-2.252882370543939916e-01	6.584864088151916039e-01
nan	3.597120562146083889e-01	-1.150535097527344064e+00	-6.458393638606352294e-01
nan	6.852058819650486132e-02	-3.379334655921870656e-01	9.801180324760061513e-02
nan	-8.418196951159124808e-01	1.405116454145285687e-01	-8.422075487295902496e-01
nan	-3.306596645723166361e+00	-1.678632759417306719e+00	9.644717096974751991e-01
nan	-2.881661717953998281e+00	-1.039510096856114174e+00	1.807900899964292596e-01
nan	2.003398414280914697e-01	-5.540757562244534862e-01	-1.191588716294926353e+00
nan	-1.070237306004282685e+00	6.968265955770411857e-01	-1.464959691244645201e+00
nan	6.366607467327556336e-02	-7.943336134606453491e-01	-1.427846674015629480e+00
nan	-1.358468251807854354e+00	1.448794008932450916e+00	-2.888981086642199436e+00
nan	-2.850639087401264593e+00	-1.879103679467232668e+00	1.461098770295570670e+00
nan	-8.541857259104322919e-01	-1.954508890691211143e+00	2.202287815082749622e-01
nan	-5.521357249712909310e-01	-1.095247172345151343e+00	-1.138272480775424089e+00
nan	-1.402019761225236083e+00	-8.460539976962303532e-01	-2.197796853128048955e+00
nan	-1.051294975004309018e+00	-4.476746938310830481e-01	-9.763230266957539927e-01
nan	1.967221716668173137e+00	-6.391978333536946222e-01	-1.157229983960997854e-01
nan	2.814006672075101800e+00	-2.022364996981746432e-01	-8.261839099328860403e-01
nan	-1.349201265104351233e+00	-4.306917415465060239e-01	-1.130397982821176761e+00
nan	-7.518595926088611492e-01	2.343145684705751908e-01	6.247400949636388034e-01
nan	-1.261556854934682947e+00	2.396374997568803678e-01	-3.827365252600998247e-01
nan	-1.166948981885028491e+00	-2.391255042746422532e+00	-1.142737319587698197e+00
nan	-1.297109398458935914e+00	-2.385598133630709716e-01	-6.378244237228196667e-01
nan	-1.587484945109893797e+00	-1.262641434784165462e+00	-1.352710342620866202e+00
nan	-2.466469108304396585e-01	-1.033923749391979729e+00	-2.674683048423738274e-01
nan	-2.370826366581778810e+00	-1.525816281819705189e+00	1.001373116187595613e+00
nan	-1.519369455497315169e+00	-1.379743601498816918e+00	-6.951045811123353069e-01
nan	1.348100720513100592e+00	-2.254451529963564793e-01	-5.042821953084691833e-01
nan	1.896575074193365795e+00	-6.372442908606075207e-01	2.590551290290016295e-02
nan	8.881349239951593644e-01	9.767626905738568954e-02	6.875810660109604733e-02
nan	6.480134540044060198e-01	1.760379040617213731e-01	8.696703315457402494e-01
nan	-1.694145879899507268e+00	-4.370516643599295370e-01	4.233475912797099450e-01
nan	2.324367780052754018e-01	-8.359216624735466006e-01	-5.476970123477308272e-01
nan	-9.346536398222804465e-03	-1.034328707492199184e+00	-1.556256118818512446e+00
nan	-2.572511602264107466e+00	-7.640183529209528812e-01	-1.377048191447636905e+00
nan	2.089635160549376813e-01	-2.010679326322851512e+00	-8.437674916224788824e-01
nan	-9.013611657518256770e-01	-6.262308706166175298e-01	-2.195760142645531321e+00
nan	-2.328251965053024453e+00	-4.034114983599587645e-01	-1.781104461551212381e+00
nan	4.040555794118876332e-01	-1.404448931995997407e-01	-1.355319539730830414e+00
nan	-1.931644826102081547e+00	9.527232403842851582e-02	8.576553540437670264e-01
nan	6.878282923403283844e-01	2.226827962523919568e-01	-5.906879645141498436e-01
nan	-7.619961496506520993e-01	9.797291266986555280e-01	-4.019182508468698845e-01
nan	-1.140368811780737568e+00	-1.318940109142414663e+00	-6.163103431914157548e-01
nan	2.514943275080339102e-01	2.414342817068806379e-01	-1.411749660100301007e-01
nan	-5.078106585739150525e-01	-4.838940856380546385e-01	-1.941477667419224451e+00
nan	-1.055390269492727517e+00	2.209016331481714612e-01	-1.667096204046524033e+00
nan	-1.272188286717540251e+00	1.327484332945807033e+00	-1.117407059176678263e-02
nan	1.046334363106374621e+00	1.452326730849121672e+00	1.577344016475613064e-01
nan	8.607449936319755412e-01	1.791059492671601916e+00	-2.150976147073576428e+00
nan	8.869770121675086827e-01	2.691034178022140733e+00	3.021324001678996840e+00
nan	1.624922794520611280e+00	8.272256565226105973e-01	9.347129132832839860e-01
nan	1.267164902900707490e+00	1.685232730679271373e+00	-2.182864537545643469e-01
nan	2.192488212971205108e+00	2.720373730636097553e-01	-1.042143057992618749e+00
nan	2.143652228284130157e+00	9.994661289411790328e-01	-2.107485938343169052e-01
nan	2.837061244609400124e+00	1.774381421989837504e+00	-8.095619096162101069e-01
nan	1.635038701898418489e+00	2.328658670730172631e+00	1.240371976760939354e+00
nan	2.542369644630578573e+00	1.852445732685072066e+00	1.515139790090351379e+00
nan	1.021239270420549072e+00	5.603790562862774882e-01	4.654013565140502351e-01
nan	8.342202275498781239e-01	-8.872262561910380096e-01	-2.723768933943469528e-01
nan	-1.610102106850809900e+00	-3.579334283354554946e-01	-2.128975019820356529e+00
nan	1.134332907935106993e+00	-1.301354562678318949e+00	-1.853094954912974046e+00
nan	-1.337061061875735923e+00	4.500353272246933600e-01	2.908071151096147666e-01
nan	-7.371167098762803072e-01	-6.544964266235200334e-01	4.402160381804762768e-01
nan	-9.436555072810359768e-02	1.561933895395370975e-01	1.224803810267056869e+00
nan	-3.645163781596270636e-01	2.049662353033420981e-01	8.860201295644651864e-01
nan	-4.010534220774827352e-01	-6.488584812838249505e-01	1.530952631370134931e+00
nan	-5.476740129042260152e-01	4.517024537898517433e-01	1.764346614749127573e+00
nan	7.175565760077708966e-01	2.696052676763038489e-02	1.077337571247213743e+00
nan	1.433576575486678273e+00	-9.832384056989454946e-01	8.025739793832920022e-01
nan	-1.886784685991314547e-01	1.415576690058445442e+00	-2.328003822135059075e-01
nan	-6.390367359816977455e-01	1.200975989692914636e+00	2.779659399129161823e-01
nan	1.532968998963762042e+00	1.410385021857508692e+00	5.035877140603333135e-01
nan	3.687428563044595764e-01	6.917049027438033626e-01	1.108437625596711662e+00
nan	1.638411429765983307e+00	-1.003884516088895396e+00	5.285567044614289944e-01
nan	-3.844979279000649286e-01	-6.992755806623405235e-01	4.619801584997547117e-01
nan	-3.234858464841979253e-01	-4.797617962420817062e-01	-1.004353676778655668e-01
nan	-5.823242011393923168e-01	-8.209751904051407756e-01	-1.446427576983864816e+00
nan	-3.352345628693864654e-01	-2.541368429107062177e+00	4.061292530789883948e-02
nan	-1.115349847525279658e+00	4.673867822416305495e-01	1.825595487031618669e+00
nan	1.566770366108005907e+00	4.149445984496301643e-01	5.447374634922321768e-01
nan	-2.940661052850451762e-01	6.569415737336603556e-01	6.516594072736874299e-01
nan	1.698155654682082183e+00	2.259552132968183802e+00	2.276176068765413785e+00
nan	2.638053365034544129e+00	1.730750843202986999e+00	2.628570847197694071e+00
nan	3.440442750231787805e+00	-1.409720483270244795e-01	3.572429506900105523e-01
nan	4.302525060029396275e-01	-4.979984392803560311e-01	-1.558532139619282775e-01
nan	-1.162868035432399028e+00	-3.180612954997446562e-01	-3.822599001935780838e-01
nan	-3.900247609658502590e-01	-1.669859788202803008e+00	1.601574462257627562e+00
nan	1.071061946114482577e+00	-1.438371676837360891e+00	7.257286008273623468e-01
nan	1.232709222472728516e+00	2.224261148400543953e-01	-1.173871062781513874e+00
nan	-3.382157552510524079e-01	-7.713891748362586842e-01	4.989773717547818510e-02
nan	6.174061124393281919e-03	1.293355889934005853e+00	-7.192063078092836292e-01
nan	-2.694049168094487801e-01	-1.207270419086208246e+00	-2.144484150771654440e-01
nan	-1.186287475413358994e+00	-2.451180445571562672e+00	-2.050314779516468455e+00
nan	-7.615889144874394834e-01	-2.542748944864289484e+00	-5.358299100783530111e-01
nan	-9.019017710995904658e-01	-1.272160330152522834e+00	-1.616266558678324916e+00
nan	-1.790815195994988951e+00	3.014274822440419221e-01	-1.870832752642832109e+00
nan	-5.700914661372247227e-01	9.281091576593145653e-01	8.984524851533970402e-01
nan	5.274186711009908324e-01	-5.073283898569316275e-01	2.103704800487584237e+00
nan	-8.070914301615661479e-02	3.007842935382941008e+00	3.672150840868790844e-01
nan	7.160719279089282630e-01	7.585106806720051109e-01	2.162752765850113335e+00
nan	1.798353776612745092e+00	5.975198826050274192e-01	-6.803725876111978987e-01
nan	-5.230505169716226366e-02	5.382249684833328995e-01	-4.776675935507069815e-01
nan	7.970039328360775110e-01	-2.853876391262215595e-01	2.060169931956378486e-01
nan	-5.902217597755257117e-01	5.071350602288529075e-01	1.347963627809003695e+00
nan	-2.083012370132201418e+00	1.331164106981691742e+00	-1.282742622482544892e+00
nan	1.016307279900400928e+00	-2.849359860303865233e+00	1.524113274520498829e+00
nan	2.854018003313320562e-01	-1.399541013915616139e+00	1.608788387070951842e-01
nan	-2.509448051970013527e-01	-8.039534734675590766e-02	-4.217824964734420701e-01
nan	-1.304930111741890331e+00	1.934034716288290934e+00	-1.156313433541184210e+00
nan	5.830415667833018789e-01	6.703151857188516249e-01	6.982522845101636344e-01
nan	1.193758515863855507e+00	-3.227451223367971966e-01	-7.880324511258810505e-01
nan	-3.889526863893498221e-01	2.113255474556299252e+00	-8.387436232715885787e-01
nan	1.197434954053868239e+00	6.372086825365838036e-01	-5.247537864503628580e-01
nan	4.549096663966991638e-01	1.035755090459514971e+00	-6.469724454933115654e-01
nan	-2.982898206841738675e-01	-2.249458553879595257e+00	4.339435643134177678e-02
nan	-6.908276264001823597e-01	-2.009885512552882503e-01	-1.001810549493062030e+00
nan	-2.504243176426331097e+00	-4.478611198090873269e-01	-1.064781309750690408e+00
nan	2.410238242592666058e-01	5.462393727243302077e-01	-1.031001458060435971e-01
nan	-1.342463025257354114e-01	1.084310813875851487e+00	-6.305794626877223030e-02
nan	1.062228208467020263e+00	-8.105296987619100557e-01	4.296627477157871078e-01
nan	-3.278980012233304042e-02	-6.802970452500847198e-01	-1.677164602367469781e+00
nan	4.394274145980824331e-01	5.238509808253745126e-01	-1.944104539931490683e+00
nan	-1.410224824167061408e+00	4.545665046255288333e-01	-7.490881736333261376e-01
nan	-4.707271665004621464e-01	-5.450242247672784091e-01	1.197207529825019989e+00
nan	1.898038657093944925e+00	8.361676962867365948e-01	2.577212005614632484e-01
nan	2.784249043079958685e+00	3.314524881818014190e+00	-3.234892806518209207e-01
nan	1.092020544828318673e+00	1.319963962155920711e+00	2.633734176981298969e+00
nan	2.060563732295102035e+00	-1.090339701416591645e-01	1.699993190609940807e+00
nan	-1.665989632027793821e+00	7.715429099343978914e-01	-6.886469772235442877e-02
nan	4.553906320493511517e-01	-1.696951775346777769e-01	3.279727048264633460e-01
nan	2.264947275358199785e-01	-2.446475814304980845e-01	5.365232413683490575e-01
nan	-4.989188328860841293e-01	9.443572687028551904e-01	1.520710539388509419e+00
nan	1.556353000652705321e+00	-1.744232133664565421e+00	-6.233491913421281838e-01
nan	-4.090129123380568110e+00	1.006562113910861367e+00	-8.003803176489345805e-01
nan	-2.032582530036094237e+00	-3.800342567068877297e-01	7.008418994843732541e-01
nan	8.409346227045588762e-02	-1.763029770679454877e+00	3.138629830521436070e-01
nan	-2.809711063539710896e+00	-6.769697989711052077e-01	-1.482307031827430621e-01
nan	-7.831765362305783684e-01	-6.623489951071209747e-01	-3.842790887420837742e-01
nan	-1.218796253678687158e+00	9.449451366634920024e-01	1.311087147389409679e+00
nan	2.784743450725189806e+00	1.307904663787603727e+00	9.246310769649148664e-01
nan	1.331815100229420734e+00	2.042054850461800353e+00	2.698572936459212812e+00
nan	3.429555115839086454e+00	3.030136434638740717e+00	2.145051862198953163e+00
nan	2.575519947323776648e+00	1.655402703726348568e+00	7.187472451363789983e-01
nan	1.587932043775728275e+00	8.897068525304736575e-01	1.593350600843077114e+00
nan	8.128638957046594449e-01	2.711141083777111049e+00	1.571377888282884605e+00
nan	2.981967052846700383e+00	1.681564531415497443e+00	2.580168832845155080e+00
nan	1.868444709725848085e+00	1.662550466646520730e+00	8.389150244039694782e-01
nan	2.966939565484638219e+00	7.401158032417026744e-01	6.493957415843125691e-01
nan	1.959920213773772790e+00	1.234665212056544004e+00	1.445768140055591511e+00
nan	1.757912821867202879e+00	7.423910098133528201e-01	5.931289880043497664e-01
nan	1.361411188150854379e+00	-2.711840464373975745e-01	-2.172883504435468294e-01
nan	-6.441058214624428846e-01	5.162680783913911053e-01	3.716275701403854437e-01
nan	-4.130203665239945976e-01	-4.052565649972323381e-01	5.355324838170605339e-01
nan	-1.145363357694272055e-01	-1.728285218623102359e-01	-6.592034181759116596e-01
nan	-1.343393297185208501e+00	-2.912068181787285770e+00	-7.388748604178488333e-02
nan	-2.204752986878169452e+00	-2.693827009490601387e-01	3.297963691882650483e-01
nan	-1.617532878260514728e+00	-1.506919057564550357e+00	-4.685817158186212916e-01
nan	-1.281014021332775865e-01	-9.753789478352484776e-01	-2.033008691547873781e+00
nan	1.326147627705067666e+00	-5.652538091642178575e-03	-7.603156612149890581e-01
nan	-1.752041721410386721e+00	-2.893766338426001505e-02	-5.821883254800446217e-01
nan	-2.462392903963146917e+00	-1.032285902541297595e+00	-1.189078733433241997e+00
nan	-2.193155894079038326e+00	-3.444676788474660967e-01	-1.709655129289845643e+00
nan	-1.007940726911948914e+00	-8.528738645014566355e-02	3.196752037560649518e-01
nan	5.872364108170685659e-01	-2.062189668165529399e-01	1.203986170120851185e+00
nan	1.330618532201327309e+00	7.807826165472822599e-02	-2.619296086282716929e-01
nan	1.259012104484235728e+00	-7.637274003416860690e-01	-4.327289764106324044e-01
nan	8.649289033569840246e-01	-8.977762040113435038e-01	-1.335481631489399135e+00
nan	-8.117534154313162942e-01	1.738212044426421077e+00	-1.426420958351527712e+00
nan	1.322328067093244464e+00	4.650139851124734935e-02	-2.896992051519918232e-01
nan	-4.091902918044836857e-01	1.942490774097501482e+00	-1.952572055955905106e-01
nan	1.004858809755170834e-01	3.259243569120068296e-01	5.892998454356849214e-01
nan	-1.948007678137669840e-02	3.525898026691131060e-01	1.130438983229273830e+00
nan	9.396611453599670316e-01	1.251032950506588692e-01	3.742258926290481513e-01
nan	1.772830517123776595e+00	-1.192363645624207269e+00	9.416087163525042047e-01
nan	2.562179052787566524e-02	2.086815132647656668e-01	-2.729937397516754016e-01
nan	4.242686786207806870e-02	-7.855492806080894841e-01	-2.455828877202294869e-01
nan	-1.803890136187491722e+00	1.086448200662269992e+00	7.223600874867146526e-01
nan	-1.350275591384772822e+00	-1.385884971399838350e-01	-7.716460840959661338e-01
nan	-2.633466019342471931e+00	-1.228386955497519528e+00	-1.151944193825704232e+00
nan	-1.983965520837473129e+00	-2.177129534036228886e+00	-1.961076635922168965e+00
nan	-1.145464588241725590e+00	-2.127039214213787055e+00	5.277932369775140131e-03
nan	-1.748821099022236591e+00	-9.232199417804749508e-01	-1.571998378483747683e+00
nan	-2.740374966830161352e-01	-2.049481406901512592e+00	3.400973613251689898e-02
nan	-1.091487022121724104e+00	-4.973614700029771463e-02	2.683222957133655218e-01
nan	1.662311901158592065e+00	-1.900966349500342822e+00	1.305218089855940011e+00
nan	-6.464421783303391233e-01	1.102175280325830009e+00	-8.092367168822667267e-01
nan	4.246365437429117096e-01	3.911392328224496673e-01	-9.757621539492462581e-01
nan	-4.184194355812492772e-01	1.766286348612731594e+00	-2.640881638064476178e+00
nan	-4.557804462634119647e-01	-2.590684085352790711e-01	7.891373774761312188e-01
nan	7.486732425346529496e-01	3.813668048102325514e-01	1.035499726203466198e+00
nan	1.604060834973790817e+00	-1.222302860933529356e+00	-1.155922196384747247e+00
nan	6.059772375339005368e-01	1.061840593190127580e+00	-4.290326999790325946e-01
nan	1.274185768815540909e+00	5.841271634251126166e-01	7.415668205199313912e-01
nan	3.341021736186089441e+00	1.928668095273053384e-01	-4.438172603007565220e-01
nan	7.908204002236639552e-01	6.598716330251124251e-01	-1.610283341940476287e+00
nan	-6.500878631102821048e-01	1.440381182205188182e+00	-1.581650489251797520e+00
nan	-1.901529663494801126e+00	1.958182920174725616e+00	3.473525434370731690e-01
nan	-1.407648175790004175e-01	1.171982968025075733e+00	1.185019717160606056e+00
nan	-1.681958751062976987e+00	2.123761843156210194e+00	2.668086440515774704e+00
nan	7.984149452138216141e-01	-1.682428542536253513e+00	1.180211339752695432e+00
nan	1.096317442147209054e+00	-7.055864418521924364e-01	-5.009797888506057895e-01
nan	-1.706081004576778692e+00	-3.382507348837950900e-01	3.368996776744087041e-01
nan	1.881365772105769718e-01	3.687267766400958990e-02	-5.013327638122655472e-01
nan	-1.694371682298584147e+00	-1.162061723322169310e-01	-3.218418888776976017e-01
nan	-9.141373544314957966e-01	-4.633093992700239028e-01	-9.232815450213442965e-01
nan	-9.312679770541496538e-01	5.909103765333267866e-01	6.237162820402863961e-01
nan	1.782887794794576763e-01	-1.499960635416160981e+00	-3.961178127194492360e-01
nan	-5.005448641872889404e-02	6.485437883559556083e-01	-2.279826726389886371e+00
nan	-3.699394069982773758e-01	1.480148149359636345e-01	-1.908473233214457720e-01
nan	-1.810515796090370166e+00	2.858729569843210250e-01	2.622122187813227701e+00
nan	5.457093404305632944e-01	-1.507164602032051270e+00	1.016339945703369496e+00
nan	4.343281897052259088e-01	-7.923672559642427338e-01	8.184501524266069028e-02
nan	4.778183944797235738e-01	1.200707772976978838e+00	-2.247284241313451947e+00
nan	9.051231088087111631e-01	3.229055587584190312e-01	-3.175025923119154214e+00
nan	-2.394536742818365482e+00	-1.720321327690474522e+00	1.153437335883222836e-01
nan	-3.917324549654539467e-01	-1.825835012165700544e+00	4.220495278848750420e-01
nan	-1.266876401282409859e+00	-3.261727225802005803e-01	-5.674131467108525229e-01
nan	-2.354217702232889176e-01	-8.094348161423514654e-01	2.346687635527505478e+00
nan	2.383486345069619206e-01	-1.184429939244442842e+00	-1.214267110555763418e-01
nan	-2.988235434337165763e+00	-1.407582497838342217e+00	1.298816381435552891e+00
nan	-1.615598284134214246e+00	3.634562887988359581e-01	8.445135987326454208e-01
nan	-3.223556894344816737e-01	5.336048739730119284e-01	1.786496123844478090e+00
nan	2.639285018207319311e+00	1.368632530863231445e+00	6.584645071475248024e-02
nan	-8.473058523994101421e-01	1.763675402078999532e+00	1.716530146403378199e+00
nan	1.266437740176383553e+00	4.620010010820939650e-01	-1.748239882027069481e-01
nan	2.149550085942913968e-01	1.456045503557132026e+00	-6.221580816327472174e-01
nan	1.836676205823533081e-01	1.430308321950457318e+00	6.830004908935528585e-01
nan	-5.781337201261443903e-01	9.617057127181753984e-01	-7.293100240030558901e-02
nan	4.736678605836980860e-01	-1.121971918422560055e+00	9.636194532100005317e-01
nan	3.811883324488480884e-01	-1.116077727464644953e+00	1.027961185132365340e+00
nan	-5.890345985006474328e-01	1.777419420172189568e+00	2.137619045195597423e+00
nan	2.491493629533956700e+00	2.154330353929982955e+00	1.150790474800148733e+00
nan	1.726486681270981371e+00	2.462490814433385911e+00	2.519350274590707039e-01
nan	-2.491130351843309221e-01	3.531816273887454782e-01	2.579503501420649325e+00
nan	1.118999184188396168e+00	-1.763183395274587673e+00	8.257352806604416617e-01
nan	3.071194983225830066e-01	-2.109657129757935845e-01	-9.409308594929051139e-01
nan	2.887323323719004353e-02	1.130764849995986726e-01	-4.176939855315859318e-01
nan	-8.778001427630008902e-01	1.629931549954939385e-01	5.484681102350191795e-01
nan	-1.498624121557094124e+00	-4.799907895476781539e-01	2.083549606503620200e-01
nan	-2.617982974759786030e-01	-2.304011487152527460e-01	-9.737315228832553737e-01
nan	-1.052933614640548132e+00	-9.078109457448718667e-03	-2.637771194957831411e-01
nan	2.209774038682336350e+00	5.118419290944388189e-01	-3.837280536486284976e-01
nan	2.280894422941248223e+00	1.480290051727458422e+00	-7.084977238634669883e-01
nan	-9.390951787081530666e-01	1.449566067765381217e+00	1.855422978404006162e+00
nan	1.220898108291140538e+00	-4.350338921699301586e-01	1.267250422488847672e+00
nan	2.525195893581658746e-01	5.250131403107464179e-01	1.899555195183498246e-01
nan	1.226243543457170793e+00	-4.938336879865484752e-01	-6.425758069035488740e-01
nan	-1.271694613165057275e+00	1.381411974286360200e+00	-2.223297328651109017e-01
nan	6.330150377616957647e-01	5.196998404393166071e-01	9.714718517396174757e-01
nan	2.813195586181398866e+00	-1.976123947502421152e-01	1.629704046052111721e+00
nan	2.521923345911036840e+00	1.995909897475922179e+00	3.802430783873438913e-01
nan	1.756046154024893724e+00	1.797424496590370735e+00	1.762262731258430470e+00
nan	2.057828940280482577e+00	-4.702112327322185426e-01	7.165807999921861571e-01
nan	-2.953049434062685608e-01	7.023880834002833584e-01	-5.039829425564913423e-01
nan	-4.512805217302943150e-01	1.101574171231139321e+00	-5.283427072516555523e-01
nan	-6.159785381676734506e-01	-2.664763731488220433e+00	5.711758405934188598e-01
nan	-1.991225958614545988e+00	-4.746148709470852101e-01	9.281210531379453510e-01
nan	-1.692812377984473704e+00	2.292043074304584982e-01	-3.778736911281596611e-01
nan	-1.309208432918001153e+00	-1.644378085773256171e+00	-1.414133813527819861e+00
nan	4.238388946945055302e-01	2.080291341065518829e-01	-2.120535970082157107e+00
nan	1.364426301242294137e-02	1.498960762148462411e-01	3.030024954412524618e-02
nan	-7.702363167461219184e-01	-1.518962921697111224e-01	1.225709168055430176e+00
nan	1.322482516055261681e-01	-3.748789632167320862e-01	-1.399515694798588505e+00
nan	-7.443999650467232332e-01	1.095052646972747068e+00	-1.689815758674925172e+00
nan	1.448740962084287820e-01	-1.070347303407939821e+00	-4.528028076567092164e-01
nan	-8.909492942155221584e-01	-5.962428044164974628e-01	2.420389946580054352e-01
nan	-1.963944047842361984e+00	-6.677235534673133799e-01	6.208747371316555297e-01
nan	-3.632215267528366986e-01	2.033997113087613329e-01	-6.233367207803418575e-01
nan	1.375560450042363492e-01	-8.355965479371061377e-01	-2.692797483176193829e+00
nan	-1.105609160196294960e+00	7.227976341135116112e-01	-2.227775066271888704e+00
nan	-1.764276256414561983e+00	-1.683958391765845608e+00	-2.051984395266612804e+00
nan	-3.366188098261152284e+00	-7.810027228151439349e-01	-1.686469452997197749e+00
nan	-2.115895844924578384e+00	-1.217267096106006585e+00	-2.081705891749894288e-01
nan	-1.582418653047087176e+00	-8.775696489881820161e-01	-7.304947112734938575e-03
nan	-9.491759717377479255e-03	-8.164796771746594128e-01	-1.857805893111218187e-01
nan	6.442387484440335044e-01	-1.221016552470127525e+00	5.998712226323427155e-01
nan	-6.493029854953494828e-01	-2.153713556552625086e+00	6.137996510438459286e-01
nan	-3.542202969452082906e-01	-1.751328515610854009e+00	5.937371664259083470e-02
nan	-8.040119113053270095e-01	-1.247692701117896430e+00	-6.542141296602022038e-01
nan	-1.059175210104762233e+00	1.894989004526181908e-01	-5.409011023322907175e-02
nan	-9.395060725809074587e-01	3.419966487512263176e-01	6.077498523312585554e-01
nan	4.733837467481068484e-01	3.081237713317191984e-01	-4.994984153545340422e-01
nan	4.512551311314441649e-02	-7.576841349266691950e-01	-5.663731580910850161e-01
nan	-5.699146468160617429e-01	2.263954684646574678e-01	-4.397713896012134249e-02
nan	-7.280325716655416945e-01	5.255000646120411290e-01	-1.300608197135172617e+00
nan	-1.897927242413092741e-01	-1.055599083484086043e+00	1.250700801367245152e+00
nan	-1.975604853447803511e-01	1.873166443769126444e-01	-4.304567551383729485e-01
nan	1.029207274410961714e+00	1.493312994871537347e+00	-4.493731078895220055e-01
nan	6.304921908060238112e-01	-7.513959877684472932e-02	-2.985372590973371931e+00
nan	-1.435797134606869863e+00	-5.409475516286258445e-01	-3.492871520044948941e-02
nan	2.286843546711744279e-01	1.146022025464088712e+00	-2.246410117726551359e-01
nan	-1.038238422204287970e+00	-8.256572481258344087e-01	3.736442264770383215e-01
nan	3.798560664391967823e-01	-1.043771445915630869e+00	-1.263508408950813289e+00
nan	-3.402330194254591933e-01	-2.185322305579855851e+00	-4.428871542414270501e-01
nan	-9.577135328482961896e-01	6.438304230314706444e-02	-1.389391760523902786e+00
nan	-1.324284854807038059e+00	-6.583807298436159527e-01	7.380838586403826174e-01
nan	9.995438748555121045e-01	-1.464089589930543500e+00	5.015890000247600344e-01
nan	1.065029787287681051e+00	1.055631657523665723e+00	-1.146302262978267539e+00
nan	7.412713055583270982e-01	-4.814928898745415298e-01	-1.240809857842262165e+00
nan	-5.514390744247250620e-01	-1.059096421467525140e+00	-6.754241703267083174e-01
nan	-6.187935721593004201e-01	1.051923848346963286e+00	-6.850592297811524123e-01
nan	-1.435469056114876851e+00	1.258081655504474483e+00	-1.410944924991913263e+00
nan	-2.059101585528900991e+00	4.102825588274183755e-01	2.405908759661644913e-01
nan	-1.793031019755328526e+00	-1.375390288923711068e+00	1.397062774439177479e+00
nan	-1.332673679634193808e+00	-1.923636881353137262e+00	1.914139682081317587e-02
nan	-9.128340014459620511e-01	-2.201035393327388956e+00	1.894246518114183209e-01
nan	-1.127332739369350190e+00	6.032162311711242175e-02	3.240646056372211703e-01
nan	-2.239881404070779958e+00	-1.223842546675760978e+00	3.961030101096765788e-01
nan	-9.444922671409851089e-01	-1.551357090017465579e+00	-1.579053796950954602e+00
nan	-1.350780570182306128e+00	2.708947669307713024e-01	-1.047852814843280411e+00
nan	-1.060048094629143289e+00	-2.600801895572529832e-02	3.485051465207186228e-01
nan	7.868279704807644714e-01	-5.332456532105456226e-01	-1.760178826334986235e+00
nan	1.051080110035921056e+00	1.591494327584517809e-01	-1.848431235606804002e+00
nan	-2.168776737288033551e+00	-2.688399831581436139e-01	-2.957581873357838509e-01
nan	-1.360429559237922525e+00	-2.449808219561369071e+00	1.706521049584283523e+00
nan	1.958805041273078418e-01	-1.663739056575733732e+00	8.152612230931266524e-01
nan	-1.122296198648894849e+00	-3.962251627586090286e-01	-3.306725808987482917e-01
nan	1.472518664463009053e+00	2.160377900394422901e-01	-8.879346023589360648e-01
nan	-3.070578424057137656e-01	8.485463442851741700e-01	-3.854386538070674884e-01
nan	-4.445968987477276202e-01	-1.270726116069426315e+00	-1.250885479892311081e-01
nan	2.854550129391808522e-02	-1.303873772122415398e+00	1.141881830915878471e+00
nan	-1.289801368032990503e+00	-1.019683684822587089e-01	-8.428390202140946252e-01
nan	-7.345942674358626467e-01	-1.204780169009346480e+00	-1.023977252776853974e-01
nan	-1.336843279930331474e-01	-7.419720494319781423e-02	6.762105012101700119e-01
nan	-6.470652759957906675e-01	1.415707565221783204e+00	7.217313617001177573e-01
nan	9.927416042549905839e-01	1.090269765809061958e-01	9.635445152025701177e-01
nan	5.602839587775367836e-01	6.318324302278714999e-01	-8.420254376886964209e-01
nan	3.271716421013636800e-01	7.695768562378231259e-01	7.042682958666794946e-01
nan	1.727428104283320831e+00	2.153342182182410802e+00	7.530198492943702693e-01
nan	7.458347429659957228e-01	1.355385704484949105e+00	8.360584548770735314e-01
nan	2.672222249878546396e+00	8.600206770700148384e-01	2.231252841924172170e+00
nan	1.009818736487136714e+00	2.392136282057492291e+00	1.527013761641323075e+00
nan	-1.891389027795529199e-01	3.395797700288641252e+00	1.583173270556206713e+00
nan	1.544630726679495192e+00	-7.952893939049349159e-01	1.893972292413643954e+00
nan	1.913933136433267901e+00	-2.433912171619517117e+00	2.233402994826144683e-02
nan	4.637462653319663897e-01	-1.905648138161749827e+00	-1.467067590226740492e+00
nan	-9.458427499840547092e-01	-2.007352710580080912e-01	-8.320016691121405739e-01
nan	-1.640623695295706508e+00	-9.223955473306704178e-01	8.477848568896750869e-02
nan	-2.350225857721195410e-01	-2.772279630758177849e+00	3.506912497776448201e-01
nan	-1.199712683474050801e+00	-1.633276493649685301e+00	-4.965103450939031271e-01
nan	-2.473722675763620593e+00	-3.792414519589325517e-01	-1.009816548994132424e+00
nan	2.398810155549209178e-01	-5.959314325562997672e-01	-7.670961608936107679e-01
nan	-9.008331652410689339e-01	1.197926436020774421e+00	1.193804531040167372e-01
nan	1.681715531104139405e+00	5.336985747776086253e-01	7.863494048974989381e-02
nan	1.125684292042107293e+00	5.894564174890761787e-01	-3.415382521821265227e-01
nan	1.705655719729821662e+00	-3.877039041602690084e-01	2.870602052575610408e-01
nan	9.709980875812667112e-01	1.467447503401663633e+00	-7.663590674445941442e-01
nan	7.853012508745038645e-01	2.027118636516352934e-01	1.566263804822469297e+00
nan	8.445325776217760261e-01	-5.867327251708679414e-01	-2.346292432846288634e-01
nan	5.383750134780510566e-01	-1.997480870392502883e-01	-1.393878545115502243e+00
nan	5.420721064149184309e-01	-1.640016383047908866e+00	-7.593470449328215688e-01
nan	-8.250020374901876341e-01	2.544853929395815562e-01	-1.646200327628419835e+00
nan	-1.554879966126771373e+00	-2.104113273811582641e+00	-1.022194528293446369e+00
nan	-1.150026026785401001e+00	-1.268596794709311748e+00	-2.000205832393912253e+00
nan	-2.967462529900972701e-01	-2.577015952879512795e-01	1.558965801202268020e+00
nan	1.426967425616133323e+00	-4.721189549145229924e-01	8.032628415726754678e-01
nan	1.390204271119281687e+00	2.532219137068233206e+00	-4.369036552628007275e-01
nan	-1.351933248147727529e+00	5.845360775243633178e-01	-6.084988282435972451e-01
nan	-5.384727515783515051e-01	-1.512454520801722602e+00	2.918988268203388525e-01
nan	-7.789059929978634500e-01	-1.002275941846036522e+00	-1.587471371340199111e+00
nan	-2.508347847401442898e+00	1.698022990016503808e+00	-2.165615457388404552e-01
nan	2.172613437219237942e-01	6.452239859279393919e-01	1.775319310612471835e+00
nan	4.396916419169882850e-01	1.460706557368395497e+00	2.438918727680899901e-01
nan	-1.852863506096396051e-01	-1.913272564913359730e+00	1.642280361506311070e+00
nan	1.198333247931939294e+00	-9.968313455349857577e-01	-1.263086550709374700e+00
nan	-4.340804708372741905e-01	2.219830216944427281e-01	-2.763422995923112691e-01
nan	-1.244537207226347642e+00	2.801964624131731418e-01	-8.104595126946763095e-01
nan	-5.477918800801684363e-01	-5.615271671027531886e-01	6.296916164173312902e-01
nan	2.347650010708621227e-01	1.268056099760638489e+00	3.619330977676596395e-01
nan	1.057028507923645000e+00	2.714791990814697797e-01	-8.479037344680204757e-01
nan	-5.844026559137317500e-01	1.239816370804469603e+00	-2.424796058080153638e-01
nan	-6.473758213868663347e-01	9.448372160097960881e-01	-2.210301834632030782e-01
nan	1.651939958012806686e+00	-5.199402511234325619e-01	4.606434590420576125e-01
nan	1.240515388497703597e+00	-4.471225625819169047e-01	-4.829685188901652326e-01
nan	-2.048288611195598075e-01	-4.313650617663586928e-01	-9.068059503234138230e-01
nan	-1.958946735415487694e+00	-1.034137752353880280e-01	-1.448996012297719460e+00
nan	-1.869019958135497372e+00	-1.326947043046117214e-01	-9.049519215314465459e-01
nan	-1.577029677342891123e+00	-1.748555453932721382e-01	-3.478053783854222480e-01
nan	-9.952671266101709158e-02	-1.435059914002221104e+00	-1.463213500233583320e+00
nan	-3.153421971428209680e-01	-9.324379164815316257e-01	-2.920955191597599310e+00
nan	-1.832016769763565645e+00	-7.901923151866627748e-01	-2.156934126509082006e+00
nan	-2.488585370411708908e+00	-9.073651204670433179e-01	9.190321648371121421e-01
nan	-7.377811282389113989e-01	-1.197592029899792410e+00	-7.805200596018077031e-01
nan	-1.482970516061498323e+00	-1.641756003346994897e+00	-1.817638755792297944e-01
nan	-5.273291521242055024e-01	-5.407335483512878405e-01	-1.582566324606763608e+00
nan	-1.942325830798561581e+00	-9.015974991076733946e-01	-1.123687338078294129e+00
nan	-2.141551114466569761e+00	1.491212336133535654e+00	4.175773548848870087e-01
nan	1.180080435082091483e+00	-2.340612358583473718e+00	1.318135475432302695e+00
nan	5.263744837655734976e-01	-1.569106107144762730e+00	-1.601796194343919844e+00
nan	-1.117083475115624447e-01	8.519829876075342145e-01	-1.988350562700073265e+00
nan	-1.110149929041032157e+00	3.494983787323486801e-01	6.090430094264754901e-01
nan	-3.093378607436230721e-01	-9.272080873650833110e-01	7.023637105890994103e-01
nan	8.067056170337779664e-01	4.454129273622008389e-01	1.152718966807785517e+00
nan	9.971779409065071320e-01	-1.650042334519885801e+00	-6.028118494682758177e-01
nan	6.187948528221703937e-02	1.027987358952742403e+00	-5.665626264936096668e-01
nan	-1.807601669922478949e-01	-1.086204199082669408e+00	2.717670171245392119e-01
nan	5.700269666210154851e-01	1.057129865224462617e-01	-5.953251136761912310e-01
nan	-6.244794517308613346e-02	-2.393116034700804029e-01	-2.528723364599093082e-01
nan	1.365871430052071622e-01	-3.384890559949225164e-01	1.024111918036904267e+00
nan	-3.393043870531649020e-01	-1.613145505731750529e+00	-1.172654808770904999e+00
nan	-5.665975687714459585e-01	-1.036981232781147844e+00	-4.225289287159905705e-02
nan	-1.950836739344702586e+00	6.808901988255050552e-02	6.215669643874708328e-01
nan	5.763602987346303497e-01	-1.723056835530027975e+00	1.044807011172991462e+00
nan	3.372344184239101095e-01	8.929528297187043773e-01	-1.017487620764825573e+00
nan	9.298183846474489256e-02	-9.886062318454569287e-03	3.720893603641358682e-01
nan	-1.389506659011238376e+00	4.944146715216585775e-01	-2.553218137259054998e+00
nan	-3.708723924559376162e-02	1.508078334179047797e+00	-2.022103438500105543e+00
nan	1.037110614468990999e+00	-1.200225056738572604e+00	1.311375111606488453e+00
nan	4.676224837703986115e-01	-2.629624223174858444e-01	2.972348078912837588e-01
nan	-1.114948635340996752e+00	6.923186339596443251e-02	1.661780567330029434e+00
nan	1.307137391306562479e+00	8.958794136254112361e-01	1.241992628738519233e+00
nan	1.833452508064791431e+00	9.092080011393306460e-01	-7.138675543919581479e-02
nan	5.347385161485329608e-02	1.259119359716057707e+00	1.321919019681678353e+00
nan	1.348846769933788270e+00	-5.985037088029220298e-01	-2.970460094996023592e-01
nan	-1.965213789280595980e-01	1.118101831699291671e+00	-1.171508762514119617e+00
nan	1.318538364314020717e+00	5.857240150112604793e-01	4.521693527386831946e-01
nan	4.119444486604301403e+00	1.731551869512318431e+00	1.606630323164198515e+00
nan	6.990338811963425769e-03	1.091952242357608016e+00	-5.584040554679781110e-01
nan	-2.428444811203281928e-01	1.301655725989611323e+00	6.899950488791937175e-01
nan	-1.317074227874387660e+00	2.012818347992556323e+00	6.432119388152423012e-01
nan	6.073922462623935203e-01	-6.088338514127314416e-02	6.292722515407308537e-01
nan	7.223902708716537502e-01	-8.650328882983276957e-01	-7.475862041984105977e-01
nan	8.706746836334824380e-01	1.210920965565818186e+00	9.703161609821904232e-01
nan	3.590561277815489394e-01	6.344122411069634815e-01	6.122187769611109331e-02
nan	9.114378817092401164e-01	7.540902041247361520e-01	7.456285886815433583e-01
nan	-5.997807621403496992e-01	-6.493912817300304674e-01	-2.828675820131121288e-01
nan	-1.036124110929728781e+00	-2.756838319632269330e-01	6.316638435931286599e-01
nan	-6.652189661147306365e-01	-1.781205939081233147e+00	-5.203155534476481270e-01
nan	-7.178368008414899304e-01	1.720846979081829042e+00	8.822926776793140746e-01
nan	2.898559612209544945e+00	-1.835133671644853859e+00	1.892320325028713501e+00
nan	1.240873947650976472e+00	6.329310616997099181e-01	3.186323422131517868e-01
nan	-1.465514391834445984e-01	9.843714621614235716e-01	1.541027745542955518e+00
nan	1.208199017823673005e+00	7.563559556501964209e-02	-4.101984110206089440e-01
nan	-8.105233238221098979e-03	2.373017251687287721e-01	-7.926938461851927853e-01
nan	-2.884003108394110337e-01	-4.996738425907455983e-01	1.034975517488869734e-01
nan	-1.817588305642749757e+00	-4.934882621823618587e-01	1.055603762562870168e-01
nan	4.848726179301263706e-01	-1.477410449876479515e+00	-1.903954086373279009e-01
nan	-2.813356516497302895e-01	-1.435237031297091459e+00	-7.199287172378829869e-01
nan	-4.060011448692418812e-01	-1.804163150713902208e+00	-1.600915469793888102e+00
nan	-2.390197121966304294e-01	-2.924765414485667736e-01	-3.107081631120162779e+00
nan	-1.883103953914433415e+00	-2.346399499547802692e-01	-1.362454472365091096e+00
nan	-6.602866852529261088e-01	-4.182711181254310517e-01	-5.752598424465154014e-01
nan	2.356880120543569657e-02	-1.029578846920649715e+00	-2.186846679012100225e-01
nan	4.138132995390796376e-01	-9.287666100842343342e-01	-1.692585550598090516e-01
nan	-3.702540256474387004e-01	5.017692189394129532e-01	-1.130424491809274734e+00
nan	8.503006386126056304e-01	-1.063017160971052588e+00	4.796027223248056082e-02
nan	-2.201521413604143884e-01	3.867910865475964188e-01	-1.607249272975017629e+00
nan	-3.450276588555007407e-01	-1.306242776686802110e+00	-1.545357835549604264e+00
nan	-9.367737697244447048e-01	-1.476498005016130044e+00	-8.290882536090781185e-01
nan	-1.641680139069090494e+00	-1.013560940628020157e+00	-9.548522221858934955e-01
nan	-3.221812874695512141e-01	-7.888713511948324264e-01	5.013496811578079804e-01
nan	-5.328022159822738413e-01	-2.850152911974729308e-02	9.808963708004660997e-01
nan	1.148226645144518887e+00	7.107073661833095413e-01	-9.665227179388574674e-02
nan	2.457572261393116686e-01	-2.636536039763092143e-01	1.151321069080670556e+00
nan	1.651424693649786501e+00	3.709006951121665563e-01	1.638469552394237749e-01
nan	-2.097547330106442898e-01	-1.286026531757622049e+00	-5.154002353644219214e-01
nan	-1.281316447353940458e+00	-8.694718709195754514e-01	-2.084050305645453349e+00
nan	-1.712402812266927477e+00	-2.665543626481506334e-01	-2.569089135605771901e+00
nan	-2.599965670002549523e+00	3.094711104193462736e-01	-1.008909980310158216e+00
nan	1.591062626737397290e-01	3.179936411071443425e-01	-9.672539826668218321e-01
nan	1.053846107151562572e+00	5.804534158790868315e-01	-6.241970476856001371e-02
nan	2.293084104100565401e+00	2.051347949664592107e+00	-1.226706737272731829e+00
nan	-3.132819559471941018e-01	8.796722871675181077e-01	1.232669705381458147e+00
nan	2.292108419525015428e+00	-2.870141518025975946e-01	6.647199078750939405e-01
nan	-8.613629984978766752e-01	2.474746308599262701e+00	2.081395722887326993e-01
nan	9.393834900128983367e-01	9.895524690677578450e-01	-8.533180412882804822e-01
nan	-3.662616763743293813e-01	1.652619712796477014e+00	-1.028523372935441937e+00
nan	-3.328070013660471838e-01	-8.129759361940034346e-01	-1.302042323849821326e+00
nan	-3.233698298068645172e-01	-1.040944835058295936e+00	-1.974401950813287954e+00
nan	-2.319464037888216978e-01	-3.333818672357842239e-01	-2.204922629837364312e+00
nan	-9.865139624427065046e-01	-3.072606081853265225e-01	-1.738869770957836902e+00
nan	-7.956812890565472252e-01	-7.982940335255621633e-01	8.716456080948767893e-01
nan	9.227504867041560477e-01	6.634601480012434216e-01	-1.039171617739620690e-01
nan	1.653827338087602850e-01	6.638963625698629523e-02	-8.765648315864545959e-01
nan	1.525327576323776357e+00	6.384286394054140557e-01	1.564658189038629965e+00
nan	1.775329607265469622e+00	2.206105589839079673e-01	-9.860012120595840202e-03
nan	1.515386159629567575e-01	-1.548285881181105106e-01	-1.936558364663300558e-01
nan	-2.500780823712630774e+00	-1.019260932259351327e+00	-7.452197574002635827e-01
nan	-2.891579108224358485e+00	-1.069140913352284894e+00	-1.668952196999521131e+00
nan	-2.462656386725075919e+00	-8.796547783662626019e-01	9.417829085809822365e-01
nan	-2.178492591586193683e+00	4.307074180562671106e-01	1.008336776482251063e+00
nan	-4.054480217037221834e-01	1.524068220609016588e+00	1.750480400057189856e+00
nan	1.879982070678408723e-01	1.486857261912427619e-02	-3.502452384203247338e-02
nan	-3.503097903114303635e-02	-2.120326155907643340e-01	-1.248968764902247841e+00
nan	4.452310216973717760e-01	1.356483470869769281e+00	-9.927159907422653529e-01
nan	1.205255148889847888e-01	-2.982952367081488365e-01	1.100184271326067664e+00
nan	1.146966157921075480e-02	1.301444819886465210e+00	-1.297486372079875050e+00
nan	2.041983869183168487e-01	1.570673566333189886e+00	-7.445308096793552544e-01
nan	8.986156268415619319e-01	1.521889740470702135e+00	-1.548168952075178018e+00
nan	1.232104645176265389e+00	8.907196898263898266e-01	5.299201625114060565e-01
nan	1.693003356330071263e+00	1.015562959823663736e+00	2.170741450569588782e+00
nan	1.750488091432835791e+00	-1.093074855273123980e-02	5.851582233104879460e-01
nan	-1.221856577653668285e-01	1.676756499082658447e+00	1.374279517890114599e+00
nan	2.451187415191225405e+00	3.465651351467695651e-01	2.019180401180207696e+00
nan	-1.706541666456273809e-02	7.999821920192157210e-01	-3.513359893259052624e-01
nan	-1.300582086556766104e+00	3.877441359234701790e-01	-2.417973229541132418e-01
nan	1.778360628484771944e-01	-7.067651271129491430e-01	1.342140773575021040e+00
nan	3.798454145109717572e-01	-1.065409322188322294e+00	-1.240390347883864930e+00
nan	-4.935257139070196031e-01	-1.675768522663638738e-01	-7.229930633148884400e-01
nan	-1.391679590064397232e+00	7.717959773957542291e-01	-8.940568012329869196e-01
nan	-2.779336993402781730e-01	-1.253394871660496346e+00	-1.147138867453767475e+00
nan	-6.968070021035331907e-01	-3.761392640229536122e-01	-1.122602290415859683e+00
nan	-1.904623968250810151e+00	-2.321104594319044701e+00	4.107099495376143605e-01
nan	-1.850557710856003180e+00	-1.218021316260025078e+00	-4.381787879881206549e-01
nan	-1.671692299874215859e+00	-8.038727615070335730e-01	-5.285743626878206536e-01
nan	-4.863046056976805809e-01	1.590073895014776806e+00	-4.142869511017340245e-01
nan	-2.993506900132033799e+00	8.170759733094610233e-01	-5.222255743646452286e-01
nan	1.797008225932645864e-01	5.626928264331497731e-01	-3.713188043286244633e-01
nan	-4.195352151044555722e-01	-1.829884804329742765e-02	-6.633205812031244264e-01
nan	-5.192455364707845300e-01	-1.739086896134852678e+00	6.480953574052348287e-01
nan	-4.509833984653290329e-01	-1.557371523234668542e-01	-1.659505039602212628e+00
nan	-6.169587024456734126e-01	-9.159282821068508440e-01	-1.196478873026829981e-01
nan	-1.273781779918207402e+00	-1.131378725686638553e+00	-7.701919099041104610e-01
nan	-2.985392859721589520e-01	9.360215656547131724e-01	2.094836592749749205e-02
nan	9.520504077773142004e-01	7.132592423197189335e-01	5.863426003707454814e-01
nan	-4.162263297417274632e-01	2.567587260501646984e-01	2.206656263869196888e+00
nan	1.186893397165833974e+00	7.192308961189031180e-01	1.339032550017738021e-01
nan	2.403082336821154463e+00	2.566833473696855661e-01	5.065376071020438742e-01
nan	3.326010385081256349e+00	6.565353834130490673e-01	1.101886790290001583e+00
nan	1.409166436563153324e+00	7.067689408541055762e-01	-1.434999055839733195e+00
nan	1.281979898616358859e+00	5.728921042738295277e-01	-1.710087035093667662e+00
nan	-3.935567128325413444e-01	-3.637312741854591414e-01	-2.842717654223366197e-01
nan	-1.001303838246251132e+00	8.657306973336389433e-01	-2.256029159054434852e-01
nan	-4.027714424312549002e-01	-1.561530335364191557e-01	5.766388205002159761e-01
nan	-7.995189758535643787e-02	1.324614685553833215e+00	-8.419923919553617964e-01
nan	3.835502678932857235e-01	4.722988756110307884e-01	-5.590643660884284660e-01
nan	2.759740250137711626e-01	1.241792020575083422e+00	-6.419121340161970668e-01
nan	1.286722303370237075e+00	6.744179206381939462e-01	-3.406719511502301345e-02
nan	-6.960552676309536002e-01	-2.960639517083351047e-01	1.197178642662525494e+00
nan	1.433434446136284457e+00	4.985526626882955115e-01	1.772251325295737812e-01
nan	1.350538767646038085e+00	-6.952454445824243212e-01	5.725766238530249908e-01
nan	-3.311239734186566253e-01	-1.296160317053791644e+00	1.110287446164542002e+00
nan	-3.797662513344148838e-01	-3.617672771649280694e-01	8.650813170024229670e-01
nan	1.729044277441221578e+00	-1.003878994152331616e+00	-9.754431394912144171e-02
nan	2.060814091614175947e+00	5.360056940142240434e-01	-2.137778503767926885e+00
nan	-1.059066735359568856e+00	1.902266831853369755e-01	5.761588864581305147e-01
nan	7.889412807992295384e-01	-3.278207507660209075e-01	2.989536033749011223e-01
nan	-8.569405142906555417e-01	-2.519495972542268980e+00	-6.543799679805250014e-01
nan	1.306722807660398722e-01	-1.142965352047552452e+00	-1.596786050195714290e+00
nan	-5.269788650254630946e-01	-1.422506203067647412e+00	-1.650498670860090167e+00
nan	-9.823189061760195795e-01	-8.329350532521418993e-01	-3.945569765602161549e-01
nan	-2.402141226276445884e+00	-1.641215226541241634e+00	-1.465629515587534959e+00
nan	-2.604377352331225914e+00	-1.863398021947918703e+00	-1.078880261488000869e+00
nan	-5.338084491554773159e-02	-1.784727036950262580e+00	2.239027154155280863e-01
nan	-2.827817245345218278e-01	-3.042807483748091624e+00	-2.356634766288342675e+00
nan	-3.700331629585143389e+00	-4.341880680268703774e-01	-3.121265194865834314e-01
nan	-1.238872137368080439e+00	-2.198442671165216744e+00	-7.656127575580864431e-01
nan	-1.229235639844474148e+00	-1.258571884891320103e+00	-1.391721592330813051e+00
nan	-1.445678125769388478e+00	-6.798061090184276400e-01	-6.401302396685045748e-01
nan	1.521170567627941894e-01	-1.355433276700347633e+00	-8.619817234930553518e-01
nan	9.496140809457495058e-01	1.642353958948883919e-01	-1.825157477624175240e+00
nan	-4.388710933847663753e-01	-1.146022426732121957e+00	6.277065932890610878e-01
nan	1.838045546441052780e-02	-2.263717864509996180e-01	2.038586870683323504e-01
nan	-1.825065639012379393e+00	-6.377356713267082755e-01	-1.864650826348467072e-01
nan	-2.586993569238066115e+00	8.450335224584527571e-01	1.971080615896387833e+00
nan	1.978623153547562019e+00	-7.046900213012515790e-01	1.752340026583866006e+00
nan	2.960420295733797724e-01	-1.972357060484082325e-01	-1.245239003961620794e+00
nan	-1.156167880319369790e+00	-1.031930560035204669e+00	-8.580292831236253637e-01
nan	2.669307457199382450e-01	-8.984913801621621232e-01	-1.775272852487556285e+00
nan	8.935001296679102589e-01	2.789636421572978531e-01	-1.529525273516140205e-01
nan	-2.050703249678809681e-01	6.409681660310195817e-01	-1.157863226099943965e+00
nan	9.336811238054714135e-01	1.599602687135840695e-01	-1.712049840689540803e+00
nan	-8.700245221836487852e-01	-7.315904710765269714e-02	1.535206689090496512e+00
nan	9.033099961376521714e-01	8.002020315005806683e-01	-3.883815678326346110e-01
nan	2.233242941851647068e+00	6.081498950088694011e-01	-7.999412777167101973e-01
nan	1.592649765632701442e+00	6.403216578574002504e-01	-1.105858321393728305e+00
nan	-2.797195626713961936e-01	-9.782292447867088070e-01	-9.434736614167543722e-02
nan	-7.792157743010899029e-01	-1.517568278338210508e+00	2.782482092357640990e-02
nan	5.350006980446180282e-01	-7.999256122764298871e-01	-1.395658448764138582e+00
nan	1.171613384087457077e-01	7.142799742618910486e-01	-6.267207827684986299e-01
nan	-7.693454365842488096e-01	7.634706504018674567e-01	1.269748926258395860e+00
nan	2.293972441487651004e+00	7.024710045380376522e-02	9.365021751548445739e-01
nan	1.313182080595420853e+00	1.580666634114580082e+00	9.913179922702181068e-01
nan	-3.284896454659902432e-03	-1.793028465419338469e-01	-7.868177313390558592e-01
nan	-1.842630074344081548e+00	5.775067339149754231e-01	1.317886996196227178e+00
nan	3.899356000186478266e-02	-1.638495112499014583e+00	8.856689663674346402e-01
nan	-5.769577840794479218e-02	-5.216523830092832936e-01	-1.986490954473930648e-01
nan	-8.415300186824363760e-01	-2.012260663698100860e+00	-1.414409871866328050e+00
nan	-2.145641188590293957e+00	-8.223913876845829751e-01	-1.967362963649206264e+00
nan	-3.349058416582910702e+00	-9.355368217746312665e-01	-1.336294802299595519e+00
nan	-1.552165417489042909e+00	-6.444507967058995535e-01	-9.373002890519026575e-01
nan	-6.509832965803474814e-01	6.416965748549857684e-01	-3.648886698434455345e-01
nan	-6.865825195405250714e-01	-5.195281971194664061e-01	-1.984678461579553743e-01
nan	6.825317136185210520e-01	1.408871305625908898e-01	-1.374230431576930034e+00
nan	1.784816469410347217e+00	6.086765292794485416e-02	-1.067220312197679100e+00
nan	1.497810444439753530e+00	2.736022668972035721e-01	-1.872910271920707803e+00
nan	-7.646574946489549662e-02	-1.507334538498979803e+00	-3.942522530730958596e-01
nan	-2.147545467594069279e+00	-1.406224202980755900e+00	8.348272514547838696e-03
nan	-1.576576290009677583e+00	-2.098113391651428294e+00	-3.209477921677851286e-01
nan	-1.247953556439684419e+00	-1.776359160084105770e+00	-3.220030934134553990e-01
nan	-4.530540650338673592e-01	-1.098442512104419899e+00	-1.091115730388326321e+00
nan	-1.399516011113098202e+00	-1.269773924138331678e+00	-7.419087563326143275e-01
nan	-2.585456923597144741e+00	-1.860873682417551578e+00	-1.346546556854646415e+00
nan	-1.575697734379155612e-02	-2.108486081002633128e+00	-2.825221284049606041e-01
nan	-1.740870302427817151e+00	-1.180884821926706962e+00	-2.837286211960074578e+00
nan	-3.011082027846882170e+00	-2.614740190403116449e-01	-3.485399539459465679e+00
nan	-9.266629023916177488e-01	-2.382159618001820967e+00	-3.018247523924623810e+00
nan	-2.197699429581692065e+00	-1.193656284594727612e+00	-1.250438548434120722e+00
nan	-2.472642549470716489e+00	-6.960815993759099651e-01	-2.511407721466293985e+00
nan	-1.471970147195655887e+00	-5.790923049866498751e-01	-1.854866620745961203e+00
nan	1.690435146550508527e-01	-1.086582237716735566e+00	-1.549571411083886741e+00
nan	-4.798418997179875189e-01	6.742933620048812138e-01	-1.561468128778085163e+00
nan	-1.558150502040797525e+00	-1.593285520843997771e+00	-8.245563125756516509e-01
nan	-1.880407000225283731e-01	-2.771095751371320581e+00	4.379661035646955636e-01
nan	-1.234858701579875095e+00	-4.458776438419395083e-01	-1.587882090561420600e+00
nan	-8.181019637233610808e-01	-8.080006376542235857e-01	-2.149248925408498323e+00
nan	-1.150195548263429846e+00	1.018536473669057751e-01	-3.286186855151791431e-01
nan	2.413922854298282683e-01	4.716672315323209297e-01	1.073545170701716733e+00
nan	1.179943219165146884e+00	1.521856810202429688e+00	1.133683424587246469e+00
nan	1.811390676158111113e+00	2.131288873263033068e+00	-4.794320339570050660e-01
nan	1.909366446216453461e+00	1.290355878580837112e+00	1.608320942117860142e+00
nan	1.312762109544409972e+00	1.114132464535141587e+00	3.484735309847943885e-01
nan	4.914743435552915152e-01	6.318365615736909469e-02	-7.904411762846421663e-01
nan	2.527159381970307539e-01	9.679208697759253965e-01	9.544332505685679258e-02
nan	-9.180896657421599993e-02	-3.030003162100673997e-01	-1.654515514693971401e+00
nan	-7.600453614578157602e-01	3.035341298455686010e-01	-2.399746187463969171e+00
nan	-1.217333525219140178e+00	-1.778203726551201014e-01	-8.903383864347602650e-01
nan	-1.279886143930293319e-01	-5.219912628781040453e-01	-1.185684587238033050e+00
nan	4.343676864283851913e-01	-4.284664980607821305e-01	-1.172271347558605514e+00
nan	-7.102441082167656461e-01	5.951665006930605406e-01	-1.911397953140022477e+00
nan	-6.941487849577039349e-01	6.708111480723835118e-01	-4.812857551141164758e-01
nan	5.789678573797228944e-01	2.349610913186497840e-01	-1.843333628649495015e-01
nan	1.372605078559406833e+00	1.078597869948098475e+00	4.180125048554830247e-01
nan	2.246874316025027074e-01	-7.006792287876451031e-02	1.364865620411488178e+00
nan	-3.770508506484587796e-02	-3.631680288673302393e-01	3.327130905358236523e-01
nan	-1.100979924754876826e-01	2.328645029736526872e+00	2.303481944197548759e-01
nan	1.107437878792006503e+00	1.047006428888500151e+00	-8.438353118453978396e-03
nan	1.295837687875263988e+00	1.094069006173820302e+00	9.283473790522338565e-01
nan	-4.362392975308020393e-01	1.665047107454190156e+00	-2.482116651881361769e+00
nan	-4.074723499077351763e-01	1.847610057385580928e+00	-2.782784877721489192e-03
nan	-1.651219963381298506e+00	2.381174817063031190e-01	4.776113224255603695e-01
nan	1.311601376223349380e+00	-1.143836347004120180e+00	1.166723929021487693e+00
nan	8.022750753417351444e-02	-1.285584819469655304e+00	-1.475174558931565461e+00
nan	-4.898031707934191736e-01	1.407083905609845420e+00	-2.297719260516993600e+00
nan	-7.939409865110483855e-01	-2.014376887535500038e-01	-1.767935327763025199e+00
nan	-1.628254580013607455e+00	1.719659342964161342e+00	-1.897393962922446997e+00
nan	-1.671549733057011267e+00	-8.877669319116331392e-01	-7.458986149611103178e-01
nan	-1.958894699731693390e+00	-5.692913111809263516e-01	5.578949380752458165e-01
nan	1.644006232567821746e-01	-1.205981439515500186e+00	3.351198929165276619e-01
nan	-8.391209215419306311e-01	-5.286632909987416529e-01	-1.111517007253670641e-02
nan	-1.330571422687322203e+00	-9.185707361296815421e-01	1.058159914040956551e+00
nan	-1.055259653767410155e+00	-1.252871439538584486e+00	-7.529667890849103262e-01
nan	-1.365541019753956586e+00	-9.764506068223587354e-01	1.328215191495527803e+00
nan	-5.232651414077723606e-01	-9.169518648442154252e-02	-7.956345012134985462e-01
nan	-1.517404950468280500e+00	-3.955652658824945211e-01	1.365578556635347884e-01
nan	-1.832649703099396676e+00	-5.878950411448206070e-01	-2.961400431873335570e-01
nan	-1.217830996804341259e+00	-6.150450307414133677e-01	-4.747855085732934355e-01
nan	-5.114361481683353805e-01	-1.215851564455830314e+00	-9.212332813912080254e-02
nan	-9.447560411601489960e-01	-9.261030452818599379e-01	-4.151079787388588516e-01
nan	-1.620357375235644826e-01	-1.330622117728834874e+00	-2.977090980236129170e+00
nan	-1.560407859526141028e+00	-1.728506136371151802e-01	-1.736860582024724931e+00
nan	7.545954430771757426e-01	3.007316636891997907e-01	-1.005360409798163879e+00
nan	1.049170142444242559e+00	-1.025285907757921500e+00	-1.722832678964602238e+00
nan	-3.375569769012334853e-01	1.367318851362363308e+00	-1.103034186940914152e+00
nan	1.175860886687484452e+00	1.180221260959989804e+00	2.178896235492460420e-01
nan	7.688272535289868426e-01	1.509126351203080363e+00	-6.757814858471100639e-01
nan	1.792093837222956454e+00	1.064049549723402377e+00	1.161284317845966862e+00
nan	1.215002099443458494e+00	1.498342598258455505e+00	7.838914258759176468e-01
nan	1.426212601321459550e+00	1.748955770244305707e+00	-1.476018852594858100e-01
nan	3.820987809502328636e-01	-1.027686275978167973e+00	-2.782395949001572610e-01
nan	2.647170961278756396e-01	-6.172680563638360818e-01	4.365252352148503712e-01
nan	7.288978859763103890e-02	-2.396519450707532695e-01	1.038004425751649196e+00
nan	1.176818177661770992e+00	5.024880856288583830e-01	-3.431555408599448742e-02
nan	1.004044042794545177e+00	1.736356016841784200e+00	-5.911950985473661824e-01
nan	1.126239347123090262e+00	4.800020405712188132e-01	-1.913724857218466191e-01
nan	6.821694279943990580e-01	5.875341157031603867e-01	3.663563904416245465e-01
nan	1.936308428162772488e+00	1.202931732897366324e+00	9.028801505110741754e-01
nan	6.045125921363438959e-01	-1.263206424262393046e-01	-3.453974702720881140e-01
nan	-2.724087321170992837e+00	-1.347251562738108976e+00	6.955614008826846995e-01
nan	1.818174241838028671e-01	-2.854191331344455573e+00	1.444859363555954512e-01
nan	-1.152681424879708150e+00	-8.899573623804949429e-01	-1.313077933359033223e+00
nan	-1.992122328331320080e+00	-8.230330074453602318e-01	-7.596808817571900629e-01
nan	-3.970453680482290970e-01	-6.480557116531107109e-01	9.766422166579054043e-01
nan	-1.151343420293428732e+00	1.854596927848161658e-01	1.407497115360495377e+00
nan	-5.483147501419953773e-01	-2.383828421157514033e+00	1.522778847013685821e+00
nan	5.815673169753066141e-02	-1.483673213070797470e+00	6.481503680178503091e-01
nan	7.520973845176552874e-01	-7.205641679628074225e-01	-9.332187353848625522e-01
nan	-1.769124790809770920e+00	4.390437797476905990e-01	-1.259265553608559074e+00
nan	-3.350018613223726960e-01	-1.117540967550324282e+00	-1.189211589556851134e-01
nan	5.976057028941567095e-01	-9.648750949360958007e-01	-1.583149850002157633e-01
nan	-3.471649798211147719e-01	-6.769587786594494228e-01	-8.636178329566862599e-02
nan	-9.800750700796083681e-01	8.518234719784725240e-01	-6.856680750106214361e-01
nan	-2.273062402193086196e-01	-1.456391844001626024e-01	2.178699417775505243e+00
nan	-1.017848542928310618e+00	-3.751230319387859335e-01	2.728031074127066913e-01
nan	-9.474904253046327884e-01	-5.802915994700197366e-01	-3.727585256003128622e-01
nan	5.323898123777205393e-01	-2.015869772370364466e-01	-3.240607226454938483e-01
nan	4.578025778288412062e-01	2.859908139706652253e-01	-1.169352810200979809e-02
nan	-1.365548435756626100e+00	1.271860639791617897e+00	1.346584184034874898e+00
nan	1.251704954366605005e+00	7.019553163964420417e-01	1.119328491437254769e+00
nan	1.046228650008738992e+00	-1.087235575491612982e-01	1.594440101597241477e-01
nan	3.361660952962660653e-01	1.919080965169148056e+00	-8.373456301027714099e-01
nan	4.879803882234169943e-01	1.419840250430508100e+00	9.212875048676707479e-01
nan	1.186356263473141937e+00	1.079063401175381021e+00	2.579184218936790618e+00
nan	2.694207400858306123e+00	2.256665227577957733e+00	-1.247954302018828177e+00
nan	1.490344249379495389e+00	1.903912555458787681e+00	9.607346810208581278e-01
nan	8.268827289967080052e-01	2.435273985596009272e-01	1.659383566439581070e+00
nan	7.656136340146275643e-01	3.442362496508850622e-01	1.337064028580629671e+00
nan	7.211685235311700026e-01	1.029102785825695143e+00	1.902099031166144316e+00
nan	5.646534396221072338e-01	-5.857144364321361651e-01	7.274911206838027278e-01
nan	7.610978666124934566e-01	5.764466188204906555e-02	-6.268178496811291911e-01
nan	1.134873061177945841e+00	1.538969766929279670e+00	2.100574123686977490e+00
nan	-2.775117584820159244e-01	2.127574040215745477e+00	1.287968431863928176e+00
nan	-4.540397254346272282e-01	4.342311829223898245e-01	2.747471126151407095e+00
nan	-2.868247121652610643e-01	-3.169745371984079019e-01	9.384566250232653228e-01
nan	1.617911128500688855e+00	-1.666310852197078418e+00	4.838262541421217144e-01
nan	3.998739401561206552e-01	3.312953224054230317e-01	-8.479967734602849028e-01
nan	-6.740740604333950170e-02	1.234427950268779828e+00	-2.452282644267151090e-01
nan	-3.988202885570596434e-02	4.976491792102645806e-01	1.187876590774679775e+00
nan	3.997934002279738275e-01	-9.807601709424011993e-01	2.090154621042434435e+00
nan	-1.129144488916912659e+00	2.626242775328047063e-01	1.165596178856623810e+00
nan	-5.765001396187000582e-01	-5.586924449639085744e-01	8.866290605391876634e-01
nan	-3.045725967445707116e-01	-2.051941911352691328e+00	1.992605141591199391e+00
nan	1.146674373240509359e-01	-1.575282882628200376e+00	-8.886040996013376825e-01
nan	1.142837109667969475e+00	1.869107970849287481e-01	4.235691437934578918e-01
nan	1.415634620532864041e+00	1.524835595084922835e+00	6.938638868778602975e-02
nan	-5.451402029248153536e-02	5.315328235287036795e-01	8.650441576329992444e-01
nan	9.335196176366226117e-01	4.114310953874575350e-01	-1.937240118272754441e-01
nan	1.542979864562467718e+00	2.066190658511451339e+00	-2.816072257790855904e-01
nan	1.957620192786538205e+00	1.726285107795590745e+00	1.499769873597538883e+00
nan	7.913827297728434074e-01	-5.004529571140672317e-01	1.019146589980731488e+00
nan	6.676848097342023003e-01	1.297337460031227074e+00	8.015114896482853357e-01
nan	-3.683369231727350313e-01	-2.378248634152148044e-01	8.128810487952862207e-01
nan	1.336120941199361312e+00	7.947308046594098174e-02	1.948927380332375670e+00
nan	2.231742209944799882e+00	2.563117598614327974e+00	1.696704575383765956e+00
nan	6.317682119813290420e-01	1.233332235379420938e+00	1.496914577353845255e+00
nan	1.577512603231472799e+00	1.541835010825868046e+00	1.427469876098644175e+00
nan	2.455782126701908652e+00	2.051911433968430121e+00	9.444816403649876069e-01
nan	6.372642945899682498e-01	2.231683092968957283e+00	1.216606352481573561e+00
nan	1.341659068698423107e+00	-8.683328983769925680e-01	1.692387692070899341e+00
nan	-4.606708694687492445e-01	7.704520043642223426e-01	6.155592406195902200e-01
nan	2.589083718938673395e-01	2.313865326946198953e-01	8.015839599578233887e-01
nan	1.510862556195370798e+00	-3.336826772262728724e-01	7.832693388624158981e-01
nan	1.202943008617183285e+00	-4.995951199402738352e-01	5.515853971848008741e-02
nan	-5.255762975042146956e-02	4.622539392381036505e-01	-1.964235070976827924e+00
nan	7.954464021767779780e-01	1.948130293480504927e+00	2.098705568948500688e-01
nan	2.693437024171255079e+00	1.951377583765236512e+00	1.454827228348260393e+00
nan	1.319667962818367180e+00	1.410223396912451355e+00	2.666239899988118722e-01
nan	1.016989566323041050e+00	7.658919654403888444e-01	1.411083267760963933e+00
