nan	-8.049726628227711622e-02	-5.887222230705535519e-01	1.199702577629653488e+00
nan	-8.833139380834716947e-01	1.464542573705752249e+00	-6.705400361174257418e-01
nan	-1.223839100761076937e+00	6.952035847311291983e-01	1.188217911809887450e+00
nan	1.628740453504099461e-01	-5.989787876247670839e-01	2.405680351044026111e+00
nan	1.456353872525035564e+00	-5.279473396185477285e-02	-8.495271662438077520e-01
nan	1.303216882563701162e+00	6.670893205597631104e-01	-1.976295232666214208e+00
nan	-4.895785313850158256e-03	1.738786172632294402e+00	-1.179997901308153629e+00
nan	-8.787077532712265215e-01	-1.353639614373133959e+00	4.901420042741450045e-01
nan	-4.672075776316593765e-01	-1.041697565119761748e+00	-2.282772561634947017e+00
nan	-1.878426704971801531e+00	-7.778107473826034735e-01	-1.578163428060230578e+00
nan	-3.031061236891137156e+00	-7.528017409354820222e-01	-1.716354018501468737e+00
nan	-2.021591452375417486e+00	4.834173233955769700e-01	-1.860312907377021929e+00
nan	-8.898067992953817562e-01	-1.876495794417213370e-01	-1.135333089945145257e-02
nan	-5.403256682294232949e-01	2.269677631865965051e-01	-3.558465873645962341e-01
nan	-2.839948878688767220e-01	1.473292885128413277e+00	1.121398530812137029e+00
nan	1.525738075152574424e+00	-1.280074917881022789e-01	-6.562297614455934180e-01
nan	5.321206302083429929e-01	2.460415678686517227e-02	2.810347521558701489e-01
nan	8.320428670112781644e-01	-4.857802980880912003e-01	-1.393882622789897718e+00
nan	1.724345432108764564e+00	-1.371732288919659537e-02	-1.229832526035108842e+00
nan	2.638510646449375718e-01	-1.545217814978897763e+00	-1.849626630591564569e-01
nan	3.877962914933069660e-02	-1.954277964199588213e+00	1.850558284546374166e-01
nan	1.983799811711477457e-01	1.028284153321561423e+00	-1.783720242287670787e+00
nan	2.272394596322565352e+00	2.132112577420688826e+00	1.837273473787571110e+00
nan	3.362384216881444399e-01	3.733746564950951585e-01	2.163574631243507795e+00
nan	2.047729935197901696e+00	6.559869128449857811e-03	1.812752180779177547e+00
nan	1.082595651169278250e+00	7.331722069638729744e-01	3.768657979648746270e-01
nan	-5.894700148201650336e-01	5.242360429390330312e-01	8.422932971411524194e-01
nan	-1.747541424603047677e-01	3.014493339903037694e-01	1.730759475576930106e-01
nan	-2.263984663180014234e+00	-1.408910795694459539e+00	-1.283213110214149077e+00
nan	-1.246147492931214629e+00	-1.565272049190341574e-01	-1.098171611293824457e+00
nan	-1.166956097427134242e-01	-7.526451574536077160e-01	1.473283251160406815e+00
nan	1.165316704045491036e+00	6.562933757197804141e-01	1.019876269599787388e+00
nan	-2.323007858327731379e-01	4.666778383073861280e-01	4.609497264537298911e-01
nan	2.003648946771849459e+00	-6.390849080028860874e-01	-1.001645701695890178e-01
nan	4.922427601149555465e-01	1.794574215072292533e+00	8.117004292739771198e-01
nan	-4.696093515686994291e-02	9.509268933559470449e-01	4.668212574033704931e-01
nan	-3.302372245155373309e-01	1.090228903258694704e+00	-2.420564831971405151e-01
nan	-1.908482110827986578e+00	-4.710825812261656420e-01	-1.030180323403999454e+00
nan	-2.312110161733710090e+00	-1.931806540754649637e+00	-1.107668026820136653e+00
nan	-1.979755017174977372e+00	-1.310179635210361848e+00	-1.140697946176173483e+00
nan	-1.383322965534792948e+00	-1.572600399838305352e-01	-8.565574803940515514e-01
nan	-2.646209330657291470e-01	1.437165297432221878e-01	-2.710927485643037649e-01
nan	7.989913189789226156e-01	6.421465655547204943e-01	-1.648943092917110054e+00
nan	6.419281694201041111e-01	-4.223183606474147367e-01	4.309263133750259600e-01
nan	1.051472258359202883e+00	-5.653829051858302313e-01	7.514283423777423643e-01
nan	-9.163797923622671870e-01	1.976411594759537760e+00	-3.232316272893339115e-01
nan	9.668097015495904500e-01	2.238636128162407424e+00	-4.176037480537551083e-01
nan	1.115312006317949800e+00	-5.517989244676151372e-01	1.557181713317227878e+00
nan	-6.201952241773874830e-01	-2.954527261059063381e-01	9.342464431591479546e-03
nan	-1.393012032493972319e+00	-5.672175241388881517e-01	2.510620338742765578e-01
nan	1.909519343783327994e-01	-5.760784361819116794e-01	6.490464663556571034e-01
nan	9.877312404934094348e-01	-3.825362015526998505e-01	-1.283341835415195309e+00
nan	3.287914028606090389e-01	1.256705637408226162e+00	-1.013480011755250487e+00
nan	-4.376316985004919946e-01	-3.997942450550940885e-01	1.656718419600687331e-01
nan	8.608989364808050659e-02	-2.135571889171671955e+00	1.802368591749911320e-01
nan	-1.846090598281037165e-01	-2.007916899067104577e+00	2.341914526274482267e-01
nan	-2.240300086451818107e+00	7.498241475408498058e-01	-3.226293967040006483e-01
nan	-6.148742713205618271e-01	-1.006705318823043482e+00	1.976665048309219352e-01
nan	-1.431561063372795983e+00	-3.030153932928461580e-01	-1.277176678552896183e+00
nan	-2.105186075708812332e+00	-1.013253653296718904e+00	-1.869448943276237340e+00
nan	2.398689340806086090e-01	-6.008397565879763924e-01	9.787972620210916297e-02
nan	-1.224907904530830649e+00	1.416673922520792717e+00	-1.177946567935753919e+00
nan	2.699390966019176719e-01	-5.800791021814669657e-01	6.495657705278240490e-01
nan	2.093594812538078997e+00	-1.444979803000930652e+00	-1.335065704146953358e+00
nan	-1.517760408073471901e-01	-8.547450581513554857e-01	2.784023511532983663e-01
nan	7.819657344550761113e-01	9.155576125424391698e-02	-9.730036405437031410e-01
nan	-2.358778534118767478e+00	9.435029357844771924e-01	-1.017294548877214488e+00
nan	3.111742525297632733e-01	-3.111745155219600711e+00	1.176728003236587883e+00
nan	1.386999320907914335e+00	-3.947014347610804941e-01	-4.150599951647562236e-01
nan	3.410084131004985641e-01	-2.702623192520328121e-01	1.277124763025622611e+00
nan	8.018221343436877646e-01	-1.278955725973957680e+00	-8.855870377808999772e-02
nan	-7.583130219001783523e-01	-2.978928717626436184e-02	-7.055956656971514862e-01
nan	-3.605067835997929349e-01	-1.532208760957381566e+00	9.686667159712184505e-01
nan	2.018729918086417996e+00	1.108816380038034621e+00	-2.792825674440372885e-01
nan	-2.687239283009479340e-01	-5.232166706181828886e-02	1.494769918822879129e-01
nan	-1.831379617611714083e+00	-1.141240103062831079e-01	4.035992094210155701e-01
nan	7.443844683740308277e-01	-2.324200704520415162e+00	1.882498165648733290e-01
nan	-3.679734797861476392e-01	1.600292609559263335e+00	-1.004015205594340987e+00
nan	3.180059972395060663e-02	1.778473907357662975e+00	9.277316062370957184e-01
nan	9.189247845928305569e-02	-5.237768986862918474e-01	2.081005311165978533e+00
nan	1.760209802241414323e+00	3.617198529483226510e-01	4.475472582702186286e-01
nan	1.823978573924145419e+00	7.176667421968976335e-01	9.942132741032040366e-01
nan	4.543234483680501645e-01	1.211036457758875029e+00	2.167261220905650099e+00
nan	-6.413110060363320652e-01	9.025791244926318901e-01	2.165957903191830791e-01
nan	1.815931139080378065e+00	-2.857771072049125616e-01	2.161550462138319695e+00
nan	5.289457595902832265e-01	1.069468463790512303e+00	6.883522116965159476e-01
nan	1.165222556587612868e+00	1.044438085398095462e+00	-6.216713609415969177e-01
nan	1.273875326065852409e+00	4.656668877498344461e-01	1.433988038238436236e+00
nan	1.193422224674581145e+00	1.715621323034270507e+00	8.859226214889834861e-01
nan	1.520637865015926682e+00	1.723216122784143600e-01	2.397358349853201176e+00
nan	2.611968975516124836e+00	2.128284511605701201e+00	4.073669572619251222e-01
nan	1.453896958938557749e+00	1.558396597984095022e+00	2.211841242781736661e+00
nan	1.430922025519064888e+00	5.545555089265162829e-01	5.498795702321878087e-01
nan	7.754279346659345151e-01	1.562133517356707912e+00	-6.771247601261914939e-02
nan	8.022959757154494165e-01	3.048092140348537260e+00	7.909442512989810492e-01
nan	1.368204190155368316e+00	2.169621093439467963e+00	-1.274023708302844948e-01
nan	9.609585739829256124e-01	-8.170172243722786387e-01	9.639743853314145516e-01
nan	3.137319332511367409e-01	-9.758602002135798870e-01	-6.781565920465409958e-01
nan	2.630675050235208312e-01	-5.137834539353464125e-02	6.007582499592829528e-01
nan	4.680370592133349383e-01	-1.292956586173555911e+00	1.373847313727241115e+00
nan	4.405183218800683420e-01	4.275910878410155158e-02	-1.616745865254938241e+00
nan	8.872734061749583123e-01	-1.358284387476914379e+00	-5.991839158940628352e-01
nan	-1.452051733547580215e-01	-1.534685514212793533e-01	-5.884741708514129588e-02
nan	-6.789396475983536794e-01	2.455958522966322999e+00	-1.420718742708972693e+00
nan	3.198739051583582849e-01	5.148404855596837582e-01	6.678363953785404483e-03
nan	-4.312176904143902312e-01	1.031399902326599394e+00	1.231124222499604404e+00
nan	2.047055987589090353e+00	-2.254106267594049862e-01	-2.738702920659807916e-02
nan	-2.227705200916707540e-02	-3.025527658378397433e+00	5.046507686707970564e-01
nan	-1.313025968629501605e+00	5.979644211753776251e-01	2.125822358041626892e-01
nan	1.982865320310579493e-01	-7.636061209481646017e-01	-1.586378244838575036e+00
nan	-1.108954380898484526e+00	-2.270980561387857533e-01	7.121448463995944111e-01
nan	5.251211659581744851e-01	1.283690098240201971e+00	-8.391025817729017566e-01
nan	1.079374137494470531e+00	2.276009440339100465e+00	1.903175837824427230e+00
nan	1.715054656760552687e+00	1.563867183522203996e+00	9.311275008245105678e-01
nan	2.125184667672031402e+00	5.788350183026769180e-01	2.255224809229172234e+00
nan	9.452355721969452063e-01	1.181266588366999271e+00	2.528321141551487905e+00
nan	3.126293301085198983e-01	3.663483784824986822e-01	2.132917150188475386e+00
nan	2.114201342634998149e+00	9.237454438768457621e-01	1.917849422521677560e+00
nan	1.936769111383311426e+00	2.911658690136381900e+00	1.020628323994631437e+00
nan	3.253024087275874887e+00	1.322629455087732220e+00	2.161169823311179794e+00
nan	2.522845117542056759e+00	2.579739175407176344e-01	1.701794026355164746e+00
nan	1.392607686563383185e+00	1.012745133061212943e+00	9.043027140051695945e-01
nan	-6.428045128059542979e-01	-3.410584194417087822e-03	-7.287408889098623277e-03
nan	2.138798191154401174e+00	5.949201650592601531e-01	-9.495985073127426457e-01
nan	-6.321983626087963604e-01	1.310949947755267297e+00	6.971931983054525661e-01
nan	1.862022627350788384e-01	4.851933214398058136e-01	1.434322417961362284e+00
nan	1.027223557689095124e+00	1.231217918974951253e+00	2.464075705669453775e+00
nan	2.101147255572164863e+00	8.790784688280709469e-01	2.070916288176724684e+00
nan	6.063412193829801344e-01	8.829912574699584349e-01	8.476805487412505391e-01
nan	1.427240117431941124e+00	-4.368651618950967208e-01	1.280079426454282299e+00
nan	-8.401436137639246571e-01	2.180835912462764092e-02	-1.258043106244182585e+00
nan	2.265030561270471310e-01	-1.474742256485985337e+00	-4.867041689769883717e-01
nan	9.061246578248146610e-01	-7.831989536741672531e-01	-9.939697966214147140e-01
nan	-1.140421368764598098e+00	-1.217086431980015648e+00	-6.317343532573687082e-01
nan	-6.622968247450923274e-01	-1.665549966600450071e+00	3.924108102656886921e-01
nan	-1.333650885398649066e+00	-2.267372850256613503e+00	1.958835207490223773e-01
nan	-2.175494019179247118e-02	-1.659172200587993640e+00	-5.915288846261240741e-01
nan	-1.180336482009432864e+00	-9.955930421143234232e-01	2.393720125935093757e-01
nan	-6.855651924685762788e-01	-1.612343222227247130e-01	7.898802489084948419e-01
nan	-2.007493080146973141e-01	-1.040485032070745941e+00	2.772434547346999678e-01
nan	-1.470287522549609260e+00	-1.462760576414743996e+00	2.659531409674099622e-01
nan	8.395554881384792445e-01	1.290307130546154868e+00	-1.125809654247460045e+00
nan	-7.824796806797627013e-01	1.346131371562394818e+00	-5.826536355752539587e-01
nan	9.426166436626602640e-02	1.005390175573106948e+00	1.380708866380501831e+00
nan	-1.343782756536832323e+00	2.134292403875470701e-03	3.346504988036773653e-01
nan	3.873256980820488637e-02	-6.565095644661611551e-01	6.333418952514371925e-02
nan	5.180001205989216428e-01	-9.328304146968656729e-01	-8.387003400158138389e-02
nan	4.329728333361759773e-03	4.413048605216475795e-01	-2.533434488371937299e-01
nan	1.347045222706708456e+00	1.911554650477404582e+00	-1.462596150598421962e-01
nan	1.512272083015807622e-01	6.469864010261943132e-01	2.485430290178000323e+00
nan	6.464266962583002929e-01	8.499692801554178945e-02	1.272594395365908682e+00
nan	1.118398762138431923e+00	1.155471386225943808e+00	1.949971144200415285e+00
nan	1.338540284631700938e+00	-7.464656972414887015e-01	2.955580716369858862e+00
nan	9.863221278291167682e-01	-8.370693400656414873e-02	-6.759528029886499034e-01
nan	2.671336118339552868e-01	8.321268714843172987e-01	-2.668445784626515938e+00
nan	-1.616647667047254266e+00	-5.636643945446786486e-01	1.853608872366668825e-01
nan	-3.211894676626869671e-02	-2.022734042311797875e+00	-1.389441469156631470e+00
nan	-3.357483120409198385e+00	-1.669144535803840590e+00	-1.011309352685249241e+00
nan	-1.974945679715397029e+00	-1.780056521168802419e+00	6.699839341479907340e-02
nan	-1.165697151648626972e+00	3.624910169397010939e-02	-8.260365874518788010e-02
nan	-2.728411611198486852e-01	-7.720610784797132808e-01	-4.392914004976768150e-02
nan	7.838222676292783131e-02	-6.957269492592779159e-01	2.424068475453264870e-01
nan	-8.690361365164005480e-01	2.097030618737565910e-01	1.054599249712987241e+00
nan	1.634278282930633486e+00	-4.507220128781596058e-01	6.477113034728041452e-01
nan	-1.698953369692870474e-01	2.168886716190700170e+00	-1.560052162454958147e+00
nan	-3.368798445062822222e-01	1.999154970920957286e+00	8.252753140213933136e-01
nan	1.393949896400202615e+00	-1.726004758633278069e+00	1.193242245603044260e+00
nan	-8.543081860639532010e-01	-1.613111596426478167e+00	-9.369682963334798886e-01
nan	-2.799440895137284002e-01	-2.911442985539688166e+00	-1.703159985706468094e+00
nan	-2.153337962524521920e+00	1.129469454488669422e+00	-3.487919835261634738e-01
nan	1.833900395579626252e-01	-2.487251981506836351e+00	-1.436092931958768082e+00
nan	-4.078683964409315799e+00	-3.162564996002610762e+00	-1.667178807619325909e+00
nan	-3.243052364242350549e+00	-9.112999605219544996e-01	-1.076225739500006551e+00
nan	-1.644395316398410634e+00	-1.309072861051818082e+00	-6.073857310373247387e-01
nan	-7.993935901345021744e-01	-1.117917606297574640e+00	1.673008692166534139e+00
nan	-4.545825988750230584e-01	-4.645491422947611859e-02	4.909074511818157793e-01
nan	-1.143576474700371604e+00	1.629082700924308291e+00	-6.533425999990387645e-01
nan	5.693301789228142340e-01	1.146016332379856006e+00	2.486282869031262166e-01
nan	-2.993724031667488461e-01	2.526720350250976299e+00	-3.257826453577729597e-01
nan	1.838869687430832567e+00	3.410996819625188303e-01	8.777723673899411327e-01
nan	4.126981667929702224e-01	-2.438924810501782448e-01	9.788528339769817510e-01
nan	2.335859951990949535e-01	-1.307171018374547522e+00	6.541368971004757338e-01
nan	9.454842539561051362e-01	-1.961671448145440699e+00	-6.633135011904300882e-01
nan	-7.374351871176232365e-01	-3.777236929467899351e+00	-2.286154853290235600e+00
nan	-1.418704561446890722e+00	-2.619722169991158367e+00	-2.399069762256105243e+00
nan	-4.006906845470703082e+00	-1.373486335669402258e+00	-2.498200144191093930e-01
nan	-3.771246651359114743e+00	-1.182559180303327739e+00	-1.770475088334837244e+00
nan	-1.523943124900599688e-01	-1.251087409443214282e+00	-1.784019064298691060e+00
nan	-1.119841172610646751e+00	-2.718968807968516366e+00	-2.159956787380296728e+00
nan	-2.740877024413791663e+00	-1.411011681104768378e+00	-4.968366276327633724e-01
nan	-1.402532168170318894e+00	-1.165676381042641596e+00	-1.823061960128052661e+00
nan	-5.715584049117086174e-01	6.163793531075929533e-01	-1.377896718855539993e+00
nan	-5.818403384179503535e-01	3.497487884596535701e-01	1.477452104449568315e+00
nan	2.858241259684896063e-02	1.994739104380261807e+00	3.296405395253386716e-01
nan	-4.214913998062113087e-01	1.429338643568200951e-02	1.480967588916692446e+00
nan	-1.178099941351983260e+00	1.039356877961000958e+00	-1.952709504681781505e+00
nan	-8.997677748442597379e-01	2.128095040356679846e+00	7.535466797521215288e-01
nan	1.340702277604108872e+00	1.855356522226532690e+00	1.930109669004671069e+00
nan	1.044045196850843737e+00	2.210794682221447482e-01	1.677865739717954163e+00
nan	1.191361819160972280e+00	3.062890391955514491e-01	-2.405189249400753182e-01
nan	3.433277433047350335e-01	2.459388666198398354e+00	3.821691001523098707e-01
nan	8.677886622166522956e-01	3.166908241070194752e+00	2.481635552407352119e+00
nan	1.978702691790352297e+00	2.689872407030782231e-01	3.393202621558659260e+00
nan	2.584657267296106120e+00	4.197151323991479832e-01	2.590467494435022111e+00
nan	7.776890962231242099e-01	1.517500624712353918e+00	3.826214301711354793e-01
nan	1.758866804723051569e-01	8.061107202438293484e-01	-2.410385332056017127e+00
nan	-1.105431093608963522e+00	2.013878783582813692e-01	-4.727884174191921973e-01
nan	-4.171522385490654128e-01	3.307618319080138924e-01	2.693052851205035569e-01
nan	1.912895214485206941e+00	-7.489657345186614967e-02	4.451509698545567106e-01
nan	-1.706196773902814989e-01	1.182937016203974068e+00	2.355576359245788176e-02
nan	2.637024232558477621e+00	8.182565274724673543e-01	8.633152034748695636e-01
nan	2.420318935316894571e+00	-6.334014131069813924e-01	2.188857207698569063e-01
nan	6.794806518003800866e-01	-1.332242079859720096e-01	5.191444902409616535e-01
nan	1.597291380152898732e+00	-1.360165607530668064e+00	-4.093522452289651836e-01
nan	8.893155905305160092e-01	-1.029784519359009387e+00	-7.569428423695144792e-01
nan	-5.789620868308487101e-01	9.796415096415443946e-01	-3.602712622786491403e-01
nan	1.866146572965599493e+00	3.914667450691506345e-01	-3.204556054035240242e-01
nan	3.831804467819055482e-02	-1.324935803081636498e+00	-3.380625328677036578e-02
nan	-1.027322966009046823e+00	-1.312545787429031829e+00	-2.309839155652937404e+00
nan	-1.276227096315701193e+00	1.242994975806637648e+00	-1.180551145746132180e+00
nan	7.926095485031765531e-01	-1.408105673349273612e+00	-1.854351020413817830e+00
nan	-9.326477374990387315e-01	9.920517270871513915e-01	-2.252125762416960608e+00
nan	4.666864604077795020e-01	-2.517052066123285151e-02	2.085917202726782715e+00
nan	2.569553479571234700e+00	3.015828802986540713e-02	1.571449767864642411e+00
nan	1.869663340607421675e+00	1.623446280853144241e+00	-2.326694156156816629e-02
nan	2.138587792238234364e+00	-4.435994744429017089e-02	-2.057764150754846089e+00
nan	7.415358716185390664e-01	9.952276371997349491e-01	-1.971306724661147314e+00
nan	6.388964146228800489e-01	1.448189658807802260e+00	-5.035948072909435247e-01
nan	8.247829265710732161e-02	5.789930759435243379e-01	2.113529691982874770e+00
nan	-1.126551884445833096e+00	-1.082656054654371758e-01	-1.168827501423803650e+00
nan	6.447479339032843315e-01	-9.901799770689805325e-01	1.607726650281290581e+00
nan	5.355376928912842782e-01	-1.218538647543761622e+00	1.197177057018527918e-01
nan	1.305667352069296072e+00	-1.538611552388190917e+00	-5.913384703818780341e-02
nan	6.839197790294743173e-01	1.308268495939273857e+00	-1.525316020724533650e-01
nan	4.523455296942912041e-01	7.630855921466648262e-01	-9.214207439402004596e-01
nan	2.032750792193837031e-01	3.778317425126417883e-01	-3.944918132943485700e-01
nan	1.096085828397799000e+00	-5.728930832315980437e-01	6.356630716952720306e-01
nan	1.532981296259333881e+00	1.735996686405182787e+00	3.087658133431797070e-01
nan	-6.315492809510165895e-01	1.924670970821411586e+00	2.176926630677312957e+00
nan	4.772954190671807595e-02	-2.713812606482030043e-01	1.300480583747483543e+00
nan	2.148135839509318079e-01	1.359722433212280368e+00	1.642313783085710632e+00
nan	7.606573679290173917e-01	1.445219308751722331e-01	2.158261559129792673e-04
nan	2.233454549693862035e+00	-7.592564343959714579e-01	1.434893490349189671e+00
nan	1.998017460254737365e+00	1.137673890817760380e+00	2.553986235003163907e-01
nan	7.820452294656787817e-02	5.518813267449781401e-01	-6.356571158002982669e-02
nan	7.635616913165874098e-02	-3.168832990015419959e-01	2.441546448073743214e+00
nan	3.939455755593979092e-02	5.354628596842319066e-01	-7.931892382340466341e-02
nan	3.825461387356740017e-01	-7.016400965270772061e-02	8.607917521794351545e-01
nan	-1.959831562176991837e-01	6.631346811749989911e-02	1.356359827674378238e+00
nan	-1.827500828458695215e-01	3.200275014416693597e-01	4.224726395024996362e-01
nan	-4.532200205401072379e-01	-6.832116821344398627e-02	-3.217793974784607380e-01
nan	-1.928259239901853661e+00	-2.103634115486049616e+00	-1.462571941984461610e+00
nan	-2.154284954722689882e+00	-9.397657887191139814e-01	-8.911619806065065319e-01
nan	9.952651583652394329e-02	-7.651229234540916080e-01	-1.178351056328888813e+00
nan	-2.269615694261874483e-01	1.502481563480392079e+00	-5.027295184516046289e-01
nan	-1.709839247888600866e+00	7.549334666721272402e-01	1.423351752343689380e+00
nan	-4.683083335643142830e-01	-1.366916930892754789e-01	1.143604655094037970e+00
nan	1.171774133001142415e+00	-1.212523719640764774e+00	1.352908859782927242e-01
nan	1.066679617482160003e+00	1.656800039977661454e+00	-6.886665239862920229e-01
nan	1.481034776595684388e-01	9.118319738056595014e-01	7.606432932003307501e-01
nan	-2.385670767475912557e-01	3.767836764517222825e-01	1.439237956398227158e+00
nan	4.452806439750237599e-01	1.693321296663142794e+00	6.379186708218248514e-02
nan	1.451692290080776493e+00	-2.167779358554995373e-01	3.766966263975598528e-01
nan	6.982584875403938796e-01	5.774172093815177487e-01	2.058794480415731876e+00
nan	9.862719521889418139e-01	-8.654319414139911570e-01	1.726912770383648432e+00
nan	1.848022482514991793e+00	1.073414000842481952e+00	1.925298237687659841e-01
nan	-7.090963992357141032e-01	1.916920153631122004e-01	3.599146504523330070e-01
nan	1.484342381362976082e-01	-2.988988999255245194e+00	6.176747995821557646e-01
nan	6.701330177803345167e-01	-1.348166361024462079e+00	-2.620005146468291080e-01
nan	-3.484921094128538566e-01	-2.466286245234892704e-01	-9.786783640198176704e-01
nan	4.500905137655268895e-01	-9.349737383535252633e-01	6.454360166941229826e-01
nan	-9.970516132333394621e-01	-4.054461655776215867e-01	-2.790426897246705007e-01
nan	-8.895626463131809381e-01	-9.678769700340734694e-01	-1.590857359868459886e+00
nan	-8.917045490385733242e-01	-1.211456006728971690e+00	-4.846613142435654553e-01
nan	2.560859811786426743e-01	4.368341499701533515e-01	1.475124162847025744e+00
nan	2.089987422732142441e+00	-1.341697747012076780e+00	-1.760103384280558014e-01
nan	3.335782156838850154e-01	8.707150763811076777e-01	-4.066577093880850979e-01
nan	9.091897227569676332e-01	-5.205581103111782681e-01	4.749044791296194723e-02
nan	7.940511166971278567e-02	3.565202168012500672e-01	3.135029257013068893e-01
nan	2.339771990686818903e-01	5.454262209567121156e-01	-1.497456909659555802e-01
nan	3.455594949424545259e-03	1.473459018096700657e+00	3.246664198053942352e-01
nan	1.103924294631559277e+00	-5.949418019415042558e-01	5.576237110345622083e-02
nan	9.468030866751714347e-02	-4.095211098289829876e-01	-1.303545664430708850e+00
nan	-8.372897810124246831e-01	2.471298401021607138e-02	-3.340612442538476445e-01
nan	1.605579538505127468e-01	1.890915111937126747e-01	2.722350972116813761e-01
nan	-2.362839735359059667e-02	-5.904714833606856950e-02	9.984324864679079425e-01
nan	-2.764147251416160245e-03	1.980287548995823599e+00	4.493210461268881684e-01
nan	1.207339531964734869e+00	1.194580828418046359e+00	1.377951787884991841e+00
nan	5.199283948415595047e-01	-1.042869065026770681e+00	1.230466092330234629e-01
nan	-2.504584837367297423e-01	3.982210754112616713e-01	1.590584246658504619e-01
nan	-8.081609523521185445e-02	-7.826929671618784168e-01	1.775101215933579279e+00
nan	1.337517021428747510e+00	-3.384654581478191426e-02	2.518894268571741257e+00
nan	-2.282289237204497834e-01	2.125981834959657091e-01	1.491425566557046167e+00
nan	1.110987499420842184e+00	8.090944595340984202e-01	1.719993488187194108e+00
nan	1.584711293710513669e+00	-3.515874269574514877e-01	2.192713030166023591e-01
nan	1.407467966368128653e+00	8.986609914283123501e-01	-1.598680971222465885e+00
nan	6.127389381699324122e-01	1.412341057382389575e+00	-8.293583196786996625e-02
nan	-4.983869844352274425e-01	3.086217989899662228e-01	3.458968096524057678e-01
nan	3.037601724388707125e-01	-7.751770783036207035e-01	6.212230446142577023e-01
nan	1.294646962354551345e+00	-1.733397465436856133e-01	-6.724599845405541121e-01
nan	3.646356147352164401e-01	1.886110083883920874e+00	-2.030434212745910294e+00
nan	2.608197657390574964e+00	1.060908632567337806e+00	1.448727884756339845e+00
nan	1.385408761923500043e+00	7.722681516332086105e-01	2.799261639298968873e+00
nan	1.429739048256237099e+00	-2.128116835600107892e-01	4.183986446597083297e-01
nan	1.199415104697211021e+00	1.011338725526852000e+00	7.226389621358656479e-01
nan	6.268936540024734327e-01	-1.111615565534168626e+00	-6.190451937524144022e-02
nan	-8.184232708272232149e-01	-6.340597107115086839e-01	-6.098048923967759327e-01
nan	-1.237051203003374900e+00	-6.579940992908863695e-01	-9.666477756069926652e-01
nan	-6.788862968016904365e-01	8.161290286821927253e-01	-3.238363359649513162e-01
nan	-1.329822566390990835e+00	-1.696477160869472200e+00	-3.975160724848075811e-01
nan	-9.161287784883768159e-01	-6.610559599981460366e-01	-2.051507812853978763e-01
nan	-1.697847660519776092e+00	-1.234630138199086957e+00	7.839352787976419101e-01
nan	-1.986294820045542808e+00	-1.429555710624433873e-01	1.682342260138975698e+00
nan	6.004680856548478829e-01	-9.716145890986542799e-01	1.646324176301914077e+00
nan	-3.371247925915478172e-01	-5.392666974104164401e-01	-2.353481705408858315e-01
nan	-5.598790210302444503e-01	9.161977024811096548e-01	9.665089915543010335e-01
nan	1.684970242689182163e+00	-6.281492769227835504e-01	3.978083646932650819e-02
nan	1.270163224851994732e+00	8.915737302218502691e-01	-2.511152661410749776e+00
nan	-7.497298232766055337e-01	2.170086432394493947e+00	-7.832543112906080740e-01
nan	-1.659977889811315332e+00	2.934793334758681871e-01	-6.660783110367697324e-01
nan	-3.957723230171654172e-01	-9.326765040482786207e-01	1.117611872055341848e+00
nan	-1.230514695588432295e+00	7.118518059554528321e-01	-3.518029621933174700e-02
nan	-4.876696770439199469e-01	8.189961750818356423e-01	-9.560478184960707893e-02
nan	-1.914685634291032335e-01	-4.510291710857120551e-01	1.249806547522350986e+00
nan	3.967893145046514358e-01	-1.130494565825661546e+00	7.464854484271067347e-01
nan	-1.461424910687489642e-01	-1.069287979778283104e-01	-9.175936610204891986e-02
nan	-6.627036560042677271e-01	2.275071328744796006e-01	-4.611757053432163356e-01
nan	-6.991514672084280235e-01	1.056136721799768807e+00	5.142399369046685154e-01
nan	7.779698790659339558e-01	-7.441722068665989065e-01	-3.639986538953345896e-01
nan	-4.668353405099586739e-01	-1.479929288938057308e+00	-4.325560275931607523e-01
nan	-7.621430396882569180e-01	-6.576846624588679191e-01	-3.432415669939242742e-01
nan	-1.822416882739088528e+00	-1.705736571968623050e+00	-4.980183235609934589e-01
nan	-6.784546472774147796e-01	-2.498440898408591515e-01	2.378177801302954641e+00
nan	-2.276466722908236928e-01	7.235183505605297105e-02	1.819430285904241273e+00
nan	1.082843232416988322e+00	-1.827116038962966815e+00	-2.070061896251811362e-01
nan	-2.147268157708333458e+00	3.656614662916602976e-01	-2.291867370241883251e+00
nan	-2.078852712794483359e+00	-2.065105264859639078e-01	4.668918012515408389e-01
nan	-5.800816289673331738e-01	-1.035639349241591178e+00	-9.662538571963077416e-01
nan	8.587069336690035248e-01	8.064116616657024394e-02	-3.732411655757248981e-01
nan	7.597226133843495433e-01	1.136872482982025367e+00	-3.719731090489462044e-01
nan	-3.189986126148330325e-01	2.023054372190478567e+00	7.912018604355178786e-01
nan	5.100367641869777424e-01	2.891303740678055623e-01	-1.218861124523211714e-01
nan	-1.036041126183104399e+00	-1.303759698717315674e+00	2.132677397001341291e+00
nan	-5.608065928904386599e-01	6.259652945452340855e-01	1.204378866848464735e+00
nan	1.234980081015642162e+00	2.154013120704491302e-01	-2.882212559297570031e-01
nan	3.393240234611140105e-01	2.751933677383521237e-01	4.121127423092588726e-01
nan	1.706723180596027234e+00	-5.363355579182386146e-01	1.672909437060146276e+00
nan	8.475258969643517659e-02	-6.234066863908294120e-01	2.023334864973244773e+00
nan	5.015399636995147015e-01	-3.040990174361449805e-01	2.144765221997834370e+00
nan	1.542636478074080886e+00	-5.610349321716164850e-01	1.472876569042380845e+00
nan	7.478905208260936410e-01	4.816649340077698849e-01	7.405065656064147017e-02
nan	1.044851563423924157e-01	5.334949983637847781e-01	-1.884972509412516040e+00
nan	-1.378520654443609050e+00	2.218995976381610280e+00	5.335865712528140570e-01
nan	6.186109236152499413e-01	-4.508915554442979312e-01	2.343226409352687334e+00
nan	1.886714287843032967e+00	9.082925730956437071e-01	1.714570742649447754e-01
nan	4.276651172724355021e-04	1.913644276027087088e+00	2.894864062319885800e+00
nan	1.255000579321190468e-01	-1.009181935156628240e+00	1.680331241698059141e+00
nan	-3.444025705861388786e-01	8.827695015270915491e-01	2.209160874418303333e-03
nan	6.050660833748068568e-02	1.028663553110934714e+00	-1.218088970141628646e-02
nan	4.037969134305730012e-02	1.034013354174175614e+00	1.264816211633585263e+00
nan	-1.782058316594701264e-01	1.652029045182875855e+00	-1.615338210033685495e-01
nan	-2.122724932916327800e-01	-9.204901439665289509e-01	2.130043400770975648e+00
nan	-5.939032674650508437e-01	1.532784111350988798e-01	-1.143201410321905143e-01
nan	-7.267871653900654927e-01	-1.354922186135226969e+00	-1.025460257980339573e+00
nan	-4.881032144809163698e-01	-1.114098618756111936e-01	-1.318071854752427718e+00
nan	6.662205798498311848e-01	-1.014143456478949101e+00	-6.785824879048251157e-01
nan	1.100816509874232851e+00	-6.968054044003499925e-01	-1.314648178817017676e+00
nan	-1.005300782773909773e+00	1.941377282570024176e+00	6.500342623028124711e-01
nan	3.352937888735812999e-02	-3.053365012782499055e-01	-4.433873619185800807e-01
nan	-1.287535797799533865e-01	-7.161014151521750692e-01	8.389456901517274856e-01
nan	-1.925171554598390788e-01	-6.720213507593988389e-01	-2.920831431969791447e-01
nan	-6.860584285132100835e-01	3.608663799622031654e-01	4.556538308699658590e-01
nan	-7.909936555899295119e-01	8.532428510651834941e-02	-7.190293779558303289e-01
nan	-7.375627690907193834e-02	-5.621461019418818594e-01	1.399463956719610547e+00
nan	1.159485393696379596e+00	-9.489441192663601310e-01	-8.024664287560466791e-01
nan	-1.706721022479501304e+00	9.920853373033452494e-01	-7.921384361928153206e-01
nan	-1.477320651896119608e-01	1.966493105379632511e-01	1.344712657972295888e+00
nan	-1.560749560468267516e-01	1.586181785819391343e-01	4.726684743608544625e-03
nan	-1.250466144547015990e+00	2.792196342531154118e-01	-1.023315234108432392e+00
nan	1.102852553887360143e-01	-3.525980753123886258e-01	-5.242928918322803389e-01
nan	8.973521412021145949e-02	2.016326450107617796e-01	-1.449339399095557201e+00
nan	-1.515074726789243265e+00	-8.271874479933003510e-01	-1.371325484752062840e-01
nan	6.431827644211628447e-01	1.448775629406655607e-01	7.388096360941343033e-01
nan	-9.989048956715496086e-01	-3.808714020288170854e-01	2.014394563501371582e-01
nan	-3.632560788225768222e-01	-2.240738973058363115e+00	-1.540483963509986065e+00
nan	-1.466996720719204506e+00	7.282583360999097533e-01	-1.768187660395029503e+00
nan	4.738682614228240109e-02	4.775486927059162667e-01	1.309692002396035448e+00
nan	1.856139198772879029e+00	1.111549118344570042e+00	1.600995550504015208e+00
nan	1.279306476324884034e+00	9.056043358716280300e-01	-5.162781765169244252e-01
nan	-2.184254577408680786e-01	6.291247687040713021e-02	-2.879809324963469308e-01
nan	1.386006762838496997e-01	1.364761178365266669e+00	-1.241231530768805102e+00
nan	-1.619483887305844527e-01	8.979811744947369112e-01	1.880179560817217377e+00
nan	1.405439410968856162e+00	1.059177116395147555e+00	-1.088212896202707114e-01
nan	3.811293760772809236e-01	1.145399341681735406e+00	-7.827339452682575693e-01
nan	-3.071605046921122018e-01	1.457281911320869039e-01	1.381063237892396489e-01
nan	-2.431555356619691799e-01	5.493662550923484877e-01	-7.813219841694827306e-01
nan	-1.909805714887703176e-01	1.243410555527935779e+00	7.571302535038585413e-01
nan	1.736388211109927582e+00	6.876282147805230505e-01	8.297708020405984986e-01
nan	1.037791678930144679e+00	-1.849621467807335273e-01	2.163421837378317392e+00
nan	2.428636776957890930e-01	1.328290769947928940e+00	7.541844589293501544e-01
nan	8.587008201130850171e-01	3.495873698906845073e-01	-1.354298186189226705e+00
nan	9.357047413283885173e-02	-2.089832355346624149e-01	-3.903695019999531279e-01
nan	4.801674116372851020e-01	-8.471639461098230406e-01	2.354759254406303681e-01
nan	-6.112784392190716565e-01	1.011530384937524119e+00	4.465987781059899131e-01
nan	1.541135672645698396e+00	4.266572274830213174e-02	1.356731728521379354e+00
nan	1.636761334682601543e-02	-3.307193968797793038e-01	8.922038852004698928e-01
nan	-9.515375803981085401e-02	6.802326625741836885e-01	-1.019117371801693928e+00
nan	1.839588866878313911e-02	1.713051710380763648e+00	-9.106530272547670446e-01
nan	1.814807508098261968e+00	1.004666935504342939e+00	-9.054008443356283964e-01
nan	1.453757897584060821e+00	4.004566842108953639e-01	1.125542458801078283e+00
nan	1.843665542027657533e+00	1.909742533016401400e-01	3.103785602715214420e-01
nan	-6.272960735332525628e-01	4.733708115693115448e-01	5.190499701744695216e-01
nan	1.843919353938347216e-01	-4.051830411357019712e-01	7.601940398990099101e-01
nan	1.641905632179505803e+00	-1.352557732886517483e+00	-8.826572477807975714e-02
nan	5.325230226707872855e-02	-9.033354754334181891e-01	2.090003413228358919e+00
nan	-8.765615801820632047e-01	-3.099518422648728233e-02	5.366205384525455369e-01
nan	1.817758150662733163e+00	-1.557868845472452302e+00	4.818995788650645151e-01
nan	-6.163383728768760950e-01	-5.928662130558037813e-01	8.012895614203083827e-01
nan	9.466886355103358852e-01	-1.426168001728801205e+00	-2.372817969590564069e-02
nan	-5.017906395916615914e-01	3.801600940068414758e-01	1.169004542953312686e+00
nan	1.464992587342734964e+00	-7.501625377777084713e-01	1.798363767868959018e+00
nan	5.750964310139076163e-01	-1.370759981407138506e+00	4.186759625876115276e-01
nan	1.049723346890399367e-01	6.924733740551666794e-02	-3.977114710777898687e-02
nan	1.042992645083390624e+00	4.921098393329807474e-01	-2.676696179350868676e-01
nan	-4.652980682260884904e-01	1.233225899249630775e+00	1.597380859629468519e+00
nan	-5.387340990713657130e-01	-2.260013225526332492e-01	1.720207514379340497e-01
nan	-7.972751847735947139e-01	-8.161695470514024331e-02	1.288351761126683703e+00
nan	6.077634056006963048e-01	-6.227061046802074840e-01	-2.620276056158880595e-01
nan	6.632060952809504251e-01	-5.846359105629285180e-01	-2.798755384231321197e-01
nan	1.139116118285559143e+00	7.693556685589127975e-01	5.830302308038957104e-01
nan	-1.570984288541809715e+00	-7.649174475823180552e-01	-1.735076131107446407e-01
nan	-1.477250152505176217e+00	-1.284237295035044912e+00	3.504520665477034447e-01
nan	2.155254714161801699e-01	-2.505499687688304444e+00	2.565356523454926374e-01
nan	-6.303175878327247350e-01	7.434093994522394944e-02	-7.315630920253779479e-03
nan	-7.723740547096034081e-01	-7.513552662027214168e-01	-3.755819610684032472e-01
nan	9.140254516383383709e-02	2.265512452092143247e-01	-7.941348607971372431e-01
nan	-2.121309934449111256e-01	-9.409310411918547778e-01	-6.927561612740427144e-01
nan	8.332524496118619561e-01	-9.009575095706350290e-01	-1.650331359343158999e+00
nan	-5.472637351515947657e-01	-8.189822759074933956e-01	-2.345727575412628774e+00
nan	-6.151772742253927007e-01	6.240938084666318719e-01	3.783652097089944544e-01
nan	-7.773075147739844093e-02	-2.348666465747978604e-01	4.016172471396981525e-01
nan	1.882201523178247404e-01	-3.877930813182024483e-01	-4.435538327454061625e-01
nan	-6.031507080937927867e-01	4.505402635263653921e-01	3.538977574262024972e-01
nan	2.393173272705025889e-01	-5.447143661045963370e-01	4.505062066523434217e-01
nan	1.306920583501725686e+00	7.138231059489347219e-01	-1.345687870459012087e-03
nan	-1.001080537021036054e+00	1.235782898600912949e+00	4.265168703106894110e-01
nan	2.049267224266825949e+00	-3.153803300906324325e-03	6.149242450446994468e-01
nan	1.270391405038942656e+00	9.015419710088141692e-01	-9.161701361707887958e-01
nan	1.641989666993810548e-01	1.234234389997665993e-01	-4.063607265956024894e-02
nan	-5.644698213109812235e-01	-5.914000981806534218e-01	-1.329919179876245083e+00
nan	-1.851010826400256937e+00	-1.059622024787881811e+00	-1.041658544639304518e+00
nan	-9.769716365438088079e-01	1.879685354326418034e-01	-1.269944270748946114e+00
nan	8.083539766665728266e-01	-1.906975223966635546e+00	-1.399511486145787464e-01
nan	-5.261485068899018902e-01	-9.062427064370643937e-01	-7.637980559094372790e-01
nan	-1.183165727320021343e+00	7.530252802003665202e-01	-9.372125825739496818e-01
nan	-1.021620963429603179e+00	1.407932868518256608e+00	4.506893232496356760e-01
nan	-1.871829156495697366e-01	6.296981980174213289e-01	4.730745685667145928e-01
nan	-3.762272177536009066e-01	6.902262515373296381e-01	8.125503017643818104e-01
nan	1.102832686254576977e+00	-1.217645392125320525e+00	3.840123107986406770e-01
nan	2.175038391098790824e-01	1.358131804277292076e+00	9.861246310353297684e-01
nan	1.504006637498582988e+00	1.016422573502503868e+00	-7.582597745556534097e-01
nan	1.546602963540610887e-01	4.817989272645488152e-01	6.618466203091273314e-01
nan	1.021443667538655342e+00	3.299532193046167405e-01	-5.355599307159339961e-01
nan	3.988468825732735534e-02	-6.362930900780666699e-02	-1.272991438481821724e+00
nan	2.052936404576401475e-01	-8.920697375927602035e-01	-1.782058898042284678e+00
nan	-1.376896198924221437e+00	-1.134239526900505446e+00	-1.348255310308515975e-01
nan	-1.254395409075231171e+00	-2.654743335027110462e-01	6.425317952438356350e-01
nan	1.047874004108928059e+00	1.319102422357750770e-01	-7.856635073378017697e-01
nan	-3.851743592066516619e-01	7.948010268438987502e-01	9.286257051787591976e-01
nan	5.952413944988534933e-01	-1.322276026966022977e+00	9.317693726064537607e-01
nan	7.269836185611619483e-02	-7.706262820904562494e-01	5.509295550781323492e-01
nan	-7.291786923829937650e-02	1.490773752696309185e+00	-1.490089280436145858e+00
nan	-1.807350294510851607e-01	-1.015754703114005064e+00	6.964588018432491534e-01
nan	-8.664639055819014501e-01	-5.245145439964228329e-01	-1.238900354873697207e+00
nan	-1.129848135727620440e+00	8.608105264869021500e-01	-9.062247597749946149e-01
nan	-1.906357379655416961e+00	-8.702345932228460201e-01	1.430010903261897726e+00
nan	-5.379112715354614771e-01	-2.155874054328791534e+00	1.868829432885943664e-01
nan	2.581024938109700573e-01	8.618987238389623773e-01	-7.800975295499199547e-01
nan	-1.880613346286679644e+00	2.077726743702569545e-01	-1.871750151643250426e+00
nan	-1.444911335539064146e+00	-1.473930628665064191e+00	-6.384958273496729175e-01
nan	1.248836879563388402e+00	-1.422755968125597903e+00	5.725101384017324824e-01
nan	-6.788939372143385498e-01	-1.087743657174865763e+00	-2.994111160834648233e-01
nan	-1.087985466735712725e+00	-1.442710765999190459e+00	-5.681645329319519044e-01
nan	-1.557009308269999170e+00	2.305638084431582691e-02	-2.379288876448738321e+00
nan	-8.309298582883508644e-01	-7.882926486341061967e-01	-1.206009943290676789e-01
nan	8.262739100299298922e-02	9.601032958503821213e-01	-2.175633731594004416e-01
nan	1.088817137754455044e-01	1.362275047801129735e-01	-8.503482147677569047e-01
nan	-2.119052471757890022e+00	6.837493707641979501e-01	-1.125441297207874891e+00
nan	-9.556797387709428104e-01	3.933052920232465444e-01	4.425533837980412111e-01
nan	5.865798251119684892e-01	1.663701739940761926e-01	1.776534688465870038e-01
nan	1.349973928479222929e+00	1.427469266631043787e+00	5.262846702860537462e-01
nan	1.044365388024203201e-01	1.537840481148120109e+00	8.897719785546396309e-01
nan	-2.317998368782494545e-01	1.632291610375513846e+00	1.544591017429414403e+00
nan	-1.305609573291750758e+00	-1.425237703093841901e+00	1.188938318227240831e+00
nan	-7.753792025023604761e-01	2.470989398283218730e-02	-5.158076300754929067e-01
nan	-2.466040251034937292e+00	-1.170658488196473085e-01	-6.140124060795767447e-01
nan	-8.152799633516597533e-01	2.025623191145331514e-02	9.692300963014946480e-02
nan	2.071028339314519684e+00	7.410887358948927695e-01	-7.050265229522718891e-02
nan	2.184891393315852248e+00	3.357651663101239858e+00	1.485366430640173929e+00
nan	9.421808400289630736e-01	1.953952553267999992e+00	1.709540823047976499e+00
nan	-3.742868500643090623e-01	6.379225205008014488e-01	-7.161823179973736408e-02
nan	6.836047767046661283e-01	-9.606967774652149794e-01	2.233544534168260931e+00
nan	4.996904441112103301e-01	-1.386068715721798794e+00	1.481364058147011775e+00
nan	1.387164663639032680e+00	2.274573306055488464e-01	-7.225788865567391861e-01
nan	-9.282386862404992112e-01	4.348035213342281713e-01	-1.026897643115057823e+00
nan	-9.853021506876065150e-01	2.222295874607312260e+00	-1.374468757705146205e-01
nan	2.483426589654020855e-01	1.177087807421328236e+00	1.110425894948827485e+00
nan	4.596812913698798964e-01	-1.052089340634610570e+00	1.609477385948096639e+00
nan	8.129953745910061258e-01	-1.426522436708999253e+00	4.699896735120900892e-01
nan	1.513219531009213581e+00	-9.479358991586566141e-01	1.500088039972459431e+00
nan	-7.498405486363294292e-01	7.281498645199040443e-01	-2.145002952928217743e-01
nan	-1.335850969122240439e+00	2.463978563769129160e-01	1.081821156825338026e-01
nan	-1.239971604161186125e+00	-3.301855902973181989e-01	2.901962121901087710e-01
nan	-8.754735533435358263e-01	1.574905794959205574e+00	-9.940066595432632546e-02
nan	7.292239154907972365e-01	1.220783754558006917e+00	-2.926853449503578619e-01
nan	1.158718887094983607e+00	1.028900385432838682e+00	-7.525194140989822644e-01
nan	8.162395934093938932e-01	3.766084583591532420e-01	1.526341843933222364e+00
nan	2.275447443401280800e+00	6.595821309241006736e-02	6.896386502270553942e-01
nan	1.018847486317668194e+00	1.184402214755718052e+00	-1.032829272640500173e+00
nan	-1.396246640146038054e+00	-1.319376946120482952e+00	-3.855570731934518935e-01
nan	-1.327785588909116132e-01	-3.226734923416834100e+00	4.669202386445640007e-01
nan	-2.978721894308759000e-01	-1.889429285849547613e+00	-1.029606473544019352e+00
nan	5.534665893243995161e-01	-3.107982895419429958e-01	-2.229487295893050725e+00
nan	-8.120410308065630911e-01	-1.134745755684983370e+00	-1.946049498926555321e-01
nan	-1.704458708874838080e-01	5.601567334358814598e-02	-2.038429036746632228e+00
nan	-3.484462408635353170e-01	-1.938052518257925794e+00	-5.341424399896288477e-02
nan	6.578700461365560859e-01	-1.405121527717976715e+00	-1.368208709919311872e+00
nan	-1.396906677489405113e-01	-1.804389532570265520e-01	-2.493438940228929201e-01
nan	-1.237166063781584224e+00	1.068604893499689901e+00	-5.300346723673685645e-01
nan	-9.298823954329527020e-02	1.828944277561787901e+00	-1.280679368223028858e+00
nan	3.902749760556925018e-01	1.029382699885392327e+00	3.655324753470439170e-01
nan	2.664402483032741742e+00	3.730580367786804352e-01	1.471398004296105011e+00
nan	3.612969225278016561e-01	-5.081212131136152443e-01	-2.874538701992024325e-01
nan	1.953095831792788228e-01	-5.801541281775000058e-01	2.891187007844365775e-01
nan	-3.943454353231971021e-01	-1.674919937743280851e+00	-1.482173857644276893e+00
nan	1.247573247517604456e+00	-1.629396880680126669e+00	1.384710587007966343e+00
nan	4.192520638541278877e-01	-3.302714144212897107e-01	-1.201192343552691888e+00
nan	-9.872909422796800616e-01	2.581674454819510300e-01	6.816864615211311040e-01
nan	1.028329555741179790e+00	-8.561918851474128456e-01	-6.645232413350725675e-01
nan	7.039839756764617595e-01	9.572083413960558174e-02	-1.587122493669371970e+00
nan	7.219083591988211257e-01	2.299036669035669167e+00	8.507105177771693283e-01
nan	1.115739756894229995e+00	1.060610062670440001e+00	9.111860412770765860e-01
nan	1.437646967997041614e+00	2.263140581997174827e+00	-2.899317248318975526e-01
nan	3.306211523552848863e-02	2.211748986786992610e+00	-1.435601709428394823e+00
nan	6.451858492132235279e-01	-1.513967646560948621e-01	1.814208994937282382e+00
nan	-7.081790537021379617e-01	1.355815668830790410e-01	4.097074370152590794e-01
nan	-1.425480871631201740e+00	-7.970147755627206010e-01	1.674703557342043014e+00
nan	3.034746552939504571e-02	-6.157520615210494430e-01	1.658203255327552084e+00
nan	-2.609218640932792210e-02	7.569418429069150189e-01	1.009790643877086280e+00
nan	-1.224109781925827978e+00	-8.105911167575362564e-01	1.345667706289348509e-01
nan	7.229363339619838680e-01	-3.019252116694723931e-01	-2.014941822213650036e-01
nan	-6.969968943192016431e-01	4.401371134492673698e-01	2.468720465388320184e-01
nan	-7.898732627176086041e-01	-1.862818294269040553e+00	4.761123876348052342e-01
nan	-9.104347041513198846e-01	-1.838598999195635297e+00	-2.133434651845202090e+00
nan	-1.696859589479302599e+00	1.741608418195176977e+00	-3.233339751655517347e-02
nan	-1.629616981722553648e+00	1.447910178034878648e+00	8.788087092877879813e-01
nan	-3.743692098920401445e-01	-1.658152181348008680e+00	-1.072109556263688424e-01
nan	-2.134177996400841160e+00	-1.429937844805679426e+00	-4.044385573518965993e-01
nan	-7.366046931268416254e-01	-9.017959839142681844e-01	1.809928142004743057e+00
nan	-1.282123046753667728e+00	-1.617759081735410387e+00	4.376279522519355702e-01
nan	-6.352898374385149705e-01	-8.434198901207357046e-01	-4.565323815464761292e-01
nan	-5.467794930188466518e-01	-2.678050134040790287e-01	2.002823270711228787e+00
nan	1.599452635921613908e+00	-9.333746091438559489e-01	9.600682860449150091e-02
nan	1.798126816151416785e+00	4.835814257411508166e-01	8.238234636987173953e-02
nan	2.426172434350986507e+00	-1.081269145441183355e+00	1.780289252227754915e+00
nan	1.262007130819929435e+00	-1.201875244994255354e+00	5.404842376582712493e-01
nan	2.610955723231181413e-01	-1.120859800412882468e+00	5.550487050367205466e-01
nan	-2.167133765465624862e+00	-4.715619826379097157e-01	-6.980947810921576124e-01
nan	-5.735252611174752602e-01	9.105326831815041544e-01	7.427535059435241838e-02
nan	-8.042846293193833818e-01	-5.775231386347374762e-01	1.359094542613252354e+00
nan	-3.918228563482878402e-01	1.983670974295029588e+00	1.168506436968282713e+00
nan	1.411747123531304382e+00	5.897765475851054484e-01	6.989438575117131736e-01
nan	2.853040007664804367e+00	1.083317604549423718e+00	1.915882667079141344e+00
nan	2.230933139603345161e+00	1.631005431025111863e+00	1.561224370475033041e+00
nan	2.098349932188582123e+00	1.965544535041702456e+00	-9.056404767606769379e-01
nan	-4.409650403969362920e-01	3.371320678392383252e-01	1.283496633928433495e+00
nan	-2.284964177850936085e-01	1.277511482070888549e-01	-3.241762704374730464e-01
nan	5.763819632701309148e-01	6.950807998676668265e-02	-1.894492045781204226e+00
nan	1.172462167361483898e+00	3.399410419816183415e-01	3.852398479580056989e-01
nan	8.780368552686078631e-01	2.061040677811215860e-01	1.039026857432973738e+00
nan	2.962858416623688762e-01	-2.154694835414600051e-02	1.429285560984617787e+00
nan	-2.032536262032579089e+00	3.433040210793738417e-02	1.253067265033854127e+00
nan	-2.607925521217835385e-01	1.303329784207087449e+00	-2.044371665270233063e+00
nan	-1.541998632530637015e-01	-1.518850871304632699e+00	8.546593858945521482e-01
nan	1.490799711092829494e-01	1.391393161197853168e+00	1.638380022136918690e+00
nan	-3.310985019692027631e-01	3.111934076061407595e+00	1.111095951477696353e+00
nan	1.702204765669651954e+00	3.187702465510733330e-01	1.190927724644890828e+00
nan	5.369105874839095183e-01	6.538171915612136509e-01	1.908389588506548051e+00
nan	1.590190128329735941e-01	-4.292920318559918513e-01	1.792455102239914888e+00
nan	1.246724759322500375e+00	-1.348279544108154537e+00	-1.772320921389207937e+00
nan	6.476313783590783579e-01	-5.119578427156378231e-01	-2.378386030112126903e+00
nan	-1.072721000521314583e+00	3.282868423305490002e-01	-1.990259300493941952e+00
nan	-7.785844644239335866e-01	-7.105022964973378707e-01	-1.848899829022992325e+00
nan	-1.920848867363710299e-01	2.105675665921004081e-01	-2.527596954155082010e+00
nan	-1.184553156033571586e+00	5.988019864170157636e-02	-4.094816765286121374e+00
nan	-9.857525901772783428e-01	1.185475309970269286e+00	-2.190198150176984715e+00
nan	-1.545556086940856666e+00	-1.146539719101801746e-01	7.432539608022770139e-01
nan	-8.346215842001986074e-01	1.680328585981641254e+00	2.185227000250750395e-01
nan	-2.436196472915950206e+00	4.034288504912814100e-01	-7.992629280559407912e-01
nan	-8.172757839711877192e-01	-3.370232153149134380e+00	2.278198226565630868e+00
nan	-1.700998555849532745e-01	-6.878639341925709694e-01	-2.530165186398266819e+00
nan	-2.664727336379717482e-01	9.435864004948995021e-01	2.524619380832481275e-01
nan	-1.750068977747491594e+00	-2.590824099569518424e+00	1.080164625007696166e+00
nan	-2.359883900449823990e+00	-2.131937667129804481e+00	5.899326417512519294e-01
nan	-2.733403638384890311e+00	-1.754630681405622283e+00	-1.386046296303738323e+00
nan	-7.154719095504649129e-01	-5.605482355664459515e-01	-1.572857816147942955e+00
nan	-2.149907204604247779e-01	-5.107115663693790886e-01	-8.141996007007938907e-01
nan	4.656484216405994969e-01	1.952569234477416760e-01	-1.613613802970324529e-01
nan	2.772945894821881918e+00	1.755217393838325757e+00	7.542112358459337473e-01
nan	8.629460934380803749e-01	2.267636265329357581e+00	1.944148427635383758e-02
nan	6.007471749525761240e-02	-5.799660538231289353e-01	8.350455064990293108e-01
nan	1.865448176715484241e+00	1.910583542022462333e-01	4.462935202637844934e-01
nan	9.455796242956439057e-01	1.401335261843350555e-02	2.169352443559240395e+00
nan	2.404199537808042741e-01	2.950217402268339728e-01	8.327933953370170173e-02
nan	-4.645743127578212395e-01	1.987657268663678423e-01	6.720354165727148166e-01
nan	1.056719653887483457e-02	-5.082698290109460837e-01	1.086179186194688340e+00
nan	6.603950727974985391e-01	-2.415968114538310230e-01	5.694410148018667073e-01
nan	3.978550590147377219e-01	-2.172836413077341988e-01	1.512103532750569412e+00
nan	2.527290967749712958e-01	1.616228409438513536e+00	1.488297568199970833e+00
nan	4.805866369867876076e-01	-2.596898208000669728e-01	1.513761660193145620e+00
nan	-5.137072524518189187e-01	1.778696106571561408e+00	1.536332029064117199e-01
nan	1.236456442781723064e+00	5.309342870448481300e-01	-8.423033497544807346e-03
nan	9.413168469287758189e-02	5.400111433369447766e-02	-1.164621318814396123e-02
nan	-1.859296590082464284e-01	-6.613752829412606893e-01	2.268823392613870671e-01
nan	-1.861968001552989804e+00	-1.108143133972231853e+00	7.272425168648433136e-01
nan	-2.010088515176494006e+00	-1.260885229644462147e+00	-1.013146833274161329e+00
nan	-2.270427610701443832e+00	-3.429116018290123691e-01	-5.366772071936063426e-01
nan	-2.586567023464085846e-01	5.612556070097741712e-01	-9.833898256828350615e-01
nan	5.568842148399459901e-01	5.401950915332946052e-02	-9.915611553285861302e-01
nan	-1.087161318552591904e+00	1.052340734400674549e+00	-1.957070472451467369e+00
nan	-1.441756542785896267e+00	2.867672062363772478e-01	-2.192560221122019093e-01
nan	-1.151636859601712359e-02	1.803461755132967026e+00	1.474273648240900902e+00
nan	1.432268828413956196e+00	1.161498393245960825e+00	1.977285069203635670e+00
nan	1.260663503668298047e+00	3.956502194187979105e-01	1.091281506214497821e+00
nan	3.188564164082992036e+00	-2.484200757198998244e-01	1.485200321647974553e+00
nan	3.914483833271624302e+00	2.521455942519095661e+00	7.768296887636509940e-01
nan	6.521197617529519430e-01	2.132086503833235724e+00	2.432941891609389895e+00
nan	2.102840350697298355e+00	1.696091234521708291e+00	-1.456522089991310054e-01
nan	6.762665343605664958e-01	4.405994077307157086e-01	1.128521164016405454e+00
nan	6.115616535139327681e-01	1.531144396552029496e+00	7.206422529972879021e-01
nan	2.033234593006230551e+00	9.509333721204453749e-01	-3.283892363266716075e-01
nan	-2.624390441141225550e-01	4.150539573359912637e-02	-1.978000628683262985e-01
nan	-1.306017045978330460e-02	-5.354849722619953178e-01	1.429067537160916557e-01
nan	2.185506496307798585e+00	8.797137852773981859e-01	5.741159909547534079e-01
nan	1.859906676241648960e+00	-5.141198139251338395e-01	-7.405992547349806721e-01
nan	5.027767764080055546e-01	9.014383938189007850e-01	-2.383639190774650141e-02
nan	1.982787543911814332e+00	1.557147584835335774e+00	-5.538764185192890377e-01
nan	3.619448542544191350e-01	3.107336758040847524e+00	-7.047081995892712225e-01
nan	1.001804986223905791e+00	5.969558839546039719e-01	1.249202862227709154e+00
nan	6.721561548721227686e-01	-3.850325343287138158e-01	-1.538688616191851821e+00
nan	1.235610551935488965e+00	6.501163595518877347e-01	-3.995176035443159801e-01
nan	1.184245292363523383e+00	9.805417579073789636e-01	1.408162196545894862e-01
nan	2.525539495869172923e-01	9.405565756675888789e-01	1.831501992806882639e-01
nan	-8.781462348678181762e-01	-8.680520023428637266e-01	4.408222255972134018e-01
nan	-1.357718955770598424e+00	-1.442245857028342293e+00	-1.014448639491540627e+00
nan	-1.424852737633643507e+00	5.761144289605362179e-01	-6.418413810793707208e-01
nan	-6.552118003313944783e-01	-1.459468271238886228e+00	-2.176719492126515387e+00
nan	-8.505894341638811085e-01	-2.051332666177027586e-01	-5.254683540967181044e-01
nan	-1.922807764169963907e+00	1.722514372723150888e+00	-2.962272621614781554e-01
nan	-1.329482579458385771e+00	8.916371375955894907e-02	1.803488067374282022e-01
nan	-1.563023290371186924e+00	6.807997570144397326e-01	1.163021051024182739e+00
nan	-8.555657224970951713e-01	-3.085207514148977204e+00	1.639656879390918309e+00
nan	-1.639839980460274571e+00	-2.388326964646508621e+00	-2.774808636241060666e-01
nan	-2.617389628186835626e+00	-1.844839602499901643e+00	-5.348086085890804142e-01
nan	-6.447177824637472243e-01	-1.454232395678805689e+00	-5.492625040203075182e-01
nan	-5.395155974112773034e-01	-1.703119268815785903e+00	1.588219264221868432e-01
nan	1.265607414651684692e+00	4.507911020668839974e-01	-8.201798873439585247e-01
nan	2.490604298711736497e+00	4.307839373350678680e-01	-1.429568662628221132e+00
nan	3.021863504831415748e-01	1.064234723950557404e+00	-3.724690400984820293e-01
nan	-2.186809684788402208e+00	1.512750553195990610e+00	-1.050985593080030034e+00
nan	-6.456561578616877295e-01	2.395499814533528227e+00	1.369465372941760073e+00
nan	1.104961417466288509e+00	2.610409824834727943e-01	1.310393762254853822e+00
nan	6.185396600713799486e-01	1.525311739304504588e+00	1.555605999591066713e+00
nan	1.891906843757861889e+00	2.865283887081504499e-02	2.281381412653310736e+00
nan	1.483904747294903625e+00	-6.375168029507579659e-01	8.405916111126221502e-02
nan	4.650207980617788728e-01	-1.221370903270693864e+00	1.221994689414198865e+00
nan	2.211599754707262444e-01	4.089884565315580200e-01	1.241765301968968283e+00
nan	3.048288996419841190e-01	-1.783954643384818128e+00	1.799382383008290565e-01
nan	8.806783434269103150e-01	-3.777931401363905373e-01	-1.353462681285348523e+00
nan	8.197413267384545676e-03	4.515143193964875623e-01	-2.034779698065771192e-01
nan	-1.283101475045210771e+00	3.427377519441275888e-01	-3.613254211416797035e-01
nan	-8.996192174621873150e-01	-1.602475946519885897e+00	-6.924853123460005255e-01
nan	-9.485437999667204467e-01	-3.839505179878478502e-01	7.691538408583369346e-01
nan	-1.321450034643914639e+00	-3.862372346094716802e-02	1.294884206067056676e+00
nan	-3.064603778523726230e-01	1.162210069931824741e+00	2.097566322157417229e+00
nan	1.692398927930391261e+00	-2.334476196408666659e+00	8.333990094177006203e-01
nan	-4.200511259406584930e-02	1.050325674162851497e+00	-3.392723480141374148e-01
nan	2.248302128936121858e-01	-2.235090373349565507e+00	7.832270437694797138e-01
nan	-8.558493518759811014e-01	-5.397839006444695720e-01	8.813820846125883790e-01
nan	-1.337046306836067455e-01	-6.445490387217871486e-01	9.343393885608468619e-01
nan	-5.234733038290290130e-01	-5.332871264145195855e-01	8.633590114730910203e-01
nan	-1.663205335112873717e+00	-7.317619758386699758e-01	5.938621358700643671e-03
nan	-7.773736477154855606e-01	9.009208881798063118e-01	-1.456661828612370924e+00
nan	-4.541853988440232026e-01	2.069713137536427494e-01	-2.702240246386324318e-01
nan	-2.152146840716375742e+00	-1.370706080306716590e+00	1.014068190171974193e-01
nan	-6.268448255280296699e-01	-3.093743081858071342e+00	8.467967216677925180e-01
nan	-1.977481653362544556e+00	-2.022561243256322694e+00	-1.215906936274629757e+00
nan	-2.872370754299665485e+00	-1.862815271333428502e+00	-1.273629024798203613e+00
nan	-3.980158085658631606e+00	-1.367815622734473990e-01	-4.976872531698751656e-01
nan	-6.446408118948628863e-01	-7.692158581541685969e-02	-4.082184628034957741e-01
nan	-1.532203705430887020e+00	1.756680749119229890e-01	-2.483155518609067858e-01
nan	2.709354086561148733e-01	-1.166851765154216514e+00	1.277378559341763475e+00
nan	1.662455524237383686e-01	-1.803796253069888555e+00	-2.501077371449449416e-01
nan	-9.754952757080714854e-01	1.077499440558943533e+00	-1.204041824326639532e+00
nan	-4.262869568114143748e-01	5.936043883420525358e-01	1.042882219834438517e+00
nan	-1.865414783416809996e-01	-9.638923648672335087e-01	1.724328965914531664e-01
nan	-1.414590051825888484e+00	-2.014943702537641546e+00	-9.028362597387949995e-01
nan	-1.446410159029707154e+00	-1.735243403948865115e-01	-1.506591295928632501e+00
nan	-4.481001506908678378e-01	-1.205509183187497113e+00	1.880770834105214506e+00
nan	7.697661585412647334e-01	5.837028911450906632e-01	-9.555788807473442059e-02
nan	-4.589135542634060760e-01	3.228836979316619948e-01	1.958453512338920177e-03
nan	-1.997123355383244037e-01	7.010091603540442862e-03	1.722211037498038388e+00
nan	-1.178353494389482892e+00	-1.051484669997775789e+00	-6.361289643444246744e-01
nan	-1.156517969552972591e-01	-4.319494005050339425e-02	-3.044621407761860521e-02
nan	9.541453003890175699e-01	6.264266624403604933e-01	2.673499305545503635e-01
nan	1.335422279298619674e+00	-5.068810516443048586e-01	1.248900302299428722e+00
nan	6.883098686046367209e-01	-2.654355417579548626e-02	6.913992244164210987e-01
nan	1.650974670853344595e+00	8.678830147183060895e-01	6.484667285540447468e-01
nan	1.758451922665099865e+00	2.297313739456098958e+00	-4.109045104421448769e-01
nan	-1.552225547863013144e-01	1.037472590219397306e+00	4.719848103780212023e-01
nan	9.080857598603429004e-01	5.628690591509483143e-01	3.920015544883973524e-01
nan	5.986045060686605579e-01	-4.742554459434070724e-01	-4.467877843985016972e-01
nan	2.358791936305565162e+00	1.215195761713791178e+00	1.238259754067948526e-01
nan	1.989122400665018997e+00	1.772428043725482016e+00	-7.669675273003569993e-01
nan	2.195333169218477654e+00	8.494348910633245930e-01	-5.779836751108518023e-01
nan	7.589317412755832715e-01	-3.722254640326069230e-01	4.643143576594553346e-01
nan	1.287596561614017032e+00	7.885911322999251682e-01	5.565828268599067874e-01
nan	1.491701240126153127e-02	1.240159917963084002e+00	3.607902398051865411e-02
nan	9.901294304557808346e-01	8.268746788697206584e-01	-6.583991187305350268e-01
nan	1.428892724677179871e+00	-2.128502474785883836e-01	-1.216718001877528099e+00
nan	-4.543515062192331477e-01	1.018483924831025789e+00	3.074298765480871776e-01
nan	1.503012194734909546e+00	1.342386464349539787e+00	5.242266474813731536e-01
nan	-1.933997174221711024e-01	6.527096362463935542e-02	3.118354909089970928e-01
nan	-4.505587091263649757e-01	-2.400985470450264003e+00	-7.728273436475379121e-01
nan	-7.524212693025437160e-01	-1.351030325159724210e+00	-1.249683170743676852e+00
nan	-6.265055232606916436e-01	3.571031750135017502e-01	-1.002781320157497769e+00
nan	7.812141996537150801e-01	1.729694491143333623e+00	-4.081822552466078946e-01
nan	1.770941708581238672e+00	6.144792273995683951e-01	1.433103530299378203e+00
nan	5.597496176095122511e-01	5.029759104363709099e-01	1.739416015628986845e+00
nan	3.123709332428049379e+00	1.828592604119542608e+00	1.157993066204944022e+00
nan	1.646015557195541268e+00	1.197165724380016005e+00	1.894659063015167844e+00
nan	2.540211235404216783e+00	2.421830319077862281e-01	1.391065513173065371e+00
nan	1.973297978480274217e+00	7.190484406504560333e-02	-1.306358183381672200e+00
nan	-5.292767875498916030e-02	1.617616896822873240e+00	8.731580350426915160e-02
nan	5.007805161652365555e-01	-3.680087526921049790e-02	4.947598178798571777e-01
nan	1.271298511344778337e+00	2.227531212473025324e+00	-9.794770132927842488e-01
nan	2.371864333045657691e+00	7.967576057801571965e-01	-5.450104653377387809e-01
nan	1.060868173263092018e+00	-1.063770404737983455e+00	-9.173766271568722930e-02
nan	-1.677256474168147826e-01	-1.709421930570029557e+00	6.770319374766642362e-01
nan	-1.778021180547307178e+00	-6.915024527543790489e-01	-2.124911995857777569e+00
nan	-3.002073191517034445e+00	-9.102611419356885225e-01	-5.432756374905682861e-01
nan	-1.990809532163752227e+00	-1.926602017299058778e+00	7.811917321323247343e-03
nan	-9.712432616523495321e-01	-1.711474449013030252e+00	-1.721043785751991795e+00
nan	-2.382696967608938010e+00	-8.317853337635942035e-01	-1.745310072371310639e+00
nan	-1.829507913309476708e+00	-7.083501944508533432e-01	-1.040550447851180893e+00
nan	-7.558269567080118101e-01	-6.450886774169672933e-01	-1.401064267556428877e+00
nan	-4.171914285022949587e-01	2.473929365574756845e-01	-3.268428815964350975e-01
nan	-1.985628236136948999e-01	-2.268072659377419420e+00	1.456185638743687116e+00
nan	-1.090402830287122038e+00	-9.035398248699145762e-01	1.221735949069460148e+00
nan	-1.023441965854174018e+00	-7.625306593957785761e-01	-1.120938140937743244e+00
nan	7.649963974132585331e-01	-3.977758170225114132e-01	-5.373135859617581556e-01
nan	-1.293979538974810994e-01	4.114468902651138849e-01	-8.743232788870471950e-01
nan	1.621579324872065131e+00	-1.294533741741545896e+00	-1.949019643940469726e-01
nan	1.375177377968929804e+00	-5.277523473405219823e-02	-6.971329434330857389e-01
nan	3.491487917755084491e-02	-5.853242459772762807e-01	-1.984144084637627703e+00
nan	2.916154383271973849e-03	-1.971242754719601642e+00	-1.635948039264437881e+00
nan	-2.335643878029177500e+00	-9.343900601408130502e-01	-7.109900193263207768e-01
nan	-1.757573604199176298e+00	4.897698945801576276e-02	-1.779118314376799459e+00
nan	3.519539149612027629e-02	-1.802866345792287550e+00	6.386371606943430645e-02
nan	-3.249547893590982728e-01	-1.645003998546878954e-01	-5.757053133875297268e-01
nan	-1.465062981136030063e+00	-3.729163350783928355e-01	-2.501221499815976523e-01
nan	-2.310561791208343152e+00	-2.856844425935408660e-01	1.410116751829018522e+00
nan	-4.496036482920334754e-02	-1.712544438617443099e+00	7.834949302270701743e-01
nan	1.130807743478438487e+00	-1.573578550204016491e+00	3.224117104682639456e-01
nan	-6.019558728739695663e-01	-4.127626213774825414e-01	-2.277517748129064046e+00
nan	-9.726375871531155459e-01	7.963796834806164959e-01	-3.719289250422874726e-01
nan	-1.133005134660824531e+00	2.094688332986980317e+00	2.097290374214488384e+00
nan	2.533050285197067097e+00	-6.240846234591495012e-01	2.964906692051846981e+00
nan	5.887253534622023388e-01	1.665798539623236429e+00	1.640516773128424699e+00
nan	1.613534185269542842e+00	-2.709364527893787233e-02	9.129312569888287099e-01
nan	9.385223751003980430e-01	1.245006573855732102e+00	2.812747386113106374e-01
nan	4.043383377752164942e-01	1.898515755940441530e+00	-3.048703786905707647e-01
nan	-1.386364985973411734e+00	4.552081791704636893e-01	9.218486984492582081e-01
nan	1.457869420576650255e+00	-1.105052066868638549e+00	-1.441013576241209071e-01
nan	2.401379893488066186e-02	-2.783752359001640531e-01	-1.749619809626592248e+00
nan	1.396828897148381099e-01	-2.321360040364780719e+00	-1.138240879183306298e+00
nan	1.844762672138280379e-01	9.553635925990489053e-02	-1.610243079818967082e-01
nan	1.717497978361765654e+00	-6.930047454349090863e-01	-7.377615728496128567e-01
nan	-5.219657866977116534e-01	3.022362086046831209e+00	-1.030670434213743603e+00
nan	-6.223832070276964501e-01	1.590146098979088984e+00	1.494561675287820468e-01
nan	-4.354271068243170673e-02	1.452011395484012812e+00	7.527772943228181468e-01
nan	1.730423020899375941e-01	1.990159807883060128e-01	1.906504196241531002e+00
nan	-2.602793598220477511e-01	1.969829792963274095e-01	1.671821883608308745e-01
nan	1.410137174662783988e+00	-2.736585244448355714e-02	5.284085752851204187e-01
nan	1.957575889181026874e-01	3.327201474576439999e-01	-2.055670092954472228e+00
nan	-1.538894455982854348e+00	1.365889552952218366e+00	1.436189174078067676e+00
nan	1.786009802306218752e+00	2.108921102007685067e-01	-9.961890104085135977e-02
nan	6.019290071605075676e-01	4.971597251171664400e-01	-5.686738453844117913e-01
nan	1.492214264347444974e+00	-5.565061572087653952e-02	3.343477089236486677e+00
nan	1.671239969367186884e+00	2.160414000663913647e+00	1.152590118559213117e+00
nan	1.314376582952378802e+00	-2.731956634989736177e-01	1.141397663437545118e+00
nan	2.356766945305858840e+00	-1.558823143376929510e-01	-9.876379608650973640e-01
nan	1.797249667350135693e+00	-2.388007621760712684e-01	1.678474213665515080e-02
nan	1.298689822710652919e+00	2.813747034163105454e-01	-2.419179671260293096e-01
nan	1.759610864203676961e+00	1.661369308608566353e+00	-5.219148821094501400e-01
nan	-4.027629300535056078e-01	2.995263943452340927e-01	1.225434391633289266e+00
nan	-9.737582531895483395e-01	-3.296448707318793137e-01	-2.825340171265651734e-01
nan	-1.633018337976255063e+00	-3.495587115639215980e-01	-7.646205941881241142e-01
nan	-9.421462356615719624e-01	-8.281858758993017045e-01	-1.897763577890596798e+00
nan	-1.309230355718904892e+00	5.684857746364115894e-01	-1.109165567967798305e+00
nan	9.232796928455228036e-01	-1.064842209665834538e+00	-9.150895626437639541e-01
nan	2.092477519121072604e-01	-4.926984161934447881e-01	-1.515138722901621104e-02
nan	-1.342400016426495701e-01	9.914196729592067436e-02	2.733968383485244624e-01
nan	1.607647594103862598e-01	-4.684380052914374759e-01	1.825275226433230369e+00
nan	1.448169682793407409e+00	-1.697282250182680363e-01	-1.333865066291280987e+00
nan	-3.952476372441011132e-01	-1.123670317126704621e+00	-2.011249040998955628e+00
nan	-7.650438009367863668e-01	3.734459571975768943e-01	3.204847131949647432e-01
nan	9.724327421470149169e-01	-9.727469821792810167e-01	7.507679058128321481e-01
nan	-6.279862370230222535e-01	2.427644887999824697e-01	1.197698707332927270e+00
nan	8.136287432602384850e-01	-2.798317663962504476e+00	4.130274581020458302e-01
nan	6.525986297037889017e-01	1.676871288402720372e-01	-1.255950463600354894e-01
nan	-1.137604412199053616e+00	2.066741309124195403e-01	1.750265530243495071e+00
nan	-8.170775481363785619e-01	2.630123021989525522e-01	1.479001871015250824e-02
nan	-3.414597179651732706e-01	8.271207996898848336e-01	-2.891946153314570722e-01
nan	6.237791475847590528e-01	-2.454848679683979962e-01	7.621559789593377321e-01
nan	4.217606559705242009e-01	1.809515308534286049e-01	-1.423196002659516124e-01
nan	-6.440028940096480525e-01	-5.805005441658117604e-02	9.988352104380446850e-01
nan	-1.289696399639779445e+00	-4.896982527482630076e-01	1.095887094412692220e-01
nan	-1.414579620595088461e+00	-1.041063680631043153e+00	-8.508861158797717539e-03
nan	1.100076048640244997e-01	-6.998479397238429600e-01	-1.521902147026482077e-01
nan	9.718589257682295202e-01	3.304311365407609502e-01	-1.430439457599812281e+00
nan	-7.107317007996442060e-01	1.902596697975286744e-01	3.523226569210282655e-01
nan	-6.475773517288565539e-01	-1.552086203971988931e+00	6.571941349642499430e-01
nan	-9.913545573239734843e-02	-1.050499492233704535e+00	-6.601973702186119120e-01
nan	-3.085381484361102267e+00	-5.578215726131228180e-01	7.351265350089241091e-01
nan	-1.664158936711411574e+00	-1.346085566111347109e+00	-2.029610735189094628e-01
nan	-1.872709077695922764e+00	-1.921597652121256328e+00	3.806670612536734999e-01
nan	-2.411590602697446517e-01	5.941008738079245344e-01	-1.510655491821701002e+00
nan	1.779153754079886074e+00	4.157969010930229192e-01	2.408658189285968754e-01
nan	5.364851557265168935e-01	1.758593287136753336e+00	-7.390541611260109667e-01
nan	1.834222814920024036e-01	4.271024151793901824e-01	-7.087506634144966622e-01
nan	-2.503219556187645800e-01	5.226297400352221123e-01	1.829068464657642168e-01
nan	1.393604489977912309e+00	-1.547882591699914823e+00	9.901904690798747355e-01
nan	4.681399844501025198e-01	1.708051200697100036e+00	6.434637829014533406e-01
nan	2.327471946308145689e+00	3.459013711728780471e+00	8.228787501392917925e-01
nan	2.240832697981426591e+00	1.333072962039726139e+00	1.988877216037978179e+00
nan	1.441621202390947376e+00	6.235902214872290905e-01	6.478550536820925076e-01
nan	2.384588493072899773e+00	-5.194259954140525437e-01	1.514223282103323853e-01
nan	9.546059692950230602e-01	8.305140348467722200e-01	5.728762167933034721e-01
nan	2.310097936789003104e+00	3.353865836007989820e-01	8.107902885622886302e-02
nan	6.831272751021079115e-01	1.348552761947847900e+00	-9.026123613082339681e-01
nan	1.660252932163473805e+00	1.376116812451801952e-01	-2.861501141910527957e-01
nan	-6.481831702226714675e-02	9.280735974313307768e-01	6.331020838916149307e-01
nan	-4.269120978924595411e-01	-4.917466984138909591e-01	3.737278804989517811e-01
nan	3.610650074040930857e-01	-1.399460001718591251e-01	3.418959279594214196e-01
nan	-6.569492443222364475e-01	-4.379813909114241843e-01	1.511886194099091085e+00
nan	1.008782956969439315e+00	4.844815949963892643e-01	-5.769592320595080537e-01
nan	-1.497581094788341005e+00	-2.430943806588951039e-01	1.180141343820051869e+00
nan	9.190128959859206192e-01	-2.019182715153456265e+00	6.081252892734121396e-01
nan	-3.850296252715017520e-01	-4.032430118545490827e-01	2.709586175054291002e-01
nan	-9.397578789689327305e-02	-2.847583332557147573e-01	-1.004271745743711586e+00
nan	2.526467014845255488e+00	5.047099075255505607e-01	-1.198284913212374070e+00
nan	4.199973108129335109e-01	1.479805704355191320e+00	5.881864941433735394e-01
nan	1.140150430820519922e+00	1.202466527974202504e-01	9.461606672627967951e-01
nan	9.798849603190377122e-01	1.034994730534287921e+00	-2.991087933401877508e-01
nan	-2.275456724889611815e-01	3.785586793746750223e-01	1.432934512304590235e+00
nan	1.551996328912963019e+00	-1.134760246412343188e+00	1.840694586621988815e+00
nan	9.327721005523847975e-02	5.451353085340284732e-01	-2.057760292004908731e-01
nan	2.260101545564420444e+00	-3.368571487643123308e-01	-6.269633306470516476e-02
nan	1.047228740466015662e+00	1.806828194476398086e-01	2.855395832376452225e-01
nan	-2.116885585642242162e+00	1.545386409982096199e+00	1.278492820872182634e+00
nan	-4.329501012668433568e-01	2.778356460049324350e-01	7.252807356038210029e-01
nan	1.583551141180781663e+00	-8.143727756721906852e-01	8.963556518574073984e-01
nan	1.545096675029707933e-01	1.323934838230004463e+00	7.245424243596108038e-01
nan	1.893159393867734464e+00	6.064747064533682064e-01	2.435662765390322448e+00
nan	6.035024431562785452e-02	4.635644034169312255e-01	1.997037027303877110e+00
nan	6.522389770614107629e-01	-1.366381304059573809e+00	1.299164588271200849e+00
nan	-8.704290694521302219e-02	-3.569247626325612321e-01	5.650898939952178068e-01
nan	3.024658325925387858e-01	-4.292959937490298805e-01	2.284035385800541051e-01
nan	2.225602156018467781e+00	-2.374120801985145357e-01	8.040249447095998425e-01
nan	2.492712922610833548e+00	-1.440655507017524428e+00	-2.441604905674146231e+00
nan	-4.476429888982308425e-02	1.760961721455641671e+00	-7.547428795452718608e-01
nan	-7.578634087501811001e-01	1.735855873209340317e+00	-8.126555042010266128e-01
nan	-1.166281023204704947e+00	1.551323784209614753e-01	1.467246601075368639e+00
nan	1.204781261975313544e+00	-2.137850415514354729e+00	-1.186458377025607636e+00
nan	-5.681275614967538079e-01	4.915417348583065449e-01	-3.481258075297629651e-01
nan	1.000366723376461042e+00	7.437399806627071897e-01	4.632641264075672977e-02
nan	2.645968477890824122e+00	8.100827686669117567e-01	-1.081320765979519871e-01
nan	1.462810017595314260e+00	1.391363230694901310e+00	-8.261858932839304392e-01
nan	1.593626014668170221e-03	2.547333188521947900e+00	-4.272207890834566757e-01
nan	3.065837770132196494e-01	1.760337694077343862e+00	1.328044869878150847e+00
nan	7.506978893018056986e-01	-7.690231059428634941e-01	5.922801876558114742e-02
nan	-1.871808955513147854e-01	-5.741963722757940924e-02	4.790762352111244127e-01
nan	-7.381928714000280944e-01	6.565022332976911956e-01	-4.400564488065170088e-01
nan	1.348140474172475400e+00	-3.350460162812619602e-01	3.032766088549068151e-01
nan	1.880106906563180358e+00	1.591582670005313060e+00	1.855864339129907059e-01
nan	6.431179938729161272e-01	2.322947525877050001e+00	3.832322945300352668e-01
nan	2.239244261672781455e+00	1.985709380464851126e+00	2.079035502074712660e+00
nan	1.590263639160297338e+00	2.433241193257392965e+00	2.023453403322963862e+00
nan	2.997695361664018066e+00	1.370232905092737985e+00	2.491995411525222970e+00
nan	1.580817920196223580e+00	4.443414466281228048e-01	1.637082443776047835e+00
nan	1.397183953191968531e+00	1.226372648348183492e-01	8.377447630551174695e-01
nan	9.089681127203576017e-01	2.198589316094092805e-01	9.311526202104567496e-01
nan	1.171485513382499288e+00	-3.314202490318594596e-01	1.181279149280321850e+00
nan	-6.005349131126794804e-01	6.640961450741870165e-01	1.523882654598772479e+00
nan	1.732439670363071338e+00	-5.803990066686995908e-01	2.067354658410713419e+00
nan	1.705701393432497159e-01	1.651348349982841857e+00	1.156178184003533449e+00
nan	1.395082144416206704e+00	-6.421612763570494486e-02	1.097727369274777098e+00
nan	2.006028900809714077e+00	-3.856177937512528242e-03	6.166112435295743044e-01
nan	9.192419380713297006e-01	2.037620778714713143e+00	-3.124298814913202826e-01
nan	1.940409775068266285e+00	3.647215327605011215e-01	-9.082139996888713984e-01
nan	1.720485382545319686e+00	-6.358218994588040740e-01	-9.404965692059904514e-01
nan	6.855012286155105772e-02	-1.070942612625486734e-01	-1.451813008176503272e+00
nan	-1.110701306481829409e+00	4.720196563699324277e-01	7.301985884817771000e-01
nan	-3.509507419962362151e-01	2.328019506588772547e+00	-3.742098562565026598e-01
nan	1.335109882922724367e+00	1.463923362168843667e+00	-3.128028171285324177e-02
nan	2.816713227264549424e+00	-9.951006184498668583e-01	7.973459406628322643e-01
nan	9.473112487806419901e-01	2.512970799627256557e+00	-1.532378584424051837e+00
nan	3.555110067451890954e-01	3.551284721889797158e+00	1.191652326067965006e+00
nan	2.292792501422331597e+00	6.118372269403776764e-01	3.021185854053662911e-01
nan	1.497369367829285869e+00	2.793685258040309316e-01	5.514150040900067662e-02
nan	1.663046641847036877e-01	-4.793001166621705389e-01	-3.714704226327314451e-01
nan	-1.255048934198848221e+00	6.092723438260124746e-01	-1.089939473664485625e+00
nan	6.722181975475843840e-01	1.334620264722433669e+00	8.268833662510424176e-01
nan	1.059677134463216763e+00	9.298866711940028118e-01	2.828088236445476245e+00
nan	4.113524693377526908e+00	4.399216264886997019e-01	1.717118899025278811e+00
nan	1.003997888299913654e+00	4.057875972652741581e+00	-6.092006490540670116e-01
nan	2.319007009790263307e+00	2.880185092216562381e+00	8.410144897101303751e-01
nan	3.075544505782450422e+00	1.942547338492316644e+00	1.568943008021618013e+00
nan	5.150707970680465930e-01	1.329769884432649540e+00	-3.222212195926954514e-02
nan	7.818707846945625040e-01	2.063928329810654105e+00	1.620429644695126736e+00
nan	-1.120220470081331632e+00	-3.644394775224713001e-01	5.715139872082872774e-01
nan	6.107328818175508101e-01	2.123059298666305494e+00	4.640403436499544454e-01
nan	-4.450916527146061563e-01	1.171648598674373876e+00	3.000536816158199560e+00
nan	1.943208621178291517e+00	-1.367556535070180379e+00	7.377781426150633592e-01
nan	7.034647788109876787e-02	1.677788857556277824e+00	-2.158567428390870013e+00
nan	1.564148202384761266e+00	-1.161526521168367410e+00	-9.073994741918028906e-01
nan	8.693032401000519993e-01	-2.157852137395420034e+00	-7.644921318472321925e-01
nan	-1.319378018170581868e+00	-1.219354433267447080e+00	-1.626066408321832357e+00
nan	-1.064338109036774949e+00	-1.846195445369392951e-01	-1.056197359134556368e+00
nan	-4.946179524690574869e-02	9.479019763464685555e-02	-1.292660267912421279e+00
nan	6.110448184632173430e-01	-4.854022908897479005e-01	-2.990462137469829251e-02
nan	-1.110816994277291858e+00	1.407404090429674737e+00	1.019977910487881889e+00
nan	1.710185012662731374e+00	5.628313769310898662e-01	8.320198178519374599e-01
nan	3.393846343947407362e+00	8.922703713194486408e-01	-6.364017980833786003e-02
nan	1.145054337425386981e+00	5.127423946691307410e-01	3.000119812141789355e-01
nan	4.620249108755379863e-01	-2.820380526919604947e+00	-3.285492479197636984e-01
nan	-9.789249463221160186e-01	-1.216496923933912067e+00	-1.870690834002787462e+00
nan	-1.823172132237811827e+00	-2.046396808317988203e+00	8.060847527267935853e-01
nan	1.547331920054464849e+00	-5.061933457505621847e-01	-1.430280488453034571e-01
nan	1.248076580050469508e-01	2.919225983222063503e-01	-9.749854629732308542e-01
nan	1.393152833026164161e-01	1.357833136230730542e-01	2.078753365415372256e-01
nan	9.248502411845991311e-01	-1.593527483621327012e-01	-1.496267331313317017e+00
nan	1.545189338780653454e+00	-7.339911603403707074e-01	-1.469562538384294736e+00
nan	-6.616608080878443321e-01	-1.356722240103235944e+00	-1.546678453435056166e+00
nan	-1.897256475129301734e+00	-2.758196502148266838e-01	-1.335094985973795723e+00
nan	-2.419380590485361582e-01	-4.995088463311784244e-01	-2.655843661226360730e+00
nan	-2.158363937804206323e-01	-5.526504980243520659e-01	-1.507783547582120187e+00
nan	-3.412026620020435774e-01	1.071024258101135995e+00	-2.088006222768630238e+00
nan	8.315220390918198756e-03	2.678722601349726506e+00	2.794517490184056374e-03
nan	2.232443907881035416e-01	8.569329724073151411e-01	8.661485278056857418e-01
nan	3.282057720291187142e-02	-4.902873886506461942e-01	1.194051187362419109e+00
nan	-1.119462650765176370e+00	-4.278964698789032572e-02	-1.440188694413920611e+00
nan	-1.538348356486198609e+00	-9.278509511947380384e-02	-3.207345184299429386e-01
nan	8.649882419564722813e-01	2.678368275373772533e-01	-4.681102178973910455e-01
nan	9.172890500016945836e-01	1.535026040342333031e+00	-8.032522709408834727e-01
nan	1.150564914633389169e+00	-7.004692651821109450e-02	-4.963099452134928646e-01
nan	-1.901095767330479580e-02	-1.050539126615118057e+00	-8.273435664506094411e-02
nan	-4.660296920282232525e-01	1.118814506488260974e-01	-5.893294272969203940e-01
nan	1.143008879914944931e+00	2.329321783866853679e-01	4.434079400434185469e-01
nan	1.466488497671937896e+00	2.123017319935196490e-01	1.223284706151763546e+00
nan	1.426140995901594710e-01	-1.923447861853504470e-01	7.886873730405314920e-01
nan	1.553305067895224933e+00	8.692907690893318939e-01	7.020678548333572078e-01
nan	-1.470654364395021174e+00	1.614980424410893622e+00	2.840563987367680898e+00
nan	5.897866856595735952e-01	8.844696048189442106e-01	6.822026179577056482e-01
nan	1.601361492639419293e-02	6.239828437489886026e-02	1.513645717767902465e-01
nan	5.394513204746925750e-01	-1.797466315445881202e+00	7.083484843594767266e-01
nan	2.068871335321171845e+00	-6.075791748979459950e-01	8.037128445074774863e-01
nan	6.972041450493405845e-01	1.290360473076048953e+00	9.431975779036620988e-01
nan	1.465209985851645413e+00	-1.047397445187046250e+00	1.103745569172660979e+00
nan	6.224864761983646133e-01	1.933542217078548342e+00	2.196065578610345223e-02
nan	-1.429355439353203305e+00	2.347069683169025645e+00	1.650955337178109827e+00
nan	2.049379668210281835e+00	1.697770003851021059e+00	1.966814318029189046e+00
nan	5.019549360572506114e-01	3.666160236003245254e-01	2.928903933608750343e+00
nan	3.431044298505085521e+00	1.495706107941762841e+00	1.459921433242335809e+00
nan	4.230708395482357886e+00	2.468078789142402751e-01	3.001135215847946514e-01
nan	1.363330176419856876e+00	1.417115566196571530e+00	1.867704494479723032e-01
nan	7.864233755511330637e-01	2.562240127021262026e+00	9.557262419511998175e-01
nan	1.336517577064060269e-01	1.150166669324653501e+00	-7.552773497753302312e-01
nan	1.060748604349577962e+00	-2.004063893876285030e-01	6.461123263044641352e-01
nan	-6.727298227947292597e-01	-1.789594934122325176e+00	-9.600726998826932812e-01
nan	-1.573964353577007369e+00	-8.171016650912048540e-01	-2.286955536440649972e+00
nan	-7.947894866392977153e-01	-1.313596943825433350e+00	-7.878251204606796509e-01
nan	1.904762450590871126e-01	4.442385757270557178e-01	9.206469017720309012e-01
nan	1.620160297391704418e+00	1.597663930831254353e+00	5.488343082088414926e-01
nan	1.096844397555850614e+00	4.662060149741843462e-01	9.565457233901279999e-01
nan	1.548409126351242282e+00	-7.323446508643010056e-01	1.223939268100866951e+00
nan	7.892459545745302840e-01	-1.096261156712968532e+00	-1.142322791544729377e+00
nan	6.200151996031755264e-01	7.979726117224843485e-01	-9.957423491350320122e-01
nan	-5.062627960922383430e-03	-1.106496555921031577e-01	5.642224201231924585e-01
nan	7.728967930851956547e-01	-5.463902249990032489e-01	5.557111465601806133e-01
nan	-1.338391943385211391e+00	1.177440657219777753e+00	1.566164379887751368e+00
nan	9.366699840695987822e-01	-1.173433056625100335e+00	5.155244657184733237e-01
nan	-8.523899433641493051e-01	-7.090338704653739166e-01	-1.035673806056745194e+00
nan	-1.546684041779344820e-02	-2.878689999679069356e-01	-5.489274254043559065e-01
nan	-9.392281951065732937e-01	9.027541056270467212e-01	-5.710479857274548543e-01
nan	3.634196044637574285e-01	7.698788153926308109e-01	2.308812949844255280e-01
nan	1.082381745904863024e+00	-1.554566761136144226e+00	-4.769352980936612529e-01
nan	4.226115441407343187e-01	1.025270825130460972e+00	-1.027209565410605263e+00
nan	1.970056939051245681e-01	1.378872287213523506e+00	-2.403233942723630723e-01
nan	1.994765190633971952e-01	6.176292556735614170e-01	-8.493599531236466493e-01
nan	-8.624050706106533015e-01	-8.205475431056714619e-01	7.725544199796034739e-02
nan	-5.308228033034348980e-01	-1.719950180333147394e-01	-9.726135916134037718e-01
nan	1.609766479857193122e+00	1.125569642308920759e+00	3.635626381903945270e-01
nan	1.989485651427702617e-02	2.825194330131086229e+00	3.458059421802561761e-01
nan	1.440890662650336163e+00	-4.811343143088223639e-01	9.092924984077537243e-01
nan	1.177412612429854288e+00	1.216008956144267295e+00	9.498573221078809858e-01
nan	1.040440339829083349e+00	-4.724181012205418417e-01	9.915636900872311088e-01
nan	2.067917074002077360e+00	-4.167078677134962161e-01	-1.059057463302634172e+00
nan	6.715545265948379416e-01	1.138735010497878397e+00	5.113401711370697544e-01
nan	2.431961667108957670e+00	1.520892581767638307e-01	7.214006149785514577e-01
nan	2.005119741546865786e+00	1.750093440886697715e+00	1.627836885964262015e+00
nan	3.006490713648661384e+00	2.084454900272625366e+00	-1.592451500457567892e-01
nan	3.909343646465890387e-03	1.500516056784585217e+00	3.064235666765722232e-01
nan	1.542005132164140591e+00	-1.615215674187591377e+00	5.401439009879497322e-01
nan	4.466104139791312044e-01	8.639222733211088245e-01	-3.402449632511218569e-01
nan	6.940700868061762119e-01	-3.159015793471895983e-01	1.664725549070196653e+00
nan	1.916281815387964604e+00	5.611740279672217807e-02	7.361360485559930167e-01
nan	2.639751918559716248e-01	1.192069952394505528e+00	1.952236966458437362e+00
nan	1.553359001568649145e+00	1.083958367380649213e+00	1.672007326923099946e+00
nan	2.207818426134968703e+00	7.054720473593271146e-01	7.006193295339770977e-01
nan	4.133586767264760820e-01	2.947665125465579461e-01	-2.981953061064300137e+00
nan	-1.698709994332292750e+00	6.734192853114207011e-01	-2.132405286038274284e+00
nan	-7.247686020470556212e-01	-1.783108226335966551e-01	1.152840022975072931e-01
nan	7.668180809411380139e-01	7.597455369711856310e-01	5.320779368537963405e-01
nan	1.082067472650313888e+00	7.925652591822438531e-01	1.304311087202826069e+00
nan	2.466191756054573192e-01	4.969013284639961503e-01	-1.349157487654208953e-01
nan	2.804100426002540392e+00	-3.909924499528701913e-01	1.097730030208912355e+00
nan	2.139611970266775742e+00	5.447046129611613496e-01	-2.491703189724205347e-01
nan	4.419111430801884177e-01	1.997657409070061618e+00	-1.859550138575415401e-01
nan	2.086667937201280409e+00	-5.925427002772751806e-01	4.127470988538587404e-01
nan	-7.512929317933424445e-01	2.019979870672965916e+00	-1.542006368150281581e-01
nan	1.385642332319005687e+00	-9.113464240248512205e-01	2.148862931976946999e-02
nan	6.803210335948358667e-01	-1.828345326791905867e+00	-1.034168433321685177e+00
nan	-5.888018101359806522e-01	-2.724757925299076122e-01	2.825124242630826510e-01
nan	1.009553602885281398e+00	-3.061935671651253021e-02	1.484764888703668240e-01
nan	2.229849685530012060e+00	6.332655442037646853e-01	-1.634101955833043851e+00
nan	1.486927115765102281e+00	3.465380707602996324e-01	-5.426755352171668267e-01
nan	1.560419940450820331e+00	1.315849313532758025e+00	6.334917745117618626e-01
nan	2.029938769742223759e+00	-5.671698572327804611e-01	-3.774284817088259247e-01
nan	-8.150320970694895362e-01	1.122935661493545956e+00	-1.462810262408585693e+00
nan	-9.710635089616130866e-01	-1.143908473691304523e-01	7.955106435518067842e-01
nan	-4.639219550916544588e-01	-5.939360617567492895e-01	-1.072412417846836163e+00
nan	-8.967621253933514280e-01	1.330101523709835698e+00	-1.615599621924783680e+00
nan	2.138698462854878857e-01	-4.437741548474244402e-01	2.339653042150215412e-01
nan	1.018650682791328449e-01	1.610419676767772312e+00	2.037854881835706733e-01
nan	-3.026316499516963354e-01	1.961388511092189368e+00	9.116351195984072620e-01
nan	1.966363445924519393e+00	1.108800763761486730e+00	4.055277048958195185e-01
nan	-1.086809074616071014e+00	7.501838767760170557e-01	6.176805347539289226e-01
nan	-2.073206385482326830e-01	3.408805246529880151e-01	2.480938601756538464e+00
nan	-8.035431845296775455e-01	-1.281742664406664567e-01	4.775187074160171519e-01
nan	-4.694690147345985110e-01	-3.245423915245442270e-01	6.839227314352375187e-01
nan	-8.463031567027332058e-02	1.866324440805838814e-03	-6.516417061464133686e-01
nan	-2.790763574506507916e-01	-4.597116357594352998e-01	5.368771589116724807e-02
nan	-8.288807639365891600e-01	-9.430786653364521266e-01	-1.584429811773650776e-02
nan	-5.358504583904721841e-01	-1.429997719194777139e-01	-1.674396318291804797e-01
nan	2.476893139314427228e-01	-2.469301966901155665e-01	3.403172058327577076e-01
nan	6.207104373929350077e-02	1.220483963078452305e+00	-1.530611359464148502e-01
nan	1.272345391611956034e+00	7.317611521019744547e-01	1.024587119730193230e+00
nan	1.283321582304415287e+00	1.123443389493787414e+00	2.304892982193179618e-01
nan	9.916401500217945086e-01	4.063306690966710377e-01	4.865031983627275958e-01
nan	-2.924894694840439735e-01	1.064851867418137976e+00	3.313956526444331030e-01
nan	-9.772787522321885190e-02	1.046500622478451437e+00	-9.386610297650603840e-01
nan	-1.355497648146759326e+00	1.446222625802066508e+00	-3.699358000932954638e-01
nan	4.885584244575687518e-01	3.717760253991621577e-01	6.980334944661227281e-01
nan	8.242673825611119831e-01	1.005725353024209623e+00	4.107416494836070298e-01
nan	4.180837300938433643e-01	4.020421212944739198e-01	-6.009555072678041121e-02
nan	-5.486999822891407419e-01	8.721894204245320692e-01	-1.091672344789043736e+00
nan	7.230560309205495972e-01	-9.429060678036382814e-01	2.470483929119940691e-01
nan	-1.659455135249918167e-01	-5.813845873038138157e-01	-3.999130522532189924e-01
