nan	7.880786146586296059e-01	-1.639601766550172757e+00	4.987157020677666641e-01
nan	-2.465438181807198426e+00	9.165092045637178719e-01	5.851062410695835325e-01
nan	-1.064348772126642695e+00	1.358000503242882351e+00	4.452504612174323917e-02
nan	-1.068803500976088561e+00	1.465429447185295775e+00	-9.011063638806884324e-01
nan	2.172199269211945172e+00	-1.048747933274414151e-01	4.764032591866272370e-01
nan	8.759584072354260620e-01	-7.079809572329283096e-01	1.086909264851017021e+00
nan	4.018926583741216918e-02	-3.233339000639218197e-01	2.744662458518244641e+00
nan	-1.261119925139220221e-03	-7.308862969486904504e-01	4.130505642725536553e-01
nan	1.212871491048278960e+00	-1.163071997189206508e+00	9.458294331020932200e-01
nan	-7.065403494465132272e-01	-2.333817685580865386e-01	1.834955802852808127e+00
nan	-1.081498115403344951e+00	-2.431470571405990100e+00	3.019227164123959306e-01
nan	1.304125952138457389e-02	-1.134038730069647283e+00	-8.505371699150419129e-01
nan	4.944259064089833178e-01	3.156186889735000389e-01	4.513437579127355104e-02
nan	9.075124777824383759e-01	-6.118520069188786437e-01	1.170249084360828751e-01
nan	1.478841743048314283e+00	6.868961358111127513e-01	-1.605471722705788862e+00
nan	-7.675033203086260025e-01	2.344037615854276391e-01	5.585129263800543420e-01
nan	1.910014948501840504e+00	-7.928639806707030724e-01	2.669400048186906238e-01
nan	2.124187867703243970e+00	3.446749069245474972e-02	2.079121120459742844e+00
nan	5.428426821347288600e-01	1.025114452485366590e+00	6.847102071204528295e-01
nan	2.235338619474317223e+00	3.050196157662827257e-01	3.889240095589114876e-01
nan	1.602005934182145985e+00	-8.265559704140454933e-01	-9.115430668355037902e-01
nan	2.268126035139755303e-01	-9.082881099139880066e-01	-8.795693415639227464e-01
nan	-7.686526791570955641e-01	-1.508831316012383406e+00	-2.023798491717936354e-01
nan	-1.719981554652766587e+00	-6.784733377297700319e-01	-1.425792138796816433e-01
nan	7.222669698132070382e-01	-3.305460271404213612e-01	-1.040896731189140667e-01
nan	1.247007872739967604e+00	-5.929288367725880082e-01	9.147835667622674638e-01
nan	1.253484026674358098e+00	-9.536159194922269045e-01	-4.244875618456633859e-01
nan	2.202428674648730378e-01	9.106261267460779019e-01	-9.189303615539772263e-01
nan	-1.575920787869774742e+00	1.378369883365683002e+00	-3.331814414264702706e-01
nan	4.887867104816794317e-01	-1.610701611656997434e+00	-2.575393709680140475e-01
nan	2.411109283264387670e-01	-8.483103662994716521e-01	-8.508152905327637239e-01
nan	-1.589677724522493341e+00	1.394708244773877004e+00	3.475269122257054200e-01
nan	1.763004388065752881e+00	-1.007425931678377573e+00	-8.879660998770440017e-01
nan	-7.350616827816622845e-01	-8.448703261865955216e-01	4.093696783880835799e-01
nan	6.271624546386644905e-02	7.381355834713946296e-01	2.962522405995486885e-01
nan	1.366368785051101653e-01	-1.095829112924699089e+00	1.784772918762661753e+00
nan	2.498679173588691960e+00	2.247401693257156663e-01	-7.395646094833782103e-01
nan	-4.890150430416645433e-01	1.219886967321523130e+00	-1.196999098286175844e-01
nan	-9.614742076722495590e-01	-1.807504466270568044e-01	6.865585080395001372e-01
nan	-1.152135498673128478e+00	-2.404487469103672836e+00	1.410316157425689720e+00
nan	-4.600613297043463779e-01	-1.046894510275548917e+00	-1.945533748608216928e+00
nan	1.509984423227930250e-01	1.502001188396331122e+00	-2.718507895433949217e-01
nan	-1.404914228384551711e-01	-1.323510862543575417e+00	5.657778866775249327e-01
nan	-1.035940442947466678e-01	-1.312890013297614011e+00	-2.002258187780930676e+00
nan	6.593611547105870940e-02	-1.182391785251037053e+00	-2.944054309544168913e+00
nan	-2.145685333915564819e+00	-1.485853900873633782e+00	-6.215378593659772744e-01
nan	-9.029763647386034320e-01	-5.177150514611144061e-01	-1.261035104117965933e+00
nan	-6.852726380360948388e-01	-3.055052329932577582e+00	5.572520073727290635e-01
nan	2.174408012485773423e-01	-1.094864250295487285e+00	-2.762681037968012454e+00
nan	1.051187159257476189e-01	3.463950863371234035e-01	-1.240937342002336408e+00
nan	-6.133888215041890524e-01	2.182145952570763825e+00	-4.513050207205790421e-02
nan	-1.014760083065103236e-01	5.931637506857110331e-01	2.210432171651667055e+00
nan	1.107286100689829578e+00	-2.450351603977498904e-01	4.955925326013169707e-01
nan	4.231593037694059145e-02	-1.139344888318076121e+00	-6.660307127357384394e-01
nan	-9.970813394491278014e-01	-1.510981879575944653e+00	-2.775307027247668201e-01
nan	-1.602952908531397824e+00	-1.657209416921756162e+00	1.983041257431128468e-01
nan	-1.450352526104405904e+00	1.332371018426076414e+00	-2.400829255808693219e+00
nan	-5.555026942737213425e-01	-9.854645610221669516e-01	7.244963633208671983e-01
nan	-3.262388397837811538e-01	-1.957820471227046610e+00	4.294755219120434120e-01
nan	-3.276524493808728344e+00	6.291467426824625120e-01	-1.579806178932459115e+00
nan	-1.703149924647894053e+00	-2.970751722438162434e-01	1.154914521657504634e-01
nan	-9.641393467654630900e-01	-1.842245227979164346e+00	8.867116675562186634e-01
nan	-1.591002882672858387e+00	-4.819699073614016616e-01	-1.615739656670065250e+00
nan	-1.168892324459771537e-01	-1.351445098337779260e+00	-1.022064116188087013e+00
nan	-1.519104961580318491e+00	-3.901754353939247411e-01	-1.725740584033029101e+00
nan	-3.766237946666121106e-01	-5.723040845519453690e-01	-1.343446067752857020e+00
nan	2.018219845171365101e-02	-6.517700524041448729e-01	-3.148736370756107239e-01
nan	-1.801874466864167301e+00	-1.698103169901778786e+00	-2.072929133971122884e+00
nan	-1.199025000442281996e+00	-1.295453243560027667e+00	-2.256445083457462308e-01
nan	-1.007854300499274380e+00	-8.001759804814819743e-01	1.426714621933496407e-01
nan	-2.709969386266562474e-01	-4.987869914699234464e-01	1.985369661879016201e-02
nan	-1.188168407224425849e+00	7.304615652297312689e-01	-4.219176987296760495e-01
nan	7.147361151775777355e-01	-5.443263482989920687e-01	-1.234797616185483893e+00
nan	3.099305751756969984e-01	3.133382485497175907e-01	2.111786530343952029e-01
nan	-5.519272232965113378e-01	4.125984613880868679e-01	5.729701523594515900e-02
nan	3.967578703246964211e-02	5.759317213440325878e-01	9.820554344889369514e-01
nan	7.293653996570464981e-01	3.711974363430875501e-01	1.399324060398110081e+00
nan	1.566771014904965842e+00	5.963350452666238422e-02	-3.604084587055897959e-01
nan	7.769879438527508286e-01	2.226974710024550164e-01	-1.393824073053488710e-02
nan	1.007081637245790251e+00	2.201345465569749527e-01	1.698253059727622971e-01
nan	1.923858617221088974e+00	1.342388647374922916e+00	-8.321830632281206341e-01
nan	1.466365753004590378e-01	8.024627107897555067e-01	-1.787602344041864466e+00
nan	-2.523883451482962226e-01	1.227077526957027542e+00	-7.265714565639447287e-01
nan	-2.995238988683316173e+00	1.442925178547268983e+00	1.494309872288539232e-01
nan	-1.626392164948898600e+00	-1.028388163689842649e+00	2.073400050619398804e+00
nan	4.414671629794086893e-01	-1.325528999192175927e-01	1.087116922929489693e+00
nan	5.016501547318256149e-01	-1.770327638219611477e-01	1.444397868666655205e+00
nan	2.158220452865100558e-02	7.215667584783705957e-01	-1.257601596823604728e+00
nan	4.555877798579379689e-01	1.338128827163436618e+00	-2.211178015781772865e-01
nan	6.436373923159186550e-01	2.123515253957637405e+00	-3.895410443612534745e-02
nan	1.346288813450333688e+00	1.839036240198154371e+00	7.448163473863540496e-01
nan	5.386213683422824694e-02	-4.006819278162224718e-01	1.293441331908726344e+00
nan	1.210392064521278677e+00	-7.745360060933865753e-01	9.772689757024638491e-02
nan	7.720069216204838991e-01	-6.039317066634796172e-01	-1.218927713933004142e+00
nan	3.121283789828656619e-01	-3.734706375181127691e-01	1.911149363477835372e-01
nan	5.952194353000066496e-01	-6.179070263261822182e-01	-1.492931792832602911e+00
nan	4.012217576198700009e-01	-6.827827003043916987e-01	8.703520077523355658e-01
nan	1.186107619566331373e+00	1.374057313673718195e+00	-4.631052189698525723e-01
nan	5.617405912325307282e-01	-7.725155368028303604e-01	7.696282137819160374e-02
nan	-9.972337492762999300e-01	-1.207258717250944802e+00	8.556730026925867261e-01
nan	-8.094533235296972329e-01	-1.715448492322877883e+00	1.867028740124646369e+00
nan	-1.115678935968367425e+00	-1.251784625839626575e+00	1.785504416053291132e+00
nan	1.681537941668606595e-01	5.103545024418937315e-01	4.315582076692165980e-01
nan	-4.793755032019065276e-01	5.114832745916567669e-01	1.347662635321084990e+00
nan	9.673368028062505619e-01	1.557517596487447697e-01	1.439322852076739601e+00
nan	1.753731202454186899e+00	8.888504138460924242e-01	2.247928833044876562e+00
nan	1.481131049900852092e+00	1.541167054566284333e+00	2.435819253556338548e+00
nan	-4.017460209838665808e-01	2.884808994630707168e+00	2.612679038292943012e+00
nan	1.091943658201492751e+00	-7.008121601994068417e-01	2.697056728704984696e+00
nan	1.092304623459456892e-01	3.353889730331399699e-01	6.523891580834135784e-01
nan	-2.206216078132933189e-02	-3.862642621976108970e-01	1.155383992455654152e+00
nan	3.090162161870815272e-01	-8.716682449564295831e-01	-3.092706475099592511e-01
nan	4.214708330664342917e-01	-1.827139465128187368e+00	-2.611109624191942480e+00
nan	-1.898696259585184176e+00	-1.875848791740673871e+00	-3.252201393904461391e+00
nan	-2.677791172643979589e+00	-1.551496004816769636e+00	-1.762185702145883548e+00
nan	-1.266378184940436746e+00	-2.036621479560101644e+00	-5.920580722754347214e-01
nan	-1.263046045335799894e+00	-8.260464923923226399e-01	-1.565484375904955705e+00
nan	-1.672104799618811422e+00	-1.082028014692718365e+00	-9.596745535742248201e-01
nan	-1.069029351457166710e+00	-9.928970677174220327e-01	1.460871022957021426e+00
nan	-1.008815093517914541e+00	-1.261897920815711061e+00	1.395174888664634794e-01
nan	-1.314454418075470699e+00	-8.740268093514641512e-01	3.248696161727798182e-01
nan	-7.372635629476376184e-01	-8.486526710271308227e-01	-7.579225205754859251e-01
nan	-7.622896930157451179e-01	-2.664482475571272602e-02	1.348019696260134070e+00
nan	1.826265457868143371e-01	3.113207104044594664e-01	3.535936039261591834e-01
nan	-5.856466202551218192e-01	1.558434142945908096e-01	8.815748302124627456e-01
nan	-3.261003388498764921e-01	2.155382504362968188e+00	1.384024299717030004e+00
nan	1.302335532551653685e+00	-5.967299472692839668e-01	2.523440211044233550e+00
nan	-5.778375699857953851e-01	-3.263432628891230758e-01	3.861056822323257198e-01
nan	-1.567417473957092855e-01	-4.669957189891732474e-01	6.554400265426620908e-01
nan	-9.560492505180995249e-02	-4.055621305379026320e-01	-1.647515038499816953e+00
nan	1.140339986781137682e+00	-9.545336757748739132e-01	-1.492824242384949596e+00
nan	-1.250871352427665784e+00	6.547483921223292702e-01	-2.356791751133424651e+00
nan	-3.850256253685235830e-01	2.637462409542475905e-01	4.331725065705749333e-02
nan	7.687601953809855004e-01	-1.031606464272491364e+00	2.854812752696851419e-01
nan	9.539531014508493278e-01	3.013587218798731426e-02	-1.076699573484237504e+00
nan	-1.391550473088529527e+00	-8.963008228512426845e-01	-1.136792994761480990e+00
nan	-2.715509500940871845e+00	-3.272888499014414143e-01	9.682992866703654666e-02
nan	1.082585659619252461e+00	6.306510523620223463e-02	1.479365488597255363e+00
nan	1.747466331573900522e+00	8.330897984920641042e-01	-8.300890077530559408e-02
nan	1.301457835530947404e+00	-1.257819451983394288e+00	-4.382192579563115586e-01
nan	4.141469376666306323e-01	-4.735318671648517941e-01	-2.006523672951308512e+00
nan	-2.659463705864184013e-01	-8.124047088810393280e-01	-1.370935835659473412e+00
nan	-9.056923774017779927e-01	3.745985504565964019e-01	9.059079231660983611e-01
nan	-1.153807425228540740e-01	9.596419132992276002e-02	2.342569227914578889e+00
nan	3.772705904086381956e-02	1.134459807292087508e+00	1.696340356240062963e+00
nan	5.918968335514513956e-01	9.243357575430068973e-01	5.562539396645933554e-01
nan	-1.184640033531800585e+00	-5.652969350969998530e-01	1.054506700428080812e+00
nan	1.488629169695359522e+00	-1.134573714042492298e+00	-6.813023858562320401e-01
nan	-1.637045363199211234e+00	-1.223199758173423524e+00	-7.300917189350351055e-01
nan	-1.281221661681770874e+00	-3.357708990382330949e-01	-4.064724631783014352e-01
nan	1.336626281748264589e+00	-7.330149518649499152e-01	-7.555775824981474376e-01
nan	9.671762517998535591e-01	7.070956484941735010e-01	-1.160042645269654171e+00
nan	2.436170803324943179e+00	1.646459888523619686e+00	-1.409924600976238951e+00
nan	1.057896993631248117e+00	1.446549226637238839e+00	-7.849393595969373916e-01
nan	-2.430023355348076119e+00	8.384756672640181208e-01	1.037464108337848190e+00
nan	-1.393942958444726710e+00	-7.639935442497267637e-01	-9.726786996434002575e-01
nan	-1.256597972979026201e+00	-2.263848678783455082e+00	8.403515005323141107e-01
nan	-1.605370781900341770e+00	-1.832183813677220607e+00	9.894599025989655461e-01
nan	2.257960239816714232e-02	6.567983898704641277e-01	-6.362308036074453277e-01
nan	-1.703394143999762134e-01	1.287440114738823249e+00	-6.214941204888407844e-01
nan	5.470605393007779149e-01	2.414565237675690756e+00	4.968241983914335469e-01
nan	1.229688090603339168e+00	1.851479100015345880e+00	4.853533885670705539e-01
nan	1.121824203485471516e+00	1.080742098051859390e+00	7.392163752696530032e-01
nan	-3.271047271708971138e-01	-7.891571827616495893e-01	5.795837312885034898e-01
nan	1.254757727911960941e-01	1.906032107602492864e+00	3.909961713059725286e-01
nan	1.317957509417277073e+00	-1.983040230315494812e+00	3.508148388239052728e+00
nan	1.122565697781101157e+00	-1.651918655810169057e+00	-2.519509938214335998e-01
nan	6.440885506124031101e-01	9.531349828126496337e-01	-2.635292363331349197e+00
nan	2.373602472762604831e-01	4.772665563512659692e-01	-1.577393826915975072e+00
nan	4.473868584075793575e-01	-1.045824202438446981e+00	-5.895459688001969401e-01
nan	-9.288875445021687050e-01	-8.836784953507861307e-01	7.987045842143729590e-01
nan	2.599942886218102434e+00	2.490158545719012295e-02	-1.462001271208569930e+00
nan	-1.363552656675372621e+00	1.091142318825869983e+00	3.277659088359128892e-01
nan	3.435795659016790404e-01	3.377171032414843510e-01	7.074578309604837578e-01
nan	1.433176939571252806e+00	1.077654589309940736e+00	-1.685482427473958822e-01
nan	-3.903494258771916803e-01	-1.074504714549123552e+00	-6.859965661453040209e-01
nan	6.864484279099121178e-01	-1.470494614780849751e+00	2.376723652302359380e-02
nan	4.104309322941755434e-01	-3.843219808518137381e-01	-9.493025381320467915e-01
nan	-1.285676420169957312e+00	8.732982127538823081e-01	-2.665077945636047385e-01
nan	1.253304979119856499e+00	1.919129305688998421e+00	7.558451237802122913e-01
nan	1.402474456278323123e+00	9.612043262456708703e-01	2.084783960973294104e+00
nan	1.164071490857212954e+00	2.456299196832414822e+00	1.458529767985801140e+00
nan	6.848732663031452672e-01	1.309013029220329472e+00	2.816186788527407003e+00
nan	7.823043703384262582e-01	-3.595296327515085100e-01	1.973218273842233916e+00
nan	2.803314544256301666e+00	3.081473381306878423e-01	4.750915187770677339e-01
nan	1.034844836466330964e+00	6.506705170231771307e-01	-9.946957813222651046e-01
nan	1.119569741672938878e-01	-1.082944635196282146e+00	-1.469839934528234915e+00
nan	-8.526787092854420935e-01	1.321008498088688254e-02	-1.133850787066861709e+00
nan	5.037421964348214320e-01	1.141279402477674232e+00	1.552792728847509629e+00
nan	4.752714601661833238e-01	-3.923959340674483820e-01	1.205659981826714411e+00
nan	-1.208458574297913035e+00	1.279125118111499038e-01	6.461720115002949072e-01
nan	2.489391722124543460e-01	1.004943206804731259e+00	1.893805892012186076e+00
nan	6.622851728701135698e-01	-3.101786444944734100e-01	6.392127347179943353e-02
nan	7.529938043495337796e-01	3.168378555165005106e-01	-1.059348757102426930e+00
nan	3.610010729738001856e-01	-2.030997442966823718e-01	8.283229281103534625e-01
nan	7.957395070160713235e-01	9.371759002714908915e-01	-2.114090304852701330e+00
nan	1.013582868967257411e-01	2.387068053404610701e+00	-5.721451781406168280e-01
nan	9.732982837796424480e-01	-8.903655256684195329e-02	-3.404501477821874067e-01
nan	1.269722957455588608e+00	2.519378495737317203e-01	-7.552873796444601329e-01
nan	1.138182178203889006e+00	-1.564239828597324244e+00	4.274096598053263030e-01
nan	9.263632696388334198e-01	1.178089222402885605e+00	-1.118815164531890671e+00
nan	9.380350689943808273e-01	-3.836138845494614369e-01	1.738223859986468778e+00
nan	7.387034708035962183e-01	-8.775490231647350425e-01	1.423808216508680169e-01
nan	3.948649610038411639e-01	-1.782924222589817198e+00	-1.007382965070918512e+00
nan	9.186421973518364981e-01	-1.542382541651128980e+00	-8.050716798524376605e-01
nan	-9.571296093070041922e-02	-9.982491676466929142e-01	1.573002764022189304e+00
nan	-1.951412752632551983e-01	7.706120441864345860e-01	9.249144403657705293e-01
nan	4.721605995657064403e-01	-1.050076192887377857e+00	7.943865799759912694e-01
nan	-1.058154376664675711e+00	6.624926993529886010e-01	-8.335843897021516513e-01
nan	2.084636013655722930e+00	-6.422169077152786176e-01	3.758198714679689134e-01
nan	1.032618199318402485e+00	3.700730789253886543e-01	2.843329895637354832e-01
nan	-5.714976397733328994e-01	-6.079752689141177946e-01	5.492904290007918910e-02
nan	-2.726915758526241573e-01	-4.760760857004344704e-01	-4.558099590050997962e-01
nan	-1.062090195560011940e+00	-7.459729196086295477e-01	-7.480781228660315918e-01
nan	-6.568995290225378980e-01	-1.738421126532418981e+00	-1.212332396709652205e+00
nan	1.850545802229202064e-01	-1.122713278398770109e+00	1.286946248165287576e+00
nan	-4.698638435461950646e-02	-6.305934224132745403e-01	-1.686921565209597434e-02
nan	-7.770029296295549726e-01	2.357113515811018800e+00	8.437933272366278104e-01
nan	3.899517809074153796e+00	-8.048476603596792511e-01	2.772400519655090712e+00
nan	1.244744832208564134e+00	8.695269191174570533e-01	-1.417544105526157061e+00
nan	-2.967898289206224449e-01	9.558817036538405087e-01	-1.420060481015244847e+00
nan	7.102495519337120866e-01	1.367881331334064976e+00	3.374006016592145940e-01
nan	1.272025100660109764e+00	2.279693032437050793e+00	1.952667213966359672e+00
nan	1.674665832369491625e+00	2.157740177412653448e+00	7.745960600913547323e-01
nan	1.405972697543500072e+00	3.807809873877449069e-01	1.415467853529591480e+00
nan	9.278270997607918069e-01	-7.281207435487443425e-01	8.977361591426200604e-01
nan	2.782480261589980741e-01	1.541429255121938180e+00	1.076233575719651947e+00
nan	1.883384871433674501e+00	6.309779003039486245e-01	1.063414695122738785e+00
nan	1.456468123292722572e+00	1.098658420008758352e+00	3.256714655463841535e-01
nan	1.764274340187256929e+00	5.929886517616284047e-01	1.951363269098483233e+00
nan	4.453183364017054835e-01	2.199180550421684366e-01	9.186026173738837119e-01
nan	-4.416438096790814005e-01	1.175472329351854167e-01	-6.386826093207309540e-01
nan	-7.848634026488015003e-01	-4.892073439569747939e-01	-8.281705003654420416e-01
nan	-6.644778333229128808e-02	5.223222810893253243e-01	6.006229803773243114e-01
nan	2.193875305812246879e+00	1.448024176854226130e+00	-5.918585568519412199e-01
nan	3.426997553908132765e+00	8.872878414415374948e-02	1.100685452151934474e+00
nan	1.169282617819794368e+00	2.575388236737284675e+00	6.113583682489570625e-01
nan	1.075531927653059050e+00	7.450321091183542688e-01	2.170748097279354916e+00
nan	1.796808406547738990e+00	1.000426473529867799e+00	1.538957845006263536e-01
nan	5.981450026171144518e-01	-1.181366443581474579e+00	5.712740595662666454e-01
nan	-8.792258209198179353e-01	1.707797515504766994e-01	8.375231405541229135e-01
nan	-2.160380231221248892e-01	1.257159901158588777e+00	8.232987663271273959e-01
nan	2.949346153257814129e-01	6.203129114961617452e-01	2.110278781039630402e+00
nan	3.151657043587051454e+00	-1.633465992968035296e+00	1.354958871560489886e+00
nan	4.520405907529249645e-01	8.620531038094778609e-01	-8.851319538254895369e-03
nan	1.810076837793208882e-01	1.902363699225216420e+00	4.369689922749282474e-01
nan	1.325904268734400038e+00	2.156908070550877188e+00	8.033275209569630260e-01
nan	2.047768667215906113e+00	1.212054665680092569e+00	1.311919527701574939e-01
nan	4.200130158879684661e-01	1.731904310159642524e+00	1.988214088061264651e+00
nan	1.405377667687552456e+00	8.806911662150471720e-01	1.475344823758973689e+00
nan	2.005760049395379774e+00	9.117624543839698559e-01	2.263373241371793743e+00
nan	1.836061283853773318e+00	9.611223135310665855e-01	3.747774835839308150e-01
nan	9.337587167301938385e-01	1.950732826513442930e+00	2.513355979129429096e-01
nan	1.891182560624060649e-01	6.403131251218123765e-01	6.831812348899877207e-01
nan	-1.145284969471001224e+00	1.829566185812836698e+00	2.136015580003432390e+00
nan	1.088107556350258465e+00	-2.196512278767341453e+00	-7.886260182047026834e-01
nan	-1.768646701481024763e-03	-3.785614592014034940e-01	-1.364222777236776984e+00
nan	-4.100071041415703776e-01	1.026851088009554491e+00	-2.000354464323501613e+00
nan	-1.098999369558180561e+00	-9.516776728762120774e-01	5.771555021262169127e-01
nan	-7.402881008924684370e-01	1.288192272641393021e-01	3.588904479582656626e-02
nan	1.460905558643717850e+00	1.042059150792392641e+00	-8.100125211178519358e-01
nan	5.612515220967295715e-01	6.047012518132620640e-01	6.575140149123923639e-01
nan	1.022607044284204125e+00	-7.732910010834392889e-01	1.057042294238079161e-01
nan	-6.108085907154779670e-02	-2.237271864375247055e-01	1.165120319528986315e+00
nan	1.643094812650052194e+00	3.851585712236975101e-01	1.910657843752550544e+00
nan	-6.941441425072112370e-01	1.553587908476721235e+00	2.677621251345011721e+00
nan	6.449229305379304833e-01	1.451580027942992235e+00	3.193080965096637414e+00
nan	-5.123801529627853846e-01	-1.382908616842419836e+00	1.707739477263570782e+00
nan	1.470932996779094282e+00	-1.425937867153779903e+00	-1.368924152298459651e+00
nan	1.073178227431754284e+00	5.399956734232113087e-01	-7.833075451941009515e-01
nan	-9.348367251304647851e-01	-9.992162639146887626e-01	-1.162778207750738479e+00
nan	-9.015068446797833701e-01	-4.380935149627988578e-01	1.885911624269989373e+00
nan	8.475680581086322274e-01	2.764967334178933256e-01	3.594979318692403947e-02
nan	9.445432472517550915e-01	-6.543541464733146906e-01	-2.229855980296632512e-01
nan	-1.604698402268196489e-01	8.411529207908221561e-01	-8.867702834224171493e-01
nan	-1.333688678763154334e+00	1.360702485879892731e-01	-2.293076256636092936e+00
nan	-1.445471019266637791e+00	2.435440834154980472e-01	3.546663973525354674e-01
nan	-8.785121102375419433e-01	-2.729402860470345193e-01	-5.927482387632410088e-01
nan	5.368104135413905853e-01	-7.020702815743677938e-01	1.646280990823608903e+00
nan	1.050731651420889756e+00	-2.602726250426380616e+00	-8.710480989065234603e-01
nan	-4.628308202536032812e-01	-1.466079177078204898e+00	-7.341317670810920681e-01
nan	3.370585369058173297e-01	-1.387294681369224958e-01	2.446532862229707783e-01
nan	1.658096212075915732e+00	2.016781085402936657e+00	-8.031904695610126987e-01
nan	4.188456931191243959e-01	1.258598834427715474e-02	8.972281169315032834e-02
nan	3.243587532015668740e-01	1.349229620009132491e-01	-6.678122290078668533e-01
nan	4.154026060958167510e-01	-1.976668525938133580e+00	-1.587490386975058676e-01
nan	-1.301227883187010548e+00	-1.046502232828216750e+00	1.903074940890678857e-01
nan	1.733647076849059721e-01	-2.318886750696954380e+00	-7.494414532366229231e-01
nan	-1.326413204177895100e+00	-3.898746715740925017e-01	-2.594726333344615554e+00
nan	-3.136678684139143414e+00	9.333282777519650297e-01	-1.016374995902728617e+00
nan	-2.908135727441861773e-01	-1.662553979621756994e+00	2.500697556192842952e-01
nan	-1.706718548193138840e+00	-2.193737596392023037e-01	-3.983975951129604676e-01
nan	-7.131630476146549880e-01	-6.857234171160622171e-01	2.070244957950270193e-01
nan	-1.705686673486209504e+00	-4.162663551362846270e-01	8.647113791034852781e-01
nan	1.794960119307891788e-01	-1.526070037941828605e+00	1.189681298403776788e+00
nan	4.271807756068274897e-01	-7.944280885909758005e-01	2.140697080584986978e+00
nan	2.188784853699274335e-01	-4.243166832573355141e-01	9.957476382986752972e-01
nan	1.859739599829670187e+00	6.223633071146735807e-01	2.640769097240673879e+00
nan	-2.106083133736882385e-01	1.653596012421047146e+00	7.668320955374988701e-01
nan	-1.167771115936362403e+00	1.217696268406656124e+00	2.096502858108630019e+00
nan	1.561624044176926018e+00	-4.900554843882833078e-02	9.598378517210145455e-01
nan	4.173398939439565969e-01	-1.561899309718285833e+00	4.560008775940361248e-01
nan	-9.745538544892836663e-01	1.292311141900358784e+00	-3.317333122910525178e-01
nan	-8.086468986725290353e-01	-9.123862246333667159e-01	8.743544183579530227e-01
nan	-2.819835166571629803e-01	-1.505384464501513309e+00	2.310960408165677382e+00
nan	-3.193782934955443631e-01	-2.523820004442065557e-01	3.124039096000297278e-01
nan	-8.900275804266406521e-01	3.727580552687195792e-01	6.307856745685122002e-01
nan	-2.989755774282867762e+00	3.782363883789848780e-01	9.103374426513176632e-01
nan	4.058497953466100316e-01	-1.290633021569384642e+00	1.883278869407784661e+00
nan	-3.001958772284036847e-01	-2.274333039563774417e+00	-7.289856468234545694e-01
nan	-1.587276479716037692e+00	-2.657054448091356491e+00	-2.037671676065359705e+00
nan	-1.765122429865285891e+00	-4.628931020105880867e-01	-2.234773481282579244e-01
nan	-9.192474105629407921e-01	-1.684302229101360293e+00	-5.580308376711011764e-01
nan	-2.084683808087606671e+00	9.846573004997515310e-01	-2.217036765598368042e+00
nan	-8.482415045634746908e-01	1.082215050578167803e+00	-8.316019889949509691e-01
nan	-1.880066464736026122e+00	-5.920496571723733448e-01	-5.224099072515148157e-01
nan	-1.047115281782636131e+00	-2.235676962281983648e+00	-5.624881421044747309e-01
nan	1.016374049743512975e+00	-8.232949215636531370e-01	-1.759350367038313490e+00
nan	5.245847902021915088e-01	1.637448276092810850e+00	-1.532434710109789044e+00
nan	4.888380626675177254e-01	1.181864604106443117e+00	-8.270772429923431979e-01
nan	9.651204777770998611e-01	-4.609595285915815133e-01	-1.882722757757050891e+00
nan	-2.415454378994712048e+00	9.574935007234857132e-01	-7.703397800723141842e-01
nan	-1.700985943873490891e-01	-1.022887160096300985e+00	8.058447086377495960e-01
nan	-1.449410809967951685e+00	7.780007829414803400e-01	-1.344768550847847688e-01
nan	-8.466220454027665321e-01	1.028115993536822481e+00	-1.495130635683982190e+00
nan	9.374721440896323088e-01	2.285820030280941717e-01	1.765182970542672036e+00
nan	-4.250830447391407141e-01	9.735951048474174030e-01	2.342633571812061444e+00
nan	-8.698475668436108643e-01	-4.294876585161756521e-01	2.904239014465098023e+00
nan	2.538538222889059615e+00	-6.839214955590152689e-01	5.550089621412354068e-01
nan	1.286472078671254682e+00	1.504357574323889057e+00	-2.053164943746321303e+00
nan	6.108434359699139726e-01	-1.859776259719152502e-01	8.816606190095488405e-02
nan	5.634871764489018942e-02	-8.104540259425703219e-01	-1.047386180606950656e+00
nan	-1.198331214670030676e+00	-5.515206367555200995e-01	-3.666535435271505161e-01
nan	8.627968120349736036e-01	7.740024632646835823e-01	-1.057101609421403854e+00
nan	-7.826732444418380563e-01	-2.965179725651850284e-01	-3.170169249416810997e-01
nan	9.484569452081867968e-01	5.852330152299245469e-02	-7.675090778541463488e-01
nan	-6.376558922716035749e-01	6.945580933567130355e-01	3.455102413965357444e-01
nan	5.029147453321902717e-01	7.604463791020917851e-01	-4.713941551630789206e-01
nan	6.702444547577887102e-01	1.667776428845548997e+00	1.515712735245326348e+00
nan	1.063521786404326264e+00	3.870100313311580220e-01	-1.295990809351054152e+00
nan	1.314209320993549479e+00	6.845127060353989323e-01	-1.613779271090115763e+00
nan	1.234437638427348771e+00	-1.442968202651907506e-01	7.902692294659470207e-01
nan	5.347072314873312360e-01	7.818641314597447600e-01	-7.418496500081079859e-01
nan	9.002868399080050654e-01	3.436309768747773385e-01	2.856105121773050981e-01
nan	1.029406864692277157e+00	7.445815711896481837e-01	1.160194926934689785e-01
nan	9.111519454340473168e-01	-1.885572219414003436e-01	1.208464915007496199e+00
nan	1.368545179841789583e+00	-2.015528477268454521e-01	1.186659588326285597e+00
nan	-1.026872230518976137e+00	3.064107563031272519e-01	-6.284219011495235652e-01
nan	-6.025437486982010427e-01	5.567049314270132720e-01	-1.477255441122493407e+00
nan	7.099112588077511887e-01	4.809230460682952235e-01	-6.132008503997060656e-02
nan	-1.131204578956376272e-01	8.397947343147941224e-01	1.180593261185414189e-01
nan	2.405653384371292114e-01	-1.879462805718506990e-02	6.292183887009433763e-01
nan	5.427435504251516551e-01	8.583808211993173565e-01	9.586942146808336007e-01
nan	1.525243762054624863e+00	1.658318001627600569e-01	1.817647236110329079e-01
nan	6.675877847214144456e-01	8.886531843448547408e-02	-2.071224849281284863e-01
nan	-7.223389432837679092e-01	-6.788279498141264190e-01	-2.908947703349862302e-01
nan	-2.166984710488884858e+00	6.241705978798137711e-01	-1.096859308808479039e+00
nan	8.521927826208919310e-02	-8.810690960641798242e-01	-2.571811053833454430e+00
nan	-1.054437049048320585e+00	-5.622247471723529344e-01	1.249726484745911748e+00
nan	3.852546617237010418e-01	-6.147732523554307882e-01	-6.765186707499726282e-01
nan	-8.822196120533893904e-01	7.343813611151397414e-01	-1.017449512768530573e+00
nan	1.953946447416722298e-01	2.077244787958640870e+00	-9.990455965386932924e-01
nan	-7.769645996780680797e-01	1.990345010809489334e+00	-6.508987122846594531e-01
nan	8.022756997064799389e-01	5.449560314437205122e-01	-1.031412457558438023e+00
nan	3.124375807899610336e-01	3.721201898222268878e-01	1.011803207240398184e+00
nan	2.258463844373070906e+00	-4.666082320922143589e-01	2.289741182234013017e-01
nan	-2.668420600910881291e-04	1.369305510177918794e+00	9.353843962641047449e-01
nan	1.449130945834282258e+00	-2.656407686717791594e-01	-2.418290946218158988e-01
nan	-1.548907807129010772e-01	1.046039983740229440e+00	1.097459290880893057e-01
nan	4.705912030869086049e-01	1.424906605745350496e-01	3.217752857828064528e-01
nan	1.362412646800781335e-02	3.781336798982100622e-01	-2.082241191654196355e-01
nan	-2.320526845587417286e-02	-8.312522093843334181e-01	-7.117247884650985679e-01
nan	-9.295290832090853383e-01	4.611933857156314542e-01	7.182825199525398885e-01
nan	-1.699948596596474237e+00	9.412712139514682885e-01	-1.122537158683792224e+00
nan	-3.604201085674754723e-01	-8.737662437328375109e-01	-1.874587989699250112e-01
nan	-1.274216512384352074e+00	-5.584693702185248299e-01	-8.223240223747135813e-01
nan	-1.577448289571995232e+00	-1.541846259142246378e+00	1.535017276557780308e+00
nan	-6.118365483763781310e-01	6.396954233494933639e-01	-1.924328006739621344e+00
nan	-1.034504456381478033e+00	1.065248905676988711e+00	-1.010563571319111231e+00
nan	-1.414765005507807372e+00	-1.999258774831367269e+00	7.297448138187302424e-01
nan	-1.784594596861960314e+00	-2.014519300894179299e+00	-1.718692184622465646e+00
nan	-2.164530832716698328e+00	-7.788476067951417559e-01	-1.035779952672618576e+00
nan	-1.656197164981620062e+00	-3.801882755997854080e-01	-6.167022851449397436e-01
nan	1.372849300700431430e+00	7.371812727198303605e-01	-2.876180455495555566e-01
nan	9.829219049750294035e-01	8.683292268266387115e-01	1.802466438362360646e-01
nan	9.465770553744765614e-01	-7.049837143908389558e-01	-1.445003793392377611e-01
nan	-6.981039425753418071e-01	8.761858298361685504e-01	-2.675601246657939303e-01
nan	-1.528298544056113650e-01	8.436691872704453754e-01	3.622961187278150863e-01
nan	-1.313897696685390359e+00	2.611081649245932557e+00	-5.449415843552428695e-01
nan	1.063325481349818302e+00	-1.082471421771406539e-01	-8.849637241558794276e-02
nan	5.219529996242997516e-01	2.543892433697482858e+00	-1.012604399554765999e+00
nan	9.443860691517727002e-01	2.613922221628355302e+00	1.385157998869659957e-01
nan	8.552299182017735202e-01	5.837404321879609004e-01	2.420448045650664959e+00
nan	2.294016663191560390e+00	6.978557404308716183e-01	1.155499449216272456e+00
nan	3.089639685177198114e+00	1.724924029642828760e+00	-8.150119276537903801e-02
nan	1.548200712254117040e+00	9.142410333127216626e-01	1.318226207186155019e+00
nan	-1.793416699666705583e-02	1.813728591159091241e+00	3.397888512176843179e-01
nan	1.978332989055925362e+00	-2.345767528022020709e+00	8.880987780975106993e-01
nan	1.319022813993045329e+00	-5.879115401350620829e-01	1.010938508484979792e+00
nan	9.823861499226087535e-01	2.233585222543446935e+00	-7.411935438592615055e-01
nan	1.846578292925236786e+00	2.758073864763218586e-01	-3.628448346823895387e-01
nan	2.716484778645015807e-01	-1.522076387244634121e-01	-1.142832439202418726e+00
nan	1.651437407647314615e+00	8.726685191097829919e-03	-9.462317182211192890e-01
nan	-2.477193732725391229e-01	-1.046780437641334771e+00	-5.038521421038938408e-01
nan	4.663074158108014844e-01	-2.171466647322942145e-01	-1.978592799364403243e+00
nan	-1.980467838854849116e+00	1.076826880746818649e+00	-5.079450631576405417e-01
nan	-1.160679020381249149e+00	1.809630250786717354e-01	1.258766305891999115e+00
nan	-3.412703759128081493e-02	1.257278113363591299e-01	-7.032248298619068194e-01
nan	2.210606918890654637e-01	-8.683509659695425736e-03	-2.070338054434652797e-01
nan	-8.551012040424497140e-01	2.116931372834756964e+00	1.029866174655119371e-01
nan	7.030379217878166553e-01	1.189329351561194681e-01	2.447192197486290688e+00
nan	1.012593995916893919e-01	6.118872042366757524e-02	6.282080955379191201e-01
nan	5.400271980745161571e-01	-1.884485388928348826e+00	1.047115629252883595e+00
nan	-5.318007379630376730e-02	-1.286558979373140899e+00	-1.226320169477029820e+00
nan	-2.011006695467476568e+00	-7.753239293029451362e-02	-1.363045321501772822e+00
nan	-6.083329496489747745e-01	-1.218082886312049418e+00	-1.182414225610604497e+00
nan	-2.780647909520673977e+00	-4.219955191447407050e-01	1.042483456050600665e+00
nan	-1.556098148955837424e+00	1.130841649234918256e-01	-1.495526503351971015e-02
nan	7.994960469630052469e-03	-5.401502976201730810e-01	-7.015318014147011727e-01
nan	-3.111817916786115967e-01	-1.168475647910897919e-01	7.958666256603973421e-01
nan	-6.191192527693756276e-01	-7.641975243568879805e-02	1.215008445592313358e+00
nan	8.094266061745112317e-01	4.331826938837559648e-01	-4.107641808055360610e-01
nan	-1.062171474851931752e+00	1.648196706893194641e+00	-7.249588110182493272e-01
nan	6.170557699766359150e-01	-1.977132270958826543e-01	-9.349697881189867887e-01
nan	-2.015209357434541548e+00	4.861108527681416991e-01	9.355473735714441297e-01
nan	2.916901352391726432e-03	7.217141397405743009e-01	1.613891526033846002e+00
nan	-2.042193583959858172e-01	2.397069889464518710e-01	1.317940204234216983e+00
nan	-1.089767137530994190e-01	1.101891973878625086e-01	-1.284453520497788936e+00
nan	-1.259269130022927952e+00	-8.106237085243508389e-01	1.013555840805820396e-01
nan	-2.627975231587301730e-01	-1.323519085363928705e+00	1.003093640935645681e+00
nan	1.322040045756290194e+00	2.332484675227358695e-02	4.517311005859573347e-01
nan	2.319112099073515232e+00	1.191753148155509034e+00	6.448866144421791513e-02
nan	2.613428347091482085e+00	4.379549508961145809e-01	5.503311338797406416e-01
nan	2.161046030160544973e+00	1.867002247504604417e-01	-1.603594017667646643e+00
nan	2.056693374430593746e+00	1.807732950114777637e+00	-1.543020543215569695e-01
nan	1.746407500846843153e+00	9.274406571675621880e-01	1.082345673220425075e+00
nan	3.510720065877139806e-01	2.105722719815437571e+00	-6.760299179119000357e-02
nan	-9.790411989426555106e-01	3.889432220569032927e-01	-3.382243428427751386e-01
nan	-4.673191366306883587e-02	7.522644205629821501e-01	-5.909739631451063069e-01
nan	1.111578014030320860e+00	1.226469672066327288e+00	-1.094269637321033661e+00
nan	-6.679476648626021529e-01	1.587268627063261217e+00	-4.216901973834798201e-02
nan	1.453764615839288732e+00	-3.978194879063374212e-01	-6.553859993620335667e-01
nan	-6.627483541329862726e-01	-5.479851362801124726e-01	-1.370791872172292702e+00
nan	-1.332102217231265096e+00	-5.376867351557196306e-02	-9.135588494443783736e-01
nan	-6.795818407368751091e-01	4.675251809184539087e-01	2.290371488379401299e-01
nan	-1.201427309479075944e+00	1.117291797311930290e+00	4.617445513166963389e-01
nan	-1.766366331606243012e+00	-6.583034965189832333e-01	8.830194072315927789e-02
nan	-4.983293832748867391e-01	7.561225945905614143e-02	-4.283031735628898828e-01
nan	-1.879882122696245661e+00	-3.312893074189237064e-01	-4.471738501465236104e-01
nan	-9.243510351443078310e-01	-1.248982447541687302e+00	-2.055058684686394521e+00
nan	-1.438254680638705540e+00	1.213776997951010461e+00	-7.615968888094581946e-01
nan	-9.472802386914280781e-01	1.665443719409131829e+00	2.910854979638523021e-01
nan	-1.266616879817418662e+00	-5.705537056671113882e-01	1.240419883557590364e+00
nan	-3.258827635063864525e-01	-1.649030831136598874e+00	-4.186747544158824219e-01
nan	8.608008065593795166e-01	-3.583870575151700821e-01	-1.667348707865784707e+00
nan	1.068859462691559736e+00	5.958234740354562131e-01	-1.005747965367445262e+00
nan	-1.133969097638894308e+00	-2.142852059594690939e-01	2.239975916714549431e+00
nan	-1.766221876800397439e+00	1.164347392954589555e+00	-2.933130990267119875e-01
nan	1.545356496859512374e-01	7.040424661745298129e-01	1.462389998474383557e+00
nan	1.949892496730777136e+00	1.402817329501103494e+00	9.263722392924002014e-01
nan	8.092614149601145002e-01	2.165386755887400483e+00	1.976128084403021123e+00
nan	1.145137562537921205e-01	1.583653061596816958e+00	6.277557462570388935e-01
nan	-1.084547280107544864e+00	5.688390734077062305e-01	3.422772195127312123e-01
nan	-6.916563140590763492e-01	1.042630639878404375e-01	1.628011998937478888e-01
nan	-2.390921415652484672e-01	9.930242409770381751e-02	5.302865829910259343e-01
nan	-1.738771064389980969e+00	-2.020776567720943828e-01	2.203134256383754985e-01
nan	-2.914650448502901003e+00	-1.208738130652367015e+00	4.115730948788930976e-01
nan	-6.613690492863382175e-01	-7.142011411277309207e-01	-1.743468915655044693e+00
nan	-2.677942998149312803e+00	-9.853078023771533189e-02	-2.670857197259784765e+00
nan	-1.703141556475808560e+00	-5.958514597630391041e-01	-3.130193229942490163e+00
nan	-4.727380841825501445e-01	-1.243398589267782350e+00	-2.648333146415005501e+00
nan	-1.091938662634720725e+00	-5.258576810252918454e-01	1.714626374547524756e+00
nan	1.716074136473899336e-01	-6.896735269893772280e-01	1.142983776319717926e+00
nan	-3.024863650733907727e-01	6.562747276928320161e-01	1.224791867776547249e+00
nan	5.967188447693604347e-01	7.343652189075286496e-02	9.470233986822631511e-01
nan	1.306770427750634456e+00	-6.242064123169347445e-01	-1.105744809891907821e+00
nan	-2.283054244764571195e+00	3.140565043625906383e-01	-1.303444482445519359e+00
nan	5.737852838710334469e-01	-4.542986624719216326e-01	-1.320813547875742566e+00
nan	-8.706060303848539572e-01	7.991981799929817609e-02	1.088550060843724854e+00
nan	1.469728104844577388e+00	-1.504538381524175295e+00	-4.060923372084820349e-01
nan	1.706975191493849686e-01	1.007340082536594794e+00	1.038636134323307925e+00
nan	1.102169769709746783e+00	2.005312666005596434e+00	-4.389952268175550953e-01
nan	-1.754463999510252892e-01	-2.931343854350882960e-01	1.232782676346286799e+00
nan	2.793054588613291811e-01	-1.339486318036272161e+00	-6.389439534847541902e-01
nan	-6.890050401325733542e-01	-4.362025562007043611e-02	-1.932516716272379309e+00
nan	-1.484191206535843577e+00	-6.787775928995024022e-02	-2.662298028966830210e-01
nan	-2.418288811463342736e-01	-7.962928029828253429e-01	-1.099225705608253945e+00
nan	-4.220313669214056373e-01	-6.302956144482024792e-02	-2.420631010002271655e+00
nan	2.911896566229332795e-02	-1.720025060737850886e+00	8.521053309820070254e-02
nan	1.827543726254792444e+00	3.226470919080767219e-01	-1.100794899571614915e-01
nan	3.484995297952953597e-01	1.185980810974350597e+00	1.179471595276334384e+00
nan	1.340763829061858647e+00	8.699280766711666724e-01	1.058320762288273542e+00
nan	1.806860698844360513e+00	6.995254613278810707e-01	-1.150302715193421976e+00
nan	2.003679681949577684e+00	-6.222782311096869412e-01	-1.269028511992258190e+00
nan	1.040693645216396623e+00	5.598539563730360324e-01	1.148204627864061855e+00
nan	4.376648127380864950e-01	-2.473019118494299007e-01	-1.821695917859969205e+00
nan	-3.653847189486966740e-01	-2.489017550730996120e-01	1.042917265623595213e+00
nan	6.941263574067282338e-01	-9.230599310696672999e-02	-3.917011867781813317e-01
nan	-6.994908007124437388e-01	-1.864115405609225451e-01	4.858086078626200899e-01
nan	-1.603866447677487761e-01	-8.353319722296872474e-01	-3.437218469921030084e-02
nan	-1.258016322567022394e-01	-7.450880450148718026e-01	1.686111433351918931e-01
nan	6.128639527326289471e-01	-1.413019923047737603e+00	-8.061844575192881335e-01
nan	-8.331121705765736074e-01	-3.093974325806900794e-01	-5.130455782164262679e-01
nan	-1.103089370802630143e+00	-7.505312738546026097e-01	6.306740385364363322e-01
nan	-6.479550409375776088e-01	-2.261929510929217013e+00	-1.399300083455752741e+00
nan	-4.480625694623984190e-01	-1.072391117119039450e+00	6.616289203025815802e-01
nan	3.814653426440761663e-01	-6.795446717760176281e-01	-7.351690264932932983e-01
nan	7.194495858680657330e-01	-1.624879234594206467e-01	6.350887096176155433e-02
nan	8.441765651959822758e-01	-4.127464915150507729e-01	5.075585061411600485e-01
nan	4.830873353908911594e-01	2.327532027488211086e-01	3.644698527603240645e-01
nan	3.463004878772280581e-01	8.661081636205009149e-02	4.674298075362539606e-01
nan	6.030423994461819870e-02	2.313167907375148213e-01	-9.427106471644837171e-01
nan	-9.457183075383795989e-01	-9.994648801581094144e-01	-9.806284872157986499e-01
nan	7.180163883553737358e-01	1.293225274683790227e-01	-5.483320409703887899e-01
nan	-8.941737319099392067e-01	4.979908922371270030e-01	4.255392597573386393e-01
nan	9.922028950048299434e-01	-1.249430201630085779e+00	-1.478963190308011377e+00
nan	-1.694462540448056220e+00	2.019436902119129851e+00	-5.859328868841711113e-01
nan	-1.225745843327295859e+00	1.226871886744466678e-01	-3.316572342990485867e-01
nan	-1.729545817483488235e-01	2.794758280434909703e-01	5.535022190466964975e-01
nan	-8.784973390612301758e-01	8.385624386681053144e-01	1.010269749375841686e-02
nan	-6.925102172308494897e-01	-7.184397457529911879e-01	5.282579980678636655e-01
nan	-5.694582770236368274e-01	2.956396705813402193e-02	-4.141014851916925421e-01
nan	1.961847539920122063e+00	-1.684003537008210705e-01	-1.764286921864743896e+00
nan	-1.723741048141585797e+00	5.061023743405790309e-01	-5.372073080153105806e-01
nan	-3.661994663936791183e-01	-2.452203141484193161e+00	-1.369112778712514134e+00
nan	-1.288732872690875331e+00	-1.958905133306833912e+00	-1.584445695502068041e+00
nan	-1.032834742722239296e+00	-4.778081031266644962e-01	-1.541783554054871219e+00
nan	-8.864782930234272884e-01	-1.996819375459571111e+00	-2.012916865763081375e+00
nan	-2.251341126299664097e+00	-9.491132712644632097e-01	-1.144284662506533268e+00
nan	-4.265271822533899249e-01	-2.515067160961530490e+00	3.650219923227920882e-01
nan	2.070845004385101218e-01	-3.107609617770703547e+00	4.163042886428608425e-01
nan	-2.188104886707788133e+00	-1.113142036195516882e+00	-2.164571755321276214e+00
nan	-3.413973470321346682e+00	-4.905857495564927562e-01	5.516165194009837736e-01
nan	-2.438604861538272051e+00	-4.165937518599900358e-01	-5.853078868019243597e-01
nan	-1.739634840454482578e-01	-1.902261370629859893e+00	-1.019716743662446856e-01
nan	-7.464481174297713517e-01	1.143924987712513941e+00	7.027422386976078794e-02
nan	1.347206889267583252e+00	1.099037737818503668e+00	4.150043357866208260e-01
nan	5.534862551962064225e-01	2.035516161361724530e-01	2.454670890321177801e+00
nan	8.660030094352016983e-01	1.746928372211311808e+00	1.735575068595233805e+00
nan	1.668483936218328578e+00	-1.706958026102675330e+00	7.675324589083996063e-01
nan	-1.230581584908919224e+00	1.990695310554148612e-01	4.213054806380366890e-01
nan	1.298518594711880247e+00	1.908587071532090729e-01	-1.707180207434403130e+00
nan	3.689645594325614564e-01	1.399133114529602873e+00	-1.123377124377080927e+00
nan	2.057105205544102144e+00	1.546932019488870713e+00	1.765681549121028149e-01
nan	-8.424080415068651018e-01	8.191718998876073021e-01	-3.959256875473662340e-01
nan	-3.131270595227324538e-01	5.974681199781066709e-01	4.776712173676290751e-01
nan	-1.231753157337408755e+00	5.060521951288554643e-01	1.077717450747855521e+00
nan	2.160329894304154230e+00	2.621678029440168700e-01	-5.459022960622630372e-01
nan	-8.530969970440116512e-03	3.123793622165309980e+00	1.264000396310097085e-01
nan	6.465644042677609615e-01	1.178405638254321097e+00	9.275155737949026813e-01
nan	3.805475663804652742e-01	5.335957673253020062e-01	-7.758456751528597373e-01
nan	3.320914327751337547e-01	-4.701744467704859209e-01	8.449106707846052444e-01
nan	1.195341945960115115e+00	-2.647591396952697074e-01	8.598105777343489908e-01
nan	2.337160486305102647e-01	7.111534086212922823e-01	7.342515070577352310e-01
nan	1.551884379478491116e+00	-1.198621388692467704e+00	-1.220986938893039220e+00
nan	7.601698461303235677e-01	1.613700982446089727e+00	-3.471191926748455336e-01
nan	2.185262163618603815e+00	8.228309545422995974e-01	2.649506803505558006e-02
nan	1.198544598618517254e+00	3.924287255745181113e+00	3.351667951594141104e-01
nan	2.612289927576479265e+00	1.445405950337154799e+00	1.262180365270593851e+00
nan	1.006622720001541182e+00	1.916187423214334995e+00	1.932104810592999655e+00
nan	-8.438931627300472194e-02	7.477362615439369087e-01	2.193233262575211118e+00
nan	1.980417270849910594e+00	1.105351874146400570e+00	1.865741557125800032e+00
nan	1.132612652391936203e+00	7.040419206007932917e-01	1.898054307930470141e-01
nan	-6.107711345176725093e-02	4.995101032645969386e-01	1.180110052424968581e-01
nan	1.436548159315163276e-01	2.308865888736796046e-01	4.564513352299921500e-01
nan	-9.270849698463099475e-01	-7.116759311104636776e-01	9.124953374963911124e-01
nan	6.069024904003184062e-03	-1.490291572013564103e+00	1.955141372474374473e+00
nan	1.718434726650404309e+00	-1.293587166852693926e+00	1.068097438789099130e+00
nan	-1.330967218834103738e-01	8.342793294589915254e-01	-2.440346350180706558e+00
nan	-7.429195568791958637e-01	-1.216200409549014760e-02	-1.202048664230275232e+00
nan	5.686173148780865327e-01	-6.287436305367548606e-01	-3.871587920431405760e-01
nan	2.675580231221454941e-01	1.006365964953048975e+00	-9.185928516554050516e-01
nan	4.726183243009836610e-01	1.087704831874595768e-01	2.699213026613209720e-01
nan	6.325849780868815220e-01	-6.959480171419549777e-01	1.476382373492937772e+00
nan	-1.192579716603825002e+00	-1.553209852592106477e-01	-1.671568765746903384e+00
nan	-5.540792789081654401e-01	-1.307449720745304633e+00	-1.108089365648899038e+00
nan	-2.174837360940963249e-01	-8.367320585237922881e-01	-2.918354106569043260e-03
nan	-6.379032881527912924e-02	-8.905753661061852622e-01	1.994958560206164799e-01
nan	2.478937436994623766e-01	-1.326491918353340793e+00	5.259584647220263420e-01
nan	1.286626100372928905e+00	-5.700542736177456327e-01	2.540244865641370642e-01
nan	-1.624370873758544498e+00	1.581015890770095522e+00	-2.292470834135160285e+00
nan	-2.356337360969085193e-02	7.046932131637450025e-01	-4.980533451502839881e-01
nan	1.783104039940585750e+00	-1.257466154566585725e+00	1.038178414728201382e+00
nan	9.925129930919034393e-01	4.482983073901736226e-01	-6.493430113809858240e-01
nan	1.190441382369989753e+00	-1.571534153019458202e-01	3.274419149373609672e-01
nan	8.284895293593504961e-01	-4.504644256587849727e-01	-1.066646810305224430e-01
nan	-6.196308289737115782e-01	1.157332244788423115e+00	-9.562941876315743661e-01
nan	-4.181835790057340796e-02	3.701547190505826146e-01	1.293007721265928778e+00
nan	-6.070342168899378610e-01	7.361306466346096977e-01	1.893198603407630909e+00
nan	3.470896788726198778e+00	-1.133979470806911971e+00	1.442100290345598612e+00
nan	1.543221750347342658e+00	-1.045666864828561859e+00	1.648252430462190166e+00
nan	4.460540235809016263e-01	-1.257821743310700846e-01	-3.544570904082091634e-01
nan	3.689908628740876106e-01	-1.125689609501573818e+00	4.078069903561630238e-01
nan	-1.421241145245327520e+00	-1.120967880784212722e+00	-6.871754419642732703e-01
nan	-1.439761585908394093e+00	9.792465334689032241e-01	-3.453262966865456862e-01
nan	-1.630943280846244847e-01	1.659700234452007872e-01	4.369299420174910242e-02
nan	5.088546147604211534e-01	-2.695381667490658106e+00	-2.026356365103041401e-01
nan	-4.900235770233569710e-01	4.523262520804989251e-01	1.284453257390858472e-01
nan	4.662498687664133890e-01	1.485713204242378627e+00	-1.793724765082262695e-01
nan	5.366887528280727127e-01	-1.412123178147167257e+00	3.868006314677978064e-01
nan	-8.661435705875097923e-01	7.071491699792767927e-01	-2.248943305398775738e+00
nan	-6.463391634894510851e-01	-4.123770138304024280e-01	-1.288954594885986404e+00
nan	-2.689779509685363390e+00	-6.916981137878766006e-01	3.987066210606718952e-01
nan	5.476984974208255474e-01	-5.754933323655537780e-01	8.644469035117854361e-01
nan	-1.732903638084963838e+00	2.370889618879090666e-01	-9.831743569405864136e-01
nan	1.110426792677428276e+00	-4.348196587727802265e-01	2.298100456270679159e-01
nan	-2.027202029520303039e-02	1.558698519325468990e+00	-1.081338421280560180e-03
nan	-4.340889567004343474e-01	8.744803349027467920e-01	1.268066331837642835e+00
nan	6.968331187424442463e-01	-7.873946702041925150e-01	-4.807026565914513938e-01
nan	5.325291638321880683e-01	-5.936259370260239532e-01	-1.135165831817181448e-01
nan	-3.769644396632542138e-01	1.700542070717311338e+00	1.442031709875278400e+00
nan	1.260896505883160046e+00	-2.134278901774400161e-02	-3.427952735002243179e-01
nan	3.530132267966609838e+00	5.721378002887568259e-01	-2.126880621629314572e-01
nan	2.343432989453607895e+00	2.594466966246874229e+00	-1.501477725485226511e+00
nan	1.049379919268501826e+00	-1.506341126550270193e-01	7.463477454287228419e-01
nan	4.711844164457428263e-01	-1.913247322326069311e-01	-2.196823550109576195e-01
nan	9.682805015962537773e-03	3.441232991198315272e-01	1.776957335776768176e-01
nan	-1.602175707632110147e+00	1.854236182760793106e-01	4.542521329008923914e-01
nan	6.385264342848468999e-01	1.311303670018022061e+00	4.331855977087919474e-01
nan	1.096609707031910741e+00	5.228983329074186059e-01	2.481940802862162010e-01
nan	1.752138782720851662e+00	-3.950505891153242577e-01	-3.818985967575549978e-02
nan	2.111792329012683045e-01	-2.898701903056553619e-01	-1.281556340575171538e+00
nan	-1.191020415882934724e+00	1.717844048196308204e+00	-1.196778387160235324e+00
nan	-1.417350143187507072e+00	-6.685507711417343346e-01	3.952577845718241445e-01
nan	3.668423742642770158e-01	-1.022904315077092008e+00	4.725273992870188677e-01
nan	-1.396336530230741363e-02	-3.379831589891892918e-01	-5.506853926154375856e-02
nan	-1.897520657408009903e+00	1.078449197202270698e-01	6.189378884366310007e-01
nan	-3.238402765181963017e-01	-6.223218404775028301e-01	-4.450623788642559253e-01
nan	-1.234696441150832991e+00	-5.868497347896293181e-01	-3.683351510157348851e-01
nan	-2.055427815965918392e-01	-2.407990898047711603e-01	-2.403883450098975416e+00
nan	-1.179547891213352795e-01	1.114305375622483663e+00	3.256253762859362411e-01
nan	-8.060294109404504415e-01	-9.841959604492556135e-02	-3.529974529403879235e-01
nan	1.640777999496425998e+00	-8.997973039074944612e-01	-6.060367949565831358e-01
nan	-4.335558466760249807e-01	-5.743607444767407921e-01	-5.750641336169698414e-01
nan	-1.643118298451299975e+00	-6.872589523668123923e-02	9.937868650338368415e-01
nan	1.238445257980488101e+00	-5.414278595587079801e-02	-7.032709617261188040e-01
nan	3.146331633255194937e-01	4.337362833466185119e-02	8.196128103133999421e-01
nan	9.929985497320852339e-01	4.389017713528502451e-01	2.327796998492192571e-01
nan	1.991746788166999682e+00	-3.878657312829104642e-01	-1.702912373865110851e-01
nan	1.177855087820434798e+00	1.097002243409756606e+00	-8.469267602866097366e-01
nan	7.066737697522231798e-01	2.595943373532096921e+00	4.071782556775128126e-01
nan	1.427895912373655873e+00	2.415601081913802073e+00	2.008438972821763979e+00
nan	2.603919617931072850e+00	2.705752380142145253e+00	7.407040396587415421e-01
nan	2.932993691244222489e+00	1.540515933915901803e+00	-2.407579593422919384e-01
nan	1.365265948353509007e+00	6.680544406093291698e-02	-1.438555798356567550e+00
nan	-2.149091926347418635e+00	1.355089837350712312e+00	1.003227910004632850e+00
nan	4.021773392684905302e-01	-5.248437490893659296e-01	8.111855859620479281e-01
nan	1.732682755109497430e+00	3.480607669389952918e-01	-9.117150039375469806e-02
nan	3.615081530909952656e-01	2.201948475959677687e+00	-1.310342732417981049e+00
nan	9.403989818446254478e-01	-3.796213958911275332e-01	8.269286681708889475e-01
nan	1.389348432940143541e+00	-2.195869184390343565e-01	-1.049489945774903843e+00
nan	-1.096933746388735642e+00	1.482657765792696480e+00	3.255902734974243651e-01
nan	-3.215685979322271404e-01	6.152170702098431754e-01	9.943529320613389011e-01
nan	4.948855005018200637e-01	-5.019810068927720026e-02	7.447258850818543330e-01
nan	1.806222077280779381e-01	9.999739146662262046e-01	5.297912360839478474e-01
nan	-5.063196132173553021e-01	5.797168035609806536e-01	7.237350918178857562e-01
nan	3.987925182808997326e-01	3.215844067594337413e-02	-6.242392277638586506e-01
nan	-7.580771255325493563e-01	4.235003366337360964e-01	1.396742107184665294e+00
nan	6.344423571222101987e-01	6.420799358976450044e-01	4.092640658226522343e-01
nan	-1.106472478409313176e+00	2.710411425445428124e-01	1.023711514648978582e+00
nan	-7.097086764059037378e-01	-9.966359620525135909e-01	1.183245617661403237e+00
nan	1.884729359750734468e-01	-1.604325209406134878e+00	-1.794070782386133711e+00
nan	-1.583983469251742715e+00	-9.511640182146052780e-02	-1.111087920891873360e+00
nan	1.494900455890682878e+00	-4.672287507518872451e-01	-2.568123405040042551e-01
nan	8.264072213595077265e-01	7.432306043832780373e-01	-9.319894439374345474e-01
nan	-2.113268572146081326e+00	8.673313831865270274e-01	1.226757950013698473e+00
nan	-1.216582630933812581e+00	9.146057723437567288e-01	1.307708891727759060e+00
nan	2.955774026006460775e-01	1.399665439755845675e+00	5.788048784232324717e-02
nan	1.416890988183992617e+00	8.877923224747583664e-01	6.885421878063548995e-01
nan	1.199186313031510576e+00	1.109533519044471728e+00	-6.194101835982183113e-01
nan	-5.192120218581449675e-01	-1.068984651659718565e+00	-1.459751155297299707e+00
nan	4.423503557211438952e-03	-8.177633512987005915e-01	4.947779412179686975e-01
nan	-1.029708237438606844e+00	-1.243377447896563126e+00	-1.156014300454749844e+00
nan	2.920488464286155050e-01	-4.718921628057911599e-01	-8.621732242385937717e-02
nan	-7.436934369561783997e-01	8.843113986974920904e-01	9.061399021769742657e-01
nan	9.325684466104067205e-01	-2.157027970711365428e-01	2.454118295807805605e-02
nan	1.251183459436865153e+00	-3.601670575150103804e-01	5.640859548908021548e-01
nan	1.425303064009675325e-02	-1.151451399253869301e+00	1.363477355410740222e+00
nan	5.832337491837845667e-01	-4.726907578014643008e-01	-1.027695639134649674e+00
nan	2.760968364662525487e-01	-1.587762189528865164e+00	-9.663822281753795540e-01
nan	-6.157132117434659380e-01	-4.611531521366647457e-01	-5.865846336653823823e-02
nan	1.699969369288425014e+00	-5.688637797075748459e-01	1.228034086901889310e+00
nan	2.570419538615014154e+00	2.184388849496745610e-01	-4.080154368319932612e-01
nan	1.039293430994752132e+00	1.171400478448383575e+00	-7.137216789875977518e-01
nan	-3.368028631772870263e-01	2.623482447976310805e-02	7.513704528497178181e-01
nan	-6.258989093230076239e-01	-8.887338476586206237e-01	1.264263713088455754e+00
nan	-7.183212513568154600e-01	-1.105854890849224947e-01	-2.418846031475796465e-02
nan	2.893365415769466598e-01	-5.501232064954713064e-01	-5.257465872396984707e-01
nan	7.016848123880454757e-01	9.637507285465284068e-02	3.755018163533516695e-01
nan	7.790407333142638224e-01	-1.364013904414790312e+00	2.166079455636727435e-01
nan	2.979304074045789619e-02	-7.416830116308493759e-01	-2.249467529710187375e-01
nan	-5.200095297242349757e-01	4.012744349118491094e-02	-1.551187836565387501e+00
nan	-1.570466480503347473e+00	-9.799273271037756139e-02	-1.923184498844989321e+00
nan	-1.560366643433331868e+00	-1.037879570403628104e+00	-1.412838276030689455e+00
nan	-9.060840716796485506e-01	-1.302546323868521316e+00	-1.458196547323254322e+00
nan	-2.067375527428301218e+00	4.688059284697275730e-01	4.537640270386100738e-02
nan	-1.146069708507159834e+00	-5.866390030848206427e-01	-4.653991925007742170e-01
nan	-2.033199640424501187e-01	-6.025126857971739858e-01	9.460486593124264321e-01
nan	-6.058789804419172365e-01	-1.050182808264879419e+00	3.978924691228096222e-01
nan	9.905417361171570123e-01	2.312232228789943278e-01	-2.298409734072702493e-01
nan	-8.074912401032121601e-01	-2.252418157019113742e-01	5.158969201787724224e-01
nan	-5.319553993945759229e-01	-8.198380784156042989e-01	-7.020381810387630317e-01
nan	-7.051746636149949232e-01	-5.088699781302712388e-01	1.624859832243291113e-01
nan	-1.459259789250851036e-01	-1.621649938640784105e+00	-3.780716222605617349e-01
nan	-9.504419726406991842e-01	1.705608606442626796e-01	4.046225283504645276e-01
nan	7.822837212569366816e-01	2.126004282461857464e-01	3.401842198237172155e-01
nan	-6.946307552250694517e-01	-1.549082778887538314e+00	1.097454199044959999e+00
nan	8.372585711796067809e-01	-7.395114008372641878e-01	-5.690200986708975339e-01
nan	-1.803083127950218634e+00	1.861867280906551070e+00	1.019046880262171051e+00
nan	-1.006136334776487118e+00	-8.748078614598371328e-01	8.504419143798991332e-01
nan	2.514976477819546030e-01	-1.005894588106862386e+00	2.588662623010836161e-01
nan	7.255656652701943932e-01	2.163621570566710339e+00	-3.062527159514825126e-01
nan	2.397892653680360642e+00	1.494800481807579073e+00	1.634058575029770921e-01
nan	2.431178934034516015e+00	1.532406434349654401e+00	9.775359630559473656e-01
nan	1.108624049025201730e+00	1.017426715263842762e+00	8.782827505253720801e-02
nan	9.320948082577389382e-01	1.349501515357013570e+00	-2.635421630084663347e-01
nan	1.449574215024618251e+00	8.023027177257382458e-01	4.335968896959130903e-01
nan	2.168853081465185628e+00	1.533342705288717411e+00	3.139851212338024666e+00
nan	2.661038755764955965e+00	-8.061302047338148036e-02	2.390768713432350534e+00
nan	1.797622414580510641e+00	7.610695666987172814e-01	5.837319873405355519e-02
nan	-8.800046108036516657e-01	4.696029307077056458e-01	-5.916142100268292348e-01
nan	-6.704319368884243957e-01	9.929303968038981631e-01	-8.300764069064913153e-01
nan	-9.707601291872591798e-01	-5.104391912909905793e-01	-8.368642584303145338e-01
nan	-1.086054875761027327e+00	-1.365117078017182628e+00	-5.108945297070967007e-01
nan	3.619145967225104732e-01	-9.186395446125253939e-01	7.312946328721041667e-01
nan	1.224207187728706542e-01	1.131447036662230898e-01	8.981539425005083954e-01
nan	-4.380576609783340403e-01	9.741400315133414978e-01	2.343942194559714975e-01
nan	7.959460160385343208e-01	5.475526847210195891e-01	3.029498613439013388e-01
nan	-2.148924714751876408e-02	4.901134269027017654e-01	-6.564145177696283362e-01
nan	-9.691032914380542929e-01	-1.182925356217084722e+00	3.095498976335216978e-01
nan	-4.256920603322067453e-01	-4.528465427703025625e-01	-1.080892173057678374e+00
nan	-2.058504735020295406e+00	3.127460227565656004e-01	-1.638060188730025901e+00
nan	-1.022555124282504835e+00	-1.665178314579566443e+00	-2.062717191728904997e-01
nan	-1.492147643794581757e+00	-2.709203072908514809e-01	4.854097236607830546e-01
nan	6.992530993503661696e-01	1.060235103819762159e-01	-2.031406495174793991e-01
nan	-1.254597496600053486e+00	3.515835029408941326e-01	8.619832268414046039e-01
nan	-1.776276689146192966e+00	2.462629393361291719e+00	1.316684368789704962e+00
nan	2.566353148977193466e-01	1.446148841706166310e-01	4.582026921642607942e-01
nan	-2.144713608548688977e-01	3.753782250913628715e-01	-1.518454958722445625e+00
nan	-6.132736900715430872e-01	4.665143775952269589e-01	3.026238312451410839e-01
nan	1.033881422444499432e+00	-9.442165790889458510e-01	1.760669857788629722e+00
nan	3.784188649126905002e-01	8.103756609690203616e-01	4.205041571872417672e-01
nan	-1.017845899876697047e+00	-9.093831643251121255e-01	1.331337133508158077e+00
nan	-1.383917862463839299e+00	-3.067723397153622189e-01	1.732045702491743056e+00
nan	8.309100477486789371e-01	3.322306797177658755e-01	-7.714774363907033194e-01
nan	8.010781567549087878e-01	-1.237893255558108585e+00	5.769481137985033037e-02
nan	-1.317967652765750675e+00	1.223151309825440292e+00	9.046024803178116525e-01
nan	6.989961413101982712e-01	-2.275355330989161928e-01	-8.939389353190896337e-02
nan	-5.561398795193535083e-01	9.216878359864473236e-01	2.444729526594691116e-02
nan	7.677634259399955530e-02	2.284535001211768224e-01	5.713236680956129687e-01
nan	4.959719653604831024e-01	-8.960821008763431017e-01	-1.009852877781305391e+00
nan	-6.561114506652476752e-03	-3.539645812150236659e-01	-2.005010329856148132e+00
nan	-1.098026425715068033e+00	-1.373385189629526548e-01	-4.453536919340775890e-01
nan	-2.695490421507162448e+00	-6.360439800811013011e-01	-9.011258980053755696e-01
nan	-1.393512378707803645e+00	-2.217909361298707971e+00	-9.253975505885668751e-01
nan	-8.798150086551275173e-01	-1.489578285410778857e+00	6.111468692471334618e-01
nan	-6.109803702450675722e-01	2.177453179276789275e-02	-5.683122914489324717e-01
nan	7.798870124486523281e-02	-9.128820883555301968e-01	-2.119793717022399326e-01
nan	-1.167387666037207783e+00	-9.411658796086944667e-01	-1.784301183577441163e+00
nan	-3.504016137244136964e-02	-6.814366881435799383e-01	-9.169111702818760756e-01
nan	-8.921296551561047616e-01	-3.647682041894835248e-01	-1.445914548088592433e+00
nan	-3.816380338857578991e-01	3.409846068399133290e-01	-7.434825861677774039e-01
nan	7.631332955041967292e-01	1.382091576406840217e+00	1.214836832569255315e-01
nan	4.128911352910352162e-01	9.752096741694191717e-01	1.024923980068708884e+00
nan	1.441062687966470079e-01	1.239553159318489861e+00	3.208797314714115778e-01
nan	3.724140883160366178e-01	1.785042704674271841e+00	-1.294642714338840372e+00
nan	-4.739468923790925436e-01	-9.533585909658012225e-01	6.679031395112027258e-01
nan	-1.885761481612854951e+00	-7.629467338038673496e-01	1.237801506524569550e+00
nan	-9.182413892567408142e-01	-5.164167805582231541e-02	6.206266421182822235e-01
nan	-3.688449410588946487e-01	-4.666376996635993035e-02	5.690743314143286158e-01
nan	-4.740305176609065363e-01	2.374245996800244396e-01	-1.224193188397865395e+00
nan	-6.642653946264129861e-01	-1.207827467348937978e+00	-3.933369661389543581e-01
nan	1.826682223349985978e+00	-1.401231779726625160e+00	-8.231551505048199102e-01
nan	1.034245732252527139e+00	4.846736111859591967e-01	2.357418116490002102e-01
nan	9.354433476835125605e-01	-1.774973933973992279e-01	2.481507798951390509e+00
nan	1.433030996251249078e+00	-1.896398966963906751e+00	1.013505388767910187e+00
nan	-4.489148635027888634e-01	-4.449734027930352109e-01	-3.002051980553201993e+00
nan	-1.021164507132140686e+00	-1.720859679215827054e+00	-1.585944831851453962e+00
nan	-1.477685919914486945e+00	-1.148287351610299822e-02	6.689122210939323354e-01
nan	2.884327227687760731e-01	-9.682071243317960096e-01	1.331870512398384498e+00
nan	1.183345590647817414e+00	-1.178964715101193050e+00	8.755347053951423320e-01
nan	9.153191658968498623e-02	-2.278141945790233269e-01	-6.078055048524437787e-01
nan	-1.100320711584742983e-01	-7.630189473913490117e-01	2.722963224481183553e-01
nan	8.226365930163717088e-01	-1.323902114026013432e+00	-1.468045745047372452e-01
nan	-1.224247348802152358e+00	1.193333333802879093e+00	-1.243984137753257446e+00
nan	-1.195597727570847146e+00	-1.086352947016651527e+00	-7.416375819042282380e-01
nan	4.167903211803187791e-01	-6.383889457453711946e-01	-6.713401584600157124e-01
nan	-4.946398920331361859e-01	1.176458568429561841e-01	-2.165004660376538048e+00
nan	-1.180917344291868343e+00	5.001036165357943819e-01	-1.077392538450192117e+00
nan	-1.236216112495853503e+00	1.315139962319830991e+00	4.128641948763640546e-01
nan	-2.916684866981218427e-01	1.128632206703148233e+00	1.221120848599977382e+00
nan	8.275752774150859636e-01	-7.228067437606346957e-01	1.908085407722824201e+00
nan	1.194828427575673757e+00	-2.044924303148847322e-01	3.280866180457492898e-01
nan	-1.691890899679776572e-02	2.410296794969686851e-01	-1.407431219228625491e-02
nan	1.234396588574514647e-01	1.159884355291045388e+00	-5.415864344980217959e-01
nan	-9.403797680028100903e-01	-3.466833529663637670e-02	6.348908241282387177e-01
nan	4.871347717792189336e-01	-3.619724732032468806e-01	6.079592744324768816e-01
nan	1.089652586799385814e+00	-1.548472320851632444e+00	6.436366379015628914e-01
nan	-3.150533836942431831e-01	1.633789081431963996e+00	9.449415474678318771e-02
nan	2.337956925281689635e+00	-3.334453124735885510e-01	7.283202781998907582e-01
nan	6.061852609499432942e-01	1.700981849663604883e+00	-2.031311590031591230e+00
nan	-3.698746632606355611e-01	9.587661495141985846e-01	-1.120878893694747580e+00
nan	1.475094120152214971e-01	-9.252387611104642695e-02	1.019384172557885604e+00
nan	-1.075526439640818732e-01	1.523540613856860348e+00	2.361608900073063566e+00
nan	1.455551971637528252e+00	6.374856558630539460e-01	1.658950539786440581e+00
nan	9.562233194470616260e-01	1.378333733499049085e+00	1.059060618793543185e+00
nan	1.295468203131088902e+00	1.199948532086512643e+00	2.465411086271241281e+00
nan	1.495325631036473313e+00	1.828235301108871669e+00	3.586966542825685833e-01
nan	7.544634610886986614e-01	7.341229620893896524e-03	-4.542579761469840438e-01
nan	-1.057501691148445166e+00	-1.758655937857042550e+00	3.543221214618886838e-01
nan	-2.592757446122824216e+00	-9.227167473930275587e-02	-2.287672941950669170e-01
nan	-1.863967501904362223e+00	-4.966870397142054139e-01	3.165239349566258964e-01
nan	-7.726287335298350767e-01	-3.762233901524000279e-01	-1.557412104162586575e-01
nan	1.116355037809193540e+00	1.578450411267220410e+00	-6.587527274628783847e-01
nan	2.138988125551758657e+00	3.196110584869880644e-01	1.654778643683845640e+00
nan	3.620938542423805195e+00	1.541699880787776644e+00	1.059504389867266916e+00
nan	1.622979614484882260e+00	1.723179129861357017e+00	2.287190136326884726e+00
nan	2.043893268800697438e+00	2.437124586248439417e+00	2.726506461563446004e-01
nan	1.664341555715608045e+00	1.115202556988894367e+00	-1.315281458364739864e+00
nan	2.023331601226308063e+00	1.424166270227458675e+00	3.098612031511840392e-01
nan	6.629957628526117475e-02	-7.036819998248371455e-01	-5.895366486690644114e-01
nan	9.257666250811020792e-01	-4.921101173769624193e-01	8.226321869865441672e-01
nan	-9.197104978466674741e-01	-2.899685597415666560e-01	-1.396656817762881309e-01
nan	2.788376867740781639e-01	-2.800463954256541266e-01	-3.504056728219549777e-02
nan	-2.667952798746803911e+00	1.472474256824734207e+00	2.400022900028342121e-01
nan	-2.684355568377758239e+00	7.583245949733563585e-02	2.810678858817139969e-01
nan	-8.047279033641674406e-01	-5.468174571926067706e-01	1.604519270980558465e+00
nan	-8.169651210997640467e-01	8.454267500267338420e-01	-3.206733216384707319e-01
nan	-2.315628534065837241e-01	7.941851047612958903e-01	-9.558460698730820715e-01
nan	1.746324929562861339e+00	1.083549627649505798e+00	-1.587749371176127022e+00
nan	-1.130620506788927671e+00	1.737955215202766412e+00	2.246620991251144783e+00
nan	7.663886348602009235e-01	-1.038905610237149224e+00	2.859150966235758595e+00
nan	2.693895834916302245e-01	-1.029726176168624940e+00	-5.220604300188607105e-01
nan	1.909753300383366881e+00	8.091123497583545543e-01	-8.654290478035842060e-02
nan	1.295356256234771797e+00	-3.620378642226818044e-02	-1.734551343326233841e+00
nan	-2.394540283910076006e-01	-7.134712541865262381e-03	-4.306542745558322727e-01
nan	2.770171393288260453e-01	2.221915739967384451e-01	9.831773589564793969e-01
nan	4.903024155233294268e-01	1.662215000346644711e+00	1.395132794346918281e+00
nan	3.082606070645375063e+00	1.309295336703863555e+00	1.369926212753830974e+00
nan	2.082005709681240102e+00	1.739131991142024658e+00	7.608393062750724578e-01
nan	8.320820228216971870e-01	1.184228704960312184e+00	9.825498342921681338e-01
nan	1.647103063281761148e+00	9.280658043762752829e-01	7.869828221925232459e-01
nan	8.159910987918524983e-01	1.457952141628806153e+00	8.592802356864773783e-01
nan	2.092101547696736397e+00	1.256570090446710974e+00	1.620063478675293211e+00
nan	1.242985797429288386e+00	1.479741923929958514e+00	-1.369604742619814131e+00
nan	2.395241031445487945e+00	1.781700828422148719e+00	2.437779384058139875e+00
nan	1.078066221781654122e+00	1.285517750033490891e+00	9.581724174605557032e-01
nan	-2.263125313676779271e-01	8.467215627848140302e-01	6.220203632293785923e-01
nan	1.132039362146742167e+00	-3.835664424687638130e-01	-7.704508951658419758e-01
nan	-8.906368042129599871e-01	-1.752218870676299500e-01	-8.842788211540864030e-01
nan	-2.355921417900028736e-01	1.067552158337593315e+00	-2.988601295623011245e-02
nan	1.890542836287521788e-01	4.579777340792876572e-01	3.847045045767558680e-01
nan	-7.827444320006260448e-01	3.194643865397371885e-01	-1.523773849132232572e+00
nan	8.259777717245402329e-01	7.649458082123724578e-01	-2.347149185270447358e-01
nan	-1.317892121275104689e+00	2.319626651633682479e-01	2.604771445190906531e-01
nan	-9.049514762951675895e-01	-1.563624855816264869e+00	-1.409419664289491836e+00
nan	-2.504786392135630368e+00	-1.796213531236190875e+00	-6.061268038270422043e-01
nan	-2.659682301002164628e+00	3.780404930111838091e-01	5.695140145631494288e-02
nan	4.153238843440386630e-01	-2.435783930090972826e-01	4.961964477435252818e-01
nan	1.276986473310662618e+00	1.585785461141155039e+00	-5.759033245104093757e-01
nan	2.060083009596360260e+00	-9.532297728756489175e-02	-1.295835909447220935e+00
nan	8.022294381462314883e-01	9.267264979526734781e-01	-1.119943699376789170e-01
nan	-1.014986829466931972e+00	1.630637964484210389e+00	-8.119163270647078434e-02
nan	-6.749177838645727956e-01	1.606299382883615179e+00	1.122035034373876305e+00
nan	2.480328887673379779e-01	7.741581497518363886e-01	6.005540050912445693e-01
nan	8.335139575899852549e-01	1.424643466981895257e+00	-1.313269338664445063e-01
nan	5.597731782364087083e-01	1.435757844109110115e-01	-4.963675772654171925e-01
nan	-1.365842443641587245e+00	-5.120269237024634990e-01	1.026170343033257160e+00
nan	1.010058329321178450e+00	-1.408821241278104486e+00	7.339880812833282642e-01
nan	-2.050275935403008121e-01	1.041327017386406428e+00	-1.285075925499989946e+00
nan	-4.288737505986607301e-01	4.998932698651196715e-01	6.559214749572318537e-01
nan	2.366038103340206256e+00	1.289954289278782307e+00	2.074373102336479313e+00
nan	1.071212257762097941e+00	1.866081341524803427e+00	2.523748193947149332e+00
nan	2.310459698369256465e+00	2.930118596856656765e-01	1.296108756808181939e+00
nan	1.348162662688918267e+00	7.263185851980894503e-01	-1.128324721759368376e+00
nan	8.001185025599112377e-01	1.838143723945012020e+00	-2.876772543787284864e-01
nan	7.264894594378568105e-02	1.020786131692447363e+00	1.031375672905663565e+00
nan	4.740793319931080330e-02	-8.337160906368704660e-01	1.793884794811164474e+00
nan	3.980943254601959636e-02	9.913873495740185282e-01	1.435541368738582069e+00
nan	-3.047417673288864703e-01	-1.560455984581047284e-01	4.821141163459480294e-01
nan	-1.368985283949211429e-01	5.172483027375733844e-01	1.166777323441279490e+00
nan	1.695203316308700359e+00	1.176130223911760336e-01	1.048728967246023824e+00
nan	1.081288385354961523e-02	-1.412642641805430976e+00	1.752112383905380377e-01
nan	-1.003479774184405482e+00	-8.009478896379185198e-01	-1.762261979714026428e+00
nan	-1.236761421342526202e+00	-6.647182641644400203e-02	-1.527847006924179851e+00
nan	-2.267336219263219377e+00	6.366398827930801474e-01	-1.242610313526260724e+00
nan	7.153088278552482970e-01	1.213062722271908145e-01	-4.762375299552016883e-01
nan	-1.352138398690308385e+00	5.868578215041623247e-01	-4.337922077921889386e-02
nan	9.977599027643816454e-01	-2.515948506880691049e+00	-4.010874919394633586e-01
nan	-8.256558923377300685e-01	-1.286186967264018044e+00	-4.764389910505739123e-01
nan	-2.784150511362296632e-01	2.529711160956820137e-01	-4.507281267765850252e-02
nan	-9.884490192497268346e-01	-5.774260195867509937e-01	-9.601282958635891651e-01
nan	-9.450005683200483064e-01	-1.117147299926977366e+00	-3.123359881936027538e-01
nan	-3.092114949917146305e-02	-9.408024945477786449e-01	-4.039146410782428198e-01
nan	1.187627445791604064e+00	-1.646774541686697901e+00	-6.231928924098476541e-01
nan	2.169641241638534668e-01	-1.902209734284550091e+00	7.042691763132751248e-01
nan	-8.379300367734721089e-01	-3.166861266847852963e-01	-2.600649877236066998e-01
nan	6.791261851917098635e-01	-2.380628668425684435e-01	-1.806917967169852535e+00
nan	4.074813317835049298e-01	4.051527258046131452e-01	-2.745640024840295013e+00
nan	-7.209149622256392220e-01	7.565946804636780598e-01	-6.182995521454121013e-01
nan	-5.642274058104140844e-01	4.351991676253226804e-01	-2.878824368163921954e-01
nan	6.931860570261477728e-01	-6.365393163505407570e-02	-5.890203028794116502e-01
nan	-2.280362749826480684e+00	6.966556412845017476e-01	4.937112348159465869e-01
nan	-5.375148164154794905e-01	-1.711583032731407661e+00	2.410268288581031149e-01
nan	-2.624125369604850100e+00	-9.139861866467213769e-02	-2.011946939820541846e+00
nan	-2.265121819339328546e-01	5.218296459972870949e-02	-5.639922255104019566e-01
nan	-8.616750267417055964e-01	-1.684534731894309356e+00	9.246530045938541331e-01
nan	-6.383506945769903407e-01	-6.491617054121002761e-01	9.467729179541348739e-01
nan	1.076321425420477373e+00	-3.751082594211721521e-01	4.953786411284237245e-01
nan	1.432061694777692296e+00	-1.382372290723102026e-01	9.576767882194522352e-01
nan	6.986848549905836370e-01	2.675073037961223088e-02	1.412756923711238288e+00
nan	5.398957085940976341e-01	4.809468427391730971e-01	9.876322776159351946e-03
nan	9.196056412897939403e-01	2.684310682053780095e+00	-2.890767660515670134e-01
nan	1.738893255225977708e+00	3.417186493631003685e-01	-7.129864273442310107e-01
nan	1.300640274387404371e+00	1.494149230391522476e+00	1.794704942322239427e-01
nan	3.160298933002481547e+00	3.540408337542356509e+00	2.240068764365667597e+00
nan	3.819424926973646883e-01	1.907225224732234770e+00	9.632395689218616885e-01
nan	1.636907461716395229e+00	1.731653498921881251e-02	1.560917793523111552e+00
nan	1.374742339235399680e+00	-5.566945303465891115e-01	5.506150574683988941e-01
nan	8.644246950885257075e-01	-3.161368702315728862e-01	-6.106599693339098689e-01
nan	1.506470740317549240e+00	1.510734421007421391e+00	1.136297047979794028e-01
nan	1.258140359532576413e+00	-4.709209101425514410e-01	7.019646521607189049e-01
nan	1.004794098156790216e+00	1.921511275693113197e+00	-4.016752373841557811e-01
nan	1.690266022573360338e+00	-7.381195685897135039e-02	-1.301285068553079127e-01
nan	1.515581574748246840e+00	-2.015190014233669280e-01	3.888644624111075032e-01
nan	-4.886705967395347239e-01	-2.210021881912466180e-01	8.440347360336226956e-02
nan	6.560417910208027337e-01	2.067685110019093386e+00	-7.449894652626118385e-02
nan	1.394390781161248150e+00	2.269291493548977634e+00	-5.180111840916699073e-01
nan	7.894395708535351108e-01	8.221918415300328853e-01	5.244880908858252644e-01
nan	7.486408454540455226e-01	-7.208289369677296499e-01	-1.822793943933791461e-01
nan	5.678876621942624547e-01	6.400983166121090306e-01	1.556197295790582857e-01
nan	-9.052369709741618919e-01	1.657419465586522089e-01	9.390508881074993708e-02
nan	1.202245265559945597e+00	5.396354903443231210e-01	-8.156040386779044304e-01
nan	1.627785629459000738e+00	6.756053403017194814e-01	1.339536391829949102e-01
nan	-2.634845836880645997e-01	-3.327986277703210982e-01	9.637496367838830347e-01
nan	1.514698103636438198e-01	-5.457640476682077413e-01	6.283926097195302596e-03
nan	2.750938584782679497e-01	-6.209907227271659336e-01	-5.717677524345846640e-01
nan	-3.326832612961611035e-01	-6.814098786517732709e-01	2.465139925478835869e-01
nan	-4.213251870564903023e-01	8.159625368813266943e-02	1.352167277281991487e-01
nan	4.937735946375630403e-01	9.530725258593005789e-01	-2.162440302269413861e-02
nan	2.609002034345770493e+00	1.511596934329868080e+00	1.516895018369881498e+00
nan	1.344422970491347069e+00	7.020098491791023632e-01	1.298218424235190405e+00
nan	2.317751416580658308e+00	1.008723203987559991e+00	1.933584897277584869e+00
nan	1.451765928795946126e+00	2.835352288169189272e+00	2.329269156888875703e+00
nan	2.994002752202911566e+00	1.392743622401818815e+00	2.557758849563867898e+00
nan	1.523836839547314970e+00	2.391167746379637915e+00	2.226523031467134039e+00
nan	1.202901376315730797e+00	2.421453139103249441e+00	2.222528797593134264e+00
nan	-1.715952967667522255e-01	9.749190754583836327e-01	2.854704149406087410e+00
nan	1.631242215894169512e+00	-1.145838888128281940e+00	1.828506595092792786e+00
nan	4.250333370369740460e-01	-1.639946314970303520e+00	-3.597897150825773993e-01
nan	-1.428521726780537460e+00	-1.686772391218300804e+00	-2.960300454725128816e-01
nan	-1.826071346490255598e+00	6.594097646952529201e-01	-2.142797097113811944e+00
nan	-7.998813517210785484e-01	-9.163058843457083658e-01	-1.082677387276135716e+00
nan	-2.056452104913404355e+00	2.083195845108167799e-01	-1.683670057505891382e+00
nan	-2.718887682651034865e+00	-8.189385460597570221e-02	-1.852636800325156763e+00
nan	-1.209865642275679942e+00	3.412461131150179572e-02	-2.464080727221724110e-01
nan	-1.587815767739889417e+00	-6.698847074726249629e-01	-1.296320595985003266e-01
nan	4.312401045362979080e-01	-2.429909392306329075e+00	9.106564053291998917e-01
nan	-1.204568168622703883e+00	-5.421691788222136044e-01	-1.099661874270365658e+00
nan	-1.051168619833086515e+00	-8.530485202186260940e-01	-9.420420860553150311e-01
nan	-5.566277129009579161e-01	-7.774248877013443249e-01	-2.118677345773185561e-01
nan	-6.669133046351932714e-01	-1.588233454150362656e+00	1.506540392503612491e-01
nan	2.801161277372781200e-01	-1.030060159746886805e+00	2.191170604433205327e+00
nan	1.250690593120121097e+00	-1.184171492389672453e+00	-1.831153556901523594e+00
nan	-5.518968766222548394e-02	4.207158252134168275e-01	-9.773431349733702200e-01
nan	9.017285260077725351e-01	-1.743354206278717067e+00	3.100548747637055236e-01
nan	1.522994273800754028e-01	4.679078725309156472e-01	-3.442363969609597008e-01
nan	8.509535930878325827e-01	-9.575916357323299710e-03	-8.903284952274563568e-02
nan	1.152900860376269987e-01	-1.057236688710460726e+00	-1.191533831954430411e+00
nan	-1.136173319870067644e+00	7.716184160255289415e-01	-1.334500291567841668e+00
nan	-1.091052456645617230e+00	-6.476164932855422718e-01	-5.030652346921997697e-01
nan	-2.057663723051459392e+00	6.636067332050388234e-02	6.525963237363758829e-01
nan	3.751945327864326107e-01	-1.191578016093470804e+00	1.226323705164219069e+00
nan	5.192892190938890318e-01	9.209523105279994182e-01	-2.142499415010059582e+00
nan	-6.861760262577112357e-01	4.522540010198168869e-01	-3.201786397274191565e+00
nan	-2.158971888537443817e+00	9.239518492737748279e-01	-7.251378553033618335e-01
nan	-1.331319676644766026e-01	-8.313496863583391683e-02	-1.109794919287040216e+00
nan	-2.007560895644644017e+00	4.216031230409620911e-01	-2.060204548122995583e+00
nan	1.941795946092979008e-01	-9.805050106418473632e-01	-1.332811332638945911e+00
nan	-1.350690044937803647e+00	-4.609277313380560903e-02	-1.089043564156366717e-02
nan	4.493842562290761844e-02	3.543488259736339852e-01	1.015375674890754754e+00
nan	2.271907550548953214e+00	1.379604731381136373e+00	-5.081505174054106178e-01
nan	2.538130730353336251e+00	1.290637189422696007e+00	4.915991123655640838e-01
nan	9.218577401917473768e-01	2.157497214850843115e+00	-1.074005205871370716e+00
nan	1.142348221959573307e+00	7.470392674079291417e-01	9.688285777818699263e-01
nan	-1.010492311917248420e+00	-4.503702618415246217e-01	1.264182651637569155e+00
nan	-9.528231008023675397e-01	1.062854731723658519e+00	1.449080587132418163e+00
nan	-5.536744143191288936e-01	6.590773900180926237e-01	5.311910529871115560e-01
nan	-1.354103756598789232e+00	-1.536374678804224514e+00	3.912464536778917923e-01
nan	-8.636814304223605632e-02	-2.062318530322403198e+00	-2.045936383808172887e-01
nan	-1.025599295534801447e-01	-2.555771877438693385e-01	-9.066611756933654620e-01
nan	3.778383451424525141e-01	1.234976242480973374e+00	-1.376842660872301227e+00
nan	7.713671916102408099e-01	2.083052304456955994e+00	-5.979558434955626334e-01
nan	6.271321699510767900e-02	1.188773585887679118e+00	-1.507936613420436389e-01
nan	8.355334071507654059e-01	-2.002617391582764972e-01	3.172179841354510477e-01
nan	2.300341387532427895e+00	5.491914125296755156e-01	-3.656191387690139183e-01
nan	1.414609361070610749e+00	5.490254057457548686e-01	2.311954582466729580e+00
nan	2.967080911515844299e+00	-7.264737078903682477e-02	6.495914357347681856e-01
nan	-9.210813244629505459e-01	1.415396586540633050e+00	-1.852056611678731257e-01
nan	7.895305813950039830e-01	-1.511951310090328571e+00	3.667429740337088684e-01
nan	4.721215615208244065e-01	9.641794312896019292e-01	-2.497129305583318359e+00
nan	4.569546698132219698e-01	1.049788420496098884e-01	2.149024085131923112e-02
nan	1.876311561384237825e+00	2.545838901342980520e-01	1.307035528785320144e+00
nan	1.337799800867829569e+00	7.392075679227637641e-01	-1.124957418849964697e+00
nan	9.012855323853625755e-01	3.656274224102724069e-01	-4.577289058387047360e-01
nan	-1.334287766668261765e+00	-8.724688612436907187e-01	1.009462791277802252e+00
nan	-1.540156001108462736e+00	2.305475004523669380e-01	1.108043214534597753e+00
nan	1.091715235403676876e-01	-7.652472502123617293e-01	1.367474375968188660e+00
nan	-9.289418053462319413e-01	-2.350491771241619010e-01	7.901588541459723114e-01
nan	3.833445218434298751e-01	-2.469770844458085257e+00	9.405315654485169041e-01
nan	-1.152148343362036975e+00	-6.791655760856614155e-01	-5.790232408592895785e-01
nan	-2.124980987708482427e+00	5.460788536386569358e-01	9.647312548116679931e-01
nan	-1.951051244165340703e+00	-2.093102891047664560e-01	9.754886755250146146e-01
nan	1.673222811679256350e-01	-2.003011102953508593e-01	-1.407884344203949034e+00
nan	1.234697970883897322e-01	-2.915312278231876886e-01	-2.869980664324245923e-01
nan	-6.631002374777779373e-02	-1.117655655410320747e+00	1.185349815083550196e+00
nan	-5.299921167301760438e-02	-1.340043430603359564e-01	-3.756300312511767769e-01
nan	-1.386091532439226004e+00	-7.766525618644974926e-01	-3.392480825245831610e-01
nan	-6.685962115748013135e-01	-8.053956231774600516e-01	-1.920900886135936236e+00
nan	1.205022549350429850e+00	-2.000101670562919320e+00	-1.215761602705031974e+00
nan	-2.723470079627018148e+00	-9.908395469617847784e-01	-1.226391022943077447e-01
nan	6.052191260390118455e-01	-7.132233928996778438e-01	8.249043200926339248e-01
nan	2.686784388122958944e+00	-6.506451762253785409e-01	-3.561155381137932063e-01
nan	1.120539013972485787e+00	1.231889726955515130e+00	-7.235483940734835917e-01
nan	1.458650804161573999e+00	5.580744244683423227e-01	1.866468881154013992e+00
nan	2.970837469243898354e+00	7.649735266323516303e-01	-8.051134892290607858e-01
nan	1.704345542931052560e+00	2.630577530387706586e-01	-1.252543887130247890e+00
nan	-1.905034472786849564e+00	-6.437758205026740121e-01	1.410125152357139422e+00
nan	-3.335456682876129508e-01	-6.060965121279804357e-01	-4.352480627485042497e-01
nan	-7.597881095551782815e-01	-2.664009257749178072e-01	-2.362165444707087225e-02
nan	-1.302961942534286988e-01	8.191733837259969064e-01	-6.782794331007142574e-01
nan	9.399327308139528991e-01	1.802492607155683491e+00	7.820223758375522971e-01
nan	1.697537182085699925e+00	-8.390596467674029668e-01	1.375447013391340345e+00
nan	2.797101990623153345e+00	-1.014038492308459105e+00	-4.034286761174807334e-01
nan	6.776006486899397441e-01	-2.074331652840083251e+00	-1.373686151734292982e-01
nan	-1.519745702766281736e+00	-6.223456195119004830e-01	-2.192526781744036590e+00
nan	-1.730256917161627328e+00	-1.207243002013610234e+00	-2.915102490126539436e+00
nan	-1.967577669903401771e+00	-9.751179336595593439e-01	-2.332202972687306808e+00
nan	-9.067877436788071011e-01	-8.540280817067190666e-01	-3.786197886731481610e-01
nan	-1.675982771486816070e+00	1.820706117833937654e+00	-9.842269031962315173e-01
nan	2.299722986675914460e-01	7.874858199651021406e-01	6.500196967571838513e-01
nan	-4.420765750183075493e-01	-7.891558265398316285e-01	2.379742214106611353e+00
nan	1.504961129602985670e+00	-1.042510655136705822e+00	5.738054752756660548e-02
nan	-1.620111138695433661e-01	-3.998700435303325085e-01	7.357398315707122105e-01
nan	2.659103259882248382e-01	1.817901629567238775e+00	1.865157526517333686e+00
nan	1.169966774213674787e+00	1.022377027388801096e+00	-9.287906383094353124e-01
nan	7.859458572140891608e-01	6.325213220436742834e-02	-6.066898297397096407e-01
nan	2.258871346279679670e+00	-5.662787185559451375e-01	-5.894483475260861027e-01
nan	1.522841285279888712e+00	2.423064069534628939e-01	-1.057131653824168627e+00
nan	-1.259018951986786927e+00	2.919110741938752418e-01	-1.529986735780534124e+00
nan	-1.001412793047550265e+00	-8.947740832792069332e-01	5.467965031344723670e-02
nan	-1.751067368348567133e+00	-9.512083925320344857e-01	1.967070474840140193e-01
nan	-4.392488389244491587e-01	-1.622146144145325763e+00	6.785065854957319509e-01
nan	-1.060364942623915230e+00	-1.242383444453524888e+00	-3.995156512656854453e-01
nan	1.089155217277014032e+00	5.411987636267887591e-01	1.331632882316662769e+00
nan	6.800417283023239001e-01	5.508508536792143806e-01	-1.846782122716712493e-01
nan	-5.864814272908582815e-01	1.341327935527814930e+00	1.133055450359662153e+00
nan	2.329174005663046110e+00	-3.483020260895500764e-01	1.460383567850284336e+00
nan	1.327842400905301590e+00	1.159026250089772780e+00	1.256033382702131718e+00
nan	2.639690122070038392e+00	8.329590395699281169e-01	-1.057556632485158410e+00
nan	5.061723181929979054e-01	-1.058466388597039121e-01	-1.649970542213518687e+00
nan	-8.620603878744225179e-01	-1.767116733607173584e+00	1.179826588991211400e+00
nan	1.362124729374855625e-01	-7.020506280067723148e-01	2.576415552370028283e+00
nan	3.208096941770432586e+00	-2.095617596078305223e+00	6.404933011004264598e-01
nan	9.430665230887873562e-01	6.954233411992527536e-03	-1.398594049070386092e+00
nan	-1.373906995992085212e-01	-3.809045355844187242e-02	-4.275348804500789246e-01
nan	5.542359112580372837e-01	2.639717008533769282e-02	-4.042896342850615943e-01
nan	6.747936252943218527e-01	-6.066701496611898170e-03	1.460309731581270309e+00
nan	-5.808864765887379322e-01	7.474326528114882962e-01	5.573453284110865269e-01
nan	-6.719515633339119276e-01	-4.759949447391488841e-01	5.488163159330562424e-01
nan	7.753304650114931640e-01	-5.552264574669438790e-01	2.539565321054967351e-01
nan	-1.770708856292947164e+00	8.071938923070611782e-01	1.551556998583230707e+00
nan	-5.589298496848090769e-01	-2.306623654299931880e-01	8.972501139741539955e-02
nan	-1.397761892851749677e+00	1.135085290513636824e+00	5.001136158217382999e-01
nan	8.640280187349405061e-01	3.171725535607942126e-01	-1.056715461901349684e+00
nan	-5.546528207260176258e-04	-2.056472229322586220e-01	-5.998358704971404887e-01
nan	-4.290514989994671513e-01	6.877939220042335045e-01	2.693034815556424877e-02
nan	-1.279278692978893739e+00	7.284176315969503879e-04	-4.168426308744951903e-02
nan	-6.796408240603288853e-01	4.664730305576124114e-01	2.771692983946710820e-02
nan	1.465214502359931226e+00	-1.979061087545989972e+00	9.247864123454667684e-01
