nan	-1.545156033729553624e-01	-1.418210053456737674e+00	-3.580454101234713971e+00
nan	-7.593568482598478386e-01	-1.007552654659860325e+00	-8.437833695716334681e-01
nan	-4.373824780688481684e-01	-2.417007558800274847e-01	-1.249626307533178826e+00
nan	2.041386000295486447e-02	1.022969388404812774e+00	3.099792359790177754e-01
nan	5.730208191771244408e-01	1.558537717891774310e+00	8.278177556305478246e-01
nan	3.060796319142115696e+00	1.312690023423049190e+00	-1.332243415656519936e-01
nan	2.348578258947125796e+00	2.570523446095269282e+00	3.107422263851390976e-01
nan	2.048851895153415814e+00	1.398469537718152633e+00	7.621624560483254429e-01
nan	1.344230376805475746e+00	4.636663237595115561e+00	1.893399960450338870e+00
nan	2.480893776339708978e+00	3.775776568310088788e+00	3.332420691906066601e+00
nan	1.253443675318715034e+00	1.295353461078616597e+00	2.468351471415849652e+00
nan	1.431577471196644691e+00	-5.660713890530129078e-01	8.684627872654724356e-01
nan	-2.621234666393557067e-01	-3.130063668280619327e-02	9.787795041141036378e-01
nan	1.012814148803538705e+00	1.136018808128427121e-01	-9.442796894264575691e-01
nan	4.783397507648960434e-01	1.317959546031150397e+00	5.864291438521735955e-01
nan	1.451982277143101019e+00	3.335366081219548029e+00	-6.707398953906470451e-01
nan	4.392516858917002720e-01	2.010688469342494233e-01	2.118347672535231041e+00
nan	1.376104401154641721e+00	-1.654073152545039171e+00	8.934202283145448176e-01
nan	-3.053435863140772089e-01	-9.707039542682185385e-01	8.656812298850564691e-01
nan	-1.676113293352708977e-01	5.818188663764856106e-01	5.498890366426287812e-01
nan	-8.504601648040566175e-05	2.079695486441207608e-01	7.033536412424883366e-01
nan	-2.355359255452965095e-01	-1.337436605346078888e+00	-1.092570925996872333e+00
nan	-6.953768122851161637e-01	-9.036537789222975903e-02	-1.993104878281235948e+00
nan	-2.466366371468556640e+00	-1.460243349568500493e-01	4.498984488657450376e-01
nan	5.196909012516434112e-01	3.582871645306965336e-01	1.396868751747724291e+00
nan	1.481774201420431147e+00	3.190255925263370540e-01	-5.581662057598668625e-02
nan	2.110209679462042409e+00	1.895578363236253283e+00	-2.201460615059290804e-01
nan	1.828962462514095000e+00	2.253013559280547362e+00	1.147896420881350688e+00
nan	2.497069059753540987e+00	1.130055341247091505e+00	2.664784110736459155e+00
nan	1.474009399471097881e+00	6.286256260915016325e-01	1.112363268218064416e+00
nan	-2.896714098761564715e-01	1.683327209758322951e-02	1.327520027259617263e+00
nan	9.909557042238912317e-01	-7.539321269536035652e-01	7.468168605394892579e-02
nan	-1.864399204514150199e+00	-7.335107157799072852e-03	-5.608452803779764295e-01
nan	-3.615422434287583475e-01	-6.082345500704691155e-01	9.797279825272138254e-01
nan	-1.318510291033804238e+00	-1.435019191494546487e+00	-1.472190830395949390e-01
nan	-1.200409392897905381e+00	-1.000001064541321316e+00	1.831703593207805847e+00
nan	6.517521834936094161e-01	-1.145980759174091590e+00	9.183461363114452380e-01
nan	1.178099801661648627e+00	-6.705055823355674516e-01	-8.394338423793582526e-01
nan	2.098547583562268670e+00	9.148343246454485600e-01	-1.188822247390969977e+00
nan	6.158694646585447519e-01	5.442125881689399147e-01	3.281280066507267779e-01
nan	-6.375828143089763422e-01	-4.656603760826335536e-01	-3.656254864030313301e-01
nan	-1.420015604659238484e+00	2.239344712516443403e-01	-9.704777645122985019e-01
nan	-3.693113802447711702e-02	1.051017238704998302e+00	3.392975965484412715e-01
nan	4.340235023299165440e-01	1.222608398212190695e+00	-1.404242735553509203e+00
nan	1.540507330862893320e-01	-1.427786922382249468e+00	-9.691356570065430276e-01
nan	-5.008442715955198077e-01	8.299724046360704710e-01	-1.202646892032008585e+00
nan	-1.732864083130258859e+00	1.291032511621788892e+00	8.494221439206792179e-03
nan	3.276279930492966841e-01	-5.071672659797099580e-02	1.780394888886422944e+00
nan	-9.158335533380804749e-01	8.483747737836320191e-01	1.575147480188977100e+00
nan	8.615631045881690930e-01	-1.266529668984608392e+00	-1.244281537928804138e+00
nan	1.478565244591918959e-01	8.914047405012834879e-01	-2.302067501742282474e+00
nan	-9.151697484893680512e-01	-1.512604446112723489e+00	4.893259785923531058e-01
nan	-2.378522227456159044e-01	-3.570219697663047365e-01	-1.350193987995794043e+00
nan	-2.697890534166605958e-01	-2.035921122803155958e-01	-2.820664465078934757e+00
nan	-1.870646834062379860e+00	1.247044133363087948e+00	-2.788882222354191143e+00
nan	-4.125608450052173914e-01	-5.758234612325774382e-01	-1.115081386000667640e+00
nan	-1.342713449470304798e+00	-1.731849290126710184e-01	1.003080029363549563e+00
nan	-1.898783108466760572e+00	-1.816946959252561999e+00	1.412916618450289263e+00
nan	-1.695364262138097100e-01	-1.270486637189270240e+00	8.531775225175228794e-01
nan	-3.047815848995416577e-02	-2.385780075919442522e-01	8.715404678594246279e-02
nan	-1.321580500655916701e-02	1.128388875370827521e-01	-1.799533664133624367e+00
nan	-2.338143787931016293e-01	-1.033047204926825779e+00	-1.991208128984249370e+00
nan	-8.333897886160146484e-01	1.939239699203302525e+00	-9.751081211101346735e-01
nan	3.367389402854479297e-01	1.900237858172107719e-01	-2.068899647687540977e-01
nan	1.609894161791168621e+00	-1.275123236284159800e+00	-1.312279651608048991e-01
nan	-1.039147672464565852e+00	1.342326243121020779e+00	-5.727976425136631633e-01
nan	-4.036989700982065443e-01	-7.060660919706138738e-01	-1.086993992002724507e+00
nan	1.768086656933292034e-01	7.004028339759832411e-01	5.031048438247631704e-02
nan	2.792891196363644357e-01	-1.259518626439597222e+00	-6.464802532984083028e-01
nan	8.269935312520109161e-01	4.840756959241304114e-01	-1.413560811979607035e+00
nan	7.424858529526652540e-02	1.485466753384695249e+00	9.421552673586264248e-02
nan	-7.437336901915015952e-01	7.126701111513221720e-01	1.775538383994953673e+00
nan	1.602506001283119597e+00	-1.230593346997198578e+00	1.634457095208161403e+00
nan	-2.911343049484722556e-01	1.868866499244507651e+00	7.816264017851850543e-01
nan	4.415450592898331195e-01	1.428760886683103193e+00	1.878704269547353034e+00
nan	1.277664720509088525e+00	7.264283746870126013e-01	3.431460782206579019e-01
nan	2.527339957512998225e+00	8.423005657291900983e-01	7.239048307384094993e-01
nan	2.112855040752728897e+00	1.618439390814498058e+00	9.635165245621921670e-01
nan	1.657165170477761462e+00	1.415609959778537652e+00	-7.151665885244917753e-02
nan	7.627060319864062965e-01	2.264623934740554567e+00	-2.762289308396546073e-01
nan	3.442557334766528365e-01	7.171743147214260095e-01	1.614298329865794912e+00
nan	1.399497716883097986e+00	1.541483442805963389e+00	-4.039192151200350356e-01
nan	1.961164772373487075e+00	2.094831145268606587e+00	-6.729993702227838881e-01
nan	2.329993230564341156e-01	2.193167053037967662e-01	1.140025238421315201e+00
nan	-1.112877339117920861e-01	-4.768136463585306295e-01	7.047249680070919453e-01
nan	1.141466964235813078e-02	-2.189516866302726683e+00	1.538695763160560448e+00
nan	-1.722029267254217455e+00	1.150815071752064878e-01	2.443366706385180498e-01
nan	-1.620035463924650143e+00	-9.274261166563104730e-01	-4.681976368724908855e-01
nan	-6.077801402621856308e-01	-5.195510802468829015e-01	-5.956648529229426892e-01
nan	-9.560897062323698847e-01	-6.308576536262968659e-01	-1.693172923825207565e+00
nan	-1.252161511425117002e+00	-3.438515118452921682e-01	-4.085563638944039733e-01
nan	-1.029681421811987629e+00	-5.959665456615037549e-01	-8.212080199815230408e-02
nan	-1.729333040166978197e+00	-3.600632617180502537e-01	1.400436264706048206e+00
nan	-6.888415178359607038e-01	-3.132699100302124284e-01	9.800821319786426900e-01
nan	1.602069804794957308e+00	-2.003378263338781995e+00	-2.126321524700376109e-01
nan	-1.990874347685043677e+00	1.196068003518788725e+00	-1.293487364562919018e+00
nan	-1.691410916972355238e+00	-1.236146922710478879e+00	2.914431603982670982e+00
nan	-7.322589738684357474e-01	-1.889329105300071809e+00	-4.872094905376196383e-01
nan	3.947844877446110567e-01	-4.994098255239791673e-01	-1.885460387133511606e+00
nan	-2.095740474654192109e+00	-6.127945984102771693e-01	-6.701160941599068055e-01
nan	-5.994803398858186139e-01	-2.507019450914037773e+00	8.742423312515632539e-01
nan	3.435094695498903672e-01	-1.374301954855974506e+00	-4.539181478070747899e-01
nan	-1.547380294012675739e-01	-1.416289418209335960e+00	-8.598811714489629221e-01
nan	4.021381763579550128e-01	5.558595240245577385e-01	-1.631832575845524769e+00
nan	-3.845986361986450941e-01	8.999870212741318820e-01	-1.705170697665152613e+00
nan	-1.061202616905409180e+00	-6.727351612485389376e-01	7.606306137994470196e-02
nan	-5.895454313164416593e-01	-3.060258195146923765e-01	-1.986393207251397341e-01
nan	-6.754193122588545428e-01	-2.120423133390952897e-01	-3.654730558450886235e+00
nan	-2.014372579827416576e+00	5.383951585320523314e-02	-1.262459679694587722e+00
nan	-7.455361369530350002e-01	1.038340504146151311e-01	7.387273559943536849e-01
nan	-1.781207973800232658e+00	8.783232008643322430e-01	2.551875785486357739e-01
nan	-7.888974177677592070e-02	-3.142944350995793834e-01	-5.150077471011160757e-02
nan	-4.681910801599186711e-01	-8.006913855213410036e-02	-6.895487048252623152e-01
nan	4.051486733360193382e-01	-7.243517648238435580e-01	-5.440364576401576224e-01
nan	1.827811807621252393e-01	8.721039058407795697e-01	-2.211160679204030866e-01
nan	4.450317948486043895e-01	5.263918492862723619e-01	1.356604226726322526e+00
nan	-3.126886481488104774e+00	1.542180401337262197e+00	7.923761535087658903e-01
nan	1.436449125007437599e+00	1.018481033933139157e+00	-1.594615646740908943e+00
nan	1.186426852104294216e+00	2.447561825475569108e+00	-1.081611886483530904e+00
nan	9.719747363352166936e-01	1.507591858284203390e+00	1.741242168070223695e+00
nan	-1.424198636067732782e-01	1.434360862545065007e+00	1.186411783750918270e+00
nan	1.948319901610305438e+00	2.092576621442690410e+00	1.459508635160002843e+00
nan	1.726894627012675709e+00	4.973891459436421414e-01	5.698723269562956384e-01
nan	1.543379606640404855e-02	-4.967052824149843504e-01	-3.392892431636769235e+00
nan	-2.846532490766044532e+00	-5.772840251344094620e-01	4.081153776178219061e-01
nan	-1.917593812585788982e+00	-2.499706761762844565e+00	-1.095780308047265006e+00
nan	3.648701516118335597e-02	-2.760632444977205502e+00	-1.970526787612011166e+00
nan	-2.408524391510067364e-01	5.905856924775179095e-01	-1.379031543333718357e+00
nan	-1.413518356165356593e+00	-9.682065302045468336e-01	-1.538193121784066641e-01
nan	1.141008862316954975e+00	-1.040681416258318892e+00	5.214390100697119390e-01
nan	1.220323096490226189e-01	-3.809624408821448704e-01	7.060609598732495717e-01
nan	-4.132781241270455652e-01	-9.066909019478348597e-01	9.569241642961162642e-02
nan	-1.374786751401786189e+00	-1.732712722389914806e+00	-4.824536265263362766e-01
nan	-2.087337849331991180e+00	5.925533719346258721e-01	-1.067045752449632401e-01
nan	-4.737206465945419942e-01	-7.162588892653157790e-01	-2.577144727312150052e-02
nan	-1.212308231134683334e+00	-8.188036408698651236e-01	1.859741579379268872e+00
nan	3.576504669217245858e-01	-7.279788098430566290e-01	7.814436425888845461e-01
nan	2.277706705587115188e+00	1.238549458578987572e+00	3.757584365861047493e-01
nan	3.091109457076273159e-01	9.469157510500114672e-02	6.039690118932589113e-01
nan	6.137480840280435945e-01	1.741184270442483584e+00	-1.455828280703159172e-01
nan	5.859862568912166392e-02	-1.158791790723105120e+00	4.033543811692735792e-02
nan	-8.316439727168931095e-02	-4.806347633053537072e-01	-4.285956803999443898e-01
nan	-1.437315363736987317e+00	-3.698790378351156094e-01	6.250411754533373720e-01
nan	-9.271169469831085364e-01	3.090893683156091809e-01	7.751200004560442336e-01
nan	-4.023764822423611109e-01	-6.032670299562741256e-01	-4.017987106951693699e-01
nan	-7.761907157523471046e-01	-2.103218520636312150e-01	-1.648988042080091310e+00
nan	-6.451051556611250293e-01	5.834997197538438485e-02	-1.112128777877001706e+00
nan	-2.768594625007598342e+00	-2.211273486564065749e+00	-9.033655622218011993e-02
nan	-1.380368231324535788e-01	-1.039371706309035526e+00	6.271604189265694851e-01
nan	-4.342937321169264564e-01	3.690494919073678548e-01	1.778397593649327479e+00
nan	1.308498193433525802e+00	-1.456646493518708674e+00	5.390515081364501970e-01
nan	-2.032453588786749532e-01	-1.209568147732029697e+00	4.196913520720796376e-01
nan	1.132750785790455073e-01	-5.616684484545932943e-01	-3.330814546639678797e-01
nan	8.435487676338802032e-01	3.699920095022689592e-01	3.295099044448541181e-01
nan	7.411847511817877265e-01	5.873346948724105232e-01	-2.090388496474517410e+00
nan	6.289860835516467574e-01	7.010764517324410416e-01	-1.632674474079419014e+00
nan	1.029144787229359537e+00	1.759660173165747299e+00	7.026778459169974456e-02
nan	1.887127667288173161e+00	1.069070586760088037e-01	1.919013072533523268e+00
nan	1.392759308732309131e+00	1.912434183669361687e+00	3.202531807529775398e-01
nan	-1.335303638457897568e+00	1.970610272199499136e+00	-1.446418521222075704e+00
nan	-1.010981896256547330e+00	3.990396057651937056e-01	-7.565079716380576080e-01
nan	7.052649917305020555e-01	6.146795431335506654e-01	1.758489475494433574e-01
nan	-9.562616481739982799e-02	-2.845180611227372536e-01	1.165303027735036467e+00
nan	3.212131557340285326e-01	9.080821224779336842e-03	1.996968588946467227e-01
nan	6.402156147013632337e-02	-3.111814885866277525e-01	-1.021181904346129876e+00
nan	-8.095250765871244703e-01	1.280926339651486501e+00	-5.188719430079524741e-01
nan	-5.489343472919437916e-01	-7.269456962293426860e-01	-5.744235683482463717e-01
nan	7.755425935266668791e-02	-4.874675501327502269e-01	-1.863476531259542490e+00
nan	-1.180798934850638471e+00	1.414636699895447158e+00	1.763945036190542881e-01
nan	1.014049105953872321e+00	-1.980558625579706689e-01	1.739801675275067128e+00
nan	1.208592671693954790e+00	7.585323185177760275e-01	5.223001141533343272e-01
nan	3.048450227505997034e+00	2.310844054736415631e-01	6.617119777617491705e-02
nan	1.956071961783985902e+00	1.280785789903956751e+00	8.953919622922267285e-01
nan	9.263692898614908078e-01	2.825087221879859278e+00	7.943662883933604313e-01
nan	3.482891482296787355e+00	3.196276596909667589e+00	-3.413144567914225824e-01
nan	3.968829756372889594e+00	1.741151687539120640e+00	1.563747884006502220e+00
nan	-5.501343765207566960e-02	1.546525709017651407e+00	1.938886025539826363e+00
nan	9.235095688478855980e-01	-6.640677499438827347e-01	-6.842122991095496154e-01
nan	4.553913364363967320e-01	-6.674127907964603201e-01	1.089176854475611300e+00
nan	-1.442463012612611006e+00	-8.025518766585919561e-01	-8.578913131424823479e-01
nan	-1.550103104889689387e+00	-5.085148614919560162e-01	-2.053298733759208350e+00
nan	9.434216889953233043e-01	-1.158826342951946087e+00	-5.122063973353810917e-01
nan	-4.425348642592922821e-01	4.941264485541825568e-02	2.363347365854362447e-01
nan	7.218796002777242427e-01	-9.313852273172382734e-01	-1.273568321047423124e+00
nan	2.762375865631585548e-01	4.862288387673367462e-01	-1.995461209156085935e+00
nan	-1.075167670411304233e+00	2.403499709604937640e-01	5.362480916418027599e-02
nan	3.559871883285926630e-01	-8.331726868016035015e-01	5.501853414767293726e-01
nan	-4.421212500896266051e-01	-6.407353809986577886e-01	-2.604121661748995398e-02
nan	-4.908995949570276185e-01	-2.288227354702331517e+00	-1.562221594918547396e+00
nan	-7.420302485834771034e-01	-2.988106056692866330e-01	-7.569286359095248606e-01
nan	-1.215276526242881072e+00	-1.471549527329666096e-01	-1.868062186858435947e+00
nan	-2.493320184158775543e+00	-8.564708551952224802e-01	-1.093146985146204786e+00
nan	1.659437871792559527e-01	-8.097695971474700993e-01	-1.062063866228977638e+00
nan	-1.293898451250949488e+00	-4.115004851890413096e-01	-1.761787403023431509e+00
nan	-7.830168987085215360e-01	1.381911524578411488e+00	-2.145522296366085158e+00
nan	-1.521639181110775674e+00	4.624885691596266613e-01	-7.430477394544618974e-01
nan	-2.257897039702172926e+00	-1.617563818484089477e+00	-7.605589223862880832e-01
nan	-1.360278341210351183e+00	-1.796121849005687388e+00	2.637237449962726021e-01
nan	-1.038871382176515423e+00	-6.374705319424933680e-01	6.751680672576548803e-01
nan	5.507486153903504711e-01	-7.857752633973760226e-01	-1.197803663506593619e+00
nan	-7.696014338067780347e-02	1.476289229988225093e+00	5.963753547197933047e-01
nan	7.375570257429684418e-01	-1.246339310563138181e-01	1.482989873060439390e+00
nan	8.499158396812852567e-01	1.546282700940073696e+00	4.696702272843472636e-02
nan	-4.355726709470808533e-02	1.631379886008761382e-01	3.420460093958988423e+00
nan	1.499263001127199013e+00	3.546624275550577243e-01	1.203677794365670239e+00
nan	-1.088777628933193409e+00	4.434356304387773173e-01	9.227591565357966541e-01
nan	-4.505240234310924075e-02	-5.110237797496390844e-01	-7.299436359287859721e-01
nan	-1.545038494982747812e+00	1.880903402982471162e-01	2.665945456079042430e-01
nan	-6.902377174643525848e-01	-1.977061112637694129e-01	-4.910614054912405546e-01
nan	-4.523520670002527666e-01	-8.528166529784444450e-01	-1.120046683223308026e+00
nan	5.517133545505004122e-02	-1.157352265772209066e+00	-5.789848683731979584e-02
nan	-3.194328541301005853e-01	-1.962239177473182217e+00	-1.399251613912407155e+00
nan	-1.393851284540947422e+00	-1.590852625224261407e+00	-1.034905850658134785e+00
nan	-2.010753715325256596e+00	-3.531616928252676590e-01	-1.156662037419919908e-01
nan	-1.017606565979013444e+00	9.979895938037142145e-01	2.903752913495226684e-01
nan	5.229556073887620116e-01	1.024514352230913472e+00	8.611985954966635548e-01
nan	1.352746183931482493e+00	-3.492908764231793528e-01	3.967990221613449942e-01
nan	1.517646555679906806e-01	9.015117946952475592e-01	-2.014016112166419348e-01
nan	-1.948050915831926133e+00	1.781849486570030727e+00	-1.574685948884769537e+00
nan	-5.902506508619050907e-01	1.824722199344217088e+00	-5.572743414343268586e-01
nan	4.754686664729586010e-01	9.607641998105502790e-01	8.793099284190029064e-01
nan	-5.669724909998093976e-01	2.531654315961870960e-01	1.272964764886920896e+00
nan	1.983535799566034097e+00	-6.665715382366638186e-01	-1.590784432070744270e+00
nan	-9.105721307833303246e-01	3.225819681449220155e-01	-9.179430151096781287e-01
nan	-5.517251856184113290e-01	8.521742795811226845e-01	3.772596720190725672e-01
nan	1.232042733998675699e+00	-2.135016915658057179e+00	1.124135035009721006e+00
nan	7.692510412585844559e-01	-1.075717437438155066e-01	-4.600472096120526988e-01
nan	-4.480752159686198222e-01	1.028995036856497292e+00	-9.221143465480712287e-01
nan	3.371397633189062715e-01	4.999216041940240940e-01	1.768129321127472897e-01
nan	7.076245454675039737e-01	7.964700334857519604e-01	-5.166885479958938099e-01
nan	1.468724455518424510e-01	2.801284755411996841e-01	-5.649057519623348345e-01
nan	-1.216517571545903786e+00	-1.738515745929534617e+00	5.396451266088396481e-02
nan	1.625839279812389959e-01	-1.417379481093177684e+00	-1.887922115567966408e+00
nan	-5.552795748304701906e-01	-4.375013079693701457e-02	-1.912254407142828239e+00
nan	-1.999688757314864063e+00	2.263027070163274423e+00	-9.790711939080434245e-01
nan	-3.106155949460530419e+00	1.710358692834803129e+00	6.137206553430260003e-01
nan	-1.535295969593843124e-01	-7.455831997518984622e-01	-1.645276586084043480e-02
nan	-1.364835957923391740e+00	6.945503757023034908e-01	7.230443283051245507e-01
nan	-2.765066238752524885e-01	-9.397491029328487455e-01	6.167521160667455149e-01
nan	-1.798662992987461740e-01	1.194394147349099100e+00	-5.434439546972051893e-01
nan	-4.737821559620309930e-01	-1.470830188371527569e+00	-4.335610182020208647e-01
nan	-1.393673117905104064e+00	-5.021451904757170404e-01	-6.220030704985388681e-01
nan	-1.116075759582155547e+00	-1.657068361187598038e+00	2.477999811166269328e-01
nan	-1.313829244173706057e+00	3.333995878872113572e-01	-3.903478027527674810e-01
nan	-4.551827166910922817e-01	2.137386774579017046e-01	-2.313151721183310805e-01
nan	9.442836210035085998e-01	1.077231913146470266e+00	-1.406801572487732521e+00
nan	1.789322091117692803e+00	8.818908919775596544e-01	6.257426387131190815e-01
nan	1.735293661961065714e+00	-1.285328946118347249e+00	1.546330082283373430e+00
nan	-2.220427955893141680e-01	9.484906013875984421e-01	1.887532545884687218e+00
nan	2.320026040239238085e-01	5.273088179514249241e-01	8.008394601955892700e-02
nan	-8.075803076331364849e-01	7.687594958154990721e-01	1.037370308292035137e+00
nan	-2.184518408444260928e-01	-7.505773653640995802e-01	2.057334763422542068e+00
nan	4.373204626114849392e-01	4.043401935195131136e-01	1.575064870321076560e+00
nan	1.193153641819088451e+00	2.508334555665695298e+00	1.048004709726439554e+00
nan	1.735606414082655480e+00	5.599835576071189314e-01	1.484087312571363837e-01
nan	1.658838215950018347e+00	1.912306513713710743e+00	2.044938220353905045e+00
nan	2.323053530899984676e+00	1.358788114373029821e+00	3.270730180613891314e+00
nan	1.869380900485447361e+00	7.619341404636024162e-01	-2.614775156679514101e-01
nan	1.288485407494286195e+00	7.153220006202527514e-01	-9.661661583781649965e-02
nan	3.478272370126353485e-01	-1.654133136433819651e-01	-4.117178699621149018e-02
nan	6.692096001687728446e-01	-3.097216973511375815e-01	3.111881006520350601e-01
nan	-6.023326587168960078e-01	-1.049918454786399113e+00	2.273585736916892419e-01
nan	-3.779643913961948098e-01	7.809813108799792403e-01	-2.017655160436933937e+00
nan	-2.476860734602933878e+00	2.004633877767618699e+00	-1.506312061263791913e+00
nan	-1.037038187474547124e+00	1.304496776352914500e+00	9.647412121396320428e-02
nan	2.826405891153681571e-01	-5.686856118503835766e-01	-1.553526450114965929e-01
nan	-1.387699714676779772e+00	2.693664065517782646e-02	-9.754029007467791557e-01
nan	-2.457770612610585381e+00	7.650485922811132156e-01	-3.842834032277771539e-01
nan	-2.494750172908145824e+00	-3.833021668144847571e-01	6.948590654590758309e-01
nan	4.407098693825441948e-01	-4.540209546354132542e-01	1.377125345698733405e-01
nan	-7.136047808990088059e-01	-6.612323736033751675e-01	-3.843479508028366243e-02
nan	-2.303388147090200955e-01	8.933707845063980635e-01	8.550868819287317235e-01
nan	9.174324833105425014e-01	-1.437731334746296996e+00	1.407686053053490149e-01
nan	9.986065462499038592e-02	-2.211493890426525777e-01	2.435362527800203347e-01
nan	3.280189394492690758e-01	2.766364084962146808e-01	-2.100043158877566540e+00
nan	2.502522265355813791e-01	1.679203572238432862e+00	3.208551069756389040e-01
nan	1.036658080909829138e-01	6.698456024398811159e-01	-4.152903576578605982e-01
nan	2.010578131666639345e-01	2.090331829847694167e-01	1.469277251347281266e-01
nan	8.445898660079051989e-01	-8.866453104986218303e-01	6.271709566291820970e-01
nan	1.442032985764801323e+00	-8.366229827718736356e-01	4.675891695267375692e-02
nan	-7.413441243557787885e-01	-1.515166408912294704e+00	4.558799084537288326e-01
nan	-1.147435698650204339e+00	2.366275126755101876e-02	2.113255487146959766e+00
nan	-1.084856908157916244e+00	-9.807413101970234859e-01	1.831736363158083192e+00
nan	1.361394942116012308e+00	-7.680558695041446171e-01	2.981003586937773342e+00
nan	1.444648756697517911e+00	1.603687609097474154e-01	-4.198242601200972146e-01
nan	1.792683297109260332e+00	1.370441829578631587e+00	-1.006978631558390846e+00
nan	4.490429982528985065e-01	-8.078596749295469115e-01	-1.327954689605117533e+00
nan	-1.529970224215110863e-01	1.500963726940082399e+00	1.532559644759179385e-03
nan	-1.946803957874285174e-01	1.427410676729185535e-01	6.731025299442132681e-01
nan	-7.947381250791313301e-02	1.390158550315733210e+00	6.458141869202194130e-02
nan	-1.573305923090248415e+00	-1.022384634106974444e+00	7.569701196154681178e-01
nan	-2.442498478057941180e-01	-1.181257894347760296e+00	5.982568574386810667e-01
nan	4.140459396261840785e-01	-1.097576393964184716e+00	6.305521250899486230e-01
nan	2.044455431963014824e+00	-1.312864598281306694e-01	-3.887986441725118647e-01
nan	-4.787685599466136033e-01	2.907561963607382172e+00	-8.622913179224518387e-01
nan	6.564696554345599289e-01	7.534291089783010653e-01	-3.659910256451558430e-01
nan	-1.800743220342637674e+00	1.405251766455139162e+00	4.188502834534980623e-01
nan	-1.560255033435179184e-01	8.084725816545166310e-01	1.876506923899389223e+00
nan	6.399814388322498937e-01	1.320275533921674960e+00	-2.530370952572513765e-02
nan	5.445269006447255311e-01	8.142340365107105793e-01	-6.523641667876161065e-01
nan	-4.241488830829384105e-01	6.701638197900450233e-01	7.411853713558077539e-01
nan	-8.090176248877454235e-01	8.960313273439903803e-01	2.070186112453693106e+00
nan	9.091307800234356140e-01	-2.453537456770779335e-01	2.004472897585998226e+00
nan	9.894798714924631922e-01	-1.449542514425373518e+00	-9.430301423147136042e-02
nan	8.939194041398548785e-02	-9.475603181099808703e-01	-5.177139471678705585e-01
nan	-9.565908711851425217e-01	-8.126013716156381683e-01	-1.484331968328561402e+00
nan	-8.527756659845585618e-01	7.712800956454742840e-01	-2.979279580523505278e+00
nan	-1.625680711984827997e+00	-3.040428923073280609e-01	-2.841801417450302125e+00
nan	-4.788802216439667081e-01	7.625957560769398569e-01	-8.342517107100773099e-01
nan	9.860478615797509949e-01	-3.879223456545877746e-01	7.199397884517252377e-01
nan	4.318076881560063418e-01	1.614701681458010851e+00	1.456006089607264853e+00
nan	2.702115037389979157e+00	2.656064561793045620e+00	3.358037252975160092e-01
nan	1.478666006686645940e+00	1.972363672227793963e+00	3.092926835640980032e-01
nan	8.183729972182405277e-01	1.546022042883115954e+00	7.760443274082168275e-01
nan	2.127260905125983648e+00	1.457615562874916559e+00	1.741326259505951768e+00
nan	3.559519247880406745e+00	2.488651682747604621e-01	1.990883885525033259e-01
nan	1.198918434610235950e+00	2.534339063902792510e+00	-8.767842389419569504e-02
nan	-7.770150974846394831e-01	5.840837404686918255e-01	9.293977822660803856e-02
nan	4.602591489689698001e-01	4.545452364488022368e-01	-4.224997747738731824e-01
nan	6.782193307039591224e-01	-1.066682640027356799e+00	-1.666431389223115067e+00
nan	-3.624484022771389813e-01	-3.538700634258763467e-01	6.172109320356096163e-01
nan	-3.665224465312111324e-01	1.062090805952057959e+00	9.863658383768296734e-01
nan	9.286012357017161545e-01	-7.815683689705824611e-01	1.419840666081856551e+00
nan	-4.405439341711404611e-01	1.187969028113215753e-02	1.451158670616388813e+00
nan	1.520994635851825372e+00	4.880333290685517911e-01	1.048359890217041013e+00
nan	2.240246153678147500e+00	6.506833850963378296e-01	1.248075010629587922e-01
nan	2.070269722453341732e+00	1.802249616144973920e+00	-3.074656528085860097e-01
nan	2.475097580192574531e-01	4.220979445580699263e+00	-1.198832607278945472e+00
nan	4.631984722227782125e-01	2.774126460497521762e+00	7.639298737915487525e-01
nan	1.235812379502874814e+00	5.044383716544504903e-01	1.228086960485825552e+00
nan	1.704243936036984319e+00	1.843304198208786548e+00	-4.921551297275358339e-01
nan	3.819614772560792071e-01	1.146500424908287741e+00	7.961825311551522510e-01
nan	-6.881132051413642037e-01	1.736277637086621750e+00	1.177303233922089021e-02
nan	3.578070382309791464e-01	-2.589246012485141857e-01	3.308103774621033999e-01
nan	-1.637818851881411575e-01	-1.595467293051199276e-01	2.007843941336761584e-01
nan	1.864404801916474397e-01	-6.657494695629920800e-01	-1.210947716064346702e+00
nan	-9.172524719339083532e-01	4.941242036328443721e-01	1.474658912037075886e+00
nan	-4.293681746536565647e-01	-2.339503169062800980e-01	3.043814614862946355e-01
nan	-3.517714724732194376e-01	1.460043210736433061e-01	-5.393080481817679184e-01
nan	-2.036304614382677958e-02	1.044404279689010506e+00	-1.563406052160772886e+00
nan	1.158726043193446520e+00	1.327054102767110777e+00	9.072052393694981509e-01
nan	8.326801516533897107e-01	-2.909930941317599995e-01	-1.076502049719305631e+00
nan	-1.701825946369587950e+00	3.203508703324000617e-01	1.031078683855367606e-01
nan	-8.797974915701696208e-01	3.432679076697999210e-01	2.161792741911417792e+00
nan	1.098685042013866298e+00	-1.741233871552988255e+00	1.598067939607205279e+00
nan	4.754528465830037964e-01	-6.518882931685141546e-01	-4.848580445055667987e-01
nan	1.609943602215703207e-01	1.423889985881318099e-01	1.097256028555366081e+00
nan	1.964540288269804869e-01	-4.073727976125356143e-02	-1.448327910551732600e+00
nan	7.474214973530235451e-02	2.168731817819841701e-01	3.499705624296800544e-03
nan	1.355039637958111554e+00	-6.942804170893169813e-01	1.598005731268122842e+00
nan	3.120197529966965977e-01	1.374573676106406239e+00	4.566830948118432154e-01
nan	7.510773938893980928e-01	-8.956051779989893102e-02	4.647658678302167279e-01
nan	4.986448124418307870e-01	1.135673205395898888e+00	-8.745416351158145918e-02
nan	1.101690610318619701e+00	-8.045838316701001691e-01	2.550371681498962428e-01
nan	3.392202832661170842e-01	-1.206407308516548760e+00	-4.637404539407533610e-01
nan	-5.492601642731337330e-02	-1.069667755343476634e-01	-2.249311041438164072e+00
nan	-1.013551154679147581e+00	1.006564971116155893e-01	-6.782246101590380105e-01
nan	-3.784382340405954004e-01	6.326693398660474532e-01	1.278667806545054519e+00
nan	2.580719464835454779e-01	-6.345594388500230831e-01	1.212920378486034956e+00
nan	3.322997271843588507e-01	-2.578959322297792456e-01	9.600303670230783126e-01
nan	-1.856243752057383123e+00	-1.386166753292217946e+00	1.242647739757814618e+00
nan	4.273894781354714567e-02	5.767532194906522802e-01	1.487939581537130795e+00
nan	-7.751469136066719834e-01	7.100694213413094591e-01	-2.094148098194315022e-02
nan	-7.121208420205402678e-01	-1.341964646935146721e+00	1.546453466342704308e+00
nan	-1.225050884805317652e-03	-5.010228027823805386e-01	-8.492044766132759992e-02
nan	-4.147773798581168014e-01	-2.339491162656523460e-01	-9.375399355532498813e-01
nan	-3.345002961707255751e-01	5.779156237036671140e-01	6.113203167746943389e-01
nan	1.281757950480355568e+00	1.143164610176098828e+00	-4.485634234927449171e-02
nan	2.575018633753001218e+00	4.454353669041147823e-01	5.856364117886365683e-01
nan	1.528907503259971712e+00	1.208163992852692825e+00	1.065146669352974307e-01
nan	1.535057520590453084e+00	2.377513870849173649e+00	-2.704736754320717362e-01
nan	1.095789320791487054e+00	1.722063431009192236e+00	-7.307773275905478094e-01
nan	6.206115322972728388e-01	5.130236032248280953e-01	4.429171232036200889e-01
nan	2.027217589604179970e+00	-6.145693387081201386e-01	9.194417737049964678e-01
nan	1.928765939466531520e+00	1.636843792431571298e+00	-3.291453434233360120e-02
nan	1.411645755756590015e+00	-1.681622286298154689e+00	4.447953070598525960e-02
nan	-3.326667739809598956e-01	-1.401379775179156351e+00	-1.310348747874704678e+00
nan	-1.674404753294960635e+00	-1.277417383955226082e+00	-2.455285825535192812e-01
nan	-2.036954995246724742e+00	6.559476751346317025e-01	-3.947189825009112529e-01
nan	3.113849858196728881e-01	1.694873144411534360e+00	7.457948387610034979e-01
nan	1.558627698903370717e+00	-6.317370295449176165e-01	-4.375441846332647211e-01
nan	-1.482419306156972594e+00	-8.154782680905735548e-01	1.750369029584748048e+00
nan	1.751594879599786547e-01	-2.138369457801973184e+00	5.937468960685656771e-01
nan	6.795547708049978208e-01	5.040588502608452925e-01	-1.897336839376789097e+00
nan	4.628113754743501951e-01	-9.292839023421806122e-02	1.533935919050824381e+00
nan	1.380248224465741913e+00	1.166068062179753229e+00	2.275169537046834556e+00
nan	5.531336134510927982e-01	4.181714719046109030e-01	2.009154294955322939e+00
nan	-1.034718692015115238e-01	-1.058580245362359396e+00	1.524436157455099750e+00
nan	-1.412060805478149161e-02	-3.613536411168228324e-01	2.304239293221597151e-01
nan	1.687491370751759812e+00	-1.234795812002114967e+00	-1.538501953115898990e+00
nan	-3.357281008196738581e-01	3.614331940683854771e-01	-1.410199420259265590e+00
nan	-8.107522278768224400e-01	-3.256764168930011416e-01	2.449989864812711082e-01
nan	-1.915752649714649314e+00	8.353686898391644577e-01	-4.925316683282858210e-01
nan	-5.002488354405066895e-01	-2.694165891654012324e-01	6.045580848355672221e-03
nan	-1.746609995546760108e-01	9.832615892419024894e-02	-1.938281610130060173e+00
nan	-8.730811651275127705e-01	-1.179189588001986921e+00	-2.578608468513978735e-01
nan	-9.716737049069410492e-01	-2.196177466030924119e-01	-9.551070882423635666e-01
nan	-1.435702665428591818e+00	-1.524598243346618309e+00	-8.691108873438444515e-01
nan	-1.921770044822700862e+00	-1.915806241929625786e+00	-1.986016785920402317e+00
nan	2.436348479194245797e-01	-3.284524045907788903e+00	-6.655275259838905333e-01
nan	-3.691388090379773557e-01	8.680919421415311810e-02	3.060030017141581737e-01
nan	1.066811214943240271e+00	-8.932065004276396047e-01	7.265535028546435403e-02
nan	-7.194005811035557307e-02	-8.554201847688278071e-02	-1.326038886857123233e-01
nan	-5.669818378864124320e-01	2.453423698446878909e+00	5.348557012162789004e-01
nan	8.636676350058414275e-01	1.341072072530820947e+00	1.429246852055908068e+00
nan	3.235030651043855343e-01	1.142081338144620428e-01	1.757137780750024580e+00
nan	-4.822972722191404271e-01	-1.415040355915030190e+00	1.956110906655334492e-01
nan	2.531921611872420819e-01	-1.900574823735878383e+00	-8.106942411402449089e-01
nan	-2.537124987005307197e+00	3.114962361797107837e-01	-8.412184119221707279e-01
nan	-8.265828904581962178e-01	1.810987992218141329e+00	5.752379046973941090e-01
nan	7.582538802273289802e-01	-1.041182608321528758e+00	-7.301977259232705908e-02
nan	-1.094508480753310753e+00	7.898172470156342717e-01	9.341750361629703736e-01
nan	8.569114477643543504e-01	-1.657217762308305975e+00	-9.658581157007688489e-01
nan	-1.162750324955585945e+00	2.204947682338460890e-01	-1.281820330475479164e+00
nan	-1.649121758491018497e+00	1.408552690019015730e+00	-2.437847291097757774e-01
nan	-2.784452527855786341e-01	6.862105480734548291e-02	9.562911537985856469e-01
nan	-8.155036796969231117e-02	-2.028592197953661413e-01	-5.795017173986153347e-01
nan	-7.617760564405315349e-02	1.043487296206747406e+00	-3.083895684901231116e-01
nan	1.688338315047867688e+00	7.206819782914313244e-01	4.380353900819747293e-01
nan	4.769771079132725244e-01	1.723752105739428719e+00	1.608256767462560299e+00
nan	1.725364663242942687e+00	3.300600759173057952e-01	2.450222355711161981e+00
nan	1.188241980876696191e+00	1.704771636865783702e+00	-8.855703590439389927e-02
nan	5.145505505992530315e-01	1.967530041717923339e+00	8.670554960438040526e-01
nan	2.232611596705940116e+00	9.497560355775307439e-01	7.311827461491146041e-01
nan	-1.220510978996517837e+00	1.696238670496404755e+00	-1.057322544337337078e+00
nan	-4.140312722811783086e-01	6.597690792304420349e-01	8.454704738372469386e-01
nan	-5.934554855629523562e-01	4.656974047131636762e-01	5.625632066316287316e-01
nan	6.509857946537863649e-01	1.936955523600524254e-01	-9.645476798893440895e-01
nan	2.682879163766801467e-01	-1.704894274099499896e-02	1.413425035311785205e+00
nan	-3.055391336534384328e-01	4.572272969288829203e-01	-5.146203643427474939e-01
nan	-2.013112585031772706e-01	6.579674452059144918e-02	-1.581792250242186060e-01
nan	-4.837400198831255382e-01	-1.393850842553830738e+00	2.207932176770993349e-01
nan	-8.429811034063890984e-01	2.641165582935731670e-01	-1.558389023628005576e+00
nan	-3.139366044776885079e-01	-2.261387531999496492e+00	-8.279365367749756954e-01
nan	-1.261121544928325511e+00	-5.958599922922325209e-01	-2.517618353041383816e+00
nan	-2.672475255726673993e+00	-5.421527837011479445e-01	5.682739684113495837e-01
nan	-1.476229886060238528e+00	-2.372633034078046599e-01	8.217857880276888127e-02
nan	8.462947606875356188e-01	-1.176286078022496628e+00	-1.765828695606846299e+00
nan	-2.365012346698531220e-01	-4.598628254887909828e-02	3.573008719534001010e-01
nan	-1.252950277774005083e-01	2.669083076764840468e-01	1.084289930267938074e+00
nan	8.299130442436186694e-01	1.927722364127287813e+00	4.797588055458323342e-01
nan	-3.979509420027227407e-03	1.229188894076851835e+00	1.399250954617675680e+00
nan	2.904493519150835867e-01	5.299041791167217186e-01	2.719391068784438481e+00
nan	3.303206273611862809e+00	-2.439858364791536616e+00	6.750280845871750035e-01
nan	6.976963582426889410e-01	9.272492233015089402e-01	-1.679476862380721025e-01
nan	2.648540105218376572e-01	6.964579450024934726e-01	2.128095251436807334e-01
nan	-1.268437422385657154e+00	7.660211452615937056e-01	1.012075392242496541e+00
nan	1.197718083094397201e+00	1.007323744487971018e+00	4.774520417132491201e-01
nan	1.812944992035969705e-01	-8.594978668920743026e-01	1.292359374852922294e+00
nan	1.131072208995639317e-01	-7.978034148054077290e-01	-2.018697793872793744e-01
nan	-1.023048919649268418e-01	-7.428549222693276999e-01	3.343627752774069872e-02
nan	1.847673052719357445e+00	-9.191519205470430887e-01	2.076731442519389459e-01
nan	2.057450505113580075e+00	1.813492534937065193e+00	1.194692257198277874e+00
nan	7.654885731183962427e-01	6.989690203047793648e-01	1.080606478231389556e+00
nan	1.133180510663863050e+00	-1.645613842149338257e+00	2.732623791676021541e-01
nan	6.235271934705384489e-02	-1.395822335312582041e+00	-1.403162431202098048e+00
nan	-8.103432317653853634e-01	3.138320183563855781e-01	-1.912112263619704766e+00
nan	-1.505815998679959300e+00	-3.359071865652411226e+00	-1.855695675332716954e-01
nan	-1.087033469364759197e+00	-3.493381441383835995e-01	-1.358166570318633415e+00
nan	-4.201973171851355326e-01	-1.038699175167986821e+00	-2.205644722063061502e-01
nan	9.025744274200510064e-01	4.060142521303424790e-01	7.222597227913540863e-01
nan	-9.039493992938258948e-01	-2.799265199424939010e-01	2.169206040279145764e-01
nan	-1.306975469332141593e+00	9.650799542224901550e-01	9.436882377337837968e-02
nan	-1.399995299004936022e+00	9.686721750526900987e-01	7.178729543716676487e-01
nan	8.371808378237233228e-01	1.854068013990826380e-01	1.105339285080247036e+00
nan	-2.047618635533002829e-01	1.437526970471155741e+00	1.664153015901697952e+00
nan	1.928589295623752919e+00	5.382512183115921722e-01	-2.078663475584004994e-01
nan	3.270154316187708687e+00	9.061939583789404562e-01	6.771051071220274276e-01
nan	9.036950858721113367e-01	2.252728132008641193e+00	1.251416804235707669e+00
nan	3.860293683122436814e+00	1.867158108900645264e+00	1.780247769318758611e+00
nan	1.312962673617219078e+00	2.331078118127851262e+00	6.518174813372135112e-02
nan	1.331106538220595104e+00	3.994235177274692017e-01	3.075239473269612001e-01
nan	1.153932901110517051e+00	1.147409169181270894e+00	7.019121467936317860e-01
nan	6.640447469178957229e-01	7.064920804960458378e-01	1.182431887771876244e+00
nan	2.708221649979590140e+00	-6.421162476801252073e-01	8.235009654900418141e-01
nan	8.754147329926174059e-01	1.411441982555609598e-01	6.151827532069945731e-02
nan	2.296741651379874405e-02	-1.650531025071144131e-01	-2.842692301188780024e-01
nan	-2.319196921417506774e-01	-1.398292357910146277e+00	-1.642987161331307677e-01
nan	-1.327380203190855479e+00	-1.460213985491858768e+00	-2.000001782859156751e+00
nan	8.931330709650808775e-01	-1.840768003328001612e-01	-1.341808764579376367e-01
nan	-8.345493433122693760e-01	3.317754809123684145e-01	1.697966139472040448e+00
nan	-1.277252661762275920e+00	-7.808163492386422933e-01	-1.733250228578619989e-01
nan	5.705725086133075497e-01	-1.557806536087379623e+00	-6.779630577513651168e-01
nan	-1.033820194188623809e+00	1.453746843789341936e-01	2.309318708066020687e+00
nan	5.284049040636396022e-02	-3.940195425024332065e-01	2.033184555847944441e-02
nan	8.489339313658816888e-01	6.160294068141215496e-01	-1.499809578916094344e+00
nan	1.718857618798895759e-01	1.238206971754632235e+00	-1.258328661521400882e+00
nan	3.472761961838714134e-02	5.843806788175565092e-01	-1.278632324599457970e+00
nan	1.588902936518130360e-01	-3.276962315082096455e-01	1.846181699915070196e+00
nan	6.884318097213276699e-01	-1.344609610635298713e+00	1.022494422138400694e+00
nan	-1.809222156655371450e+00	2.026793326610882018e-01	-2.441118698782555052e-01
nan	-1.286328957856467170e+00	-1.588546443189854163e+00	9.382166614111638880e-01
nan	5.631024610271462283e-01	-5.064704531814456789e-01	1.485740653474549866e+00
nan	-2.141450464910589213e-01	1.358072103943683828e+00	2.748642411701911481e-01
nan	-6.090942840420404680e-02	2.065307423317233493e+00	7.906261981042843612e-01
nan	-4.140428805625328001e-01	1.249871373429896515e+00	-7.199661859445637413e-01
nan	-1.028598496860427813e+00	3.380683748482847806e-01	-1.295860087244647296e+00
nan	-8.144957172955338276e-01	-1.128035684174624631e+00	-6.676510171913396796e-01
nan	-1.830379555215630782e+00	-1.381603299071331392e+00	3.954538944697911784e-01
nan	-1.600585001779793348e+00	2.112691038993808057e-02	-9.826021616620694843e-01
nan	1.650878039813320486e-01	-4.843348855408341480e-02	6.408441596413962937e-01
nan	-6.454412632311250508e-01	-1.346646500986336203e+00	2.473059435024752006e-01
nan	3.457631497588501412e-01	-4.646512083430869855e-01	1.904595433177705077e+00
nan	-6.636227238657057548e-01	6.011678094026517982e-01	9.377003017350782343e-03
nan	2.858183567415768511e-01	1.956492349573643930e+00	6.086904064217295574e-01
nan	-3.002938010213770381e-01	3.135694257548596320e-01	4.166460004594276234e-01
nan	2.293620124718173781e+00	4.218997229549008576e-01	1.065163662209014150e+00
nan	-2.834027341237210784e-02	9.446040058128699624e-01	1.475548341334433355e-01
nan	3.794028719583219189e+00	-2.298263023785140913e-01	-1.430395532360379640e+00
nan	-8.176515296272514055e-01	1.134997042721598515e+00	-9.144960201232148478e-01
nan	6.402614460968700238e-02	-1.733453484111733278e+00	-1.944376662341723572e-02
nan	-1.348344783892562848e+00	-1.130391472396289343e+00	-1.170917960083439846e+00
nan	-1.136312988277845770e+00	-1.748908047310893554e+00	-5.503046206176842592e-01
nan	-2.185895505098191194e+00	-2.010606903387599509e+00	-3.097714556648153983e-01
nan	1.649315254189176461e-01	5.803832144958471773e-01	-1.641662069716387284e+00
nan	-1.598767527667320776e+00	7.593974546950933435e-01	-6.064416911909422669e-01
nan	-6.946694779273989706e-01	-3.431021748134825411e-01	-8.835941453873635831e-01
nan	5.824865806265089319e-01	5.692663409608931246e-01	6.791975435104931069e-01
nan	1.402227290969554119e+00	1.070902950444100110e+00	1.605054973398186924e+00
nan	3.432807702266944094e+00	-1.046175107515512348e-02	2.511299509490717563e-01
nan	6.793128979006651802e-01	2.386562436109767482e+00	-7.305082040402889332e-01
nan	-3.826311514938172120e-01	-3.981147383614435098e-01	7.172741395616001325e-01
nan	-2.578585862456955202e-01	6.827016759964033010e-02	-1.103939425603488234e+00
nan	-9.601049818777568357e-02	-3.524519221127304092e-01	6.913933051585849920e-01
nan	-8.698097811548546332e-01	-6.392123422753478446e-01	-2.182707812441155582e-01
nan	-2.450684061536123615e-02	-6.428344695653155361e-01	-1.844390036365762375e+00
nan	-9.145233329775945830e-01	3.891763611613365814e-01	-2.412564437366031544e+00
nan	-2.694527120079412530e+00	-2.252638107610940021e-01	-4.140896664669379557e-01
nan	-5.066685095175953446e-01	-1.305888806093047361e-01	-7.876768985926383415e-01
nan	1.411398319228465592e+00	-7.991274953407901949e-01	-1.105418782242597597e+00
nan	-5.149898794259684109e-01	1.944375307244456508e+00	-2.221964165606058472e+00
nan	-1.445063724711981745e+00	5.355288178066146543e-01	-3.469853661792913879e+00
nan	-2.210601115500954172e+00	6.850863345671629467e-01	-1.377197964277965925e+00
nan	-1.346793062239018957e-01	2.068425570812558179e-01	4.374021936706812830e-01
nan	3.202864003384372493e-01	-7.110025758269528096e-01	8.265545110428647035e-01
nan	8.710734001269135884e-01	-1.324267874121161315e+00	-2.956775641997411719e-01
nan	-2.919514641577721781e-01	6.917989824423784184e-02	-2.379867556558718178e+00
nan	3.233058669347399494e-02	-6.399823782212309409e-01	-5.273984981773126579e-01
nan	-3.346837615447667558e-01	-1.079413606291674155e+00	-3.656961197377126549e-01
nan	-6.906374594009381251e-01	-2.244294705190801320e+00	-1.366808295173348675e+00
nan	-5.668635048112613539e-02	1.038464563357852866e+00	-5.846347438559860166e-01
nan	-4.102131276731532106e-01	1.467251363910848205e+00	8.797242897197360412e-01
nan	1.415473869804150020e+00	1.409349064604964896e+00	3.568231665883192516e-02
nan	1.147425756530697782e+00	1.166070769936417451e+00	1.177933091533982957e+00
nan	1.555414151911927778e+00	1.232341427382378729e+00	-6.527273443613644810e-01
nan	7.378927649291482371e-01	-3.042836326088188548e-01	1.844798012995391978e-01
nan	4.152945492867914923e-01	-6.844046859124129911e-01	7.520760916754097858e-01
nan	7.813909621408946515e-01	-5.187986849927370137e-03	9.051265991534156452e-01
nan	8.853552708570309182e-01	4.032772134979625278e-01	-4.521279289273578139e-01
nan	2.115485303339466883e-01	2.421021944872668641e+00	-4.287099938704375668e-01
nan	-1.450208711683144358e+00	1.966853154009040594e+00	5.302713583790014118e-01
nan	-1.336283343492109088e+00	-1.675979696390459683e-01	3.288041691965462476e+00
nan	1.586737679356111652e+00	-1.779158171848024050e+00	1.147144400118454755e+00
nan	4.766569468809817023e-01	-1.021491986871525981e+00	-2.069139053281932039e+00
nan	-1.813552243656018303e+00	1.816935754590382146e+00	-4.867200742566959448e-01
nan	-2.496845155588945375e-01	1.465830303788126177e+00	-3.831396740163436898e-01
nan	-7.037094327248040182e-01	6.138769759817284122e-01	3.878221997000741439e-01
nan	2.620734204303163950e-01	4.859051250362360630e-01	6.720958265544361154e-01
nan	-4.308402618668076833e-01	9.846142188634855463e-01	1.911395268748720122e+00
nan	-3.056643448558195031e-01	3.266987627545331341e-01	1.458825082112905624e-01
nan	1.131907080988525882e+00	9.951475442352148981e-01	-1.075830306160482808e+00
nan	1.262200605713714729e-02	1.637039437001518660e+00	-7.273277369624197020e-01
nan	1.448001855252881720e-01	1.135483358883396132e+00	4.472068436284105664e-01
nan	6.934085607430268139e-01	4.143210326420690426e-01	8.266146069360410520e-01
nan	-9.797081961884747114e-01	-1.070029512001243521e+00	-6.146827168665176533e-01
nan	4.448026074014596043e-01	8.951191765961817870e-01	-7.463855839978035256e-01
nan	-5.851557401192335472e-01	-2.740752511649620637e-01	-2.044447399153172640e+00
nan	-9.911189886744339317e-01	-1.631803082043780773e+00	-6.362590977221715960e-01
nan	-4.066358751052803200e-01	-1.812961468254612019e+00	4.053569065672315563e-01
nan	4.091988273115421126e-02	-2.033079954859864369e+00	-2.492966802033262930e+00
nan	-2.743925748061295078e+00	-7.362494314504248738e-01	-2.860060100422758822e+00
nan	-1.041649499052767380e+00	-7.948248365234602542e-01	-1.623747138625007747e+00
nan	-8.722285080177285543e-01	-1.575586263121246944e+00	3.782035949729278812e-02
nan	-1.316833464694260325e+00	-6.138110061081756275e-01	-9.679859789217806210e-01
nan	-2.246558370625707513e-01	-1.432816365991955276e+00	-7.736561472701252162e-01
nan	7.301008841849333519e-01	3.883622223910238036e-01	1.966390993817040744e+00
nan	1.713868374789448090e+00	-4.467700553452448875e-01	1.785531047377143299e+00
nan	1.141598582686714103e+00	8.585371006947462025e-01	-2.101400572787850862e+00
nan	-1.088482269150314874e+00	1.288201157885460635e+00	-1.755476571118655960e+00
nan	2.985321510919707322e-01	-1.431525676214767673e+00	-2.975602732508352055e+00
nan	-2.717683850420922198e+00	2.172287295567631449e-01	-2.769117399717871741e+00
nan	-1.623715861004604299e+00	-1.307508741316072864e+00	1.081164227826303392e-02
nan	-7.658260173214743727e-01	1.419449054144827471e+00	-1.065178213436767551e+00
nan	-1.873951818808599068e-01	4.549256193199027187e-01	-1.055254442252149399e-01
nan	-8.739365046635095835e-01	-1.194705663797638540e+00	-3.319530943150323932e-01
nan	8.583803816985813295e-02	-1.224389950186838050e+00	6.735992179715416528e-02
nan	-1.095279011294763238e+00	1.413502895750845312e+00	-1.469270740010459431e+00
nan	-3.138488138211148470e-01	6.326897301885371361e-01	-2.697062983371848466e-01
nan	3.216144704122901321e-01	-2.133638111645212165e-01	-6.195825401162314838e-01
nan	-9.223153366457769176e-01	-7.860366514627833423e-01	-1.631311362978438595e+00
nan	-2.218124832064471086e+00	-1.828117152145127822e+00	1.672431429957064619e+00
nan	5.053112347960542206e-02	-2.026506572012383600e+00	1.295846832894610445e+00
nan	-1.791656174219233844e+00	1.521493897761515779e+00	-1.570872049014520877e-01
nan	-1.237450126842032594e+00	1.632078579436885724e+00	-4.468358607291549323e-01
nan	2.217961766471827634e+00	1.198743144977066244e+00	1.518340947255962137e+00
nan	2.616079641161638492e+00	-5.614764928573277025e-01	1.694652671861357041e+00
nan	6.759969363410083254e-01	5.518675371962332710e-01	-5.392860801198844367e-01
nan	2.383576722556847161e-01	8.766125089700178563e-01	-5.866157653329899802e-01
nan	-8.483170779511470805e-01	5.462716887169246638e-01	9.497807249697454157e-03
nan	-5.437768606385937620e-01	-9.751271837692048194e-01	-1.617460089679494173e+00
nan	-1.573552498271877154e+00	-1.798724270342634490e+00	-1.022010480690669576e+00
nan	-3.945196720912957922e-02	7.209804866302294002e-03	1.037335928816399022e+00
nan	-4.176442182734450559e-01	2.192622622115787956e-01	-3.089554396242228940e-01
nan	-1.031208223913228528e+00	-6.184550771516050816e-01	6.162459039271617200e-01
nan	6.043516757045805932e-01	-4.589708797038535293e-01	-4.877572892913973335e-01
nan	1.104101105071729316e+00	2.250153539648320322e+00	6.836188076119659174e-01
nan	2.575302373363602459e+00	1.105263144185426150e+00	1.596116141675774092e+00
nan	1.856590844219373704e+00	7.718980472194769682e-02	3.106989990089624953e+00
nan	2.639815664732058309e+00	2.988410833783887166e-01	2.778966572566625715e-01
nan	1.881368516184461992e+00	2.814522563840046399e+00	1.958541477632749495e-01
nan	2.531054499714225692e+00	2.590815224982883080e+00	1.419230040618629785e-01
nan	2.937239989278359609e+00	1.563329075909255517e+00	3.075042393622395842e-01
nan	9.652768653469432358e-01	1.808689239426665818e+00	1.703104061874532338e+00
nan	9.532690325597448222e-03	-7.531641772616293196e-02	5.281443103605567568e-01
nan	8.557818996687757140e-01	-4.311632941403141239e-01	8.689709284792331845e-01
nan	6.232611953443136787e-01	-7.436356147347951140e-01	6.709655102404887828e-02
nan	-1.597677035255762878e-01	-2.910417304998066612e+00	6.428207679131863195e-01
nan	-5.444814331851542955e-01	-8.069748931704130435e-01	-1.348481361614965346e+00
nan	-1.604441741774107699e+00	-1.055197530199694311e+00	-1.795802282466760325e+00
nan	-1.417760239655102561e+00	-5.916136182989865100e-01	-2.387989022808401085e-01
nan	-9.907300278343997846e-01	-1.619459986799605566e+00	9.273876324830007123e-01
nan	-1.182254301953876263e+00	4.438850466495281033e-01	-2.990453623299246799e-01
nan	4.391561381003171172e-01	-1.796348998351786186e+00	1.487441291420163125e+00
nan	8.686652488943233941e-01	-4.102751316733600495e-01	-2.971243115933678292e-01
nan	1.379927461661765165e+00	-1.024574751279824447e+00	-9.430312879775344381e-01
nan	-8.134913842614476254e-01	1.686294473535615790e+00	-1.019606658480670891e+00
nan	-5.037626796812080254e-01	-2.512530479075780754e-01	6.952844177606092302e-01
nan	3.513143274541470351e-01	-2.646053932670542341e+00	-3.988384896990460060e-01
nan	7.726640072785484481e-02	-2.560767773274278403e-01	-1.826473749688171999e+00
nan	-1.809573846303650591e+00	7.504561891360909121e-01	4.164628298423284081e-01
nan	6.423419019920808548e-01	-7.615994988198175886e-01	7.802859913191465546e-01
nan	1.522447666239097996e+00	1.332622213656614374e+00	9.547850061244498310e-01
nan	1.352230031782435393e+00	1.500612396063906395e+00	-1.709969066299188434e-02
nan	-4.385128242587494896e-01	1.183063825338551256e+00	-1.602294586739622106e-01
nan	-3.945918337891535788e-01	-7.091987402855227662e-01	1.328878954707312376e-01
nan	-2.697506896867531978e-01	-5.515179687370274086e-01	-1.102841853764724878e+00
nan	-8.197452396683171383e-01	-1.854734792648374153e+00	-1.528053737896167608e+00
nan	-1.386513175704716438e+00	-1.020174791983900819e+00	-1.064420436613699783e+00
nan	-2.401097417295944503e+00	-1.209793265114911476e+00	1.473372232673364923e+00
nan	-4.226797888559736815e-01	-3.444148876339108156e+00	-1.409659270876995607e-01
nan	-1.437740847114611364e+00	-6.580726108263712515e-01	7.828965210430023358e-01
nan	-1.970698202145455991e+00	-1.190518902749247987e+00	1.085517581162140699e+00
nan	-1.328814596337047682e+00	-1.206321769356531792e+00	2.091047702800136465e-01
nan	5.052453854750050821e-01	-1.123385456462626664e+00	-3.156354003608720094e-01
nan	2.333737290951892751e-01	-5.154282651543873328e-01	-4.238972147730674100e-02
nan	4.767554866289975823e-01	7.049142535591488290e-01	7.495555167599375901e-01
nan	3.436551524551683112e-01	2.312771945146538943e+00	-9.278348043414604840e-01
nan	-1.042015165135913524e+00	1.117850282350721702e+00	-1.580349322928639388e+00
nan	-4.607426086375828178e-01	-4.448380101063843517e-01	-7.201146122903745450e-01
nan	-9.376659797383994910e-01	1.881093531793779361e-01	8.464737652108264010e-01
nan	7.541648825786704258e-01	2.036890748708837795e-01	6.805325135238027290e-01
nan	-7.659174553184252554e-01	1.187311711932926006e-01	2.250341722164120872e-01
nan	1.644952823106683226e+00	-1.030296846663028454e+00	-5.314883711402090816e-01
nan	-1.384758482640862320e+00	3.419845952156317370e+00	-7.925119768470364479e-01
nan	1.166740632200258698e+00	1.472260981725010520e+00	6.838963522306477083e-01
nan	4.264429710460899692e-01	9.774039986126351609e-01	1.637537498530096336e+00
nan	9.292858103971818329e-01	6.656351979575892974e-01	-8.027547244994581721e-02
nan	2.018229184354186634e-02	6.416748614330866074e-01	7.176120327513421659e-02
nan	1.068999399297219988e+00	-1.499826458079755176e-01	-4.711095015933811081e-02
nan	6.226195928963367265e-01	2.935959457734914624e-01	1.117721327213383908e+00
nan	1.090506900264463841e+00	1.811928618867610363e-01	3.447127278913302839e-01
nan	1.234967055415069570e+00	-8.959031832332006173e-01	9.314459567316384359e-01
nan	-1.062427867881140964e+00	1.392666032867149406e+00	2.116788784272662483e+00
nan	4.886979466580010922e-01	8.798181456879248241e-01	7.534653753978781676e-01
nan	-1.429105782362678490e+00	1.015487088084606970e+00	1.331729993179328275e+00
nan	-1.363506251919059054e+00	1.882268322763163582e+00	7.233050469607924526e-01
nan	3.128440761660511882e+00	-2.323691074653558286e-02	-7.804491746140501673e-01
nan	1.098654906139795440e-01	1.298196223521641546e-02	-1.656682905371675008e-01
nan	1.602094351588812637e+00	-8.901318128950943542e-01	-9.138199296332939481e-01
nan	-4.881819059140725114e-01	9.468937280205480533e-01	-1.170739804885721824e+00
nan	-1.069383825919760778e+00	2.339853249469277419e+00	2.007092324297621744e+00
nan	2.175936764558420222e+00	-3.638340304676626058e-01	2.831733056752430588e+00
nan	-2.580373420564714415e-01	2.869463220797928149e-01	2.056463180614981567e+00
nan	1.052778723289469198e+00	5.160141866129868138e-01	-1.167963785074429772e+00
nan	-3.800195662144525977e-02	1.323508002178382936e+00	-1.156622625946417182e+00
nan	-4.470166083289046632e-01	5.648690851452501382e-01	-9.209406464641279877e-01
nan	4.360366065399297053e-01	4.973159538903184629e-01	-1.026877472509059919e+00
nan	-4.838883695500389437e-01	1.920762048191568816e+00	5.110116628950718276e-01
nan	1.189573289701694403e+00	1.242079145629188419e+00	5.127475690439536882e-01
nan	1.684494021179399059e+00	1.223268944755437460e+00	1.667933329706761336e+00
nan	1.801224127191621172e+00	1.806902150993222378e+00	-3.309512062163634250e-01
nan	8.288274950834302324e-01	7.423493134930372328e-01	6.813259329717050727e-01
nan	3.377365206694520339e+00	-2.873810012077051002e-01	-1.850293185461610257e+00
nan	2.315297790687422808e+00	1.686686648664803556e+00	-1.725629609951995436e+00
nan	1.503336971175684766e+00	2.056927582389191045e+00	-4.122662949084524575e-01
nan	2.036365524477100397e+00	3.259554153144696986e+00	7.396335183865870855e-02
nan	1.205240882366034549e+00	2.029562009034854508e+00	1.561802026402133725e-01
nan	1.338650088225055157e+00	1.631196410993452028e+00	-5.302624152649050293e-01
nan	1.692250408230688397e+00	-6.527315422991297744e-01	-2.056822544456145541e-01
nan	-2.437687466401917136e-01	8.144220013521319412e-01	-2.893632532525385326e-01
nan	-1.310618586799684460e+00	-1.946972662117080477e-01	1.602927100554072615e+00
nan	-5.563644509791768611e-01	4.051835849061536377e-01	1.742940165393498830e+00
nan	7.767626451515465824e-01	2.582753126070435057e-01	-1.225982821069834694e+00
nan	-4.580748328859479135e-01	2.525244275029538410e-01	3.011346794495187162e-01
nan	-2.346438113344267301e-03	8.998460662229927909e-01	4.259260284702991173e-02
nan	9.996953360421237389e-02	-3.168032172989962980e-01	2.705881645762148402e+00
nan	1.391057819691676745e+00	-2.603873569311762282e+00	4.371567784227519127e-01
nan	-3.035185920768201928e-01	8.179964399413497400e-02	-3.110850036325031098e+00
nan	-3.382438464662341993e+00	9.264212805074022450e-01	-1.764849191447113164e+00
nan	-1.060147328185240934e+00	-5.368492043328931818e-02	-5.552756827028599851e-01
nan	-2.350388029274190771e-01	-1.159095508931673235e+00	3.965751094146592326e-01
nan	1.186871304649944170e+00	4.920959577902618842e-01	-8.884292212655021670e-01
nan	2.130721631956448425e-01	-7.531848834783743118e-01	1.369977910907936414e+00
nan	1.540601340968427158e+00	-1.910606745854717570e+00	1.004338924604688543e+00
nan	6.879766343977904430e-01	1.961186984141782275e-01	-7.701076225317167179e-01
nan	-3.881948156309459330e-01	8.775763238942065891e-01	1.933440092492136886e-01
nan	2.114227266500892932e-01	-5.605455796160233040e-02	-7.934161995206744367e-01
nan	1.639810671628254113e+00	-7.524021153731751399e-01	-5.084877780515797419e-01
nan	5.180589860420290460e-01	8.166884074095346335e-01	-2.061359882323267723e+00
nan	4.327769833500845209e-01	-3.632618505984239188e-01	-1.873531289566682245e-02
nan	2.162502975231888058e+00	6.724542878469846885e-01	2.972169589745699558e-01
nan	3.076075942495410054e+00	-2.791780680568715090e-01	5.596715287053946608e-02
nan	-2.722539177540522770e-01	-1.107987849659826551e+00	-4.450707427961221319e-01
nan	-1.877962816539327839e+00	6.100005613169929841e-01	-5.023792331484151497e-01
nan	-1.325952883625253875e+00	-9.014658074213739436e-01	1.235938830708451341e+00
nan	8.832522468183781061e-01	-9.670628979159379135e-01	2.787041465180794542e-01
nan	8.956037318217477949e-01	1.654644553088204795e+00	-1.001560247448894492e+00
nan	1.336156325711497006e+00	1.506568216105696800e+00	-8.442502666461233485e-01
nan	1.015342029191368178e+00	1.696086042355317014e-01	4.067119957701413213e+00
nan	-1.101412436551706842e+00	7.948933597084812952e-01	3.850821070122986356e+00
nan	3.415352077670056552e+00	-3.961235077658402659e-01	7.838559451039587289e-01
nan	-1.843243738678992383e-01	-6.458051264644267819e-01	-2.005359506000097713e+00
nan	-1.605102574634812651e+00	2.625408206458223481e-01	-1.838863949426379651e+00
nan	-1.270630206980032595e+00	-1.313723884885598547e+00	5.152608786928942752e-01
nan	-3.139182117452737342e-01	-2.693965033255691477e+00	-5.468850581218135387e-01
nan	-1.492205071518645454e+00	-2.689949267727169691e+00	-2.108388919741500667e-01
nan	-1.324105547361872137e+00	-1.915422451751663591e+00	9.970156419786191382e-01
nan	-1.389111129572710546e+00	-1.580943174145552632e-01	-1.880171071106529368e+00
nan	-1.723414529118724170e-01	-1.241889688995242991e-01	-1.588858360023521321e+00
nan	-5.526273398512341339e-01	6.602206861152587480e-01	2.670518294956291117e-01
nan	-2.075606388255963886e-01	-4.486677196671899348e-01	-4.443789181637310959e-01
nan	-9.359165602395183026e-01	9.337977188308469456e-01	7.867429750590040349e-01
nan	-1.545191707454369734e+00	1.396057773319209661e+00	-1.147006871642458847e+00
nan	-1.336170933941689398e+00	8.703825769729571782e-01	-7.746960980658237350e-01
nan	-7.484947377999853213e-01	1.024194693034196357e-01	3.890761105182227730e-01
nan	-1.707857422024237903e-01	2.278653739196477013e-01	2.121736122288070403e-01
nan	-8.590469801301053865e-01	-7.170752892146158297e-01	-1.482728357613098069e+00
nan	6.630439363370477235e-02	-3.640083217417822148e+00	-1.138336308729301249e+00
nan	-1.560599372307400090e+00	-4.040227822167712368e-01	-2.067627179085461009e+00
nan	-1.400315861957879715e+00	-1.130754327800324699e+00	1.566560011916364736e+00
nan	2.959621357560193733e-01	-2.604054340596003048e+00	1.033177910693374280e+00
nan	-1.772859681321091507e+00	-4.215508206656259915e-01	-2.454993243106689427e+00
nan	-1.268185723590813385e+00	-5.336363518557372121e-01	-8.783182012906953773e-02
nan	-9.448211425624075677e-02	1.158073076934061252e+00	3.155075140412929580e-01
nan	8.345493191077613115e-01	1.436238611628097850e+00	4.422312071899329733e-01
nan	1.349622672783504562e+00	-1.891933485545783000e+00	6.942443169727036123e-02
nan	-4.267688295463665238e-01	7.817478987838448745e-01	1.447849910031486775e+00
nan	-1.687990342998894500e+00	-2.788668659171620323e-01	1.496678740766907323e+00
nan	1.686287069508878744e+00	-1.900079242818871084e+00	1.379279124221394204e-02
nan	-7.557965340492018846e-01	-4.881267435485025508e-01	5.697260816190498067e-01
nan	-7.504675256375106240e-01	-3.308517770245605893e-01	-9.058301392437111410e-01
nan	-3.968568734839281298e+00	-4.951981550061917425e-01	-5.304532460895520218e-01
nan	-1.798807285528451594e+00	-1.662053293237888418e+00	3.990790777005396306e-01
nan	-7.770034407941259769e-01	-1.089027045381296022e+00	9.430617075557957696e-01
nan	-6.376314275878782745e-01	-1.738311562545475919e+00	-1.683421139952223644e+00
nan	7.023527867541012881e-02	-8.924986680967710306e-01	8.716304355575816842e-01
nan	5.139083435882195461e-02	-1.710295972631460160e+00	-2.172475412239634363e+00
nan	3.332790888180094946e-01	3.927493315329607104e-01	4.305181043943322461e-01
nan	2.081260533211641395e+00	-1.644504272156516844e+00	5.218478115082771929e-01
nan	5.987375891683877072e-01	-2.556235470016713363e-01	1.625883821523181894e+00
nan	2.542074740380147468e-01	-4.906458105425847149e-01	-2.719356936620828114e-01
nan	-4.982494505092679438e-01	2.666136747518427219e-01	-8.541329518584444003e-01
nan	-5.603704848539504679e-01	-3.602761510861741678e-01	-1.444479293410022014e-01
nan	-4.038299501191866536e-01	1.035761510067890745e-01	-3.852189327745322300e-01
nan	-4.426448568493038804e-01	-1.354229568623027680e+00	-1.950490186554390215e+00
nan	-2.737190323002390180e+00	1.941412787965502984e-01	-1.602264112869956403e+00
nan	-1.486420299719464211e+00	-1.688669146686016198e+00	-4.551929351362171694e-02
nan	7.912236716781573254e-01	-5.383147416347137115e-01	-3.295488060047178092e-01
nan	4.032193282592125838e-01	-4.385572864466678045e-01	1.332927939237984472e+00
nan	-7.917124714891561332e-01	-1.707498915997046063e-01	9.146889473552077821e-01
nan	1.345730856277408849e+00	-6.726374346175794106e-01	-1.564334102477203503e+00
nan	-1.459237218564344074e+00	-5.087732923487970904e-01	-1.596661105047969986e+00
nan	-8.202538573032758240e-01	-1.846147060450541666e+00	-1.376077589387416644e+00
nan	-1.823545808970988613e+00	-8.092385168993585509e-01	-1.052673201102532152e+00
nan	-6.786009744838275015e-01	-1.793606128473832939e+00	-9.012706217512410634e-01
nan	-5.370117470636547319e-01	-2.971517065526046442e-01	-1.433295754064404459e+00
nan	-5.881434687490146862e-01	9.774213889586657045e-01	1.925811206353991167e-01
nan	1.945008168707246687e+00	1.968872543874593983e+00	-1.011971632969739243e-01
nan	2.760902279818338023e+00	-7.739091011756416005e-01	9.974807037046869995e-01
nan	-1.560544674430170975e-01	1.461831090019387158e+00	-1.146871134873539866e+00
nan	6.102098799644966043e-01	-5.797590816811923897e-01	-7.870984533391658378e-01
nan	-5.779325982373981763e-01	5.100691114427406969e-01	-8.149464078316267512e-01
nan	1.236192023745994018e+00	1.786833428054037942e-01	-4.017776226313682919e-01
nan	-8.105624463533793733e-01	1.034115641035345812e-01	-8.395851051950392607e-02
nan	-2.339245946538532073e-01	6.943921799704577680e-02	-1.272063112664460482e-01
nan	1.584003559912661174e-01	2.867082930592183554e-01	-1.683375018353769681e+00
nan	-1.797903485097529508e+00	-1.491720176789397723e+00	7.662034949172998877e-01
nan	1.430636265801249474e-01	1.123768811883108398e+00	-1.298628639808698360e+00
nan	9.353735601517236820e-01	-2.123522645390252706e+00	1.154108063269422058e+00
nan	-3.036219863309744249e-01	1.164724367472353972e-01	-8.824337207592108934e-02
nan	-6.022560648468890943e-01	-8.755725842767587974e-02	2.371092607004493258e-01
nan	4.711084046103495293e-01	1.455914218474190225e-01	3.464125281820290003e-01
nan	9.546231574422577859e-01	-2.209100384721887966e+00	-4.222566205843403253e-02
nan	4.173363927421742114e-01	-1.205931657583674710e+00	-1.670848449324723539e+00
nan	-2.054065656244040028e+00	1.067785171051610638e+00	-5.757617274119395390e-01
nan	2.133116153808436999e-01	-2.276394562449612635e-01	5.026624369755606780e-01
nan	1.988837096230122725e-01	-9.547513224244306151e-01	1.133158530441627843e+00
nan	-1.394212810326218022e-01	-3.278124712090539905e-01	1.008112499821685715e+00
nan	-1.047620135212749437e+00	4.405454181747062714e-01	5.764961138973203614e-01
nan	-1.002885787672345375e+00	2.330963087887947705e+00	8.622696107374037133e-01
nan	-2.297091017009569747e+00	-6.608719304706565101e-01	1.244057574527900778e+00
nan	1.055640389255430467e+00	-1.729137923659314291e+00	-9.865572605797313654e-01
nan	-1.181770302466582656e+00	-1.024878243976246717e+00	-2.517065803965053972e-01
nan	1.073104139120007350e+00	2.720833113641811796e-01	5.297047866815536299e-01
nan	2.500395554727668501e-01	1.200786885461832210e+00	4.554658899754042145e-01
nan	6.653021373416193596e-01	7.560906326650387310e-01	-1.313715661100478771e+00
nan	8.147650647222327569e-01	-4.462665912858853612e-01	2.347453810783591277e-01
nan	9.667933599088598395e-01	-6.903245682031542430e-01	-1.456038933877566555e+00
nan	-1.861491357419207959e-01	3.274613181626974678e-01	-1.657271842409156370e+00
nan	-5.961641218133081344e-01	-2.375668630901504319e-01	9.794702984708119065e-01
nan	-2.668187388786393277e-01	-2.107513921282861691e-01	9.338769235517294653e-01
nan	-4.383882973742158073e-01	-3.783039687880169755e-01	-9.086122025335002794e-02
nan	-2.013267910930006399e-01	-3.410326774781990422e-01	-1.746502152060632473e-01
nan	-8.347707184124270041e-01	-1.521369891198898205e+00	6.893821455847957136e-01
nan	-1.970931160321590880e+00	6.002238244972082359e-01	-1.152832412329261591e-01
nan	-1.747970699049601118e+00	7.928664800987514916e-01	-4.166056062275730332e-01
nan	-1.552434258106754061e+00	-3.014911139402938756e-01	-2.499914517743476949e+00
nan	-2.527247693513519078e-01	3.070089603616817930e-01	-5.949100992550523381e-01
nan	-1.697698991746659836e+00	-2.485980447874561461e-01	6.434456646129393942e-01
nan	-1.591335989495116010e+00	1.567264609425514710e+00	1.131460458242391054e+00
nan	2.201311809174399059e+00	-1.358208640551764601e+00	-6.133193176110636191e-01
nan	-1.384916744275144218e+00	4.966056129705079814e-01	-5.850993310394998481e-01
nan	-1.094572145245479522e+00	-2.191514138551726165e-01	-4.517798103659872999e-01
nan	1.235846140910373814e-01	-3.860184247857157969e-01	5.019880343416731616e-01
nan	-8.659096703132794781e-01	2.172803408830207061e+00	-1.390285102418464813e+00
nan	1.551461975282173889e+00	-4.631579603859861671e-01	1.520728317675896335e+00
nan	1.431351147150762948e+00	5.029434240116946730e-01	-1.180002004562979323e+00
nan	1.494363343140303613e+00	1.852965086848946119e-01	2.111130399459944240e-01
nan	1.281088004134051106e+00	2.054975412465299911e+00	-2.056814311142156626e-01
nan	8.438768677818160313e-01	1.076847829695628533e-01	-4.835005810952395233e-01
nan	6.278710374032615837e-02	2.341179027351942388e+00	-6.345441934454090771e-03
nan	4.729588781643638828e-01	1.260968796966221994e-02	3.383001270210934663e+00
nan	1.263646426408142398e+00	6.988075405025281350e-01	3.295380114986775411e+00
nan	2.433247418950475360e+00	-5.927343908013570362e-01	1.687935899851735755e-01
nan	7.021814049167365290e-01	8.374790290647680102e-01	-1.599787253463804237e+00
nan	2.522021681734991638e-01	-1.236339409070699391e+00	-5.024562121905875589e-01
nan	1.245955003660771387e-01	-1.188315947761575453e+00	-8.750740582931960665e-01
nan	-1.760441266469244592e+00	-1.822762770143775635e+00	-1.147734415007740427e+00
nan	-2.600631247904017673e+00	-1.462921350491994676e+00	-1.086140744349687548e+00
nan	5.380659006729076044e-01	-2.037946260253806763e+00	-5.284773433362154327e-01
nan	-9.773003587038839868e-01	1.581139027313724355e-01	-4.865778971527285890e-01
nan	-1.157932026558411653e+00	1.028617645394507285e+00	-2.918729653559452575e-01
nan	-1.126657175720015280e-02	-5.658294577526234298e-02	1.215611507551654036e+00
nan	7.665285783774111739e-01	-1.036003105918165412e-01	1.128830409261305734e+00
nan	-5.007916649673613829e-01	6.032919611723743802e-01	-4.778406711036634613e-01
nan	-8.459133059192305848e-02	-4.151070992187164133e-01	-3.334278243519695484e-01
nan	3.134100553845649006e-01	-1.023767585045433748e+00	1.255696883734913838e+00
nan	1.564265543390813029e+00	-3.709406273934509057e-01	5.197603852733605478e-01
nan	2.410600527445390995e+00	1.904164901903635965e+00	5.694052746212645288e-03
nan	3.730838837793713392e+00	1.124804109662801421e+00	2.170572396705995111e+00
nan	3.127070748129736621e+00	2.469544546321274847e+00	5.793968414663972499e-01
nan	1.292070745772351037e+00	7.720366133483820281e-01	8.592523055370151486e-01
nan	-2.895729916700153783e-01	1.530222459137684066e+00	-4.421690103806486527e-01
nan	3.545059336755567725e-01	-1.729570050801221281e-01	-8.238275983035985295e-01
nan	3.511058279006696869e-01	1.052387016945482978e+00	-3.222042820080824321e-01
nan	1.420499428269393238e+00	9.788678293207245806e-01	7.862250847543582610e-01
nan	2.023292891778621705e+00	1.147975878129118277e-01	5.835312862792463307e-01
nan	-6.985642227359977197e-01	1.610972805217853576e+00	-2.120591963744307973e-01
nan	-3.888955771338594714e-01	-1.190486957994080219e-02	1.594245196196202086e+00
nan	-5.845124254709097578e-01	-2.098515230527483677e+00	8.444847151048557876e-01
nan	-6.245279069670202077e-01	-2.648041831009812164e+00	-1.070959622638641306e+00
nan	-2.809022818662279875e+00	-7.585933630302453823e-01	-1.141327019444507762e+00
nan	-2.356980039825605111e+00	-6.349777129753326754e-01	2.619180679137200762e-01
nan	-1.688358461318503645e+00	-2.428265787660554231e+00	-2.262715137485219685e+00
nan	-3.270966516863785145e+00	-3.126948373472671072e-02	-4.857311523176254253e-01
nan	-4.337486797381642223e-01	1.172828933815282415e+00	-8.930927758582727360e-01
nan	-4.699270429130558147e-01	-2.143288698602868747e-02	4.015660207914515389e-01
nan	1.561161776655484723e-01	4.928186453855201155e-01	2.370887018118926493e-02
nan	6.797437815999671784e-01	-5.930303121192640470e-01	2.042044015481336405e+00
nan	1.403166958281462540e+00	7.500417130001187926e-01	3.739198891220327781e-01
nan	8.706332152795130952e-01	7.628974741111667068e-01	8.600858582553467802e-01
nan	1.470668805905305465e+00	7.970602686393686298e-01	1.777877368849807849e-01
nan	1.526889183813837203e+00	1.061670832926541852e+00	2.850585193834224151e-01
nan	1.679295862953076091e+00	-3.349463974667089561e-01	-6.624737568747579575e-02
nan	3.106026896258501369e-01	3.623786241072581848e-01	-2.265129268938047558e-01
nan	-1.241534908257342140e+00	1.596584487221805460e-02	-3.362595097007855388e-02
nan	-2.371649665903829418e-01	2.236904995216954517e-01	3.445630496458029768e-02
nan	-2.427262011710953349e-01	-1.036581376075109473e+00	-1.902826068296698536e-01
nan	1.588302708719853573e+00	-1.576332247466703806e-01	-1.056674255584997946e+00
nan	-1.675606238541271775e+00	4.429966527675650023e-01	-1.169749228999122703e+00
nan	-9.952750114756450106e-01	-6.892832420841966679e-01	3.688632870851649148e-01
nan	-1.379565885143589909e+00	6.023044050479675615e-02	7.730949273931946308e-01
nan	1.235801180887060813e+00	-1.905098807453478926e+00	1.890938585251460413e+00
nan	1.424024762353059081e+00	-1.788186411134112808e-02	3.139991070194235734e-01
nan	1.366127371009541402e+00	-3.501945333780764891e-01	-9.906850659535043624e-01
nan	4.159236742003855625e-01	-9.111275745666247428e-01	1.389953251336218720e+00
nan	1.745318440461829934e-01	-6.875719013871119945e-01	-4.850637119707084111e-01
nan	1.594820300918821765e+00	6.903497526668507245e-01	1.174851841634479754e+00
nan	1.121005674715332523e+00	3.725235982535237689e-01	7.669879303519424596e-01
nan	-1.223628608241182913e+00	1.152291828687721731e+00	1.244808911495418613e+00
nan	1.766345456866671659e+00	7.493550710523118052e-01	1.450421477699165962e+00
nan	7.581897059529478788e-01	1.461980278272565492e-01	5.805783514619644592e-01
nan	-8.024191109009798373e-02	1.814730161511605600e+00	-1.682674023602328761e+00
nan	-1.479771126610398280e-01	-1.606621594179429735e+00	2.768627086075129973e-01
nan	8.608129464426131916e-01	-3.058763358100279550e+00	-7.988424627619377105e-01
nan	-2.741056041234779084e+00	-1.189391067246361899e+00	-1.907367221791115952e+00
nan	-2.734344916665066627e+00	-1.645708178625262530e+00	-1.158382074228118119e+00
nan	-8.995867437169438041e-01	-8.483731253796380489e-01	-1.027199700463998333e+00
nan	-1.763834439945859867e+00	-1.622975185620795679e+00	-2.735032304067910314e-01
nan	8.505414381423319625e-01	-2.240453194135890058e+00	-7.805414527733837149e-01
nan	-1.677305093452962637e-01	-1.095032969000361289e-01	-6.382424922050202731e-01
nan	-2.301726780735159905e-01	1.416635122191358009e+00	-1.362955140066387516e+00
nan	5.444443267667450348e-01	4.337828842050175937e-01	6.616148278996814014e-01
nan	5.858791810242756082e-01	-7.180967317557067631e-01	1.141110868323998773e+00
nan	5.678062266522365675e-01	-4.902448049160318400e-01	-9.905655338405557897e-01
nan	-4.643791477584047755e-01	1.306759001687568755e+00	-4.706652508447113914e-01
nan	-5.057422076873084871e-01	4.546369110874592945e-01	-1.251811673488290477e+00
nan	-1.858700244970722171e+00	3.276948958510134347e+00	-1.388240829015299438e+00
nan	1.631928416300288065e+00	1.431066827354199988e+00	-3.909244320604455813e-01
nan	5.256893442853483034e-01	1.660547957899785931e+00	-1.178983341426352194e+00
nan	1.291556971950946320e+00	9.649473259679337556e-01	9.245378097441543652e-02
nan	9.411612944267443437e-01	5.029975944051563452e-01	3.411668071241295563e-01
nan	8.262550485534517763e-01	3.337773046754674011e-01	2.337291631657727464e+00
nan	9.770207170775531136e-01	2.879054749603221497e-01	-9.184738626991795218e-01
nan	4.444143153180842853e-01	4.411393808331060540e-01	1.912609165369484887e-01
nan	1.452713556621853863e+00	1.538194560810328237e+00	-1.780029775976208928e+00
nan	5.321065227054639912e-01	9.691614549041071003e-01	-1.474532764982891875e+00
nan	-2.466265248426398937e+00	2.511885749050274397e-02	9.780942200249974627e-01
nan	-4.317962312183160067e-01	-3.022923335580656734e-01	6.142141550721325061e-01
nan	-7.048045114156895607e-01	-1.384833903745829708e+00	2.320419020293824630e-01
nan	2.051996702708069886e-01	-4.501441830403906108e-01	-3.080229537250935401e+00
nan	-2.193734860247503082e+00	-1.210761722734529977e+00	-1.943326208250640175e+00
nan	-2.845814009243148313e+00	-3.593573533326742675e-01	-9.294334376561385058e-01
nan	-2.609443602962169706e+00	-7.999185352320842268e-01	5.599546115366105248e-02
nan	-3.897684084737730315e-01	-1.602998004757631545e+00	-8.470020824106454516e-01
nan	-4.330514476551006187e-02	-1.143971487207339210e-01	-1.000542941672450947e+00
nan	-1.750272560728544313e+00	1.192587519846116662e+00	1.699681435428991083e+00
nan	1.326961530885927942e+00	7.472821175392101445e-01	4.882028479866050152e-01
nan	2.144275498316773110e+00	1.763118232258665818e+00	-1.870011505564048715e-01
nan	-2.125725103632205570e-01	1.197394983386379952e+00	4.681115912521909284e-01
nan	-2.447461034680816216e-01	-6.220897862646894705e-01	4.556656715199687291e-01
nan	-2.226288503198309843e-01	-1.344983378439133404e+00	-1.020901848908183362e+00
nan	-2.143208224278442486e+00	-2.628677408410091676e-01	-1.612922492827883580e+00
nan	3.302188050727787871e-01	-2.087862533642573570e+00	1.497765997065843013e+00
nan	2.017272718003699783e-01	-1.398044947930194848e+00	3.407956551658233302e-01
nan	-1.842878441935463130e+00	-4.440060164850800906e-01	-5.654720458164267383e-01
nan	9.371803704373512511e-01	-4.665455891021846879e-01	-1.979596302559379628e-01
nan	-1.132405030713603100e+00	2.895399671483533388e-01	-2.159972212590214102e+00
nan	1.884835809138635909e+00	-7.129843247622996705e-02	1.319601070829942158e+00
nan	-1.807000149427833158e-01	9.591683061339195682e-01	1.015474463188118515e+00
nan	-1.186603001486310704e+00	-2.770424091252879362e-02	-6.243671546409812478e-02
nan	-2.056529181340794210e+00	-2.155216445955431936e+00	-1.472119842429131298e+00
nan	-1.537763136654806129e+00	-1.699373315544168150e+00	-8.496853077792643205e-01
nan	-6.580267259780546718e-01	1.800939966438977580e+00	-1.855788035539235770e+00
nan	-1.064350276055832517e-01	-7.515986716029757764e-01	-6.732644719312967929e-01
nan	-3.144805028842084793e-01	-1.283530677130857889e+00	9.034888944801360289e-01
nan	-5.223547812943030166e-01	-1.817907623830944619e+00	5.487578238775183692e-01
nan	-1.890356527849489598e+00	2.219013766342650129e-01	-9.871679099773631449e-01
nan	-2.988926444523844594e+00	-7.532683296195079592e-01	1.625152630806827314e-01
nan	2.013997828389328948e-01	-8.476080511429864295e-01	6.096045572646917599e-01
nan	7.292572820243216070e-01	6.076883515074257835e-02	-7.943643506968992574e-01
nan	-3.602502567979247172e-01	1.627299317559085967e+00	-3.911620126264888087e-01
nan	8.476581810010239693e-01	-7.131022257064800751e-01	7.399532196985805221e-01
nan	-4.870794336562417337e-01	-4.756337115491510725e-01	8.799693036661373480e-01
nan	-6.427998928703024806e-01	-9.865022106389214063e-01	-3.929221352509003617e-01
nan	-2.940594079015300899e+00	-8.100253932201908480e-01	-6.656304362535869767e-02
nan	2.776925101229128501e+00	-1.201197741783951667e+00	4.058616326939909480e-01
nan	6.870280653051883402e-01	4.052343339682916157e-01	3.160642348375009014e-01
nan	4.206230800430860173e-01	-6.340682184784646180e-01	1.497149244353006114e+00
nan	-5.081944718410379425e-01	-8.643392666574839511e-01	-7.821711498379586569e-01
nan	-9.892962229618251779e-02	-5.414371996070538318e-02	-5.594971714081170555e-01
nan	1.838927668722997177e-01	-2.490462849586549510e+00	5.393956309975703189e-02
nan	-9.103528838325585237e-01	-1.040410411958649251e+00	-1.692858909105250831e+00
nan	-1.418704285585477232e+00	-1.783587872764944571e+00	-1.591539556999823191e+00
nan	-1.187804526844476127e+00	-1.755850084591990878e+00	-3.699720511949061708e-01
nan	-6.388021058329466095e-01	-1.157820541855690610e+00	3.819312333053617170e-01
nan	-8.816774684898289749e-01	-5.051730122048420091e-01	9.805529693265280233e-01
nan	6.304103378487003750e-01	1.250452735335222165e+00	-8.557000118258815125e-01
nan	-1.543974336197918573e-01	-3.417277186923491916e-01	1.608257740996358987e+00
nan	-5.709461633269433678e-01	-1.051132536326358613e+00	2.333531514905633486e+00
nan	6.807738984216908928e-01	1.121127612357182057e+00	-1.908453457328473490e+00
nan	4.287559164867732475e-01	-5.936870090607884176e-01	-1.307641063102447543e+00
nan	-2.231091910276748358e+00	9.982756625396667083e-01	-1.828922378081017541e+00
nan	-2.381470173668729373e+00	-5.873869041338448671e-01	-5.999508381416833735e-01
nan	-4.930726651345366252e-01	1.882306506033579740e-01	-3.047589480209640378e+00
nan	-2.449019103792280383e-01	-1.025289368636654208e+00	-6.430918670223422229e-01
nan	-1.062760196024079562e+00	8.233576188973135146e-01	-1.362701723989344638e-01
nan	4.497451237952660996e-01	3.141444414285130549e+00	6.566760330235632548e-01
nan	4.177432156706758493e-01	3.376616399841170235e-02	1.420435072810564803e+00
nan	-2.502265055932262339e-02	3.620386385902296666e-01	1.394044111632276817e+00
nan	3.884953839365959949e-01	1.410903931586401150e+00	3.626254686812502293e-01
nan	2.436570056890049685e+00	-2.997696528238724678e-02	-1.149564189226330191e+00
nan	-1.074568863737414670e+00	7.080562790236348825e-01	-7.147924838483010745e-01
nan	6.992104269659833449e-01	-1.840639188517446678e+00	6.491712479369120548e-01
nan	-5.181796067808466244e-01	1.090901404959482512e+00	-2.318045686426784824e-01
nan	2.550475311931177380e-01	3.386329051754745634e-01	-3.498394265625107136e-01
nan	1.163528813051826205e+00	9.217753614140000717e-01	1.618296504320816176e+00
nan	9.907060246552695792e-01	2.273733711382219358e+00	1.932254912732814578e+00
nan	1.116271381987415490e+00	8.961143070236456953e-01	1.750293115378775521e+00
nan	1.386451520574435659e+00	1.403881406351745742e+00	8.682711319409641693e-01
nan	1.248809072387871089e+00	-1.809355641264068781e-01	2.410188761377254352e+00
nan	1.678813133704028848e+00	-4.359081142609903536e-01	-5.643283375439736016e-01
nan	-4.920540972836836002e-01	-7.810177193525567052e-01	-3.064943873725930468e-01
nan	4.933036745141455848e-02	1.127174751812058950e+00	-1.615438995638711406e+00
nan	1.062160594800540370e+00	5.738609806305180472e-01	-1.112647749938648234e+00
nan	1.050668441262717856e+00	2.695783759169658733e+00	4.951210977293969417e-01
nan	1.944153827695941583e+00	1.325569741479838415e+00	9.848688097710256439e-01
nan	1.850524948227069588e+00	3.840571490199422566e-01	1.008286668770052463e+00
nan	2.550109466162590266e+00	2.198584387211345526e+00	1.583099065988261556e+00
nan	1.296620056679100852e+00	8.928181177890032183e-01	8.092567591358160728e-01
nan	-1.162135962186227722e+00	1.072789034003740705e+00	-6.189624021406326948e-01
nan	3.105752390707472443e-01	6.634902575266914404e-01	-6.126030425166950621e-01
nan	1.910073349321633973e+00	-4.616852617059371555e-01	1.478799889111835908e+00
nan	1.256855458970579154e+00	-1.595410286719226578e-01	1.489340118710487548e+00
nan	8.243611344313899192e-01	3.156215591511885021e-01	7.238279919459003064e-01
nan	1.048038113684325756e+00	-8.074933456321646830e-01	-1.478888142606088474e-02
nan	1.357296742818046686e+00	4.789182020202074064e-01	-3.225654112330240131e-01
nan	-1.447907327620412965e-01	6.131211330339016996e-01	-6.763799807983319479e-01
nan	-3.557241727349918503e-01	1.351018315090507516e+00	3.008619531482411569e-01
nan	-2.432164469339596624e-01	1.685646353439629763e+00	6.654845024074387272e-01
nan	2.450323887920272448e+00	-2.105170928938465691e-01	2.105974968781306078e+00
nan	9.680054406931635214e-01	-3.291925085406521845e-01	1.730361018762107128e-01
nan	6.512477683692401431e-01	-1.121272602034484311e+00	7.928298669101391249e-01
nan	6.966319769439982545e-03	9.190436197364566517e-01	-1.064799848559087936e+00
nan	-4.635790405882864174e-01	6.557233825853473475e-01	1.280538390773387603e+00
nan	1.044057165179160807e+00	4.453153413778711545e-01	1.536164031040416766e+00
nan	7.537639185511562090e-01	-7.199320201450958301e-01	-2.912302644784791061e-01
nan	6.266764677739313782e-01	-3.802546646315665413e-01	-2.124505149477689425e+00
nan	8.318876073932716109e-01	9.342879778669452850e-01	-1.723496700398940096e+00
nan	1.492575324264872938e+00	1.844927532088248001e-01	-2.913770238256718770e-01
nan	-7.049612205936448550e-01	-6.523845663476637302e-01	-8.106397788729242659e-01
nan	-1.227880236480515030e+00	1.143968380587692124e+00	3.173481077330744249e-01
nan	8.897821602309906597e-01	4.285589828863903827e-01	4.520702987696288422e-01
nan	9.776192910138596925e-01	-2.173135623283779072e+00	-1.246902078718107765e+00
nan	-1.890142883698131548e+00	-9.437332993221934085e-01	-2.180428104980347115e+00
nan	-1.168809220138444793e+00	-1.291185139248031577e+00	-1.916369840104623634e-01
nan	-3.582202554760530733e-01	-1.520307982965024340e+00	-6.303141534129581558e-01
nan	8.777341720928050206e-01	-1.249805016124005075e+00	-7.197523396933558359e-01
nan	3.768479287285566581e-01	-1.933890093799324639e+00	-2.733678092224195444e-01
nan	-3.078398524327318753e-01	-3.209939420466163096e+00	-2.122080704701186704e+00
nan	-3.021856077140912422e+00	-7.941298853756633136e-01	4.095731422170567626e-02
nan	-8.029056275049839542e-02	-2.927238593373672870e+00	-1.392490040896815495e-01
nan	-1.847036401224338986e+00	-7.729402384736624443e-01	-1.941234994030040184e+00
nan	-2.308107212302522360e+00	-6.196036069102077715e-01	-1.270215070076018860e+00
nan	-1.111196357520397138e+00	-1.697311467772320892e+00	-6.020898995314608593e-01
nan	-1.487072851955231645e+00	-3.888224806368000830e-01	-8.003176022960951652e-01
nan	-2.384372129536094231e-02	-1.277424719230646932e+00	-8.319473859765165180e-01
nan	5.184867451575640995e-01	2.251632756367656363e+00	-9.179810597660527094e-01
nan	1.872928678055798102e+00	2.200451207733257419e+00	1.421652409425551156e+00
nan	2.101237264929547877e+00	-8.563646975929077865e-01	1.990094657550086854e+00
nan	-2.808778548993993152e-01	8.005383213126393560e-01	2.571652666231963313e-01
nan	2.371657405261405616e-01	3.882400474263996148e-01	2.056173051719374367e-01
nan	1.153824649304571737e-02	3.764260333495809130e-01	-2.034679982281276112e-02
nan	2.315665436767788687e+00	-1.601767451709090961e+00	-1.324525860111673614e+00
nan	-7.724176050040112429e-01	3.653743074115661793e-02	-6.703956487216058413e-01
nan	1.469590548816186892e+00	-1.831716183479292992e+00	3.761227099421429743e-01
nan	-5.936703908877273284e-01	9.312533858722119029e-03	-1.307893372132975740e+00
nan	4.056716921910661355e-01	5.995313547349643279e-01	7.495096517914104917e-01
nan	1.086686261134812259e+00	1.603114492561888982e+00	1.740072231179906170e+00
nan	1.926617082379288970e+00	-1.615733653109641121e+00	8.166268300498014110e-02
nan	3.913102037388084264e-01	1.425833455203391775e+00	5.417019308189299220e-01
nan	9.205352260473289583e-01	2.282719744338268519e-01	-6.953059177909399757e-01
nan	-5.175567082509043848e-01	1.954011630288968737e-01	5.888441202476368819e-02
nan	-3.501107287336181484e-01	9.904237562016552365e-01	-8.450771059055530721e-01
nan	-1.424021594003632152e-01	3.727855240741886345e-01	-5.454528347095938257e-02
nan	-4.937721205875456598e-01	1.952739083620894656e-01	1.777690356623645718e+00
nan	3.769348312063737771e-01	-1.494000928479513490e+00	4.456444373284028093e-01
nan	-7.332455472801868712e-01	6.313186052717176810e-01	1.041911699692044113e+00
nan	-3.446261834339097163e-01	2.142558350876092366e+00	6.391559728358278125e-01
nan	6.145606075712948257e-01	2.374060459950366297e+00	-1.038662956685264760e+00
nan	6.271535274024475637e-02	2.722112676862806779e+00	5.993088261120929072e-01
nan	5.948875743969694874e-01	3.316060262121596658e+00	3.130005317526812769e-01
nan	1.104200722702400439e+00	-3.008593423958181301e-01	1.381022422433447527e+00
nan	7.565241109051517032e-01	1.142070766818886085e+00	2.396821118097041570e+00
nan	2.984653163882184046e+00	-8.861397794003996742e-01	8.164159979437551895e-01
nan	1.250889511188016279e+00	6.493037056132210383e-01	7.826016045659175413e-01
nan	1.387253402411820158e+00	-4.341714255347663975e-01	6.479276608177697572e-01
nan	1.383770336853138883e+00	1.401956390252366180e+00	-6.499507459257614084e-01
nan	3.072704505890864191e-01	1.012438946929150596e-01	1.494457607349901074e-01
nan	-2.620751593286863579e-01	-9.647889398839448738e-01	2.554343404835890396e-01
nan	3.679934624441852931e-01	-4.492055791769183903e-02	-5.848118764464940167e-01
nan	1.085619706220058989e+00	1.150241229345109195e+00	2.801511353154423345e-01
nan	9.395484917738303743e-01	5.610891564134873333e-01	2.055313071429894833e+00
nan	1.528621823586893136e+00	3.009596313731041084e-01	5.367077480318702687e-01
nan	1.031937487298518752e-01	-3.767173245435062601e-02	1.903196723422031944e+00
nan	5.021581688722781545e-01	-5.339295662386245311e-01	-5.834414946824850734e-01
nan	7.442518993935194338e-01	-1.090876419442406320e+00	4.895294680376119922e-01
nan	7.037586091564298485e-01	-1.326759221773984310e+00	4.430624997216749961e-01
nan	2.036827756544775381e-01	3.496575329436059087e-01	1.034496855401772608e+00
nan	2.571538764172663249e+00	8.848341592614658024e-01	7.629922757422933355e-01
