nan	1.353195781539798359e+00	-3.372346700266073971e-01	-1.201933833138383173e-01
nan	-3.071144069140382959e-01	1.068542969122930342e-01	-4.449172798230450754e-01
nan	-7.228438245936056328e-01	6.573040010957613699e-01	-1.296764902589065738e+00
nan	-1.752091454869569853e-01	-6.189145685385681883e-01	-1.062769456340271423e+00
nan	-2.624947978639516233e+00	-4.256332749856868158e-01	4.405024268274727595e-01
nan	-1.582259354793823514e-01	-4.774287191771774408e-01	1.127013167521735193e+00
nan	6.142155383318439466e-01	2.948911298175870277e-01	-5.789153197612673107e-01
nan	5.800714260035820524e-02	3.043932621125284843e-01	6.114118379292666772e-01
nan	-4.294384348236313098e-01	-2.864207399191625036e-01	-9.403000836113336591e-01
nan	-8.922552922387820828e-01	-1.554747293648331419e-01	-5.954580056643006269e-01
nan	1.382770350585034169e-01	2.197524907431244734e-01	-4.030934343400613962e-01
nan	1.219574947226556683e+00	8.652636010476871808e-01	2.790174999656340749e-01
nan	1.010246564951057024e+00	-8.243104502300850900e-01	5.689986188055581318e-01
nan	-7.635441730558439888e-03	2.490512428518930066e-01	-1.017106923839662169e+00
nan	-2.447929569396441463e-01	-1.129410916450203972e+00	-7.716177778104159612e-01
nan	-1.076604855065398159e+00	-5.254788615459660139e-02	5.272646053244735009e-01
nan	1.986048980307519585e-01	-5.922736586455217278e-01	-3.424895045832404561e-01
nan	-1.236314023415242769e+00	-1.132804812899395747e-01	-8.103382682976882911e-01
nan	7.104081356635487676e-01	-1.061664354316780745e+00	-2.581638551376934654e-01
nan	1.242988956244489573e-02	-1.171825455593060505e+00	-2.372209160323186794e-01
nan	-4.320231958382264592e-01	6.592589290287609316e-01	-5.883126634735215132e-01
nan	-1.631201922523934034e+00	1.110912116540503369e+00	9.215833484600219339e-02
nan	7.238124807882484468e-01	1.084342120309886193e+00	8.166399825235557408e-01
nan	1.834358822244689380e-01	1.543587592285385224e+00	-8.026623961081569281e-01
nan	-6.759401743580815136e-01	1.114267895969254241e+00	1.766514731769062985e-01
nan	-1.130192460240625696e+00	-4.959600703562410118e-01	2.380541776459590142e-01
nan	-4.540195903751278461e-01	-1.235888427653851540e+00	4.002189447420675394e-01
nan	7.646967823212449389e-01	3.683778049989399062e-01	-2.379193516831507038e-01
nan	1.217047365485843580e+00	9.537239533473811370e-01	1.618825386553891743e+00
nan	1.330837883844065761e+00	8.768565747103135299e-01	-2.194681588664901817e-01
nan	1.243658128557895814e+00	5.181978470328393316e-01	1.107388462670634732e+00
nan	-5.096210161149661300e-01	-5.276632753411345522e-01	6.593801853090964782e-01
nan	-1.005397742758855628e+00	-8.168180789602419445e-01	3.166822633324114372e-02
nan	9.275845901295083351e-01	-1.016224027764846660e+00	8.650353506719949959e-01
nan	2.198013063229372399e+00	1.600224560671905882e+00	-1.172728448352816422e+00
nan	1.254529330797755415e+00	7.145668183817127650e-01	8.849840111371198859e-01
nan	-1.975023652293582677e-01	2.469619969260213876e-01	5.637737320964431031e-01
nan	-3.520676250553811393e-01	3.554579088948689458e-01	-9.541602113435988519e-01
nan	-1.464177700660691972e+00	-1.011206423271286736e+00	-1.037801679079025208e+00
nan	3.815435549427310669e-01	-3.281617814508317466e+00	-5.933527496612769347e-01
nan	-9.603074996689867637e-01	-2.024833736764779957e+00	-9.519099024774692053e-01
nan	-1.398620464454513046e+00	-6.790295794277010355e-01	7.494086658794585354e-03
nan	-4.991051751050579743e-01	-1.140123026528876427e+00	9.547483523485196244e-01
nan	1.836580799751943716e-01	-8.964265521785939050e-01	-5.100993361364828393e-01
nan	1.245675263374043107e+00	-7.647375378958674030e-01	-8.526695355406475052e-01
nan	5.777099090417325833e-01	1.725110623822222689e+00	-1.210995093571869852e+00
nan	1.419220376147307672e+00	2.156735479945848244e+00	-2.639545294527849695e-01
nan	-6.300886703846628745e-01	1.295167564057721599e+00	2.709737190320915978e+00
nan	-2.252874751984870194e-01	-1.200179879431417795e+00	-2.004461134614612394e-01
nan	7.768723197693072624e-02	-8.941680732067658344e-01	2.719867347432764482e-01
nan	1.657053256235118399e-01	-9.330681710548001107e-01	5.394304053795493381e-01
nan	-6.450302153075184730e-01	1.153634717185306191e-01	4.603800005850147148e-01
nan	-9.679956713677189128e-01	-6.666231434008446088e-01	3.221443253117572958e-01
nan	-1.147272342123956124e+00	-1.288468830038592472e+00	-9.358610494227495025e-01
nan	2.069875119511472850e-01	-1.985292893860014285e+00	1.139739964360012570e-01
nan	-1.234298993739400885e+00	9.269978564080050276e-02	-2.034233505373438611e+00
nan	-3.741530938731555400e-01	-5.001357238787180748e-01	-1.695671165054551288e+00
nan	-1.545130969263338372e+00	6.214819960258222142e-01	-1.220759995405970022e-01
nan	-3.596804120019326256e-01	5.354499801383084678e-01	-4.813250932341902599e-01
nan	9.942293226957095165e-01	-5.545808029684619056e-01	1.471086788170150372e+00
nan	1.501405890291743983e+00	1.219444884588885447e+00	7.146374893769058545e-01
nan	1.293819690289438995e+00	2.766871608807320193e+00	1.329736979637263339e+00
nan	1.210147369334640288e+00	8.087337894599195831e-01	2.374890322398858222e-01
nan	1.883986119264943193e-01	7.706221081763191538e-01	7.354914482058325653e-01
nan	5.384714289912673202e-01	-1.568686344590787485e+00	3.715065117015681206e-01
nan	1.419653944376725541e+00	-1.671532358951034247e+00	-1.960544178567213303e+00
nan	1.614497359020826694e-01	3.334003628383751527e-01	-1.579844613817524612e+00
nan	-4.916008777862161394e-01	-2.636209764649759535e-01	4.085586262046002060e-01
nan	2.222072162139208995e+00	1.207184714409367698e+00	-6.166266620433999979e-01
nan	1.102347015275597419e+00	1.400464523532667593e+00	9.826924488318914408e-01
nan	2.045379058630446334e+00	2.320489669461615279e+00	-7.703893315196890246e-01
nan	1.679573685483526369e+00	1.802766622038184829e+00	-3.616308860979081663e-01
nan	2.580279194371533080e+00	1.450360179641599911e+00	-7.729114557894100068e-01
nan	5.509801197730673783e-01	3.502012060501471957e+00	1.035068832199885103e+00
nan	2.326568850143670097e+00	1.154070301747277982e+00	8.790886350448277042e-01
nan	9.753804673402236558e-01	1.406505171949269828e+00	1.929432206853603504e-01
nan	7.988180260511068553e-02	-1.224835032763534226e+00	-7.081879813258120659e-01
nan	8.858730776913537053e-01	-1.117707148432958153e+00	1.336319140469114819e+00
nan	8.780520243215496068e-01	-2.865532358184408879e-01	-6.514951073496964007e-01
nan	-3.170356691939554827e-01	-1.042392795599731858e+00	-5.588362334534995313e-01
nan	-5.428059700088609940e-01	-5.614216653096446574e-01	-1.616703282853034329e+00
nan	-7.644378673026521742e-01	6.978058710034884538e-01	-1.555783071379155391e+00
nan	-1.402287988870843938e-01	-1.309200133613174888e+00	2.348869449293041978e+00
nan	1.985979255826018086e-01	1.897921656581981198e+00	7.267721903376403447e-02
nan	2.308407246443251459e+00	6.499273833936202172e-01	-1.132274863551653299e-01
nan	1.030851783817509970e+00	3.624591570232476911e+00	8.896799731591680249e-01
nan	1.278486034670611282e+00	2.339819491693137188e+00	1.602049497096672548e+00
nan	2.578705874593845149e+00	1.787104114292664025e+00	1.671596455598929332e+00
nan	9.356547435438922200e-02	9.534995849736960238e-01	9.788792566934118033e-01
nan	-1.478498830060673619e+00	1.636266300014358466e+00	1.455915183053643869e+00
nan	9.955848138333894815e-01	-2.858131847836320460e-01	1.093252498360103075e+00
nan	1.126095123643166662e+00	1.468154249999256589e+00	6.381536267953449304e-01
nan	7.995066626150838518e-01	2.219706235154544238e+00	6.997789532866313111e-01
nan	7.107078739658507782e-01	1.297594722394826761e+00	1.855763394791832166e+00
nan	2.290475133249444184e+00	5.543749544809835061e-01	1.061630099181376963e+00
nan	1.063675682779058107e+00	2.254364786351398253e-01	-1.758439785744008166e+00
nan	-3.403486988277376613e-02	8.558460300754744399e-02	-1.040089703173672886e+00
nan	-7.217937757953671318e-02	-2.631594861495011872e-01	-1.769030663959948457e+00
nan	-1.294187727468090188e-01	2.091691879078834138e+00	-1.536155725206158174e+00
nan	-6.127524503385748389e-01	8.629084719044494145e-01	1.413789293968243932e+00
nan	-6.207360051047422500e-01	1.626287196800890178e-01	8.425154519034535605e-01
nan	-3.053200092244981456e-02	-1.209029392604497460e-01	1.748776641095242557e+00
nan	-1.277828278791489858e+00	2.405788483773365627e+00	-1.153752045064176723e+00
nan	-1.424056991448829912e+00	1.172046494407669170e+00	1.068553257054591255e+00
nan	6.313963369824913130e-01	-5.230945044523499510e-01	2.038887655369842067e-01
nan	-5.940319017674144941e-01	-1.252384565718963616e+00	2.032461663040243671e+00
nan	-4.957043418239435173e-01	2.354994998851832610e-01	-2.118008226570293473e-01
nan	2.591361865534567155e-01	-1.150169136440232442e+00	-7.230735567763574290e-02
nan	6.833040891490897994e-01	-1.144650003172989483e-01	1.391795159082914735e-01
nan	1.291604010144050685e+00	-4.003637987726108016e-01	1.812946277959859021e-01
nan	2.631576197907500303e-01	-4.426252617718520743e-01	-7.318393703924217508e-01
nan	-1.452735008361555336e-02	-1.952406996682308105e+00	2.230569896799364793e-01
nan	-6.053135724011665664e-01	-1.227070632880483680e+00	-1.918885828048836562e+00
nan	4.957518177157336225e-01	-1.643437486994227203e+00	3.795999638001756882e-02
nan	-5.047198460353168326e-01	-7.715922307696809757e-01	8.577185500184638656e-01
nan	4.474480673544178888e-02	-4.627999679257515098e-01	1.328116622813623415e+00
nan	-6.335850585598894469e-01	-1.095270251138215523e+00	-1.632541601510383855e-01
nan	4.922578791593523739e-02	-1.240435548274946287e-01	5.014509000680905659e-01
nan	-4.143468037588616260e-01	-1.202405514043917600e+00	9.208144714537247477e-01
nan	6.623645886770197500e-01	-1.183863158775098068e+00	9.305098319843267685e-02
nan	-1.454694227363377834e+00	-8.326649734511998302e-01	1.057637985492582589e+00
nan	-2.133541542958406367e+00	-1.428109073858526479e+00	7.687792455472876318e-02
nan	-2.081451121460033971e+00	-1.078246129901222927e+00	1.954261997951817764e-01
nan	-6.278734250688347007e-01	-9.132560579096835607e-01	6.685047978062517160e-01
nan	-2.278918947847217602e+00	-4.521455899460711803e-01	1.206892685510710717e+00
nan	-9.905734023287788848e-01	-1.132942922251272577e+00	2.021397898099425827e+00
nan	4.451438783663462795e-01	-8.166806367694982027e-01	-1.773402219245557854e-01
nan	-3.116508042899728270e-01	-1.430380484889565429e-01	-1.643255206520698231e+00
nan	-1.262582907664228093e+00	8.638035572060182021e-01	-3.996791137616572676e-01
nan	2.522281195447588331e+00	9.215452686287275430e-01	-1.877115609204223767e-01
nan	3.323877621372519631e+00	6.368014384070909140e-01	1.214505972623940888e+00
nan	6.805169286153281982e-01	1.275092063275686582e+00	9.609849535554344513e-01
nan	1.001645047567011115e+00	-1.042681083482191351e+00	-1.163989688626481778e+00
nan	-6.744360350753482169e-01	-1.741136937126716022e+00	-1.843325548410888803e+00
nan	-2.135872960321176350e+00	-8.881887006156348185e-01	1.838960381973104852e-01
nan	1.425008898927869083e+00	-8.939986306523325377e-01	9.552286017642044325e-01
nan	9.009720421854066075e-01	3.712536494367016382e-02	1.896498147831888526e+00
nan	1.959465549278093910e+00	5.065075868399784298e-01	1.588686490855576672e+00
nan	2.979416418688529689e+00	1.149588297757795807e+00	2.905780016723850112e-01
nan	1.723039294907231511e+00	2.143264421613613635e+00	4.845174266077074687e-01
nan	1.393124711857426368e+00	2.470826292488292886e-02	2.516741561444062913e+00
nan	1.203713601679451850e+00	-2.163809321973686473e-03	8.482845720921335930e-01
nan	-2.385262319449310553e-01	-7.915604088173855413e-02	-9.513191686731278240e-01
nan	-1.425173129038335151e-01	-5.707074518941692709e-01	-4.716312519446583806e-01
nan	-3.098869513787430030e-01	-1.248685849261302327e-01	-1.697164760435460051e-01
nan	-1.168610391409277416e-01	2.054658978685003579e+00	-3.570084518009034591e-01
nan	-1.261659306684406623e+00	7.167421450891265922e-01	2.026604978386612022e+00
nan	-1.129974335327421642e-01	1.097816352196277379e+00	-7.431302182384939004e-01
nan	3.647703836618776951e-01	1.129343577298948242e-01	7.964860262421721293e-01
nan	7.677771110240589891e-01	3.112657096838021276e-01	2.612129874516734285e-01
nan	-2.148118762983319829e-01	4.156161430840477622e-01	7.461399160619234250e-01
nan	1.132630791330431208e+00	5.759023067934052748e-02	-3.733204926660420586e-01
nan	-1.136971442349568040e+00	-5.444317525776014577e-01	-1.619575741941421843e+00
nan	7.255123035349586580e-03	-5.278583425840774890e-01	-1.997819422684947721e-01
nan	7.623696836038800217e-01	-9.823837995008960489e-01	-4.912401901657607040e-01
nan	5.555153622072284136e-01	-5.923156655235797263e-01	-1.748971020021333089e+00
nan	-8.713652401140195014e-01	-1.057955789172827510e+00	-3.547240068176058525e-01
nan	-1.393651004477518107e+00	-1.084455852224556871e+00	-1.181489693234299976e+00
nan	-2.046728300667415734e+00	1.081302294304456346e+00	-1.534932085999268114e+00
nan	-1.948020265401217088e+00	1.029621842579938829e+00	9.286159246861160899e-01
nan	7.740054330941771310e-01	-1.704630583826235002e+00	-2.427898804330632654e-01
nan	-2.624058945564961554e-01	-7.365137266582337805e-01	-1.174316253019608070e+00
nan	-1.305733407579931171e+00	1.252516967354293964e+00	-5.973303114531246516e-01
nan	1.089410625988687098e+00	4.871111176569771772e-01	3.508908052488541873e-01
nan	3.805523559230699626e-01	1.394252319358187941e+00	1.301317381210223445e+00
nan	5.466617549251679975e-01	-4.423476025671342349e-01	1.902286284213006384e+00
nan	2.261927622685411809e-01	-2.345580902855387784e+00	1.304504077794099715e+00
nan	-1.611957520117498710e+00	-2.402888100533468463e-01	-8.526699993444774028e-01
nan	2.307740732315325394e-01	-5.114275963847584316e-01	-1.887294013980556961e+00
nan	-2.875540156031332062e-01	-1.528240104177982062e+00	2.184071694600808744e-02
nan	-5.625492245781124057e-01	4.022587134648687446e-01	-3.269433618631932603e+00
nan	-1.577630561776398377e+00	-6.084735591938524868e-01	-4.532557034314126376e-01
nan	-3.694011953044885055e-01	-2.674802791191369100e-01	6.277599249057614905e-01
nan	1.912980613416995990e+00	-5.298593895783895169e-01	1.851579617068650485e-01
nan	6.581938227118334650e-01	1.024102442239943400e+00	-6.821715714143239406e-01
nan	2.022457678845647422e+00	1.332321570581097792e+00	-3.214996622313336938e-01
nan	-2.114608369738738558e-01	4.106752435976135374e-03	1.317583654023747330e+00
nan	2.743354128722318985e-01	3.004294406140063933e-01	9.320050393443362058e-01
nan	1.259751675443093966e+00	5.813948923204038666e-01	7.831572604817647054e-01
nan	-7.361547890955184581e-01	-1.373078947729811095e-01	1.441935248707729489e+00
nan	1.357623228945869842e+00	-4.167573267089264566e-01	3.108158895496787588e-01
nan	2.318186621659267255e-01	2.110517060362159247e-01	8.370798202679166078e-01
nan	1.864707893042310438e+00	9.861702027407571736e-01	5.384655411324313912e-01
nan	1.396223844769925559e+00	5.718835795188050852e-01	3.536860170218824595e-01
nan	4.027802329636425149e-01	-1.181643846260793662e-02	2.298296235135340204e+00
nan	1.112983584726062736e-01	-2.133773153973898218e+00	5.287420132722719934e-02
nan	1.667433988016762569e+00	-3.423840748391182576e-02	-1.974893784148787912e-01
nan	-1.092929601067821332e-01	-1.267327055125224478e+00	2.411025007150155997e-01
nan	-1.501607385513958448e+00	-1.334971387956218614e-01	-7.911190170978061875e-01
nan	-1.059256468000210560e+00	-5.800935982240408295e-01	-6.917347290525274750e-02
nan	-1.345780981873325288e+00	-6.051037873911806475e-01	9.758172539525296063e-01
nan	-7.314855286601418261e-03	-1.557470205894947668e+00	3.780617365321061740e-01
nan	-3.037103837599179457e+00	-8.123985324474425340e-02	1.046226438561380090e-01
nan	-3.006220999881386025e-01	-1.242099531724602191e+00	2.752900271831422163e+00
nan	-6.936991627440136643e-01	-1.962033545288214831e-01	5.563428977618618543e-01
nan	9.546970426993706127e-01	-1.290297841545514856e+00	-4.146949104168469180e-01
nan	-1.058434297062651019e+00	7.117292825332599548e-01	1.367741953681378408e-02
nan	9.949196529738306427e-02	2.518988700788166835e+00	-1.280725558854356683e+00
nan	1.268288485988135594e+00	1.699390244339356482e+00	-1.162715318293698674e+00
nan	2.120035884452925679e+00	-3.647324521903494432e-02	1.023209254955257830e+00
nan	-1.241966681130364236e+00	1.263831049884124980e+00	4.323822974603391822e-01
nan	5.926149226103791245e-02	-4.445637412874776651e-01	-1.206942398083001855e-01
nan	-6.758927409557566879e-01	-1.521445041230249151e+00	-1.945966182297786728e+00
nan	-9.502128759004158098e-01	-8.537259851400854638e-01	4.801700395772365848e-01
nan	-1.604361848418514258e+00	-8.899790549605433032e-01	8.079178826500207355e-01
nan	-1.123637341918087840e+00	4.677530377755103608e-01	-3.982262106087690601e-01
nan	-3.852089829562053147e-01	1.106469846664307699e+00	1.411223257249599738e+00
nan	2.578419501036844252e+00	3.443378498842872282e-01	2.554477520869582463e-01
nan	9.238885463701866918e-01	1.930837639202596545e+00	-6.589590052777347662e-01
nan	9.761356147973953012e-01	-6.843136919338208557e-01	-2.999839168557574820e-01
nan	-5.742377182370868027e-01	4.610386633529494627e-01	-1.161839556567644038e+00
nan	8.914974189152375939e-01	-8.897019038801228241e-01	9.055902976652698833e-01
nan	1.412372032008116562e+00	-1.259709626136341853e+00	3.837709931357868309e-01
nan	-1.947194123112687414e-01	-1.934520861339388720e+00	6.300588653143170959e-01
nan	1.398581554357662737e+00	3.074546693860370494e-01	-2.349050041288345714e+00
nan	1.667471251269860844e-01	-1.079184349223085260e+00	-1.456728669321032843e+00
nan	-5.322573166039521464e-01	-9.236806804602581966e-01	2.072563516078699264e-01
nan	-7.587185034455322663e-01	6.552010710188653775e-01	-4.113652194303949461e-01
nan	1.587854477386765606e-01	5.217185497318321818e-01	-7.939580001832464706e-01
nan	1.632142014131723884e-01	-1.902533527052465034e+00	4.089591101641203430e-01
nan	-7.318729327022952535e-01	-2.041480132840130857e+00	-9.394750642913748395e-01
nan	-3.013786298967665367e+00	-2.156301799852100132e+00	-9.796147648358393134e-01
nan	-1.511852171133780676e+00	-2.149976512222776304e+00	-3.632872415245994580e-01
nan	4.822293304124869451e-03	-1.339965495079564306e+00	-7.686746500681501670e-01
nan	-4.269086463937613596e-01	-1.778917901894013553e+00	1.300715257274330572e+00
nan	-1.926470754259665963e+00	-2.686496043011243895e-01	-4.235806635111292184e-01
nan	-1.226171682126292239e+00	9.116976877592269934e-01	6.440516711830912566e-01
nan	-4.865150643249397389e-01	1.270730351530697133e+00	-2.739288492468637259e-01
nan	-3.327300683274407866e-01	1.656175000939168918e+00	5.618000461043002325e-01
nan	8.877717746429802936e-01	2.129891221993092110e+00	1.193051636202213217e+00
nan	7.244951183301775455e-01	-1.572979594746710674e-01	9.298841662183912060e-01
nan	1.278500802553370841e+00	8.776893432006920293e-01	8.405452551486339852e-01
nan	6.243233214001031595e-02	9.150388556391092498e-01	2.525107032922280226e-01
nan	-2.586552661084240867e+00	-6.009392793341135075e-01	6.897306715442244052e-01
nan	1.005903044888725173e-01	1.016872645958032617e+00	-9.895070864086705775e-01
nan	2.976755069760079753e-01	1.230497550249614047e-01	4.039330508049860935e-01
nan	7.703297865632255936e-01	-1.325105854522972137e-01	-1.738460202982014868e+00
nan	1.103475451948434216e+00	1.852245232099496985e-01	-9.416484339455386543e-01
nan	2.591683592913125445e-01	2.624903597666609745e+00	7.193804770263767523e-02
nan	2.007932658483044364e+00	2.692559779030743172e-01	2.871423286362052574e-01
nan	9.888348472035703995e-01	7.531010238789955791e-01	-1.298764837665695726e+00
nan	1.773401757393962663e+00	2.047870133114327640e+00	1.785983191583875085e+00
nan	1.545682569368165282e+00	1.343328119694753298e+00	-9.634614140411452698e-01
nan	2.241651085860316250e+00	3.732912101209167499e+00	-3.669174401770662897e-01
nan	1.503852096323685439e+00	2.417474994984111003e+00	6.268675166125364795e-01
nan	7.250285473578830242e-01	1.748468916456163091e+00	1.112670415275162306e+00
nan	5.221651715815893713e-01	-1.026558815717694806e+00	-8.265858131127880037e-01
nan	-5.489523956910580260e-02	-2.223453824420962843e-01	-8.100365045933548558e-01
nan	1.563648800399325633e+00	9.512370789136035398e-01	-1.497462173600934365e+00
nan	9.610497559244091104e-01	6.426546746664679732e-01	-1.490177977788043284e+00
nan	-1.223685389053394523e+00	4.184496382647799329e-01	-6.040980071727679590e-01
nan	1.429557874583290977e-01	3.438178344822788168e-01	5.742890102961192289e-01
nan	-3.040556255255798535e-01	8.755710777905474362e-01	-2.945558263933472087e-01
nan	1.640658337568025704e+00	-3.338197577721353504e-01	7.706979907150716125e-01
nan	6.622677939864279884e-01	-2.004334661732727896e-01	1.210381717666021650e+00
nan	-1.446933537280586934e-01	-6.475349707723150328e-01	1.803664498360759705e+00
nan	-2.069016950019881396e+00	-1.157272161579902203e+00	-6.001172479062523157e-01
nan	-2.248576059077164846e+00	-1.119747248675320161e-01	9.745454809777357452e-01
nan	-1.738183392189992238e-01	-1.158269174406669988e+00	8.821649828976391161e-02
nan	-6.908061918031849213e-01	-2.335484072025352020e+00	-2.433216164246770896e-02
nan	-2.263480883899726237e+00	-2.588699618580958983e+00	-5.516088060406596494e-01
nan	-3.166110680131692057e+00	-2.586964813181501288e+00	-1.837787062864164156e+00
nan	-1.393538582837518192e+00	-2.984304999621198107e+00	6.792640818579931405e-02
nan	-1.202610862727938601e+00	-2.041839177775036429e+00	-1.574112016614544807e+00
nan	-2.177391462137499012e+00	-1.834134973966675908e+00	1.945523802643078781e-02
nan	-2.016292710899636020e+00	-2.648704111161943597e-01	-2.864102601028140072e+00
nan	-1.825576860228790732e+00	-1.158247185122628586e+00	-1.963182944604568991e-02
nan	6.198251220911185078e-01	2.177633814452608618e-01	8.209134046468632429e-01
nan	2.266365139745048829e+00	-8.088452638606598022e-01	8.292638038284556590e-01
nan	1.386088171506807187e+00	-1.026212701243107150e-01	2.010495527873208843e+00
nan	1.654846745820010012e+00	-9.029806949399361571e-01	-8.796956059970623132e-01
nan	9.322575307477902751e-01	-1.525514931595252366e-01	-6.793909447360414466e-01
nan	-1.575977483240919241e+00	5.425696619971720480e-02	1.278575466728096299e-01
nan	-3.163882104449157184e-01	-1.721458942498493627e+00	7.630265369239771500e-01
nan	-5.665174511334981622e-01	-5.860009450092343863e-01	-2.293643211527029102e+00
nan	-1.346814858871574927e+00	-2.204292413948043816e-01	-6.804593062798843794e-01
nan	4.650825659167244774e-01	1.944287052841034424e-01	5.899422061671695250e-01
nan	-5.672750189119829534e-02	-1.124454812540409243e+00	4.783645473547946114e-01
nan	3.458052247763123699e-01	-3.703684333489807856e-01	-1.661881320854302624e+00
nan	-1.368738455476800953e+00	-5.578981230476062203e-01	4.193661924584511924e-01
nan	-6.237753948766550094e-01	-1.647764747523701723e-01	8.371852539023878492e-01
nan	7.161195942589157482e-02	4.677994871640701047e-01	-3.774318919649911619e-01
nan	-4.358108138210480265e-01	-4.833589247381510079e-01	9.398453876848467115e-01
nan	1.217117542608301406e+00	-1.654668174787561896e-01	1.211901755349207743e+00
nan	2.423064699965287616e+00	-6.049727595738044750e-01	-7.323186007765112304e-01
nan	6.792023409910785681e-02	-3.970508783305224387e-01	-4.603420859525180209e-01
nan	-9.689832496092651848e-01	-1.454285222053963711e+00	-1.666869778603136565e+00
nan	-9.637394550946285499e-01	-1.085028719866982794e+00	-1.463222544860832031e+00
nan	-2.698647169408333824e+00	-3.187247541489248714e-01	-1.004624180570591552e+00
nan	-1.961936432621869564e+00	1.594309398176374515e-01	-2.548449975907839615e+00
nan	-1.682424647570318177e+00	-9.222168566960857738e-01	-4.468201615923842462e-01
nan	8.786501836294083878e-01	-2.763586995344340824e+00	7.534896592447549724e-01
nan	-3.946132049502731887e-02	-3.666487352055034510e-01	7.788525249376975212e-01
nan	-1.837815851636044773e+00	-9.008477253010486185e-01	5.038887868997945496e-01
nan	-3.024497899143639978e-01	4.384895483454651632e-01	1.530374345383568535e+00
nan	7.324041182286651352e-01	3.519990754364875629e-01	2.417358302085543809e-01
nan	8.276658441565135638e-01	1.192341737295854465e+00	8.312616418190041934e-01
nan	1.944197651206548194e+00	1.522281720015510764e+00	-4.330871218303522507e-01
nan	1.737642280272236883e+00	-3.429634139454105224e-01	1.452246163296840864e+00
nan	2.272377731969233761e+00	-1.259657586317173950e+00	-1.283188799381377976e+00
nan	-8.903181515673326274e-01	5.440559567569652755e-01	-1.610995020640870301e+00
nan	-4.859157416067947377e-01	-9.847935696265132099e-01	8.659800965946011786e-01
nan	-4.323236522391329939e-02	-1.461220798444919478e+00	1.944144233603745664e-01
nan	2.777319358242800185e-01	3.822229982335706988e-01	2.868774925282958632e-01
nan	-6.962418385026103440e-02	-2.203174155936998169e+00	6.407006059371666007e-01
nan	-3.981973148204855373e-01	7.132545436879197398e-01	1.419057258825321188e+00
nan	-3.820221319102856672e-02	-3.673753788056427494e-01	3.353593021331805479e-01
nan	-1.333328411539393521e+00	6.493895551961836876e-01	-1.703955921400089224e+00
nan	-4.054769206847568808e-01	-1.196183009554476984e+00	-8.301718699108289190e-01
nan	-9.542948632770621442e-01	9.108676181542230132e-01	-6.526266640547558895e-01
nan	2.746703386519773193e-01	-2.104624337664249722e+00	4.558939994623144587e-01
nan	6.113708293774442470e-01	-2.530433656439890377e+00	1.267996369041225480e+00
nan	-7.486576736398190546e-01	3.054442692660614966e-01	-1.493211885437466080e+00
nan	-1.547717293807128858e+00	-4.983192748021860741e-01	-1.538567971706995996e+00
nan	-1.388107694497943134e-01	-1.164543527494060204e-01	-1.853007565985869576e+00
nan	7.030472174397394136e-01	-8.621989496180557655e-01	-1.201804765770989381e+00
nan	-2.841120984281939044e-01	2.419796423465411461e+00	-6.298219699151866857e-01
nan	4.531775038437504399e-01	-3.152248238911282918e+00	1.788320499886418613e+00
nan	-9.443359705126983528e-01	-4.643379618053554703e-01	-1.417016385373035980e+00
nan	5.703561950086131205e-01	8.724151542094943368e-01	-9.646785224071882103e-01
nan	-4.975772887778501796e-01	2.926494865886012153e+00	-4.620390877831183074e-01
nan	2.931119523126011761e-01	4.410012286916006885e-01	4.772796376264276663e-01
nan	1.079437219396360392e+00	9.797697836685393957e-01	1.931738671185433631e+00
nan	9.907096720273292911e-01	1.143279573606855948e+00	1.259090099231966242e+00
nan	1.497965468221815533e+00	-3.762379145507743772e-02	-4.671116619668762571e-01
nan	-1.209240630862952193e+00	-6.592120733358695084e-01	-4.751204671152446934e-01
nan	-1.832404429359267395e+00	7.197520578308591599e-02	-8.489397702253100864e-01
nan	-1.485277569049866742e+00	-1.944691254551863313e+00	-1.551999175615948801e+00
nan	-1.304836232784061689e+00	-1.810765027926387605e+00	-1.129136560122475430e+00
nan	-9.888822110012029931e-02	-9.368471129300850464e-01	-9.415276748654060057e-01
nan	-1.053716133923607412e+00	-7.185366557027728085e-02	-2.079245414178597429e+00
nan	-3.580190910836502649e-01	-7.494427219027205433e-01	-7.924318804093544166e-01
nan	-7.761617152625054361e-01	8.414540845537825664e-01	9.577360972985431431e-01
nan	6.085486839711541363e-01	9.250711181894100132e-02	6.000774761763677523e-01
nan	1.657806469067609978e+00	5.042830305715814143e-01	6.734617495630190742e-01
nan	2.013528853592907897e+00	1.380143906989481639e+00	4.209551769572058011e-01
nan	1.578353690446443913e+00	1.077344616904682306e+00	7.519297938348425969e-01
nan	1.422291504390521766e+00	1.413310187236870297e-01	-2.746836857124336229e-01
nan	3.320990912010111540e+00	-9.899125976463388765e-01	6.012314881982517845e-01
nan	1.098981911550801271e+00	1.277609028342146180e+00	-8.786656485323472987e-01
nan	1.805033218274174067e-01	4.803243758764701443e-01	-3.259052864735953459e-01
nan	4.027493892616160753e-01	-1.261363779356520887e+00	3.742626542175934989e-02
nan	1.295139366817042115e+00	-3.611885400178651562e-01	1.143242016418957174e+00
nan	1.789028098970602665e+00	-1.732156070806915582e-01	7.239507912117579269e-02
nan	2.674568678383001386e-01	-5.298029108724826575e-01	-2.810577336083350808e-01
nan	-6.567015406284930357e-02	1.423383606903286802e-01	8.882154666654523689e-02
nan	-1.514807997470684620e-01	-1.853166547933499997e+00	-3.666671188554909699e-01
nan	-1.124017915741869045e+00	-1.904394732467559193e-01	-7.288149873223679354e-01
nan	-1.185727144347365813e+00	6.201143268329025737e-01	-2.723543837464902917e-01
nan	1.344566514182294892e+00	1.724872578083954111e-01	-2.641643821852502350e-01
nan	-4.282134695557130444e-01	1.159778093680612798e+00	-1.165504819304955975e+00
nan	-1.618569602550014308e-02	-1.069166141306590712e+00	-1.908451926686318689e+00
nan	-1.883773821736231202e+00	-3.005426447019372005e-01	-8.505275270559891077e-01
nan	-3.309185374422260573e+00	6.627462668632977394e-02	-9.316865766085187239e-01
nan	-1.304217046830841387e+00	-1.373774653604006746e+00	-2.013108953934620970e+00
nan	-2.447776814066349615e+00	-6.576354646023917505e-01	-1.602568563120187584e+00
nan	-1.465525961927776066e+00	1.229700813321231934e+00	-4.351824836561997700e-01
nan	-8.521682849455067821e-01	-9.721009081643920968e-01	-1.133824872531538630e-02
nan	5.016466733783381260e-01	-6.900763285771172040e-01	-3.479639079735863394e-03
nan	3.193284456586773512e-01	-1.021740976477760743e+00	-5.874494697964730561e-01
nan	1.698064472629287613e-01	7.990465345571677869e-01	-7.143700913104996664e-01
nan	5.497747077598127419e-01	-2.491806545632616054e-01	-2.802313141220844628e-01
nan	-1.186096205136378673e-01	-8.025291111357545359e-01	-5.625233232880214040e-02
nan	-9.261038420864978749e-01	3.939238313240185363e-01	6.324918714186487101e-01
nan	1.178902663180212862e+00	1.417925619566232864e+00	3.865302469508343775e-01
nan	1.370534034924068223e+00	9.129548922944882294e-01	1.379366737834058165e+00
nan	-8.142779077354234119e-02	2.107675065122418978e+00	9.130714176421261818e-02
nan	4.842325419813008902e-01	-5.465919682811541946e-01	4.321281208265527196e-01
nan	3.427274642115792080e-02	4.670692656570589185e-01	5.583097702221930803e-01
nan	1.023381594281012941e+00	-1.088929301930837035e+00	-6.089013666168208161e-01
nan	1.639379214047341771e+00	2.490546918564470746e-01	-1.317801720449470970e+00
nan	1.025250060913268868e+00	9.987843958918749543e-01	-3.051106507342511431e+00
nan	-1.642425545214551974e+00	1.625921202450384406e+00	-8.741376691457138914e-01
nan	-1.282431517652418362e+00	2.926270034674291476e-01	-3.393379320881945715e-01
nan	1.871790674818343270e-01	-2.087757605649163128e+00	-2.540159067073326504e-01
nan	-7.460371766146964845e-01	3.645624888815969245e-01	-7.943146351474862366e-01
nan	1.497564513164739708e+00	1.972040811246243419e-01	-3.331207077108217507e-01
nan	2.300463288487492708e+00	-1.073845206006646125e+00	8.375231188432501472e-01
nan	-5.878809792582833094e-01	2.075180877969848403e+00	-8.930026598426508144e-01
nan	2.508259223516492442e-01	-1.357869880841952259e+00	8.335860168809019477e-01
nan	-9.121925688247951580e-01	5.166505777446106507e-02	-6.204483939408238502e-01
nan	3.947283379605028286e-01	-1.465945173099754806e+00	-2.877049601848594151e-01
nan	-1.320512741805585089e-01	8.881308312187770060e-01	-1.001225823630484513e+00
nan	-1.410978996823395448e+00	7.117636444641377569e-01	8.353253127688309299e-01
nan	1.383733553486422296e-01	5.153958227901266342e-01	-2.266373327246017366e-01
nan	-1.715049180292986253e-01	6.952792154296738580e-01	-2.254475245151373319e-01
nan	3.067173590485220425e-01	9.067079806450785151e-01	5.520820281925139517e-01
nan	3.861454841937798643e-01	2.783545241879942234e-01	1.662108411898268745e+00
nan	3.649616418329781342e-01	1.584711760925240631e-01	-5.087958035697307535e-01
nan	1.283027149422645286e+00	9.346270687514655062e-01	4.546499704487753646e-01
nan	-1.436970174332408146e-01	-9.511575640935487908e-01	-3.663897316290710138e-01
nan	-7.260109082798972269e-01	-2.868817891997587077e-01	-6.189603125141021067e-01
nan	8.368527921922636059e-02	-3.691176780515127986e-01	-2.693455130742146708e-01
nan	1.091742803787637550e-01	2.082810545906697008e-01	-1.675098478090960130e+00
nan	-1.101699311845400597e+00	8.707473050517889890e-01	-1.596167920735172441e+00
nan	-9.548797147244885153e-01	1.129508971229667758e+00	2.104218466995959602e+00
nan	2.660622187116645332e+00	-6.160955383939973329e-01	1.309346629476051627e+00
nan	2.109708321477575588e+00	2.580609378320719127e+00	1.377289858325336791e+00
nan	2.871142575986168843e+00	2.569623313206320425e+00	4.923822106859540026e-01
nan	1.619431752204997688e+00	2.038936727298239937e+00	1.422850684376430808e+00
nan	2.568288098703437328e+00	8.865933766879898759e-01	2.156327901500263433e-01
nan	2.803284368159871143e+00	-1.587019940851547961e+00	-1.267828649067469504e-01
nan	-9.571772929731653390e-01	2.461838005486345349e-01	-8.908427310782277564e-01
nan	-1.869873075086632142e+00	-5.400862572773449388e-01	-7.302060623967935316e-01
nan	-5.580957015193224180e-01	-3.760825992568405662e-01	-5.344718530599090744e-03
nan	-5.402570708256240195e-01	1.694382198131564876e-01	5.439063284835099488e-01
nan	2.232662507960379156e-02	-2.810151572108162688e-01	5.449877150958062355e-01
nan	7.394009453065232274e-01	5.401506825980837423e-01	-9.537055267013101467e-01
nan	8.785430682834985960e-01	2.018081072465921499e-01	-4.245956612162489763e-01
nan	-2.667417926645898607e-01	-3.022917708947200910e-01	-1.355005361812176845e-01
nan	4.523263743002878812e+00	1.380562103472903479e-01	-1.645107840865789040e-01
nan	5.337476772287567117e-01	1.597996936385718048e+00	-7.623930125190504503e-01
nan	4.208943565432817779e-01	-1.101555637685778022e+00	1.937505470637726823e+00
nan	6.494363177186753822e-01	9.883074757463368165e-01	-2.788535865408119929e-01
nan	-3.324406394240813079e-01	-7.657909980180593879e-02	2.201615751017779454e-01
nan	-3.562173399646114680e-01	-1.390123181894535875e-01	5.214871709227887342e-01
nan	-8.821151892849599108e-01	-2.101699383039580926e+00	8.575775747874216093e-02
nan	-1.567876310404218820e+00	2.939516405633887386e-01	-1.191339820261354099e+00
nan	-1.601685167228595219e+00	-1.303396343795316215e+00	5.336218988749128478e-01
nan	-5.487931787695907726e-01	-7.379259356897279742e-01	1.423714410632763994e-01
nan	-1.640445389221378836e-01	-1.675504377914382448e-01	4.454663629301007788e-01
nan	9.585159384625958623e-01	1.967331315622607990e+00	1.601276652006052181e+00
nan	1.866741245329441856e-01	1.418123490910240703e+00	-3.072763891239134182e-01
nan	1.691568704608716889e+00	1.658756248319464444e+00	1.268388991294211898e+00
nan	-8.819164641637122770e-02	-4.069959211727107729e-01	1.729445226960510951e+00
nan	-4.173585291869116864e-01	-9.972628577787173709e-01	-1.980061450296042747e+00
nan	-1.360033895001899085e+00	1.786514464563218607e-01	-1.411284148685457707e-01
nan	-2.993423258754074334e-02	1.039284292143102251e+00	-8.017495942834301781e-01
nan	-3.830392373461427025e-01	3.181912126922497031e-01	7.997941771992199689e-01
nan	-1.886680052092595261e-01	6.971897127144476014e-02	-4.572484997381983107e-01
nan	-6.607285221368086603e-01	1.153211954828770036e-01	-1.844695310983772152e-01
nan	-2.586521197082189971e-01	9.650497518474762115e-01	-2.500856712450565844e+00
nan	-2.258679462689099915e-01	-1.038086075610241910e+00	-6.688948641758215574e-01
nan	-1.692047995829179863e+00	-1.001321548845141240e+00	-2.058043357542157725e+00
nan	-1.522621468385267018e+00	4.049527149368761236e-01	-1.289812979554290306e+00
nan	2.070453829879497221e-01	-6.212217261147874314e-01	-1.090476300939604126e+00
nan	9.510461956172274745e-01	-1.487075544229258250e+00	9.346677900474524847e-01
nan	-5.849986042950865439e-01	-1.806541676835979437e+00	7.192408905547010844e-01
nan	7.129411249229952174e-01	-8.354905455645067480e-01	4.267764568504116562e-01
nan	-1.853576093098286526e+00	-4.541743707914641104e-01	-2.078512664308328484e-01
nan	-1.641157321638887723e+00	-6.485730776681060128e-01	-4.030703496570005040e-01
nan	-7.894715983141692428e-01	4.325379814422969371e-01	-2.375599921810153781e+00
nan	-1.378595301357542935e+00	1.309972223975913064e+00	-2.679609334255226294e+00
nan	-1.056343808483939606e+00	-3.182306413489854324e-01	-7.754353666062945294e-01
nan	-3.960919320863787174e-02	-3.352075342941748248e-01	1.222854439037029284e+00
nan	-2.464636607519110623e-02	-8.216432408256637565e-01	1.482752447874477575e+00
nan	-4.367726622380024848e-03	1.002521579968453924e+00	-1.158943573309248798e+00
nan	-7.059789671297765912e-01	2.449632062670385746e-01	2.639229336349803723e-01
nan	-7.554880829310828272e-01	-7.380522650641196947e-01	-1.094181605433575122e+00
nan	-4.521000817259762661e-01	-5.725443205176976580e-01	-3.848680591538075624e-01
nan	3.839337444029294333e-01	2.376908205170932820e-01	-2.424867364720685092e+00
nan	-1.145273508795676021e+00	1.602323855436001088e+00	8.301105834293164287e-01
nan	-1.413562622858499651e-02	-6.743262766739068770e-01	1.654157112986647249e+00
nan	-3.032301063858020562e-01	1.623312907915624770e+00	-5.010011021184750390e-01
nan	1.231506154237630019e-01	2.254500616921688294e-01	-2.187030220259900126e-01
nan	9.369295082470087133e-01	1.193210483539666855e+00	1.696413192140040049e+00
nan	1.103674046444602430e+00	4.335656530546737608e-01	1.458905098635418174e+00
nan	-5.648834066010913757e-01	-1.813769568089803608e-01	-4.713401675354658149e-01
nan	-2.102505261779727075e+00	1.285709900554203866e+00	6.848950014184804758e-01
nan	-1.073431668493463054e+00	-2.973191942046488068e-01	1.094625901590266848e+00
nan	-1.054602343101712636e+00	-5.225970948816311967e-01	6.558220407974939548e-01
nan	-1.138304427679669439e+00	-2.459742158314538241e+00	2.093436715014168392e+00
nan	8.791470747207346115e-01	-1.004153176475516718e+00	-1.692970646963628534e-01
nan	-4.464060635622481010e-01	-9.145246357720639985e-01	-1.008877581857339223e+00
nan	4.875080666147681985e-01	8.015781832107207183e-01	-1.373703306560028814e+00
nan	1.190243836834375069e+00	2.156277547372664749e+00	1.667565511850920001e-01
nan	-6.842676368304554391e-01	5.275819032952508980e-01	1.645266701939855691e+00
nan	-9.867530269897835105e-01	6.742870649464741684e-01	5.978084081117009951e-01
nan	-1.526096964283907287e-03	-9.406231005954468483e-01	-5.261404941450993356e-01
nan	1.543396695921443129e+00	5.051167863422068027e-02	-6.802301811149594757e-01
nan	1.623047844355075320e+00	7.730863442733334479e-01	-3.345290086928309758e-02
nan	-1.480216793680880771e-01	-1.822550075422019855e+00	7.759920198740074548e-01
nan	-2.773133554205636231e-01	-5.011579560610615047e-01	-8.705785956031857342e-01
nan	-1.608559628424716115e-02	1.055618546323777718e+00	-5.710666415688627762e-01
nan	-4.746517366420507922e-01	3.894990498174210058e-01	-5.115353455981506148e-01
nan	-1.909810321478176309e+00	-6.196767128570763727e-01	2.544836411174666857e-01
nan	-1.477219523988746008e+00	-4.502592703258874174e-01	8.555526839316919263e-01
nan	-2.159587398064293673e+00	1.181493862256215888e+00	-9.881114602764684562e-01
nan	-2.402797428846478844e+00	-8.097674032434051261e-01	-1.302953472733809015e+00
nan	-2.422646274150960455e+00	-2.275326252617058120e+00	3.304510346869584669e-01
nan	9.261713631565977600e-01	-4.285220170100719761e-01	-7.167889612680762301e-01
nan	-1.297518041186168092e-01	-1.450956073199976437e+00	1.044307499014595741e+00
nan	-5.045598527976271619e-01	-5.349365890430342052e-01	1.113988764524168618e+00
nan	-8.564699564201236903e-01	-8.930336983800030159e-01	6.889312301010237505e-01
nan	-1.272927726996836206e+00	-5.386865788186538939e-01	1.105341943086450174e+00
nan	9.202379667872638835e-01	-8.631765603727931113e-01	1.564801991724726449e+00
nan	3.398110562453011685e-01	7.729003419926123719e-01	2.565292270665103791e-01
nan	9.650686537920967201e-01	-5.634241210085619844e-01	8.963733669870318499e-01
nan	1.559754083841078609e+00	6.268939047714066071e-01	2.226560711584494090e+00
nan	1.291583074516585716e+00	7.578336354307133593e-01	4.733866026820593431e-01
nan	1.019689046119874209e+00	1.197245757402576771e+00	1.792139032770970974e+00
nan	3.272921812908895500e-01	-5.168951489067108440e-02	1.457875553288039416e+00
nan	2.660321918451201140e-01	-1.098163004462016090e+00	-7.509818418512917981e-01
nan	-1.200837144963088798e+00	-1.672017364864786249e+00	3.534042805889209271e-01
nan	2.703533028931356386e-01	-9.112251436726643838e-01	1.848240242223012086e-01
nan	-5.055088235156650622e-01	-5.148678078502968436e-01	1.113924093582635555e+00
nan	1.044343781387715220e+00	-1.693942694691622508e-01	-5.354061631801321219e-01
nan	-1.009409101557223964e+00	1.041362199193829052e-01	2.288530120366269738e-01
nan	-1.042326067568396963e+00	-8.294043294357558160e-01	-7.645888027825004096e-02
nan	-5.806329890448432840e-01	-3.031069354034172658e-01	1.210516088274838364e-01
nan	1.171001023482398429e+00	-1.088511020419889563e+00	-1.883005929541252677e-01
nan	9.906411156382085581e-01	2.104949053001369474e+00	-5.615609258076117438e-01
nan	2.607507390890492882e+00	1.940525834818200845e-01	-6.351328102179409907e-01
nan	1.318031158961257665e+00	7.050188198057076860e-01	6.189710446154108592e-01
nan	-1.177822510678519619e+00	-7.912389913209246783e-01	8.266876200520058005e-01
nan	-1.834049199520658480e+00	8.363928251352923393e-01	9.082228871363768885e-01
nan	2.392026406594655388e-02	-2.249799059601515494e-01	1.223333681352727798e+00
nan	1.611698709474339575e-01	-3.732022889318653003e-01	-1.282713874282287447e-02
nan	-7.785456826142065356e-01	-1.027934030429835666e-01	-3.386825639293675749e-01
nan	-3.825933434505022213e-01	1.102453685319346288e+00	-7.970383496465859308e-01
nan	2.958598746880634622e-01	1.396638194683247347e+00	2.050630310765721998e-01
nan	2.231194037998268098e-01	1.144242673219392437e+00	1.282135483647453444e+00
nan	7.636387169835658906e-01	6.021230849903288496e-01	-2.208538840679939330e+00
nan	-3.351383923901349315e-01	1.213544266061411081e+00	1.461253703367445533e-01
nan	-5.740468577838664377e-01	1.252749687294857805e+00	4.775231863763135798e-01
nan	3.438937652762096286e-01	1.114817078564920294e+00	4.196064928220933354e-01
nan	2.472036469328608543e+00	-5.211127488755067372e-01	1.048868601037649118e-01
nan	1.011167020555280960e+00	5.085318797163490556e-01	-4.043424594404596006e-01
nan	-3.189155641365093441e-02	5.892647662953798271e-01	6.126562020690223820e-01
nan	7.622594727544246274e-01	9.752800874086705596e-01	1.114367545923683478e+00
nan	3.700978441355673443e-02	-2.232860770884703694e-01	-1.468248925281186335e+00
nan	-1.420014633838074580e+00	1.478340743773993160e-01	1.718441011129723250e-03
nan	6.208525266634096207e-02	-9.164155114964380733e-01	-7.135354897022203047e-03
nan	3.619323638193234216e-01	-1.533036055672596376e+00	1.811242115193046676e+00
nan	-2.991936290469878745e-01	-3.167854895084525335e-01	1.424836548610806775e+00
nan	-1.356655865389517768e+00	1.404571596533476241e-01	-9.970536575943556024e-02
nan	-1.032616327217192875e-01	9.209066866861806977e-01	-5.951052643295873246e-01
nan	-4.830244757120545906e-01	-2.275554072649588200e-02	8.689441452833424062e-01
nan	3.654117456459692326e-01	6.375709987247055732e-01	-9.752952366290507102e-02
nan	4.857146692356092421e-01	1.458594173530131322e+00	1.061534222808576233e+00
nan	2.178619769835896225e+00	2.400670390973072443e+00	9.542110425753616010e-01
nan	4.832645456227546710e-01	9.581237959879835842e-01	4.843984678748268768e-01
nan	1.821861843699679628e+00	1.340121370891444341e+00	-6.569884589483303561e-01
nan	1.499402492480431226e+00	2.045600322619438138e+00	-8.936549756154283930e-01
nan	9.767987607108691295e-01	1.133001594927548261e+00	1.011806876499032448e+00
nan	2.361152632992631339e+00	8.247954681862617043e-01	1.773105750689611071e+00
nan	1.178351294384498704e-01	-1.251509698308780338e-01	-5.406219797385523052e-01
nan	5.918952979803547843e-01	-6.072850419457924698e-01	-1.981809921034854316e+00
nan	-1.592718019362851845e+00	-1.026540774153046787e+00	-1.340785839444820216e+00
nan	-3.985891140357407991e+00	-9.635408263618251423e-01	-2.057813632382005320e+00
nan	-2.328804739096160148e+00	-1.285596348752009455e-01	-1.873167788691238567e+00
nan	-1.530899991335715749e+00	-1.794026734275267820e+00	-4.841193859437256108e-01
nan	-1.792742462177813412e+00	-2.099877241519754190e-02	9.575743650771686433e-01
nan	-9.801619577204543354e-01	-7.401005945359969695e-01	4.613951432537936048e-01
nan	-1.189191680725334876e+00	-2.501249370427301777e+00	2.929123269300908383e-01
nan	9.361629649182900970e-02	1.694320994761437715e+00	-5.400843902206249325e-01
nan	-7.284231104435340276e-02	8.359427213112886612e-01	-5.691049174660092191e-01
nan	5.244735367008431792e-01	-4.885880613800521743e-01	1.075029254702540626e+00
nan	-5.762843617668051976e-01	-1.803741388126986145e+00	9.330753919903393978e-01
nan	5.712789716977185739e-01	-1.824628451769167325e+00	1.346704003122363158e+00
nan	9.958657089521627537e-01	-1.904927387437866049e+00	9.075373046115353670e-02
nan	1.479109318205103829e+00	1.589803110605588987e+00	3.589750047985424963e-01
nan	6.108376469668501674e-01	5.037313115063507540e-01	-1.751857590426977307e-01
nan	1.165845434777468714e+00	-1.269260541888206362e-02	-6.113290087454903432e-01
nan	-5.539877435676849871e-01	-1.716982202497091992e+00	3.329294245996996526e-01
nan	-5.465313388848199727e-01	-2.464870307112777326e+00	9.478144601564473248e-01
nan	-3.424771630189093474e-01	-2.140148079674159654e+00	-5.529513465176638665e-01
nan	-2.321497789160032355e+00	3.217808314473976639e-01	-2.563660480514047268e-01
nan	-7.984754445127550948e-02	-3.373274668444135038e-01	-7.288092160962214017e-01
nan	-1.655163261609545466e-01	-2.462501849598314196e-01	1.052602180908838392e+00
nan	2.043154647341527852e+00	-1.459612318940736397e+00	1.128100402584110429e-01
nan	-9.074271234993502855e-01	-1.085363718828360691e+00	-5.214249831470428864e-01
nan	-4.068775105786473500e-01	-2.305633349362966822e+00	-2.207067575138639270e+00
nan	-2.111432959714321544e+00	1.138005611222175917e+00	-2.478728746290243201e+00
nan	9.733560058088785993e-01	7.613719374909938553e-02	-8.860379205107919987e-01
nan	1.033311787435238216e+00	7.934728987325839755e-02	-1.193305919720709207e+00
nan	-1.087903896937409964e+00	1.012925869030377957e+00	-1.548418821123049849e+00
nan	1.178498224102644043e+00	2.128151600708831914e-01	-1.095257748540637288e-01
nan	4.240704561696055364e-01	-6.525989519411529161e-02	6.809885955793507639e-01
nan	2.872945512295133064e-02	6.283851754480048735e-01	-1.916589364413752994e-01
nan	6.480368773607045885e-01	7.462790894558103405e-01	-3.580675866551603082e-01
nan	-8.742682160531858315e-01	2.798887843303216050e-02	-4.815104371557057950e-01
nan	-6.381621715020636687e-01	-2.650464958056929277e+00	3.149950389912594684e-01
nan	-1.311387873334354914e+00	7.175444173998783981e-01	-2.706525758931985326e+00
nan	4.321523207512989462e-01	1.228164463878601786e+00	-1.652524285556886241e+00
nan	8.239100582346684520e-01	1.065807405941153752e+00	8.616051100201441715e-01
nan	1.295521822735836270e+00	-5.315285935251147231e-01	-1.586405137634209872e+00
nan	-1.046178756406637822e+00	1.038291361183821149e+00	-6.386702801907638838e-01
nan	9.289504499833148854e-01	1.875165795768807708e+00	1.628135586135279755e-01
nan	1.926316280909286860e+00	6.792600134087841690e-01	1.020432917967540432e+00
nan	5.612491646505858300e-01	1.898258049036923190e+00	1.454823802233865981e+00
nan	2.581943128182774494e+00	1.599494896765346397e+00	1.898317377075756429e+00
nan	5.859606029543447114e-01	2.623123566051550171e+00	2.323088850963323626e+00
nan	3.781702580620643239e+00	2.355780940800485723e+00	1.583370625366502527e+00
nan	1.939573983388031664e+00	2.142774409981389017e+00	1.310309704118175267e+00
nan	2.602815892532405417e+00	2.912759833211554517e-01	2.291216338387099150e+00
nan	2.320406006077580408e+00	1.496194948543273284e+00	3.785938584571983956e-01
nan	2.602657095066975845e+00	9.086047807982923219e-01	3.887578704823344555e-01
nan	1.283151337974103523e+00	-3.343290900274697997e-02	-2.772027110370886560e-01
nan	-7.427959094211100677e-01	1.862385851068898979e-01	2.212543487291621425e+00
nan	-4.069510475533030247e-01	2.626016190307848275e-01	1.610219868911867414e+00
nan	1.424368589983324274e+00	3.431085441940933678e-01	1.527891710553661575e+00
nan	-4.430686026822727719e-01	1.023439186974362536e-01	8.790008070368743320e-02
nan	7.722677364564760616e-01	-3.726731422678599692e-01	-5.895406650589476438e-01
nan	-1.266938087308794536e+00	-1.236528045796512654e+00	1.408090629398356608e+00
nan	-9.182023006148829491e-01	-2.759614186605984232e-01	2.050846111197239807e+00
nan	1.072934716255756538e+00	-1.024156624037935615e+00	-3.653025112138014174e-01
nan	-9.030655667126458175e-02	8.925613588980977342e-01	-1.190258415801235037e+00
nan	-3.263511085376133103e+00	1.992319940359621233e+00	9.567635257920626968e-01
nan	6.053522800737979326e-01	-5.090883083081585436e-01	-3.384842076064937810e-01
nan	-7.011901581642042691e-01	1.511199658871975327e-01	-1.356372587587343137e+00
nan	-1.235439455389990560e+00	4.486979966862905123e-01	-6.248549955099230724e-01
nan	-8.366418332834957283e-02	9.167322719825983235e-01	4.672272486716885220e-01
nan	7.264066313214301296e-03	8.578378246268216767e-01	8.243340314515410494e-01
nan	-7.035744946351107920e-01	2.886399319701283828e-01	-3.786111388323890603e-01
nan	7.485243540609545221e-01	-4.428538393346473923e-01	-3.338017493866322905e-02
nan	2.180018796839310102e+00	-1.918180812296802928e+00	-1.499889984243331531e+00
nan	-8.156157175380792657e-01	1.005956271787308565e-01	-1.687702801386461671e+00
nan	-4.976236368839858093e-01	-2.287369815622483760e+00	3.621305283240222606e-02
nan	-7.533719902057594009e-01	-8.992360965453438659e-02	7.840200714394838233e-01
nan	-9.553362982829785022e-01	-9.706644285146019957e-01	3.134217087002227342e-01
nan	-1.655778998719961592e+00	-1.056509074482239630e+00	-9.604117478991717194e-01
nan	-1.661475115384575041e+00	-4.386262505181758864e-01	-1.629223800996608684e-01
nan	-8.063740335345512822e-01	-1.573087395501660435e+00	1.147601253623760975e+00
nan	1.014374699826337434e+00	-2.439819858441068856e+00	-8.134592919270494660e-01
nan	-9.776715326791944882e-01	-2.000752932967137188e+00	-1.731269937333349551e-01
nan	-6.147738691420026047e-01	-6.087572227470072761e-01	-1.961851952878613581e+00
nan	-1.536586820213925009e+00	-1.780969729535132329e-01	-1.582747466335554520e+00
nan	-3.046357421533145704e+00	-1.062233952326624653e+00	-3.175168326853155865e+00
nan	-3.917666544886095448e+00	-1.107689595038505059e+00	-1.980946646168170844e+00
nan	-2.316793188844881612e+00	-3.053739733013880020e+00	-1.233771214479773004e-02
nan	-2.016808466280790135e+00	-3.416013175530265400e+00	-6.107862549353294535e-01
nan	-2.137164871692212031e+00	-4.445696383557258269e-01	-1.165955269170039221e+00
nan	-1.259077601386770606e+00	-6.130311364711252820e-01	5.141649897718989504e-01
nan	6.403294780168742317e-01	-1.450688914714013400e+00	1.222793245340254575e+00
nan	6.117918425055020037e-01	-1.248429385535393815e-01	-4.761458975064650212e-01
nan	-5.747842167260711621e-01	-1.019538975581924856e+00	-1.629027568738234122e-01
nan	1.536339545444905585e+00	-2.324819196918274655e-01	-1.615874949211159262e+00
nan	-9.542904341694520287e-01	7.556174806459510229e-01	6.437194934491181630e-01
nan	2.148316579569104490e-01	-6.811755764803764657e-02	2.575137973550033266e+00
nan	2.812147344084808820e-01	1.465945138996116226e+00	9.900013370934551693e-01
nan	3.243785068357372681e-01	4.528152814070824927e-01	-1.402673761380492268e+00
nan	-6.531522885225823360e-01	3.183613429712970899e-01	1.512298405973804938e+00
nan	-5.994807433174343947e-01	1.247982049586354947e+00	1.193266080474302715e+00
nan	2.230035526964966874e-01	2.495008113274133632e-01	1.436680310566517571e+00
nan	4.596935441233296893e-01	-1.308827279335792459e+00	-4.945722411211939118e-03
nan	-2.278304788286425464e-01	1.110050492071624761e-01	-3.827030793783564033e-01
nan	-8.364129737396567288e-01	-8.480361137905295665e-01	8.445470649378854500e-01
nan	-3.000567406979914309e-01	-2.172592218389121310e+00	2.971542363965080646e-01
nan	6.719052585518308085e-01	-5.365952820978048265e-02	1.159066134968219197e+00
nan	2.883397056383131263e-01	-4.458500271674983306e-01	1.433544553448553027e-01
nan	5.720773444513084227e-01	2.643066503776239640e-01	-6.363336977379911996e-01
nan	2.113353225610167030e+00	-1.425974065980102345e-01	8.751841111181476451e-01
nan	-4.974364569088796095e-01	2.909445132501399023e+00	-9.651804780362995828e-01
nan	2.140015094379602800e+00	9.584555855449550243e-02	7.155266776481803426e-01
nan	5.895620601792718185e-01	-1.414492439549006608e-01	8.383925622375829056e-02
nan	-5.872350448702486903e-01	-1.805768574928648285e+00	9.900636751540982106e-01
nan	-3.513943416016855892e-01	6.229786580700429344e-01	7.589254389952541091e-01
nan	-8.241335116222684443e-01	1.100119332389804860e+00	-1.021569162735104674e+00
nan	-2.161856106726216809e-01	-1.937652655463314000e+00	-1.114942394352750998e+00
nan	-1.010170642189330392e+00	-1.162817921985173752e+00	5.396917897562224509e-01
nan	-6.356280410628649680e-01	-8.709717183989609257e-01	-3.547831219261442515e-01
nan	-5.085179157303033604e-01	-1.692437769540627635e+00	-1.148241360801307565e+00
nan	-1.204634104799554573e+00	-1.059662986169279009e+00	-8.125793963198610914e-01
nan	-6.011504699717880040e-01	-2.058472899309769844e+00	3.716995387712308530e-01
nan	-8.638434577638905987e-01	-2.027653846325425668e-01	7.621274056992799473e-02
nan	-2.043857804667723155e+00	-4.614909800231180581e-01	5.832807351457022227e-01
nan	2.471581053347811086e-01	-9.778532508078652263e-01	5.575215667536241593e-02
nan	1.775877160959646317e-01	2.258424854967593098e-01	2.088983340590329973e+00
nan	-4.115465557456454704e-02	-6.941526852084602961e-01	2.723389511515428740e+00
nan	-7.035405290300664749e-01	2.986474602590560301e-01	5.439480407618775271e-01
nan	-1.250065884805388050e+00	-1.025651764410869804e+00	-2.745617451462912251e-01
nan	-1.069061388685969227e+00	1.710045640057282768e+00	-2.864307875690498273e-01
nan	4.391384027250502253e-01	1.751947402490090955e+00	-7.078918439405066376e-01
nan	2.692571626387894490e+00	4.292307269437004580e-01	6.810341764222420657e-01
nan	1.501341572055769014e+00	3.747435085233514762e-01	1.057697279598125983e-01
nan	1.453966056489261582e+00	-1.430795166846571487e+00	-4.820690141696459818e-01
nan	-5.990220147528537709e-01	1.694268327101172977e-01	1.212557119018665697e-01
nan	-2.161929595142946248e-01	-2.359452569052401749e+00	-1.443689581006771139e+00
nan	-3.527949251472115577e-01	-6.429781872034663337e-01	-2.338406207389889246e+00
nan	-8.093815050774914033e-01	-2.402587208230648752e+00	-7.282897539175579027e-01
nan	-2.039121765482850623e+00	-2.221960298947090351e+00	-4.030710297090678296e-03
nan	-1.775374479036222475e+00	-3.751604820957144426e+00	-1.465209302750390741e+00
nan	-1.767761831210614698e-01	-2.027584184674479761e+00	-5.958934926953334266e-01
nan	-2.529061741703779731e-01	-1.868297777664711390e+00	-5.162330739254814560e-01
nan	-7.295058971903645162e-01	9.067057529466915344e-02	-1.477369411584170678e+00
nan	-1.957359093961492658e+00	7.397187344356602745e-01	1.804961279551207998e+00
nan	1.769450325356486609e+00	-2.026834008083533423e+00	1.363710321069948828e+00
nan	3.959705012177072714e-01	2.293858932761328739e-01	-4.805308653582095468e-01
nan	2.886086986150808165e-01	2.713013787126379306e-01	-6.155976732709213251e-02
nan	6.064488912304791812e-01	-9.019954641746370516e-01	-2.475336430305629110e-01
nan	-1.576029158303350552e+00	1.073570723817115935e+00	-4.786142074655103662e-01
nan	-1.181092802038901768e+00	-1.824148583206080809e-01	-1.285051593550807114e+00
nan	-1.008737422496307934e+00	5.662318257163182489e-01	-7.447309458425623863e-01
nan	-2.246926910268593147e+00	-8.876643393629062295e-01	-5.005540902254960178e-01
nan	-1.611608518921440414e+00	-5.584385695564142438e-01	8.639832830006004549e-01
nan	-6.170061690055814729e-01	3.255556091709521649e-01	-2.821454758493554538e-01
nan	2.148740437566017292e+00	-1.716775626274956501e+00	-1.397202727753118212e-01
nan	-1.906107439090014843e-01	-1.960684324839272186e-01	-8.578537041024292265e-02
nan	-4.486549470757019709e-01	1.658140613882090331e-01	-1.390063675941842214e-01
nan	4.938690122888836909e-01	6.495588076738887384e-01	1.546771448908482727e+00
nan	4.675595946412391957e-02	6.340105626472288813e-01	5.027302238715203320e-02
nan	-3.648084206886317293e-01	6.246239399048590935e-01	-4.485664480704035784e-01
nan	1.496020008327285655e+00	1.289862347805335707e+00	-4.869572475414724044e-01
nan	-4.398333470101056797e-01	6.168770055457449830e-01	2.195963383385557410e+00
nan	-1.599722369354639850e+00	6.875936056991630574e-01	4.671715688906315500e-01
nan	8.844654986591311552e-01	1.437173898538687822e-01	5.455643876337662457e-01
nan	-7.363070026555674774e-01	1.058989553282306817e+00	7.348835515447100786e-01
nan	7.095456240029108796e-01	1.850479355124701741e-01	6.540642452110118077e-01
nan	2.705201871970005501e-01	9.830995083410840607e-01	2.060377312381070913e-01
nan	7.361154719773703725e-01	6.770887734817057080e-01	7.660525215618285699e-01
nan	1.470085552766600134e+00	-1.559201269273300383e+00	2.938889396879827975e-01
nan	-7.015293688076267298e-01	-1.843272398834791825e-01	-1.186476137963838884e+00
nan	1.827129672441033525e-01	-1.378042983141415601e+00	-3.272446496462438903e-02
nan	-1.077123103563787820e+00	-1.150724430519515895e+00	-5.688184974957445350e-01
nan	-2.372391357106905740e+00	-7.710952150784367021e-02	-4.189745193872284612e-01
nan	-1.847305444280118891e+00	-1.152274304961086848e+00	-6.106505559542411976e-02
nan	-1.893710439204244311e+00	-8.046769608344581659e-01	-3.015613181326740388e+00
nan	-4.668377404131177855e+00	-6.592821175869437722e-01	-1.473618106824727825e+00
nan	-2.216998214507305498e+00	-1.770534937071981840e+00	2.287790028836351741e-01
nan	6.346787586542896875e-01	-1.472431758843467886e+00	8.968985093827327448e-01
nan	-2.072365258709132796e+00	1.452286755220218772e+00	-9.463396019737826403e-01
nan	6.444067013134824329e-01	-8.107444459016689420e-01	9.462296767736926295e-01
nan	1.550992552343676056e+00	-6.287340654374458104e-01	6.504111473344097449e-01
nan	2.496695262610759247e+00	1.889818626248428668e+00	1.696534956257902405e+00
nan	6.656752437191695293e-01	1.907368422020480514e+00	-3.881628435137924882e-01
nan	-4.768497158073529141e-01	8.431946786581206998e-01	-2.562215595008546787e-01
nan	-2.504113485456950228e-01	-1.761523737719858262e+00	-8.765811537890183525e-01
nan	-9.892477098618427389e-01	-2.586800482165622750e+00	-1.741080616055642682e+00
nan	-7.630117112497015741e-01	-3.182101320980080805e-01	-4.409926527412499908e-02
nan	-1.868975451023818568e+00	-1.069947257545089236e+00	1.737843367007807949e+00
nan	1.308950675343216519e+00	-1.693911304441105159e+00	-6.494248338695346456e-02
nan	-4.350714118237883898e-01	-2.921228135422622163e-01	-1.406563038500697083e+00
nan	2.859827970304819056e-01	-1.795018335227235529e+00	-1.889987241843652299e+00
nan	-4.074359879210073254e-01	-2.178382600918918666e+00	-2.784760175969617002e+00
nan	-3.523737001393745238e+00	-2.306257648517284320e+00	-8.379183090551544089e-01
nan	-1.508737676634475999e+00	-1.584091468318007401e-01	-2.197872650262245653e+00
nan	-1.581447161045910876e+00	-3.725178314666007240e-01	-2.252936334288981435e+00
nan	-1.012917487350125212e+00	-3.160326443899863502e-02	-1.083563787444898896e+00
nan	1.424786100337815498e+00	-9.776724782096263278e-01	6.198371251973067153e-01
nan	-1.943884572775073316e+00	-1.760276585807353467e+00	-8.978719412280389278e-01
nan	-1.504077416126605282e+00	-3.556624945612605337e-01	-1.062628009545155905e+00
nan	-2.310117599839022207e-01	-6.017158364034075335e-02	-9.750818467271843426e-01
nan	-5.691705598689307255e-01	-9.050604107081234861e-01	-1.212058439866517734e+00
nan	-8.135382535561010986e-01	2.771496484280501771e-01	5.290538384316734177e-02
nan	3.549720594907582738e-01	-1.540749664090720339e+00	-8.347316598923234521e-01
nan	-3.593546460786757879e-01	6.245234864967338373e-01	-1.712100805522651426e+00
nan	-1.326955767565294320e+00	-1.755292166354049055e+00	2.016872761084329557e-01
nan	4.713084385419161748e-01	-6.879762256482535587e-01	-5.110219537557036951e-01
nan	1.038695052169900990e+00	6.486827567640059133e-02	-2.555258340900398717e-01
nan	-1.022215256902454072e+00	-7.624529729699031089e-01	7.542937944684694473e-01
nan	-4.863546545435241120e-01	1.314696491981484083e-01	8.833402769670108956e-01
nan	8.540304936160293681e-02	-2.651796036670358347e+00	7.121052974211574682e-01
nan	-1.316135346697679287e+00	-1.118981123915664622e+00	1.875042912492067559e-01
nan	4.645590379098174516e-02	-2.468800845157665513e+00	-5.802962129606599184e-01
nan	1.120748105726155242e+00	-2.873713269083596700e+00	1.136786476559290993e+00
nan	3.346063499009878095e-01	-1.142485885318500038e+00	-9.283582712524749425e-01
nan	-2.208678683715732394e+00	-5.618810590882541978e-02	-2.916335019445299714e+00
nan	-9.083995732487135655e-01	1.488160234556337835e+00	-8.299124153159002093e-01
nan	-1.194452833785227375e+00	8.465641828402513669e-01	2.253800961838471340e-01
nan	-4.097016846957988179e-01	4.282103294069641297e-01	2.443381814341982761e+00
nan	-1.028414615208518068e+00	-1.017763344298720174e+00	6.010573193064396857e-01
nan	-1.200774589118494662e+00	8.967867965436189248e-01	1.351529075784088096e-01
nan	6.365337536878186153e-01	-1.741499190152314691e-01	1.333403651622431685e+00
nan	2.650738031773472780e+00	1.333993022235258730e+00	4.217123392992096487e-01
nan	1.280332993754143667e+00	8.468653689389697981e-01	1.453906429933928823e+00
nan	3.092667502182036898e+00	9.488885688198136492e-01	-2.941423153809611390e-01
nan	-3.999288833813980926e-01	1.886079929333218885e+00	-9.994888103207298924e-01
nan	-8.584500035606934532e-01	1.750150175879441994e+00	1.008643552900528206e+00
nan	-8.824057013510278047e-02	7.681138871206043550e-01	2.009603667924975579e+00
nan	1.199922771029519941e+00	-4.868760325326906280e-01	3.291796661631214427e-01
nan	2.480785198047711915e-01	-1.996722038155318568e-01	-1.302305913408863924e+00
nan	-8.249437261412332356e-01	9.756325850612620476e-01	-1.064294380431209275e+00
nan	1.583660571399847727e+00	2.712810182999607078e-01	1.319854967679917612e+00
nan	3.873013382932194437e-01	5.006143768936363037e-01	6.070735274635540302e-01
nan	7.450920878213882492e-01	2.446745220673318233e+00	-7.093372558818147322e-01
nan	-8.291754131055991683e-01	1.539464025806985159e+00	2.333274566543580342e+00
nan	5.129866991588133418e-01	-6.767382464669907671e-02	2.029291559520253418e+00
nan	1.544644891325723135e+00	-1.645601442727957775e-01	1.006606256310818459e+00
nan	5.286737047025584779e-01	1.723308464434622156e+00	1.527098429683964920e+00
nan	-5.894326564909024846e-01	5.460734162441132078e-01	1.859678007129637711e+00
nan	-1.418487431799508869e+00	-3.707522873350444503e-01	2.447782816163125652e+00
nan	-8.393098462864065912e-01	-9.443825452182379454e-01	3.049361590462829064e-01
nan	-4.274002051017722903e-01	-8.946209125393222994e-01	4.625432467013764759e-01
nan	5.165537859513930075e-01	6.471145957962418649e-01	-7.611591469972902591e-01
nan	-7.126454035994982394e-01	9.192657889160970042e-01	-6.255097464125648488e-01
nan	-6.974248773756924757e-01	2.540370269208154785e-01	1.201579248200619565e+00
nan	1.535643936132937259e+00	3.069558036061292849e-02	-9.631214905880208788e-02
nan	1.214596157832534162e+00	1.605101308910086733e+00	-1.359931334199269592e+00
nan	3.480901629326714763e-01	-8.780290699228535667e-01	-2.325885999178018526e+00
nan	-1.614216208608801884e-01	8.478018284079890110e-01	-1.310598964262451815e+00
nan	9.844376772370617701e-01	1.956218570646424126e+00	1.395384639173166352e+00
nan	1.471720139310976894e-01	-9.195517110629827240e-01	1.856896934988513603e+00
nan	6.132548259858012774e-01	-1.812784741731285898e-01	2.684957745125575723e-01
nan	1.291793475585030659e+00	-3.200672116614162732e-01	-3.277922073274399661e-01
nan	2.421311105262863528e+00	-3.145467310202949562e-01	-1.435331617197399545e+00
nan	-4.509857638920488077e-01	1.037429503335323577e+00	9.759739036029834169e-01
nan	-5.585563593212909961e-01	-1.806685657871693607e-01	-5.072657491734289259e-01
nan	-1.064333810441405070e+00	-3.153114766209249575e-01	-1.315383480741425748e+00
nan	-1.754360135669267073e+00	3.150103928555579857e-01	-5.780751889781083896e-01
nan	-1.797622667090917670e+00	-1.319601509235635683e+00	-1.703123159023683664e-01
nan	6.518119659842570579e-01	-2.696604214168623948e+00	-1.352630159902851403e+00
nan	-2.596600896157208016e+00	-1.108605152157801976e+00	-1.165671783060559186e+00
nan	-1.316718937979223014e+00	-9.843533846280897448e-01	-1.771219065188646358e+00
nan	-1.378642829079225862e+00	-1.471683070393155823e+00	-8.898174905233482423e-01
nan	-3.224751775685929633e+00	2.807127820328360057e-01	-6.723867816872568515e-01
nan	-1.917858165811450188e-01	-1.044702062991841762e+00	-2.574977946082392943e-01
nan	-9.687114135905283696e-02	-2.564241018426332563e-01	-2.593758895031731404e-01
nan	-6.186124722658248309e-01	7.671132970485742275e-01	-8.902546855849753360e-01
nan	-9.545847996495882004e-02	-6.168560542334722285e-01	2.872881659816092226e-01
nan	8.157900258358544154e-02	-6.320997283262733135e-02	-6.141746947307796800e-01
nan	-8.082022644000652623e-02	1.169437957748916235e+00	-8.202118139044267675e-01
nan	6.468458514500354806e-01	-2.856916749485756135e-01	-1.250781332715055760e-01
nan	-4.669506566276594439e-01	-1.990870240255220747e+00	-9.503227543895582663e-01
nan	-1.845089733668527021e+00	4.995454593005943522e-02	-1.989963720752381038e+00
nan	-2.443578207444746297e+00	-1.212574374374642883e+00	-2.482071405286381705e+00
nan	-1.338497387900889457e+00	-1.308210920084728501e+00	-8.274209470316697956e-01
nan	1.660710734942438815e-01	-2.341430550568263325e+00	2.831805801852694815e-01
nan	-1.320987907357837443e+00	-4.735015465220921427e-01	5.769879183693308322e-01
nan	2.670567676670628776e-01	1.429688807730524758e-01	1.701780377249940912e+00
nan	-4.405288455252306390e-01	2.290140401394533676e+00	8.478649403082827440e-02
nan	4.172625693086420284e-01	2.208904859008335442e-01	7.593052352044882269e-02
nan	1.695782251455863809e+00	3.018969622836660816e-01	9.112188078971507066e-01
nan	1.609385746953695850e+00	-1.921267510150406199e-01	1.404635127485247548e+00
nan	1.784661562684236591e-01	1.452039095714370731e+00	9.020308907179304114e-01
nan	4.563124456421283059e-01	-4.903503079310531088e-01	1.683207991408810944e+00
nan	4.969214902154470703e-01	1.569504816982996570e-02	4.402431338989596377e-01
nan	2.339455268283164635e+00	7.378282426874284150e-01	-1.010927919301256583e+00
nan	-3.220875628607016150e-01	-2.398755082592902710e-01	2.882185893801412768e-01
nan	3.477509967926715184e-01	-3.827428120897737873e-01	2.119813945565453661e+00
nan	2.567649901679533109e+00	9.835924031827274483e-01	-1.157955514138459874e+00
nan	5.319645361706909492e-01	2.236842922010387369e+00	1.407377669059626468e+00
nan	1.299827746046961385e+00	2.884648424153659629e-01	7.778595878700165223e-01
nan	8.280725658770008435e-01	1.146211805580950482e+00	5.139861104991056973e-01
nan	4.676963968650080239e-01	1.376454547078636015e-01	2.870718139648443801e-01
nan	-1.753096111423668724e-01	1.020455005230467505e+00	1.751725980512626180e-01
nan	1.675123431057496504e+00	2.618248698299391108e+00	1.641756333726811790e-01
nan	3.318914034486783127e+00	-3.189119910969822058e-01	8.589009000967242624e-01
nan	1.622321897610917718e+00	6.806163296955434205e-01	1.041875336885118353e+00
nan	1.308059064885529033e+00	1.133611482450114005e+00	-4.945278174872358434e-01
nan	-1.027170720024311645e+00	1.553721723952151690e-01	-6.043107145499365673e-02
nan	-1.930543780973432044e+00	-7.638229431355610943e-01	1.055249567129939559e+00
nan	-1.277202550828486771e+00	-6.587560832385011000e-01	5.107405837957276207e-01
nan	7.914303979162016223e-01	3.282202207937221505e-01	1.200615335699939834e+00
nan	5.963587131738474767e-01	3.793365856163797845e-01	4.809990200263317695e-01
nan	-1.883778939363136007e-01	-3.730670162999864536e-01	8.775477349234725444e-02
nan	-1.150595518184067245e+00	-2.204052667383676667e+00	-1.636020261645818874e-01
nan	-1.174079591693962366e+00	-3.958204581114767029e-01	-1.087418951742090911e+00
nan	1.829096146074887796e-01	-2.019759566168635168e-01	-3.823292017360343520e-01
nan	-5.396312942072866159e-01	-8.729512039130169487e-01	-1.729687731326936095e+00
nan	1.680843823947303362e-01	-2.518237782278173187e-01	-9.218894585907169148e-01
nan	-1.045910327079583979e+00	1.184960655401673113e-01	-3.029615331547458323e-01
nan	-5.517254540442843025e-01	5.694174492503017992e-01	2.506637982205754400e-01
nan	3.967754513612221645e-01	-1.371480172767127081e+00	9.483721628262542502e-01
nan	7.089216731891024859e-01	-4.067042754984306896e-01	1.148681202424391312e+00
nan	7.401639412394485085e-01	-1.224835282508953460e+00	1.046870262558108999e+00
nan	6.058451541533440565e-01	-5.619627768861843453e-01	2.879701139183803438e-01
nan	3.771286694773299253e-01	2.941801070532967799e-01	-1.293296001083009683e+00
nan	-3.299862428147944948e-01	-1.789630433607303228e+00	-1.681354416654624373e+00
nan	-2.146125094081906770e+00	-5.428109568590155920e-01	1.122198564758506212e+00
nan	-6.324671863703362762e-01	-1.714362888321985245e+00	1.658986504210485657e+00
nan	-7.522701045006079390e-01	-1.428727605567847725e+00	1.275867041406575364e+00
nan	7.947078003343474029e-01	-1.499605143239547189e+00	1.031510305584640408e+00
nan	6.778284773434790633e-01	2.177235024539541375e-01	-5.124106230954623697e-01
nan	5.374798419546626960e-01	-2.860568959024537561e-01	3.723211361464923708e-01
nan	4.604356407292591324e-01	-2.121322134134264292e+00	1.890688357232790107e-01
nan	-1.914341650282027185e+00	-1.670102543082180535e+00	-1.325605123302378008e+00
nan	-2.766115475246133215e+00	-8.461643560875805603e-01	-8.472606371059365760e-01
nan	-3.085168919670449039e-01	-3.001857559842889600e+00	1.724186188014444454e+00
nan	-9.411904505640580343e-01	-2.859133310975625619e+00	-1.164092353992164375e+00
nan	-3.161831670552419205e+00	-2.302608227222926018e+00	-2.453197328121811793e+00
nan	-2.495637096841607061e+00	-6.874387294200898779e-01	-3.508979924584649801e-01
nan	-3.033424157540176580e-02	-1.130415517693018401e+00	9.427306514141350346e-01
nan	-4.354556155759369829e-01	-4.540751546969713504e-01	-6.206334319905963959e-01
nan	-3.903956926924787574e-01	-3.350692206477585144e-01	-2.076827944979683149e+00
nan	-1.162626170892222532e+00	-1.857535408632688956e-01	-1.798450184483627812e+00
nan	-1.055095910025589889e+00	2.207538766352181714e-01	-6.281069701133155103e-01
nan	-2.584225096954239631e-01	9.090242720624837069e-01	-2.732360741011939376e-01
nan	2.790425102386801526e-01	-1.685190042996975279e+00	9.905352920500303249e-01
nan	-9.258111471755925415e-02	1.803060097966564523e-01	3.114339896170437161e-01
nan	5.908557117190356145e-01	-5.689775166390105277e-01	6.203445267758445070e-01
nan	-8.397472016673640516e-02	-2.928405109872542766e-01	2.024959136012331393e-02
nan	5.603997551248436348e-01	-1.655438408278230300e+00	-7.805941135244490736e-01
nan	1.380503290760928925e+00	-1.118121444900064931e+00	1.200364666280721249e+00
nan	7.287668536873905811e-01	5.724658070988201120e-01	5.027452312418827507e-01
nan	3.435355759882668947e-01	2.058662886386411817e+00	1.365395504975249752e+00
nan	3.674330520905064734e-01	9.798444867761968435e-02	1.658286126375132730e+00
nan	1.271251256372587513e-01	1.371052267360610921e+00	7.889995985506128573e-01
nan	9.097253626704608909e-01	2.143637216986569172e-01	4.173479138670288524e-01
nan	-9.938735185799956184e-01	-1.503049417511638453e+00	2.137012959946457680e-01
nan	-1.363932627644757201e+00	-1.401035265642561978e+00	-7.950381536446751163e-01
nan	-1.437735261870145331e+00	-8.834022188781813778e-01	-1.958713819804201339e+00
nan	-1.659267794305727239e+00	-2.324160811722871145e+00	-1.323026225710593584e+00
nan	-2.868911282970016075e+00	-1.207555340859969295e+00	-1.653772793950160747e+00
nan	-1.290200380079302489e+00	-1.747667624681320309e+00	6.073175375903011597e-01
nan	-7.083990739604828502e-01	-1.569063361629319919e+00	5.454844083580143721e-01
nan	-5.621382687808652578e-01	-5.452937294557763659e-01	-3.287282925746998208e-02
nan	1.949550805471104820e+00	-2.498014745639345058e-01	-1.092502005291834166e+00
nan	1.085269777558290905e+00	3.912916798670579288e-01	-9.267337039775757068e-01
nan	-2.631826935884747698e+00	7.576533285531458217e-01	1.282753041631797819e-01
nan	-4.156137175798777506e-01	-9.017918272840159677e-01	7.504887752290728686e-02
nan	-1.369217397199651576e-01	-1.418459531229688153e+00	-3.741042692728318020e-01
nan	-9.843542580629859318e-01	-4.169624579565009981e-01	-1.117736175694162615e+00
nan	-7.489925106742156835e-02	-1.750101083077691744e+00	-4.823601036544151177e-01
nan	-1.508499636786160281e+00	1.390956659764265524e+00	-6.696113838216877223e-02
nan	-6.501107021506493666e-01	-4.664655257456599702e-01	1.014574053195902881e+00
nan	-9.167097017160006356e-01	-1.062116924487804370e+00	-8.838454456042253993e-01
nan	-1.571479222964542455e+00	-1.124580921468790518e+00	-6.843374208164064720e-01
nan	-6.655917453153923358e-01	-1.243622073845708886e+00	8.398624603453018755e-01
nan	-2.039594043392556344e+00	7.088286978097304569e-01	7.716122644965904831e-01
nan	-2.153392329913746739e+00	-2.195344913136967335e+00	1.226627644417761953e+00
nan	-5.054099588411620214e-02	2.949104802260367197e-01	-2.828217004222999265e-01
nan	1.298776604612548402e+00	9.928787591256704737e-01	2.047936636953203993e-01
nan	3.230596377621544057e-01	1.164936558287768209e+00	7.435605992655262009e-01
nan	1.787822150535865795e+00	1.855037684830060929e+00	-4.845820329089223222e-02
nan	1.482251006315395747e+00	4.788112699643620740e-01	2.619640607796579479e-01
nan	1.122763758712859605e+00	7.470577864399774448e-01	3.656537139075879961e-02
nan	-2.112533068535055181e-01	-7.714005707768477604e-01	1.418812902612422988e+00
nan	-2.498920439806502081e-01	7.538839921915613251e-01	1.196882432475377067e+00
nan	5.657573737764838295e-01	-2.708014214448268842e-01	9.542666493538843886e-01
nan	7.302289504521033425e-01	4.158196659800064698e-03	-4.287217191408035366e-01
nan	2.521481228440804190e-02	1.448544315857085207e+00	6.362803106897587657e-01
nan	3.104025976799273501e+00	1.552220578323810773e+00	3.750784827195444704e-01
nan	2.950146776716282560e-01	1.537826594993050078e+00	1.683134272404205323e+00
nan	2.430311307407363230e+00	2.428918426748294390e-02	5.994783327159958208e-02
nan	2.288267235523317122e+00	1.372619402939340816e+00	-6.061428988142186780e-01
nan	-1.115593031550713210e+00	6.138095773020293411e-01	1.459447292458043277e+00
nan	1.345976843958029523e+00	4.436633645148641003e-02	6.770004485025623575e-01
nan	1.016947203874497996e+00	-6.066241081077466957e-02	-6.215478312782239945e-01
nan	-8.105033612976720869e-01	-9.672782287628650666e-02	3.717079108059931913e-01
nan	-1.024384527482881557e+00	3.504597243328647638e-01	-1.822621092499641660e-01
nan	5.202135604600538477e-01	-9.808430391782272384e-01	-9.948641977210896936e-01
nan	-5.392330704868693037e-01	-2.120990732685445468e-01	7.484337062014501107e-02
nan	-8.134320119451171616e-01	-1.533597789759927332e+00	5.842156991597550197e-01
nan	-1.411091081128522440e+00	9.905981891799486849e-02	-2.613217819560359478e-02
nan	-1.787881612288731548e+00	-1.307503623644277746e-01	-6.158527440466976532e-01
nan	-9.713833874515156452e-01	-1.352642607914966266e+00	4.544627739661069588e-01
nan	-1.014116633821843250e+00	-1.717611990371735509e+00	-3.130700578001607837e-02
nan	1.133755564644454150e-01	8.681940430209033055e-01	-1.865854904519542945e+00
nan	-1.427197869718254353e+00	2.602380004978148698e+00	1.123734628525145940e+00
nan	-4.335106167903943764e-01	-1.372247063433318370e-02	3.660568773024569289e+00
nan	9.185236717103251181e-01	8.913401844763622073e-01	9.906714365397901734e-01
nan	3.300014279481058743e+00	1.764784416848648174e+00	-5.873107820634577703e-01
nan	2.416127509439201848e+00	1.070908862016874075e+00	6.011148553704048769e-03
nan	2.043899827197697139e+00	8.850325606586376681e-01	1.124269405994116511e+00
nan	2.437608581368312599e+00	4.943715162154208587e-01	4.711691871200273107e-01
nan	2.913849995011146721e+00	1.141522115872082299e-01	-8.733282592633968555e-01
nan	1.489572256357007962e+00	-1.258446721543813318e-01	-7.797635216784087886e-03
nan	2.751972555494851536e-01	-2.349009044860468909e-01	1.349166820674946587e-01
nan	1.310777982368640959e+00	1.173864338523320061e+00	2.110906508666520409e+00
nan	9.554010889914035243e-01	2.476770513338933943e-01	-5.154609788417190419e-01
nan	-6.881554423560425349e-01	-1.213096837449769261e+00	3.572283402966315302e-01
nan	-2.523007132608737102e+00	-1.255375370196802454e+00	2.165109186047388334e+00
nan	-8.583186629155664660e-02	-3.595645666952649311e-01	4.337090049355993293e-01
nan	1.396113697027850487e+00	3.810732413280745745e-01	1.065558401603878963e-01
nan	1.056630177285363459e+00	5.074699647143114944e-01	4.163744311291662781e-01
nan	1.543976514222216156e+00	1.277437213040650166e+00	-5.737082386207341678e-01
nan	1.238302412136396802e+00	9.700584916325130092e-01	-6.819222543146543636e-01
nan	2.652151028023769008e+00	7.488705439787881613e-01	1.163391586140738454e+00
nan	2.627176491476035380e+00	1.665518894690361407e+00	9.965492707701213426e-01
nan	8.698318133091603732e-01	2.790201020026826129e+00	-1.288074156339016341e-01
nan	-1.321134474303451434e-01	1.339506659459164473e+00	2.916011067645247312e+00
nan	8.598232046477003454e-01	7.263346679098581227e-02	3.642009694573873801e+00
nan	1.636516263674996363e-01	-2.331376169373994278e-02	1.374784777210616094e+00
nan	6.305091108504208286e-01	-9.319673273167881078e-01	7.851651312607517141e-01
nan	-4.049061427011050318e-01	1.156744499502713464e-01	2.622060742822203139e-01
nan	-3.070608017245585741e-01	-3.207763270680698664e+00	1.429038653014048865e+00
nan	-7.989578554157195089e-01	3.698880510140398759e-01	1.487420625862711621e+00
nan	8.774188189579386066e-01	4.007389758647365019e-01	2.518229623984868937e+00
nan	1.319080652337982329e+00	1.720593094543364066e+00	4.440852002615008343e-01
nan	1.723312837675341935e+00	3.552175351921244006e-01	2.403484998442749543e+00
nan	2.517974341459339183e+00	8.399231116273300213e-01	2.450668987574679214e+00
nan	7.743491866916941690e-01	6.861417756882501884e-01	1.598297859866006920e+00
nan	-4.264729850356900887e-01	-5.691605262987604608e-01	8.158035741240061700e-01
nan	-1.042283013155910210e+00	-1.439004466007368865e+00	9.205353905713878904e-01
nan	5.115175065198411808e-01	-1.081350714181182893e-01	-1.175598480697255255e+00
nan	6.578538971302088090e-01	-4.807426767756162733e-01	5.691733341404485724e-01
nan	1.800778713255929642e+00	1.564638408191292851e-01	-8.187592544899144897e-01
nan	1.707515378131547079e+00	8.846943839035743551e-01	9.942474245426422552e-01
nan	-6.374972280867907681e-01	-2.449058467967192287e-01	-4.224959137597131820e-01
nan	-1.489093297366171242e+00	2.996645485444005552e-01	-5.475766796222589772e-01
nan	-1.651193436289198013e+00	-2.421220447317109503e+00	1.051975556648226728e+00
nan	-1.969098523484013041e-01	-1.406382670323111039e+00	-1.637607681334697141e+00
nan	-8.731384034246801873e-01	-8.499847545841514584e-01	5.511739716261867539e-01
nan	-8.581886478458566891e-01	1.347557268018539922e-01	2.263207056843367926e-02
nan	1.558159423213622552e-01	5.880266503516430321e-01	1.998238145844558611e+00
nan	2.464965204332613347e+00	-1.312520893248343645e+00	8.612893122728452200e-01
nan	-6.257866502631861394e-01	3.906708545317562065e-01	-1.243442462759022926e-02
nan	1.379792307855070010e+00	-1.298548205443287973e+00	1.346064497927552117e-01
nan	9.393453653722138030e-01	5.208141781992712271e-01	-4.953255624134150770e-01
nan	-4.595141708748728404e-01	3.265925011221831875e-02	9.051051027484620093e-01
nan	-8.334230300258866908e-01	6.025775052691236811e-01	-1.227625915613628216e-02
nan	-8.037481484468892434e-01	5.482423499453408233e-01	1.380053343279237010e+00
nan	2.714725353068673463e+00	3.834185937230348562e-02	7.886466652738910454e-02
nan	7.567675515570368994e-01	1.358348238431200006e+00	1.096054460344629167e+00
nan	1.290566512447959502e+00	8.294153894379313607e-01	1.091614926272407082e+00
nan	2.499896226759500406e-01	-2.782954597651546846e-01	9.548081992164209053e-01
nan	1.452384214432272280e+00	6.977244030395683971e-01	-3.206482320801029573e-02
nan	-4.831715997970336129e-01	9.097272778587137676e-01	2.706847060605752087e-01
nan	-1.973358034375323422e+00	8.599776823220699473e-01	4.062954075610967219e-01
nan	7.700138651091449349e-01	1.353859997161674933e+00	2.954413386718168222e-01
nan	1.389180892067076289e+00	1.419662854048867828e+00	6.068154001130409148e-01
nan	-3.582718354137570671e-02	2.386125636828960062e+00	-1.251101788072350729e+00
nan	3.052275417107681577e-01	2.708646800528876630e-01	1.211525571687519953e+00
nan	6.745973394481568075e-01	-9.576358613921739926e-02	-7.196199065461571509e-01
nan	-3.397523319021842347e-01	9.156451972455872945e-02	-2.033187719909866908e-01
nan	-6.637405214096541162e-01	8.065661725225412582e-01	9.392303086148792168e-01
nan	1.308921417038170443e+00	3.071850593867898604e-01	-9.932208589070867788e-01
nan	1.728084933113313459e+00	2.957608540216282167e-01	-9.888671348898508962e-01
nan	-9.981078981280100404e-02	-2.228251155602229971e-01	-1.132581736096199609e+00
nan	1.898129808894274961e-01	4.895093344765930610e-01	-7.727084595222459829e-01
nan	1.047195573043824490e+00	2.597926973276094564e-01	-4.755552477719408588e-01
nan	-1.339653234604763377e+00	1.325548009878040112e+00	6.439538759014191704e-01
nan	7.477969584551263926e-01	9.162256746440130550e-01	2.099668930340451656e+00
nan	6.173622473208942862e-01	1.414229497609919450e+00	1.691551116502766128e+00
nan	3.449731488029904813e+00	1.429087987062206633e+00	1.202732938362454984e+00
nan	2.496075547452718535e+00	7.503204578752554754e-01	1.913231338973044870e+00
nan	1.467496643195045358e+00	6.467783504878310552e-02	1.884312030088147960e+00
nan	3.210390565100695870e-01	3.284236572098117035e-01	-1.117630843333778934e-01
nan	1.500740591913587441e+00	-1.776680822802415571e-01	4.630680928260186985e-02
nan	1.841745740272180187e+00	-1.027144361170954090e-01	-1.689140322880323675e-01
nan	-1.421759661993917678e+00	4.985284386335253060e-01	3.940160593909824982e-02
nan	1.206864173199212464e-01	6.204965656742803537e-01	-2.073814954260391752e-01
nan	-1.148120842286061150e+00	-1.963981394705484884e-01	-1.715997236781410806e-01
nan	-3.393356409567297449e-01	1.104281506249119027e-01	-2.365015657437565810e-01
nan	3.363935057041999022e-01	2.684523912014945002e-01	1.185166295830411665e+00
nan	-9.738038204349752647e-02	2.392399692452814808e+00	3.831837816221386195e-01
nan	4.995808672252226579e-01	1.287754361370463396e-01	1.276513323016449153e+00
nan	-7.591918134047045408e-01	-1.028234945342496820e+00	-7.595868001857191132e-01
nan	-1.485705612684700583e+00	-8.116837202799862538e-01	-1.582914047512919087e+00
nan	-1.574892772043213096e+00	-1.522491950405989281e+00	4.384732593215221463e-01
nan	1.212648460133886719e+00	-2.392579712650106938e+00	-1.879368307645229219e+00
nan	-1.199072773304692419e-01	7.812541836422246533e-01	-2.100165943441033356e+00
nan	2.615172511799003452e+00	1.245133069316088914e+00	-3.941515587403310872e-01
nan	2.806206744998111624e+00	3.785356366130124606e+00	-3.577847192603748061e-01
nan	1.752045281510607566e+00	3.141088047747004453e+00	7.880472348452663978e-01
nan	2.930133676888376115e+00	6.032909484048095683e-01	1.211256371435580181e+00
nan	1.677608586238496624e+00	3.142531619783905938e-01	1.277608167749835655e+00
nan	8.967187741998905448e-02	-4.789087596311772943e-01	1.783518416322516398e+00
nan	-5.370500921100687108e-01	6.847844130441604893e-01	1.670646290942750634e+00
nan	5.728770265857729971e-01	-4.622407001872033683e-01	4.793958128703842969e-01
nan	7.064815841913290040e-01	1.454367139862126290e+00	1.077256068013685342e+00
nan	4.969287557832489655e-01	1.000515596814574915e+00	-1.304267302783769233e-01
nan	1.710737589737385766e+00	-2.410210943295176822e-01	-4.139940778320815307e-01
nan	8.340183385369934754e-01	1.733144054186636307e+00	-1.186411001060186265e+00
nan	-8.938565734196379786e-02	1.671924136051088361e+00	-6.183053251959620411e-01
nan	7.068610626720251977e-01	1.754601146800647271e+00	1.917589853253006238e+00
nan	1.000643859650762302e+00	1.461451830602524815e+00	5.666483017019123825e-01
nan	-3.101338001548625822e-01	5.187655224846667856e-01	2.203954968544531434e-01
nan	-8.351083716416644043e-01	2.611497971426436637e-02	2.311815273799087134e+00
nan	1.502211419246548330e+00	8.913797879511882183e-01	1.643217113558048226e+00
nan	2.123700138504447832e+00	1.280860879561742882e+00	1.748828779312711079e-01
nan	4.622832029671924303e+00	1.977221520581067260e-01	1.359791108109971169e+00
nan	1.601546391173994666e+00	7.333630790257033016e-01	-8.213001794289725987e-01
nan	6.472539119101128335e-01	1.300392179868339548e+00	-1.012128599607942991e+00
nan	6.494177706549560947e-01	6.846893015944108818e-01	-6.613829546681820881e-01
nan	1.101417682625847716e+00	1.400960356476323332e+00	-6.951690713104907715e-02
nan	-2.691422990506028290e-01	6.257258989923872861e-01	-4.800801231983823358e-01
nan	-6.362991647394669048e-01	6.253675169170195280e-01	-2.039702303953976337e+00
nan	-7.488984861330871823e-01	-1.341431903342230059e-01	2.773728864885010470e+00
nan	1.917094065612964915e+00	1.116626655505405630e+00	9.033495699737328355e-01
nan	-1.660858495541177593e-01	2.053324437248196688e+00	2.884099869945571659e-01
nan	2.675582739384206876e-01	1.816768320796677827e+00	1.204954874424585931e+00
nan	1.224271894827845486e+00	-6.871670077762876971e-01	2.583353395825956911e-01
nan	3.083103069615437120e-01	-1.601586240152647056e-02	-5.121873718392208064e-01
nan	-5.608581222373083541e-01	2.174215708357148391e-01	1.025362216023620321e-01
nan	1.500132802484368977e+00	-2.207633670829559636e-01	-2.234133222002904429e+00
nan	1.372336215652965263e+00	-2.215219707744200850e+00	-1.164004428279659997e+00
nan	-3.164633195027896084e-01	-9.122047204510297380e-01	-7.638141933793196614e-02
nan	-4.022363660599760915e-01	-3.130781940756163784e-01	7.295276821653816635e-01
nan	-1.545886985629898236e+00	-1.329718958092860337e+00	8.567242707992975825e-01
nan	-2.519279666908847415e-01	-2.934298851602816782e-01	-3.991359675533210360e-01
nan	-8.450627207439749267e-01	-2.572700605365866533e+00	-4.733981429547773900e-01
nan	-1.378148819814057680e+00	-1.283418592753114096e+00	2.050656366765578609e-01
nan	-2.183376712990579449e+00	1.495200963492060442e-01	2.881902947088321731e-01
nan	-1.283571691990403885e+00	-1.542039665382246572e+00	-5.264090985378774845e-02
nan	-5.874159466959836262e-01	-6.000945659532811449e-01	-3.590709833106184856e-01
nan	-1.086914706155259092e+00	-1.030953373903455095e+00	-4.952781020944597157e-01
nan	8.337810881851206446e-01	-9.403460006393484782e-01	-8.851700888765030584e-01
nan	5.614167065259574319e-01	1.827794384510105508e-01	-1.620940506222826039e-01
nan	2.948227901057404732e-01	1.234650253753948740e-01	-7.547630230671310558e-01
nan	-7.837984408885547705e-01	1.463368852908336848e+00	5.293294590609680661e-01
nan	1.515188092107865314e+00	-9.625176188106682185e-02	-8.632590951266650992e-01
nan	-4.082681026600111229e-01	4.924288787934252287e-01	-1.122430960345301987e+00
nan	-8.606015622769520590e-01	-6.417945131568714157e-01	1.153846155427373232e-01
nan	-1.534774407086924475e+00	-1.870610960643656506e+00	-1.301465644861216298e+00
nan	-2.763115667147294729e+00	-6.112801470209496824e-01	-1.555505945654920730e+00
nan	-1.539206194796113314e+00	-3.282557905826611888e-01	-1.165665688103475706e+00
nan	-2.189625151560805172e+00	-1.266519272894795378e+00	-5.365157257766606236e-01
nan	2.263713215790796873e-02	2.966053961032510955e-01	6.795710468208212562e-01
