nan	-9.847652992489116519e-01	-1.093487574942284324e+00	1.271261459772652369e-01
nan	-1.424600082981477112e+00	2.266000602693516441e-01	-1.223551738548773749e+00
nan	-2.681355731747716020e-01	-5.841282442624654569e-01	6.958955735573788548e-01
nan	1.683472896796427837e-02	-3.522734982563664463e-01	8.614134599020953353e-02
nan	-1.217528065552617278e+00	-1.103704920965951075e+00	7.731840918282831820e-01
nan	-4.867701733557571186e-01	-1.975155323680531705e+00	-7.343096695106874350e-01
nan	-1.307516267300848911e-01	1.106043725735819327e+00	-1.191155453726980840e+00
nan	5.593585465302867155e-01	-1.718506017314626710e+00	7.399022854456445142e-01
nan	-5.909405543611174760e-01	-1.470511804305514980e+00	-6.433104813502921182e-01
nan	9.122772705211233957e-01	5.040949170322032158e-01	-1.209099984307066888e+00
nan	-4.387797009641629664e-01	7.154525348837206256e-01	-1.338142089446319183e+00
nan	4.540992347157684628e-01	3.140872526846714696e-01	-2.365365507157611180e+00
nan	7.866470260135565162e-01	1.198186652649157746e-01	-1.255032823643260631e+00
nan	1.820186552821823067e+00	-6.711403789902827821e-01	-1.334058606639444644e+00
nan	-1.010392513678015414e+00	4.270463545095893321e-01	2.615662995568662774e-01
nan	-1.052261548303004668e+00	2.005367732142994130e-01	-1.238095573257439019e+00
nan	9.535056429714017234e-02	-1.722474981601445521e+00	5.114700837003705036e-01
nan	-2.062912461542443232e+00	4.251208440376258446e-01	8.161335466882924106e-01
nan	-2.928761435010627245e-01	1.138739267798108301e+00	-4.331438544735543572e-01
nan	-2.640751222646418039e-01	3.493842261422778206e-01	5.243594328645723168e-01
nan	4.453587293970973082e-01	2.578770723440325652e-01	-6.168837840954606300e-01
nan	-1.122367003095429361e+00	1.052315431294793768e+00	-1.341610430616789973e+00
nan	1.364863974163595950e+00	-3.761954914367144354e-01	7.119243099557533982e-01
nan	5.098985956840805800e-01	-8.007046525984135021e-02	3.440641441973364412e-01
nan	8.973086806132187787e-01	1.457496717067795711e+00	-6.568350435387457775e-01
nan	2.063751017607289739e+00	-2.858261829933695930e-01	-8.098013386944604708e-01
nan	-4.010759450142359905e-01	-2.746090195295589620e-01	-2.006874137513345868e+00
nan	-1.825624153798625304e+00	-1.474693543736594614e-01	-3.384154481172119144e-01
nan	-1.338045290965724554e+00	-1.555721925594715671e+00	-2.088182201392495274e-01
nan	-9.059484875750409838e-01	9.308428207904175800e-01	-7.963081469412590652e-01
nan	9.474225725599483283e-02	-6.585809988940877213e-01	7.213171591272137251e-01
nan	-4.539140533523930987e-01	-1.457808061435530433e+00	-1.299504145725950632e+00
nan	-4.644703727876867139e-01	8.936478659833398952e-01	-2.084217981105069839e+00
nan	-1.553317432762620909e-01	8.217420750218734637e-01	6.208114767408220436e-01
nan	2.224378274975931546e+00	-1.827787692918835694e+00	-4.081928277030995589e-01
nan	1.631648922888803588e+00	7.036514538932539531e-02	1.955561144683580777e-01
nan	1.129787324483305211e+00	1.554768184444145662e+00	8.779418921719260860e-01
nan	-5.763405968380750366e-01	7.798878213931715875e-01	9.052530484366505537e-01
nan	1.204165512592540177e-01	-4.832661837619071921e-02	1.242994096122068015e+00
nan	1.027147501528328899e+00	6.916226614829946717e-01	-2.349924471861253306e-02
nan	1.163924713063224647e+00	6.117941170054076450e-01	-6.671080710417184867e-02
nan	7.236928722133406655e-01	1.601000762517705844e+00	4.880653495147299070e-01
nan	1.053907016791688855e+00	1.430009424491449410e+00	5.530064643500861576e-01
nan	-3.063161240081484493e-01	2.171428032770088112e+00	-3.928664376812890380e-01
nan	-3.450717959145468972e-01	1.154827548485281019e+00	1.075349353565038246e+00
nan	-4.890701648131845491e-02	-9.883689883090218675e-01	7.257247259959189734e-01
nan	-6.085519209253229533e-01	-9.434652427151066778e-01	-7.964228564201791816e-02
nan	4.643867458721708252e-01	-2.066233400321685121e+00	-1.729482993403715918e-01
nan	8.899521443888851469e-01	-1.041812399024418578e+00	2.409923326435944313e-01
nan	-2.201603385749657527e-01	-1.137492026145062285e+00	-2.659920948886863590e-01
nan	-1.817031301753618822e-02	-1.760569903134601988e-01	3.675885853274852844e-01
nan	1.937851011344683405e-01	1.333670586678124881e+00	-9.775954244896740697e-01
nan	1.879528634334623582e+00	6.352376197594929996e-01	-1.877453884944579210e+00
nan	-5.175727515459785932e-01	3.321086439788912825e-01	2.156095051968071052e-01
nan	1.750050996490160049e+00	-1.482943942008003946e+00	-1.209629117244451324e+00
nan	-6.748995737512278881e-01	1.262391890297665853e+00	-1.733823065780316419e+00
nan	-6.007476882292253073e-01	3.339498206544997960e-01	-1.125316842887740254e+00
nan	-9.845043111788186474e-01	-1.160953290261847126e+00	-4.026969754653012545e-01
nan	-3.442156106738240018e-01	-8.872708520613217242e-01	-1.430191640015765264e+00
nan	-1.288530426477629831e+00	-6.340450926758947059e-01	-4.884262730092290283e-01
nan	2.265266553824056839e-01	3.462215353156274933e-01	-6.976952066137971364e-01
nan	-2.070604080764333332e+00	4.349622839714305522e-01	-7.140190643999526632e-01
nan	-5.587953636202195318e-01	1.473099499549305413e+00	-1.353149080299445695e+00
nan	-7.699856490020426936e-01	-5.008190561858250067e-01	1.818436572140811114e+00
nan	5.649858990975180628e-01	5.077154505635583792e-01	-2.136863701342621713e-01
nan	-4.848962869630684125e-01	3.457798423995613324e-01	1.016217312534742456e+00
nan	5.197443297606972878e-01	-7.571047454756546502e-02	1.022758780350684571e+00
nan	5.429303932657035814e-01	3.574129390818468477e-01	2.295381280720537598e-01
nan	-1.795119591368965928e+00	-7.410392087611439305e-01	-9.520764954073080988e-01
nan	-3.290807924174519172e-01	-9.710974655653998866e-01	1.190699431079647930e+00
nan	-2.659447809066427748e+00	-2.960638311223979802e-01	5.004852846031662139e-01
nan	-4.548255765626218472e-01	2.888549092932702900e-01	-9.794945029789277058e-01
nan	-8.691656011080814981e-01	-1.133115672073357505e+00	-1.839971091057697405e+00
nan	-1.290335875427524925e+00	-1.922830300547272442e-01	8.727437025001870685e-01
nan	7.673203476687395774e-02	-4.360542788098565326e-01	9.759947971301565772e-01
nan	2.062916368313628457e+00	3.471483089140061096e-01	-2.747385275683964512e-01
nan	3.466752942858728481e-01	1.853350601036179768e+00	-7.888803842743766781e-01
nan	3.659408703068787183e-01	8.178211113594058279e-01	2.074622314492618358e+00
nan	1.556502244675182833e+00	1.041390701864335799e+00	1.953122239633279245e+00
nan	1.723130316386397798e+00	1.045118983768221099e+00	5.005457800229453635e-01
nan	1.699617949772643133e+00	5.492911790426565632e-01	-3.963707989439457791e-04
nan	1.438425450750050238e+00	-1.157916615175792474e-01	1.584236792103594471e+00
nan	1.626791629809961393e+00	-7.214133272041872713e-02	1.335794088071010410e+00
nan	1.935002697489937695e+00	5.254775277461630756e-01	2.125032498544236759e-01
nan	1.852320522946503401e-01	3.193356887247288167e+00	3.743396193140049455e-01
nan	1.656256734574622413e+00	5.157958559426809586e-01	-4.191854188149153337e-01
nan	1.954701484813549106e-01	1.041918611471270628e+00	1.498655426974231375e-01
nan	1.236360370879405535e+00	1.170146849774804654e+00	1.449046087456089760e+00
nan	4.247027283792462748e-01	2.895685098851444206e+00	1.446979275727581227e+00
nan	4.116783802194117214e+00	-5.460529887350090705e-01	1.893814470819279006e+00
nan	2.356717542055904779e+00	1.558432824420966867e+00	9.215809568898588600e-01
nan	5.817506049559300063e-01	-2.111814028192264825e-01	6.500552500452070337e-01
nan	-6.142481379638951022e-01	9.599959705300594726e-01	-5.028388643695151927e-01
nan	-1.892939422279870776e+00	-1.507425556601319716e+00	-1.332557922610392298e+00
nan	-1.874645052925756339e-01	-1.686492210228050848e+00	-2.727937585434154766e-01
nan	-1.154690317273331157e+00	8.742373808080962094e-01	-6.008471742301602081e-02
nan	1.074127888764704775e+00	-1.008615368385847644e+00	-1.256932441105575560e+00
nan	-2.135380530462164472e+00	-5.564194261318380352e-01	-1.118730517619173970e+00
nan	-1.479084298235980199e+00	7.145096749026023097e-01	2.578553756377256478e-01
nan	2.433732988209360015e-01	1.111873679241620616e+00	-7.669135970438429872e-01
nan	1.696584081563122126e+00	-7.843545034751966405e-01	7.042367481080287206e-01
nan	5.636954653132664195e-01	-1.014185615121660389e+00	-2.311299608433492470e-01
nan	8.443902297075251973e-01	1.387720237972731141e+00	-1.055343015558056541e+00
nan	-2.133682358056167683e+00	1.600297657960405351e+00	1.412671986893988263e-01
nan	2.105282539813435605e-02	-1.019066348739628536e+00	-7.791817401515920283e-01
nan	-1.160915132721755949e+00	-7.859540627561809045e-02	-5.913858264524946007e-02
nan	-1.940021178729354201e+00	2.149531098892701886e-01	-2.089482207058811714e+00
nan	-1.913804647056617014e+00	-3.310788905096910817e-01	-9.909846169376981262e-01
nan	-1.195279341914266658e+00	1.017601394627389855e-01	-2.000347170597071234e+00
nan	-1.452097982127869447e+00	6.858578005765961771e-01	-1.919844022122206173e+00
nan	2.762639041230379178e-01	-8.388665859649708789e-01	-3.471174365361779368e-01
nan	-1.261170649602893157e+00	5.271781325475664026e-01	-2.822347410229849030e-01
nan	-5.790301679961085135e-01	4.034106339291179677e-02	1.336309724404358690e+00
nan	1.395675871831537351e-01	-1.231965159825596068e+00	-1.182641638251748617e+00
nan	-8.459395333166467301e-01	-3.349634568387202527e-01	-1.200136049312610531e+00
nan	-9.515075474231207142e-01	-9.257410667389339709e-01	-1.706038302339671908e-01
nan	-1.611571673795910931e+00	-4.371295967355759426e-02	-1.452631639533790708e-01
nan	-5.948235371783489045e-01	-1.587228280660422763e+00	-1.225366410090167557e+00
nan	-2.084062767033667107e+00	-8.039658994345433296e-02	-2.350088865302874197e+00
nan	-5.448730464173425769e-01	-9.153966155467188059e-01	-5.498825890833147767e-02
nan	-1.287262444863571442e+00	-1.977116037043712193e+00	-7.263608624452320139e-01
nan	-1.622059075223076352e+00	-1.515712156051376880e+00	1.114023276256264516e+00
nan	-1.728764115394516576e-01	-1.696704982327319478e+00	5.933360798063346264e-01
nan	1.776797920754153326e+00	-1.615210102919525603e+00	-4.732339956700498673e-01
nan	-1.327070233448755188e+00	-1.188037733787096872e+00	5.015363372560268651e-01
nan	-2.217752053535048784e+00	3.050067304753001363e-02	-4.310444174637433901e-01
nan	-1.134585194001189734e+00	3.025449030602892497e-01	8.654163996354810040e-01
nan	-7.897269739416382661e-01	-8.489541288244848438e-01	1.293756488868693655e+00
nan	9.810379341170335499e-01	-1.267110374167863984e+00	2.240816264557257687e-01
nan	7.280137671140552991e-01	-2.780378696918152648e-01	-1.150676302272520379e+00
nan	-7.828419583358087186e-01	6.333255775770031404e-01	1.649726991734701720e+00
nan	2.236798015134524031e-01	2.785620383418678792e-01	8.258212380685758802e-02
nan	-1.231265828166871135e+00	4.608187158725957078e-01	1.585800978576487608e-02
nan	-4.282493498091036188e-02	-2.336422343836584758e+00	-7.035815765535211597e-01
nan	1.032786488271962622e+00	3.948972694129024852e-01	-2.298724565109152573e-01
nan	-2.064675392955010125e+00	1.086934843258059669e+00	-6.413237842790503462e-02
nan	-2.677854256549379031e-01	-9.482008400450105956e-01	1.380035676644891574e+00
nan	1.932462570833128224e+00	9.169657279781291415e-01	-1.153530138695672891e+00
nan	2.316802509504439778e-02	-4.032754080496014915e-02	-7.741554696878222286e-01
nan	3.970795057248712734e-01	5.200707225972780456e-01	-3.611759478138091284e-01
nan	-1.211003559760727377e+00	2.355745403702533824e-01	-7.266436388073722608e-01
nan	5.992004838196673955e-02	1.185836144361244404e+00	-6.096419944701488014e-02
nan	-1.900580970538303660e-01	-8.044408128742221997e-01	1.218072070921612626e+00
nan	-1.403169056401077919e-01	-2.158925060098719761e+00	-1.424930056494490005e-01
nan	-1.055360406322280342e+00	-1.785647258197502918e+00	5.149996982417222036e-01
nan	4.606588570983547459e-01	-1.116798346698975042e+00	-1.417945781762428581e+00
nan	-8.692890899599368115e-01	-4.755827978131507150e-01	-1.430245067421677119e-01
nan	-1.141469582860204501e-01	-4.222712142881185349e-01	3.800109633087043193e-01
nan	-5.111353937854382634e-01	-8.445869088564228466e-01	-5.247194354764945778e-01
nan	-6.462772200707870285e-01	1.933036520553404469e-01	-2.965452932304706302e-01
nan	-1.745119671729396416e+00	9.025323540285925539e-01	-5.643052132197557968e-01
nan	4.720926830719084921e-01	-1.837400364984367318e-01	1.035913015336289295e-01
nan	3.911403031550438336e-01	9.743096122352760124e-01	-1.399153018841830853e+00
nan	-3.386385738047565375e-01	1.929104338202865865e+00	5.511662617620323168e-01
nan	-3.534983598559152673e-01	3.733260558314699384e-01	3.969689080908742618e-01
nan	-1.187927329316594394e+00	7.643975914672985761e-01	2.056887700989451062e+00
nan	-6.075677533840562194e-01	-2.910309269978563762e-01	-2.626241260008203016e-01
nan	-1.300347439444313302e+00	-2.454805789045259701e+00	-2.651829754515097060e-01
nan	-2.034543372985411658e+00	-3.088971927813369822e-01	-1.987671885189427057e-01
nan	1.846839584109732701e+00	-1.191657878940894033e+00	1.519331106091924788e+00
nan	-1.807624067157475034e-01	3.346807728431951956e-01	9.778214811189389621e-01
nan	2.339952128246737484e+00	1.733913312144351737e+00	-9.444264885891830996e-01
nan	2.917278623644337099e-01	1.943802728691811366e+00	-6.268767102310754957e-01
nan	9.037464708038280836e-01	-7.585503136443019212e-01	2.029429044659133652e+00
nan	6.662657473917623641e-01	1.722913899724197284e+00	5.306575107609881048e-01
nan	1.283306897490167353e+00	-7.100171293708491538e-01	8.275603185734691225e-01
nan	6.768991690473069589e-03	4.103196243610915395e-02	-1.015795313832688729e+00
nan	-1.150005848154637578e+00	-2.790935753254835672e-01	-1.692509588634498741e+00
nan	-9.794643918273473471e-01	-1.117754536904412621e+00	7.898581886441806699e-01
nan	-1.316571202291766163e+00	-2.017467368145285933e-01	-1.940291019717257648e-01
nan	1.000131975902512238e+00	-3.211678126959650603e-01	1.000802001455366685e+00
nan	7.449220170673170882e-01	-1.758864136296964809e+00	1.360471971895284238e+00
nan	-1.333216829810389026e+00	-1.362102166062273967e-01	1.441424549611315165e+00
nan	-5.757813055084304299e-01	1.159438474299716137e+00	-6.957915661173119659e-01
nan	4.448324005095330991e-01	1.559077830178526636e+00	-2.465150011767953120e-01
nan	1.769108488830551718e+00	1.180592814452341877e+00	-2.241358142805532361e-01
nan	1.180420742181501170e+00	3.527065950110168657e-01	-7.829340978954202335e-01
nan	1.344959690985276346e+00	6.660884082118688765e-01	2.011206301474556035e+00
nan	2.572318189659780208e-01	3.988660763099752815e-01	8.149117570829829127e-01
nan	9.801553358456991383e-01	-5.923002251817668373e-01	5.234562721111593042e-01
nan	-1.250878808322466451e+00	-1.669860344278817355e+00	-6.246389633647111417e-01
nan	-1.715057799601396482e+00	-6.703948352703689162e-01	-5.540977687655448403e-01
nan	-1.319107776765578777e+00	-2.887718968560789579e-01	-1.105518077214908690e+00
nan	-3.291449545022940293e-01	9.871432884217150594e-01	2.185740630478539837e-01
nan	5.531783905334783924e-01	9.645158677165022176e-01	1.987696624621825836e-01
nan	1.060749278598658085e+00	9.517764589363113537e-01	9.407614932742849323e-01
nan	1.164926957214518222e+00	-1.063758653280716615e+00	-4.660592542338803934e-01
nan	-3.528624754411607278e-01	1.591234748217714490e+00	5.268517136675723300e-01
nan	1.748165910935187028e+00	8.015859242999923140e-01	1.333343028717207002e+00
nan	1.883454780979791909e+00	-6.050903082524883292e-02	1.270273844052437262e+00
nan	2.165903585227025197e+00	-1.030947735697044898e+00	6.439293923188111890e-01
nan	1.670155986784429114e+00	1.077658168762568591e+00	5.534170104039153326e-01
nan	-6.067335697933717853e-02	2.076225991491719824e+00	9.892004273988069807e-02
nan	1.852350900068054917e-01	1.296073145225362211e+00	-6.230229214078376598e-01
nan	-8.892677944117910460e-01	-1.089661935252085323e+00	-2.669081122890654134e-01
nan	-2.774267679389121000e+00	-1.673967449184505352e+00	-9.624918528210393287e-01
nan	-2.423388863613118449e-01	-1.509865915634772682e+00	-5.839396516338518639e-01
nan	8.587202461049644464e-01	-2.040551850237652509e+00	-2.654413671220943183e+00
nan	-1.544531491252166600e+00	-1.361679429079422909e-01	-2.282587064832855894e+00
nan	-2.122182932075146855e+00	-7.662278175461556540e-02	-7.466124996055888419e-01
nan	5.850821921531341729e-01	1.038421454258604548e-01	-6.737231157927534575e-01
nan	-6.077320716575836945e-01	-1.568006235926241998e-02	-1.124734887679830875e+00
nan	3.110885016431321759e-01	1.836579473655267081e-02	-5.679862232160965974e-01
nan	3.143129003001519650e-01	7.914595180023648036e-01	-3.410387285765512644e-01
nan	1.278093374995818765e+00	-8.972274342015398307e-01	6.671299161645861675e-01
nan	-5.096658094527498628e-01	5.502748195443459833e-01	-2.807556149324280881e+00
nan	-3.192778487269960497e-01	-7.037357416983556213e-01	-1.689570327968025865e+00
nan	2.408449606499788453e-01	-8.761207959432075754e-01	-2.561804113515233627e-01
nan	-2.506603129117744300e-01	-3.401618945874991251e-01	-1.378471444070784313e-01
nan	8.701288531188793307e-01	-2.027684015569454434e+00	1.832300872309687301e-01
nan	1.739013856022603166e-02	5.415439224678251229e-01	4.491153550672326578e-01
nan	-2.530017815010247584e-01	-4.825769172350218850e-01	-1.849625381063433105e+00
nan	1.491186766216721971e+00	-2.767392765855487546e-01	2.910015009343069892e-04
nan	7.756001499553369927e-01	2.162191986699261825e+00	2.041086120424858485e+00
nan	2.191325774395588066e+00	1.270208772111429463e+00	2.498422133356077435e+00
nan	3.269221334360375764e+00	1.175037239690722490e+00	1.669351411477884017e-01
nan	3.757117077093564461e+00	-8.734691917310326570e-01	6.734921130786741816e-01
nan	1.559748595310714192e+00	2.211980374714844544e+00	-5.940690885075021743e-01
nan	-7.858951015516137950e-01	1.447166835092933646e+00	9.144486255713366596e-01
nan	1.108179237476153656e+00	-2.056755303001337687e+00	-2.933581856822473632e-01
nan	6.248826627443027082e-01	6.798305392515294754e-01	-6.921620487049462422e-01
nan	6.127700388925980679e-01	9.067095303625472003e-01	2.309262484488347131e-02
nan	1.148585927600290990e+00	8.554536316671765839e-01	5.723785582590017462e-01
nan	1.407553637710683869e+00	1.018734454334049300e+00	1.127560255032048930e+00
nan	2.291375304645334232e+00	9.383597349508956409e-01	1.086892407607414013e+00
nan	1.220854546228686166e+00	7.201631112055962847e-01	3.271657392653751550e+00
nan	9.106716087572339635e-01	9.849666993145618221e-01	3.550277854567781333e+00
nan	-2.057114286587198304e-01	1.115078448175646608e+00	4.881954368113957665e-01
nan	-2.490938172968535369e-01	6.542166057651581657e-01	6.418672024094267403e-01
nan	1.831350412087623392e+00	-3.371931224373976299e-01	-7.135116287809037949e-01
nan	-2.990185240654473775e-01	1.191944930429035043e+00	7.502491038738484663e-01
nan	5.344062551567312358e-01	3.799802042448327533e-01	6.641221797707193009e-01
nan	7.519355552344746396e-01	-3.878722173895630676e-01	9.681256221676906026e-01
nan	1.205756970640003978e+00	3.150653979081491918e-01	2.804093429515368996e+00
nan	1.221719284380226700e+00	9.646137458890764460e-01	1.009496834438133206e+00
nan	9.800216359242241992e-02	-4.953282582004667756e-01	9.929924558911640275e-01
nan	-9.745638920239361180e-01	-1.197863615618759842e-01	-1.905758667059914924e+00
nan	-2.041589728978286722e+00	-5.482577114637114946e-01	-2.318967665302141268e-01
nan	-2.110713391192279076e+00	-9.826077467391880482e-02	-3.797480796045470397e-01
nan	6.357914139740796777e-01	-7.856067480922834800e-01	2.415545095659971109e-02
nan	8.142643771216668824e-01	-9.363767983860366018e-01	-1.183529202962981808e+00
nan	-1.084157004432158899e+00	8.565703119397374832e-03	-1.029800788412284618e+00
nan	1.421870001597119959e+00	-5.888064721321735195e-01	1.226585970284525429e+00
nan	3.583035756922202664e-01	-2.321422985845835285e+00	9.286668168114372568e-01
nan	-3.961165989377338770e-01	-1.791661621892790102e+00	3.685726129635287229e-01
nan	9.183488440495358729e-01	-1.726334539558628922e+00	-1.902955433907470129e+00
nan	-9.381186118259311479e-01	1.531039765340273806e-01	-1.596928081111678832e+00
nan	-2.021223750536842445e+00	1.138753057157297910e+00	-9.707962771554301540e-02
nan	1.344758729918498430e+00	-4.845802377767014502e-01	5.763600018009091830e-01
nan	-1.455522104969797503e+00	7.358588795909926095e-01	2.001534284488364790e+00
nan	8.323967543629740007e-01	-8.750394968303151222e-01	-3.928134895810713179e-01
nan	-1.845854337080563123e+00	-5.322118360814070970e-01	1.296501819152166002e-01
nan	-8.349305103732598266e-01	-1.402487530139921112e+00	1.653831915157234767e-02
nan	-1.662856885999768886e-01	-7.369958109811473035e-01	-1.977050011057441381e+00
nan	2.588167392551254942e-02	7.726563124291674356e-01	-1.340565796306898871e+00
nan	-1.718930579707516282e+00	1.128203832077296687e+00	1.525326712522701911e+00
nan	1.848272873416098028e+00	1.066914755372387058e-01	1.364268480566536823e+00
nan	2.295190656592501099e+00	-1.544919635445911599e-01	-4.985467662213081685e-01
nan	-1.395745352967799224e+00	1.184653395878775939e+00	-6.637308756356651296e-01
nan	8.184634513798380029e-01	5.015222041396342201e-01	1.589094304097594890e+00
nan	1.184608172258379444e+00	-1.001390634704620641e+00	-9.321302709637394601e-01
nan	-1.341959146652700885e-01	2.317757246944014138e-01	-2.683312222472226116e-01
nan	3.976124517933427582e-01	2.921108691951967984e-01	-1.031881735239530862e+00
nan	6.893461268886859061e-01	-2.081677592625442497e+00	9.139677062101262406e-01
nan	-5.935474477354976131e-01	-1.319711545340496173e-03	-4.748095288901347799e-01
nan	-2.490403076713744723e-01	-3.713420318975374501e-01	-2.321321430790539431e-01
nan	-1.512973916431997745e-01	-6.256476813554444627e-01	-1.535495367117149623e+00
nan	-1.719112648139891952e+00	-1.745213676319485874e+00	-4.335118830044201177e-01
nan	-1.627538019825903293e+00	-2.303447433080049400e+00	-2.295275192395641817e+00
nan	-2.146549217615833616e+00	6.457611588850276085e-01	-2.225549073289415425e+00
nan	-1.975524770021796606e+00	-1.541232944954339157e+00	-8.869537765196207069e-01
nan	-2.038206932951438510e+00	3.183427456852530035e-01	-8.298817210042463977e-01
nan	-1.024819792609411362e+00	5.232761228570790291e-01	5.066642531634278912e-01
nan	-3.204498702359643847e-01	4.956981693186066629e-01	-8.195576799824022540e-01
nan	-2.363172822007833518e-02	1.412491733783842962e+00	1.460609418276669902e-01
nan	1.128036171043891311e+00	1.684285214755592008e-01	-1.089112829092260926e+00
nan	4.185381266122640276e-01	1.938981895480978324e+00	6.191387471866343084e-01
nan	1.479359302581177538e+00	7.353372998088477663e-01	1.045079206538100713e+00
nan	1.283184486282080261e+00	1.737085748130676066e+00	6.498751160889519873e-01
nan	9.256787304511848724e-02	1.682216820061253948e+00	-4.606718885571943201e-01
nan	1.193165943417470176e+00	-2.088227686664885230e-01	-1.546834207932347161e-01
nan	-3.381670965415542462e-02	-9.623180562899354973e-01	-1.694095927439094762e+00
nan	1.057252794374665683e-01	-4.716786645689668989e-01	-9.618283632111055415e-01
nan	-6.641914164976214785e-01	1.904727137494969691e+00	-2.292532226951116137e-02
nan	4.981066792247736963e-01	-2.330226800329449066e-01	-5.330291464694844050e-01
nan	1.774204210554381489e-01	1.683039354002772603e+00	-5.577492557698940367e-02
nan	-1.101916897201257406e+00	8.138041950052499196e-02	2.244333360449285442e-02
nan	1.283846947300254282e+00	9.947046107948025462e-01	1.257341883798088977e+00
nan	1.517202742339098132e+00	6.277854121587127523e-01	1.695674583483195219e+00
nan	4.764695568622290267e-01	7.880486241881650145e-01	-6.065543656662442107e-02
nan	3.974928305857023947e-01	-1.488351966618990385e-01	3.136673266493619217e-01
nan	2.058365699798151205e+00	5.623683596874832352e-02	5.110759274821332632e-01
nan	-2.676625497082398830e-01	1.544723935991763941e+00	1.175986092074679412e+00
nan	4.866746957940933926e-01	2.048607492835990751e+00	-7.425066467948738813e-01
nan	1.943249422203137122e+00	5.490587436483991279e-01	3.513353836494670368e+00
nan	2.102069482099894859e+00	4.490867947785284753e-01	2.047158315916314031e+00
nan	1.027950580545571979e+00	8.790528589516960478e-01	-1.534402026768185046e+00
nan	-4.009544636977717680e-01	-3.987081832309645746e-01	-2.559161852312493490e+00
nan	-1.901896453340615523e+00	-7.758440829158308460e-01	-1.089284143244803493e+00
nan	-1.920873745116225662e+00	4.422882210376744005e-01	-1.077856619888787115e+00
nan	-9.077656822506425804e-01	-8.014131858378563678e-01	5.171573146404488952e-01
nan	-1.201790390963319854e-01	-4.495620577341319923e-01	-9.136955566246928173e-01
nan	-4.843780613617093556e-02	2.370754004070041443e-01	-2.688846578906843865e-01
nan	9.265594997042235770e-01	1.227701540224687582e+00	-2.427759702907598793e+00
nan	1.024344391465242587e+00	3.050867521777421709e-01	1.051937132484678683e+00
nan	1.126344212538933576e+00	-6.879290243408778815e-01	4.820885367991584736e-01
nan	7.220277968747419450e-01	2.071866498922012023e-01	2.624906614921672099e-01
nan	1.977283672158802519e+00	-1.198702174727567682e+00	-2.933938923834487067e-01
nan	8.614708341362310451e-01	-2.405642227672648570e-01	-1.610595857472719050e+00
nan	3.087976636194564306e-01	7.372272864953936800e-02	-1.966899762906306304e+00
nan	2.739207601544866866e-01	3.469239011432066755e-02	-1.105213778406480385e+00
nan	1.996071064799348482e-03	-1.680874928236947952e+00	-1.926360014205881432e+00
nan	-9.997909777526152730e-01	1.722941463197501299e+00	-2.902395857557402259e+00
nan	-1.051871908478565487e+00	-1.790615802728971806e+00	-5.010386579604025892e-01
nan	-3.661896654388195671e+00	-3.658017719015147495e-01	-1.149776661574815062e-01
nan	-3.097713795542315740e+00	-3.558344406569201590e-01	-1.155002552721722031e+00
nan	-2.265080605228404931e+00	-2.320038957194973328e+00	-9.182448988947243818e-01
nan	-2.675500814971661256e+00	-1.139936363669904029e+00	-9.910408602043681014e-01
nan	-1.044204003029175709e+00	-2.633425757745762485e+00	1.306808469521075100e+00
nan	-1.044193299868696911e+00	-6.525106927798268730e-01	5.720886321950303666e-01
nan	-4.083276444632943925e-01	5.059006909840797483e-01	1.009933777495356066e+00
nan	1.147677230092310374e+00	-9.460227782308017197e-01	4.956730973979289745e-01
nan	9.966499653106646317e-01	-9.687622111333095143e-01	-8.780286858702064379e-01
nan	1.292513140854412712e-01	-1.955980068244550507e-01	-1.305993384688113323e+00
nan	-8.624472500647383244e-01	4.309787229789999730e-01	1.965814539010420359e-01
nan	5.386302299231401358e-01	1.229975592948102658e+00	-1.137494546076470714e+00
nan	-1.465240701090939068e-01	-1.871578184349235396e+00	3.380144188125874805e-01
nan	1.308107418920000375e-01	-1.253326422098764326e+00	-5.325455853347298429e-01
nan	1.751558983859256569e-01	-1.138057738292577170e+00	-5.235056434398187575e-01
nan	-1.443144501608137675e+00	1.167845530221204298e-01	2.745620336124927063e-01
nan	-5.001614722289368098e-01	1.337455126369918590e+00	-1.556277930548738420e-01
nan	1.875319254454292928e+00	5.696433483076037696e-01	-1.218155314661866440e+00
nan	7.297707208949641977e-01	-3.762830489118367261e-01	2.447598364950846483e-01
nan	6.888741792663277685e-01	3.108947083073350104e-01	-3.902616542333210981e-01
nan	2.243095469216860316e+00	5.507342352859463386e-01	4.040530019925502314e-01
nan	5.334774130407147208e-01	8.345939229337205889e-01	-1.196728549884185977e+00
nan	-4.495858979805211764e-02	-6.429897848509869007e-01	-1.145147369234358337e-01
nan	1.014035876788220047e+00	1.401235930238246885e+00	1.471613799497049735e+00
nan	1.890142894025625075e+00	5.199108656345929891e-01	6.423994067058129698e-01
nan	5.340660078586407788e-01	3.145227019320699369e-01	2.411440511222279204e-01
nan	-9.165018396587565341e-02	-7.749002514671315955e-01	7.346378279473186890e-01
nan	6.720977386361297601e-01	3.030429912865338360e-01	-8.235127483477521215e-01
nan	1.575947945398452066e-01	1.218997081925650983e-01	-5.868988768801508549e-01
nan	4.836431821050233282e-01	1.777867526626609518e+00	8.006864809886026224e-01
nan	6.848636500609467381e-01	6.849677635159641120e-01	1.216158342866714648e+00
nan	4.550068543976872326e-01	8.301005763957891581e-01	-3.832027209041494187e-01
nan	-1.209795307176329437e+00	1.373239740592840263e+00	4.360233148990362850e-01
nan	3.150781996367183480e-01	-7.610519801777410054e-01	1.042539230764173874e+00
nan	-7.092823205911671369e-01	-1.358720087429637902e+00	6.421167756142516503e-02
nan	1.974685240690421395e-01	9.515364016238758715e-02	-1.513682809695388598e-01
nan	-5.972859597598332293e-01	-8.308362733480390006e-01	2.875878580832076925e-01
nan	-5.867593217184555732e-01	-2.066035775175439682e+00	-1.620207539744497605e-01
nan	-7.506016869624896337e-01	-1.038004818033179566e+00	-1.242266937456922626e+00
nan	-8.674242078795139088e-01	5.289132363357951228e-02	-3.176349815556080536e+00
nan	-1.956501407292542183e+00	-1.401396666531123936e-01	-1.580206978149376607e+00
nan	-4.940355358387473750e-01	1.615650387719286041e+00	-6.996947943101796685e-01
nan	9.101802357891992656e-01	9.480968741703410529e-02	3.657455877179117132e-01
nan	6.349363171816803098e-01	-1.828984954244929684e+00	2.404527098461582690e-02
nan	-1.520887945873299119e+00	-2.594904507547431294e+00	8.888053511109252902e-01
nan	1.181868967690928418e+00	-2.524909244691316168e+00	-1.938446818359376156e+00
nan	-1.131086393631730802e+00	-2.758534561775557226e+00	-9.312586450359635615e-01
nan	-1.595989378726390795e+00	-4.750626643528927939e-01	-1.387498786345652046e+00
nan	-6.839702044908433365e-01	1.053387443394747436e+00	-1.759651620808435624e+00
nan	-2.263963197346162914e+00	8.804888077362384990e-01	-2.992702396605473325e-02
nan	9.378998061854865176e-02	2.981153419619780864e-02	1.054926988177037117e+00
nan	1.330555640952570506e+00	-2.079380813128202998e+00	6.441282493999447301e-01
nan	1.357975421599428856e+00	-8.754766329241628897e-01	-8.588015990765260899e-01
nan	8.204632998953855783e-01	2.719355878666408710e+00	-6.692228646804204706e-01
nan	5.329138203773291504e-01	2.007494511863436859e+00	6.319662409179477303e-01
nan	1.049820116135922410e+00	1.119913788455669135e+00	1.340213895499717589e+00
nan	1.925236200198511272e+00	4.096757586074234458e-01	7.434268616914246897e-01
nan	-1.819293086617747024e-01	-1.230031627838942043e+00	-3.170522804033812925e-01
nan	5.684230401009205957e-01	7.833929656900850969e-01	-1.312343705464162902e+00
nan	-4.095898992254400350e-01	4.145513104556489692e-01	1.106545427514823210e+00
nan	-3.999931327669570269e-02	3.847189852841113589e-01	-1.435090881083253667e+00
nan	-2.855958830426708062e-01	1.008529848166730136e-01	-4.872156859471713508e-01
nan	6.252847536407427631e-01	1.423264806068744059e+00	-8.696386111021739973e-01
nan	-2.492196678798284548e+00	1.053643508013799357e+00	1.332883871351414840e+00
nan	1.341982902416249124e-01	-1.601773062733011566e+00	-1.091317890902181009e+00
nan	-1.184688198781006507e+00	-1.371725553668643460e+00	-1.233068529790184664e+00
nan	-1.115330315031206831e+00	-2.654052013517545827e+00	-1.026788132503271944e+00
nan	-1.975008693479290756e+00	-3.593452424261246447e-01	-8.092881913474294642e-01
nan	-7.346209834603786293e-01	5.338468192714335148e-01	-6.054177077604219193e-01
nan	6.968049131895226456e-01	1.084798406354460454e+00	-7.156048225084791214e-01
nan	2.061038764589130601e+00	1.859689038203304001e+00	1.175636503750252082e+00
nan	1.304866362217368625e+00	5.632425987690116154e-01	1.748077675136850084e+00
nan	5.275684861621092736e-01	8.739491244404364867e-01	1.884408243602711863e+00
nan	4.803956255267283204e-01	9.645751249417037210e-01	-3.539233719301623227e-01
nan	-1.735215242783005873e+00	-9.149274913188365499e-02	-8.197182320180030901e-01
nan	-9.568947871164538155e-01	-1.738665486177422892e+00	-1.002560578355682130e+00
nan	-1.951448873615095891e+00	-8.658689124583243135e-01	-7.376708490171941524e-01
nan	-2.075227718645380026e+00	-2.520628172729018068e+00	9.761899230683960260e-01
nan	-1.730991557086646981e+00	-8.610166317845816542e-01	-1.133874487321103297e+00
nan	-7.393766987795455936e-01	-1.295048639066981089e+00	-1.868577478143850001e+00
nan	-2.597505742169159415e-01	-2.214851292942549676e+00	5.039575886640809133e-01
nan	1.873966386026915121e-01	-1.836980016897225676e+00	-1.338270627401555668e+00
nan	-2.020335864774190249e+00	-6.331603167418504707e-01	-1.412396246158249991e+00
nan	-5.149008528265595075e-01	-1.928075498911319130e-01	5.720076375795878354e-01
nan	1.447256979134298627e+00	-4.326386089445044547e-01	-1.044020354942055279e-01
nan	5.145434742405523565e-01	1.571224602209037036e-01	-1.617318458469057862e+00
nan	1.082709474350809220e+00	5.061571722226578807e-01	3.604782053214359849e-01
nan	8.739360870699303119e-02	-1.052714340476189836e+00	3.849151092658212869e-01
nan	-1.654668493198612755e-01	1.843865228905889886e-01	-2.115814348109775200e-01
nan	1.576361202632302394e+00	-4.220621676736518446e-01	1.009292895584071870e+00
nan	2.051095008467707093e+00	5.412691219255102437e-01	-4.331194283182773219e-01
nan	2.462187567452609471e+00	-9.867839847192818592e-01	2.807700634521468341e-01
nan	7.004782291828933749e-01	-5.375333838550018228e-01	-2.060490387380777388e+00
nan	-9.674683546766809084e-01	-5.174894814032618973e-01	-7.510890562084405753e-01
nan	-1.954051816687782384e-01	-3.460570769453430451e-02	-2.038532957207070506e+00
nan	2.511076603161175314e-01	-1.679638727287811717e+00	-5.017988660261273326e-01
nan	-3.276399381716421644e-02	2.643876500601905488e-01	-1.506475002638983485e+00
nan	-1.411108637656725895e+00	3.669168659205648136e-02	-1.224901673040721839e+00
nan	-4.089833768828884608e+00	1.003696703008084334e+00	7.832171552969895423e-01
nan	-2.391900296891656952e-01	-3.515156983015231829e-01	9.713600701218727540e-01
nan	1.335428993211796589e-01	-1.947751804332458647e+00	-1.061678246240371326e+00
nan	-1.196378468517379279e+00	-1.630472454759376078e+00	4.620034966264741083e-02
nan	-3.193678817860565289e+00	-1.501649496353242963e+00	-1.406691358277530002e+00
nan	-1.919407221824678267e-01	-1.176691036665991952e+00	-1.581312359351868535e-01
nan	-7.748797371632737407e-02	-1.477500627232126718e+00	-6.660729301458644391e-01
nan	5.233603654926146653e-01	2.366914796686437894e-01	5.458735492567050596e-01
nan	1.534999073009932768e+00	1.255755595834203486e+00	1.079068186994855072e+00
nan	-1.166732481086550921e+00	4.721221226291983930e-01	2.742566019022080748e-01
nan	-5.611871406162722842e-01	-5.666919220333483942e-01	7.361873461400665342e-01
nan	1.623352253600547079e-01	-2.482792030765003655e-01	1.918063794547014700e-01
nan	-6.708170364630676730e-01	4.038025780347715976e-01	4.602942811338967544e-01
nan	-1.307843186556699511e+00	-1.266262991522766779e+00	4.006002367810176934e-02
nan	-4.088416544943018760e-02	-1.662049195116744205e+00	9.990042937649488142e-01
nan	2.054893024911783328e-01	-5.951066126967208270e-01	-7.992265532502894620e-01
nan	4.484695901386264172e-01	-1.140707443500229568e+00	3.751711185543630811e-01
nan	1.704457647575036983e-01	6.132471644749384332e-01	1.986965311070956197e-01
nan	1.056905829914397632e+00	-1.299929775667731269e+00	-1.161391146314056044e+00
nan	-1.165457182847945639e+00	-1.675883929915671811e+00	-8.050307320162023439e-01
nan	-2.840659480694508687e+00	2.475543037994824003e-01	1.466346324850033245e+00
nan	-1.992155544350735219e-01	-1.608038549629474900e+00	5.674486906141944509e-01
nan	5.409997351390185560e-01	1.527730370799005311e-01	-1.299528039226400589e+00
nan	-7.229671009183269437e-01	-8.097266632418933519e-01	-6.779365093817055765e-01
nan	-1.820265904695161474e+00	8.133868700305626476e-01	-2.543529479957365780e+00
nan	-1.298739330091091659e+00	-4.106484479302471291e-01	7.755008767251087010e-01
nan	3.476465509436576506e-01	-2.134536593605997012e+00	-1.532931567243563942e-01
nan	-6.120543310366635126e-01	9.710390764938180430e-01	6.455318778211991404e-01
nan	-1.105821307971734946e+00	-4.495772986484236622e-01	-4.604383389385700021e-01
nan	-2.388528901252960690e+00	-1.896375915626569153e+00	3.268955210531115929e-02
nan	-1.217930682464500425e+00	-1.009525496473125949e+00	4.924689318935523419e-01
nan	1.469368019590321373e-01	-1.585840567701529480e+00	-2.425857363378244536e+00
nan	5.849139419600295486e-01	-6.139199656235403424e-01	-6.575030118087090703e-01
nan	1.158052032395103792e+00	4.815576513032280292e-01	1.351145661743889281e+00
nan	1.432495318672586171e+00	-8.186833692151782582e-01	-3.688189494856812800e-01
nan	-4.857013662708778989e-01	1.466401787889282382e-01	-6.975131036779763649e-01
nan	-5.481016178456928900e-01	-7.547485848224146920e-01	-4.536920242972553030e-01
nan	-9.095398451322240785e-01	8.134943376162455664e-01	3.069464878957745557e-01
nan	7.258924829797495093e-01	-8.157564236217066389e-01	-2.886552296697055819e+00
nan	1.289731894655488098e-02	3.746527620745754850e-01	-8.653322710105542104e-01
nan	1.353256969948368971e+00	-4.207243660125927764e-01	1.213415270160286052e+00
nan	1.953499309011219598e-02	8.471991956135578317e-01	7.053238751270070050e-01
nan	-4.770423595179049681e-01	-1.293316492522825101e+00	3.187048164248177384e-01
nan	-1.160720531505792463e+00	4.092968647510675240e-01	2.911308718654359584e-03
nan	6.627438517918069483e-01	6.239643033069586231e-01	1.642245844853757575e+00
nan	1.125082059304556292e+00	8.042353201561563969e-01	9.834969713899914812e-01
nan	-7.236433109169182476e-02	-5.894636477556227661e-01	7.182901331882535212e-01
nan	1.333330860730936318e-01	-7.921502098156046889e-02	4.675831569005337029e-01
nan	1.814632106233974584e-01	-1.181308661357704848e+00	-2.553908842127445289e-01
nan	-2.179170521384686532e-01	-1.281521217931705481e+00	3.613697751434796768e-01
nan	-7.945009946764554076e-01	-2.452264747244712328e-01	-1.083943080192197428e+00
nan	-1.792643022509212258e+00	-2.503417134423751023e-01	-5.365973181480726550e-02
nan	-7.847612783463863151e-01	-1.294163753352628010e+00	3.444535096229711102e-01
nan	2.783742364448382745e-01	-2.270553226668411195e+00	-6.694682964012710347e-01
nan	3.064067078246853759e-01	-6.139891100180886463e-01	8.488596164454366155e-01
nan	2.343772793135233956e-01	1.029350520765577315e+00	1.539412112771925689e-01
nan	-3.122088931986788385e-03	-4.191653578649014444e-01	4.913551150659672961e-01
nan	-1.217484824775493690e+00	5.066938121475526025e-01	-3.361367392390230968e-01
nan	8.184999252782430013e-01	-4.639084629701194507e-01	-1.185175957942624092e-01
nan	1.373337900537579648e+00	-6.824166094196126853e-01	-3.860436294047493999e-01
nan	1.916554457068608164e+00	7.384669894947342161e-01	7.411691287056959565e-01
nan	3.407167550564080827e-01	1.306599289246265005e+00	-2.179748939888814352e+00
nan	-1.211340314097790971e+00	-3.226075101370304288e-01	1.471825173341860138e+00
nan	8.116089600814585525e-01	6.822576614330109201e-01	1.569856912145348282e+00
nan	6.982073869658557141e-01	-6.287438223413051031e-01	-1.841628076344835607e-01
nan	6.373658727675320934e-01	-7.232796545686370759e-01	7.955238330955740622e-01
nan	1.650577649475557074e+00	5.576981300529957331e-01	1.134755423533921670e+00
nan	-2.281915269298995241e-03	1.593957243907449861e+00	1.142585714082028581e+00
nan	-4.393245452656655559e-01	7.647877264856368651e-01	1.668544413241600299e+00
nan	1.171630496948592004e+00	2.067199409519582698e+00	1.460600562345871989e+00
nan	1.503588766314846836e+00	8.805578237041660206e-01	1.227826070719295171e+00
nan	3.607584387190353459e-01	1.022618886862547205e+00	3.897620523297841144e-01
nan	-3.907742734062338297e-01	-4.161960146154946028e-01	9.519475654289494271e-02
nan	-2.388832574842442158e-02	4.142947320775883790e-01	9.939112172669040124e-01
nan	4.127307508806737912e-01	-4.052388477259485366e-01	5.501950028865276732e-02
nan	-1.531075298609973601e+00	1.823294262940638455e-01	-1.691220110383754749e+00
nan	-5.498196259826398924e-01	2.435131503821612586e-01	-1.072115700717055198e+00
nan	-3.692750468351274074e-01	-6.541754254712055516e-01	2.164061883883330317e+00
nan	1.736318962122610943e+00	-8.638216477740656707e-01	6.732389189350590497e-01
nan	1.034044275251386980e+00	6.904355503005504824e-02	2.906325406447318183e-01
nan	9.317232144934175508e-01	6.690285841085077401e-01	-3.977723746788781600e-01
nan	1.633721537695080439e+00	-6.129024622762113683e-02	-1.632249469902535277e-01
nan	8.005424999275153608e-01	1.521386713219441411e-02	9.611966250327231842e-01
nan	6.890520174168578427e-01	1.051321615443390478e-01	1.599578701352893373e-01
nan	3.158685651141076578e-01	-6.025602143120352139e-01	8.725053716548665239e-01
nan	-2.860913073518706606e-01	9.900759849139691149e-02	2.029925264566408316e+00
nan	4.582124716561530864e-01	-8.948555149568312439e-01	-1.497266944062298766e+00
nan	-1.163983556157631716e+00	9.450595189833450593e-01	-9.234863977989218320e-01
nan	2.593353388165052786e-01	-9.023735279634407247e-01	2.046571406461824338e+00
nan	9.227563972621145583e-01	-4.007982074902771696e-03	-9.353709194501481639e-01
nan	-5.789548136798316341e-02	1.095252956988830295e+00	-1.475966342026184375e+00
nan	-3.190391385358983811e-01	-3.538071251378867021e-01	-5.150279942100712827e-01
nan	1.720623556195216342e+00	-7.171709763193148124e-01	-1.464983165175057223e-02
nan	2.688467194261229043e+00	1.233049791371276793e+00	-5.236321696156485128e-01
nan	1.708046220325222686e+00	1.113660373481017762e+00	-5.739306628918120490e-01
nan	2.464979318545825748e-01	1.382770926537818301e+00	-1.267073020754661217e+00
nan	7.318172043212514133e-01	1.483791466233887135e+00	4.724708253376977973e-01
nan	2.216841567291349069e+00	1.262512616285993872e+00	1.162807937893364674e+00
nan	2.816226110631172119e+00	2.297288571442619443e+00	6.502434199218222188e-01
nan	1.353565660860231112e+00	2.501360951878785599e+00	2.563310241285458257e+00
nan	2.476776765251782919e+00	8.430048697888037346e-01	1.982104364279668740e+00
nan	1.695209113745578700e+00	6.629293724644136354e-01	1.852823874605383336e+00
nan	2.608243650059283159e+00	1.018325606231104574e+00	-5.922173419957565965e-01
nan	1.577015808517262530e-01	4.159653513786506496e-01	-8.057925104201542066e-01
nan	3.767625535837823003e-01	-1.821719999201300566e-01	-9.872657012805856613e-01
nan	7.868581224302984012e-01	1.046533802990964324e+00	1.697068169274509875e-01
nan	-5.172819569864453015e-01	1.514523190879564218e+00	1.014809791440593578e+00
nan	1.469967877597828099e-01	1.845242470786560007e+00	-4.422336950750075379e-01
nan	1.922396135732012956e+00	1.205368986211866833e+00	6.012732070426334285e-01
nan	1.251356848572977354e+00	1.739837516620724056e+00	3.966629007639224103e-01
nan	1.790230329476775406e+00	4.886542846034707677e-01	5.894088308072652493e-01
nan	1.938226964231562377e+00	-5.125717504304329042e-01	6.750630272269919629e-02
nan	6.227474808464960043e-01	3.298353594223342178e-01	-3.128018724142782592e+00
nan	-1.974774562729525895e+00	5.280097249290773842e-01	-2.565049601443509797e+00
nan	-1.505913085035478050e+00	6.573610616323326550e-01	-1.264357746427680951e+00
nan	1.036906912042772966e+00	3.883434472410953187e-01	-1.488295060012777116e+00
nan	-2.292364649494616768e-01	-1.465312140755167247e-01	-1.139129378807773429e+00
nan	-1.264224886496591260e+00	3.716287085681583280e-01	-2.006352603042128313e-01
nan	1.431134359507546527e-01	-2.291101586699595405e-01	1.566867828658400796e+00
nan	-3.037968196658614728e-01	-6.277728176438179819e-01	-9.774668754529240999e-01
nan	-2.515039192414648017e+00	-1.239199424561225005e+00	-1.219460753858805369e+00
nan	-1.123122704635265201e+00	7.519280271429631402e-01	-1.070227215584743874e+00
nan	-4.947744819017957374e-01	-3.579527968134516569e-01	4.040896856034501550e-01
nan	2.639937860879195242e+00	-1.260380703444154982e+00	-3.457088057806178005e-01
nan	6.346421423083203894e-01	1.358438196882846949e+00	-7.086685467691093976e-01
nan	4.424063823708981880e-01	9.225042170951109899e-01	-5.448699116460880010e-01
nan	4.950386230625115624e-01	-1.474493313737055500e+00	-1.938309588259915506e+00
nan	-3.997272898718351453e-02	-1.193971495260172100e+00	-5.091020010354776471e-01
nan	1.598403364705104579e+00	8.156954879219564525e-01	-5.266954383222912650e-01
nan	1.480519297266174039e+00	2.280983827661162699e+00	1.903050495954083265e+00
nan	1.520803061522197686e+00	-1.028455569611719911e+00	1.268578186975691358e+00
nan	-4.133515249731367636e-01	8.026435566887866191e-01	-6.167580284424497572e-01
nan	1.596450456360444914e+00	1.054157629289130815e+00	9.697939071970916869e-01
nan	6.111273019467020617e-01	3.024913517483575731e+00	-3.880755064734936477e-01
nan	-1.618837649745875629e-01	-1.718819657568686488e-01	7.176106772736677852e-01
nan	-2.601907825999150714e-01	1.908471931739132099e+00	1.496613010683695899e+00
nan	4.251550569184903150e-02	1.333095101979869801e+00	2.858196375321847560e-01
nan	1.547469192837117369e+00	1.058391469258895379e+00	1.229321434615501252e-01
nan	-4.965138132140987093e-01	-7.987198887355073662e-01	6.249603058036741210e-01
nan	-3.411118392088551277e-01	1.291723113926682709e+00	-8.467280967420668381e-01
nan	3.865427853100767974e-01	-4.274608889309244875e-01	2.785698346851128715e-01
nan	-1.586432420186617120e+00	-1.744255345887491426e+00	-1.118699061197131694e+00
nan	3.006607994682826135e-01	-1.466989083089601742e+00	-2.980421943277830055e-01
nan	-1.858967619663824955e+00	-8.140830664788005766e-01	-2.299794865051896231e-02
nan	4.817296362247664998e-01	-8.544468030899283750e-01	3.937897004508140730e-01
nan	-1.944556744272797066e-01	-8.999516264638330876e-01	1.402235122869055051e+00
nan	1.367428151103966316e+00	-1.747066543580627629e+00	1.044651413498272285e+00
nan	2.580384650113743739e+00	5.055093065087377102e-01	-2.473662471159053577e+00
nan	2.004892796653968468e+00	2.159002433449960012e+00	-1.121942619542080077e+00
nan	1.271181543053545138e+00	2.705894405957807614e+00	5.536519745195149778e-01
nan	1.790204566404021147e-01	9.821975071917027345e-01	7.833347504972244524e-01
nan	1.057063776725086335e+00	-1.387052651389312219e+00	2.016869268025771156e+00
nan	1.303218378957054835e+00	-2.197568428404720997e+00	-7.397256288070028774e-01
nan	-1.019191947167062962e+00	1.054807545465606400e-01	1.590509213892806972e+00
nan	-2.167996398980386541e+00	2.600155431556295249e-01	-2.165686010696546981e-01
nan	-2.185920658530264848e-01	-2.410619102787552759e+00	-2.110442891811315835e+00
nan	-3.685019662504114724e+00	-2.635334693554292507e+00	-1.448014851495030397e+00
nan	-2.045706642452480128e+00	-2.793089529442281282e+00	-7.825485081239639262e-01
nan	-1.743012223501680724e+00	-1.269713727646848422e-01	3.439743363446723379e-02
nan	-2.128228272042357982e+00	7.850718490927177662e-02	5.300691689288629105e-01
nan	1.121352885388051446e+00	1.376573837735374228e-01	1.070004069503943944e-01
nan	5.616169432437666531e-01	2.026641453785023472e+00	-6.883676058334368131e-01
nan	1.253411636143122454e+00	1.370774721988603950e+00	1.173914343724365983e+00
nan	1.317838270445761406e-01	6.460216746386355791e-01	-8.616507638966732774e-01
nan	8.804240085760550727e-01	-1.110017367856006298e-01	4.684762462373108782e-01
nan	1.297095727510257479e+00	-3.591283327358358868e-01	5.035658803575943088e-01
nan	5.377286339640335866e-01	-8.755398365689992524e-01	4.096561865026608351e-01
nan	4.746977524404250026e-01	7.895356443522968393e-01	5.725358993733929980e-01
nan	9.108773949352972910e-01	2.386484906227477332e+00	-4.220067215566045138e-01
nan	8.285013926615332203e-01	1.089729317841564793e+00	7.861672071038694476e-02
nan	2.058434837027778297e-02	8.483263400641400942e-01	8.818365657122140266e-01
nan	3.761968023367290859e-01	-5.337476118134004688e-02	3.887155672226466629e-02
nan	-1.023753319466757850e+00	-1.119364023290743138e+00	5.645455235306949884e-03
nan	-1.127237271326015033e+00	-2.101584330450993132e+00	-2.706194486200391047e+00
nan	-2.191782055333656221e+00	5.609037253420602331e-01	-1.235671108313309841e+00
nan	-1.218303766909693442e+00	-7.144221901523866158e-01	-1.018498158722199065e+00
nan	1.873827561305089873e+00	-1.295650586371233981e+00	-1.265086174840774458e+00
nan	-4.505103057368688990e-01	-2.979340057876969095e-01	-4.211410163427362074e-01
nan	-6.222065392093445446e-01	-6.191268789571638953e-01	-1.515370123100687971e+00
nan	-8.195841430128135707e-01	4.938131458074775937e-01	-8.042470190606365588e-01
nan	3.817426863751313681e-01	-1.414565746114196942e+00	6.655609098452153205e-01
nan	8.877058728243331087e-01	-2.372290976510962879e-01	-1.430583181155854255e+00
nan	-4.922083190500864402e-01	-9.998673792419057738e-02	-1.752390005341235568e+00
nan	8.074688823365032686e-01	-1.198713984894169249e+00	-1.601760656046592235e+00
nan	1.044924368370010015e+00	-4.198078814655791247e-01	-4.996108252576410003e-01
nan	1.707148273506878811e+00	4.728841855100612834e-01	-6.225122213001997862e-01
nan	7.124849893978970616e-01	1.922916688792821072e+00	9.083882604550909123e-01
nan	3.780756179912102555e-01	-1.755509440740412153e+00	-4.933159288684569876e-01
nan	-7.913116470121153156e-01	7.139896821072777566e-01	-4.818811531372002577e-02
nan	-2.628278417157002278e-01	3.363092450017394208e-01	2.662296880036989943e+00
nan	5.057811962802494232e-01	7.092616459360356895e-02	2.620836480602065643e-01
nan	-6.629257789704345871e-01	-5.495056325874130287e-01	4.365585895299610719e-01
nan	-3.687327270960223946e-01	-2.734844941027863019e-01	1.012509785464702494e+00
nan	-7.371152821868490745e-01	-1.306750641466419838e+00	-1.400836649308933313e-01
nan	-1.126362068859366072e+00	-1.089674265981172452e+00	-5.389187321680817266e-01
nan	-1.334311715425050338e+00	-2.410632079609607015e-01	-5.769177504482634333e-01
nan	-5.280294891487892217e-01	9.255587726958864891e-01	8.394474692365732071e-01
nan	1.837483637901673239e+00	4.029701758256581945e-01	2.041839290500373494e-01
nan	9.206901709795545230e-01	3.502833874065823250e-01	9.362916041887189844e-02
nan	1.032295574650025083e+00	7.053300969232070283e-01	-9.831996315275424170e-01
nan	-4.102770893065343927e-01	3.814904374911870510e-02	-6.503824552653422186e-01
nan	2.863448986169727650e-01	2.816103953446744690e-01	-4.700616223414187389e-01
nan	1.868674892299868884e-01	-2.248653606323078868e-01	-6.086013367162781407e-01
nan	-6.967397598926945435e-01	-1.172214747638725685e+00	-1.988437974745435266e+00
nan	-1.375622079714654777e+00	7.126881440871379869e-02	-2.105260251317353504e-02
nan	-5.278785039348949937e-01	1.092455694651409903e+00	-7.305960182905739675e-01
nan	1.050609478432352306e+00	-8.340815346138784614e-01	-1.136651045596058784e+00
nan	2.276141964861829736e-01	7.570055367271161240e-01	-3.868246143786067126e-01
nan	-1.042493129841383315e+00	-4.290991336835817127e-01	2.360913142694791578e+00
nan	-4.178959717805748042e-01	-1.000451793870703598e-01	-2.741232218280914568e-01
nan	-1.341636817733653064e+00	-1.531935830680309474e+00	1.225432805106271283e+00
nan	1.118081031434868589e+00	-2.521074722037575100e-02	-4.950243982667485998e-01
nan	2.021726572696119772e-02	8.564126495939452521e-01	-2.156938300778327433e-01
nan	-1.338597132311799998e+00	-4.393518016933022352e-01	-3.423534672172470206e-01
nan	8.134638615714395726e-04	-1.535144586195368976e+00	6.479218543534436270e-01
nan	5.373160166309356445e-01	9.901012454575331967e-01	-3.587871073750438788e-01
nan	1.526922045378763304e+00	5.231351343459884617e-01	4.202410168470390728e-01
nan	-3.630979437267966015e-01	3.290408794566982653e+00	4.524606258115800861e-01
nan	1.403558647531512271e+00	8.294933863719377021e-01	8.445688834287370383e-01
nan	9.025739951306221975e-02	-1.747343632210572872e-01	7.233361923392187531e-01
nan	-1.813591298563441256e+00	-3.040297599786646598e-01	4.419158143357501123e-01
nan	-8.273810627692168573e-02	-7.640609385229923944e-04	-1.857851444911737260e-01
nan	-2.357685517269154207e+00	-1.866318105094142199e+00	-1.035691643304671006e+00
nan	-8.493832987979724747e-01	-2.835380904192012164e+00	-1.560450083102640217e+00
nan	-1.296146188983009484e+00	-1.318368178477017372e+00	-6.594825942470751157e-01
nan	-1.817941349980886301e+00	-1.276401929996176632e+00	1.025250547953508340e+00
nan	-3.168327642503417363e-01	-4.567712565747144016e-01	-1.411948966918271431e+00
nan	6.832843429923907141e-01	-2.509210408257599445e-01	-8.489455829094547656e-01
nan	4.909058342068516323e-01	-9.831861787387806695e-01	-8.859170594262296694e-01
nan	-9.735082432122027507e-01	-6.070796885340316029e-01	-1.238489923202390708e+00
nan	-1.234673660732940714e+00	-2.997766058480156204e+00	-1.973680998768978956e+00
nan	-2.637129812862521572e+00	-1.876987817491883037e+00	-2.885758648406122617e-01
nan	-2.682483068953939842e+00	-2.880002445070872774e-02	-1.176759969179208554e-01
nan	-4.734217875874642267e-01	-1.222041381965695894e+00	-3.854192361692789781e-01
nan	-1.263529081473794946e+00	-1.326291209524570025e+00	5.185411964448358724e-01
nan	-3.111062539166129515e-01	-2.144645944456588627e+00	-1.535014722215019889e+00
nan	2.786715287149585940e-01	-6.681146591137564483e-01	-1.838147235217102882e+00
nan	-2.522493562696491054e+00	-1.695911578961841526e+00	-7.534975781927016891e-01
nan	-1.977802532329584473e+00	-1.783936876804346205e+00	-2.022015152063307397e+00
nan	1.118513625995674055e-01	-1.537788774446693374e+00	-1.217338853471452209e+00
nan	-1.928776846483758689e+00	1.160098686654663425e+00	7.094715562807442089e-01
nan	6.120428543882489025e-01	4.974248179574995987e-01	9.186386990161958810e-01
nan	1.009300701847896997e+00	3.356225483715746805e-01	3.167884544798914570e-01
nan	-9.231781097751103893e-01	3.920749243766763481e-02	7.128608617893272825e-01
nan	-1.040903234514273912e+00	5.337134190574959192e-01	4.113965540671173926e-01
nan	-7.638516038392082486e-01	-2.066967351075104098e+00	1.793257871863235819e-01
nan	-6.728301642215713807e-01	4.281711908659417976e-01	-3.506258374702100333e-01
nan	4.524548671972651870e-01	4.444153924934443056e-01	-1.878375616638876089e+00
nan	-4.020902402218473615e-03	-7.379591219098471377e-01	9.122264914450968210e-01
nan	-8.050503522577044935e-01	-7.575773674953395487e-01	-3.617708055624546115e-01
nan	-7.955354235789305894e-01	7.158451246991566208e-01	4.929331400392882867e-01
nan	8.048388947966446105e-01	7.280618965046838920e-01	1.562219506925614620e+00
nan	7.343031699665645284e-01	-3.513797724668645817e-01	8.410889537381862624e-01
nan	1.464970779122701128e+00	8.942717205558533555e-01	-7.098062378849061549e-01
nan	-2.306554423620940097e-01	-2.867567890853385260e-01	8.573809893170852847e-01
nan	1.783365870773435224e+00	5.174837739540889547e-01	1.411412676631462526e+00
nan	1.965113605654676299e+00	-3.330652058824379314e-02	-2.246540103520783260e-01
nan	6.042805252942529126e-01	3.077484094100212952e-01	-9.010418458767406324e-01
nan	1.076626690652354723e+00	3.016886770771389226e-01	-8.507976738563955976e-01
nan	8.795821895666220414e-01	1.046171497122105221e+00	1.158485195410529078e+00
nan	1.897595361487300014e+00	1.317260766720627307e+00	-4.788892026121834844e-01
nan	1.153452890974612455e+00	-2.443207308220157747e-01	4.733484057287824509e-01
nan	5.547928836307001177e-01	2.101147042644828655e+00	4.051391473562095946e-01
nan	5.025057707634104087e-01	8.491017203352312359e-01	2.991517889460022950e+00
nan	9.025548534277667567e-01	-1.603676868878547435e+00	2.318718459654690811e+00
nan	1.505966651408982671e+00	-6.410942441578811879e-01	-2.332032531409749809e-01
nan	-1.205979460932154357e+00	1.653652671287354936e+00	-1.390395837428747949e+00
nan	6.767807293327192664e-01	1.294397871992118976e+00	1.311805376328729400e+00
nan	1.700336305565000483e+00	5.915631705664334827e-01	1.757431237987788109e+00
nan	6.543621557494994079e-01	2.843200929463652882e-01	5.945298011266904048e-01
nan	3.441413516677311879e-01	-7.557892068623067727e-02	1.241758007512263617e-01
nan	-8.330465748216212551e-01	-6.242059344412473898e-01	-8.093546388302161887e-01
nan	-1.582184329430955883e+00	-1.259414948415240598e+00	-9.124527547959251361e-01
nan	-1.103315901686217293e+00	-1.984060139429351111e-01	-2.272178285897431316e+00
nan	4.040792691018484373e-01	-5.313031774120924311e-01	-2.344331434681409032e+00
nan	-1.144596406346643391e+00	-1.687677966704988153e+00	-1.993521189222257961e+00
nan	-8.628444150492637910e-01	-7.904127732901462533e-01	-9.984854587763868361e-01
nan	-9.765511005052446292e-01	-1.199821905238688480e+00	-7.660533928080165422e-01
nan	-9.876478772654916360e-01	-3.706302921998403943e-01	-1.131458401726416874e+00
nan	-1.334295016599213568e+00	-2.125642758819429545e+00	-1.730805942115609897e+00
nan	-7.865743241959991527e-01	-2.704307217494941185e+00	-2.098918957591202616e+00
nan	-2.047968864069505290e+00	-8.484393046564108198e-01	-1.093776432775177110e+00
nan	7.513349492781262740e-03	-1.150690642029432498e+00	-1.180712389763596826e-01
nan	2.663982783824325185e-01	1.600489567442023198e+00	-4.521368715005609218e-01
nan	-1.719649975868474900e+00	8.293970789577642666e-02	-8.777493012547588069e-01
nan	-4.367068164591349499e-01	-8.593889224563483475e-01	-1.755148681314221637e+00
nan	-1.122748939409538460e+00	-4.236017963553204702e-01	-4.175371417929120699e-01
nan	2.828376020374980815e-01	5.587505895770270570e-01	1.204687225980674681e+00
nan	-9.207482217480486009e-01	9.472696953394889041e-01	-3.018547852038335755e-01
nan	1.630006568732396133e+00	3.103200959065871567e-01	1.767642084467062058e-01
nan	6.149782026488814779e-01	-1.779514812316508543e+00	-3.816336247122292802e-02
nan	-1.599403730235793963e+00	4.569468373146829410e-01	-1.484865267616840567e-01
nan	-5.977814048089220567e-01	-6.188721181155032447e-02	-1.399627251090110658e+00
nan	-1.073151375147418651e-02	4.926504899171282870e-02	4.830125539489959485e-01
nan	1.566323382577160528e-01	6.887288822851140857e-01	-1.466887243748336012e+00
nan	-5.310246592538943045e-01	3.942833083809231809e-01	-5.888968176909508134e-01
nan	8.667346416667004450e-01	-2.159942727405787799e-01	-1.185972362584092998e+00
nan	-2.997212589599446142e-01	-9.259462717786928199e-01	-1.620151844272473163e+00
nan	-1.107177239644820288e+00	-4.794115372193289981e-01	3.321199926893936283e-02
nan	-1.372065403461807609e+00	-6.836974527465981000e-01	9.979050732196129703e-01
nan	-9.988183462441199145e-01	-1.459167012182075007e+00	1.166032398957532523e+00
nan	-1.254572767710521841e+00	4.953073279810777940e-01	-1.084164118666201437e+00
nan	-1.033058265851982682e+00	-9.666594467692068982e-01	-5.935247933746501392e-03
nan	-1.294031777354749391e+00	-2.113327500591583252e+00	-1.032518147206799242e+00
nan	-7.866232923852221059e-01	-1.720037476360723572e+00	-2.515660119129818906e-01
nan	-1.126927596315154378e+00	-2.186738930370212053e+00	-2.926700664639058647e-01
nan	7.938240535015130828e-01	-6.184904082618111198e-01	-9.802146061197479776e-01
nan	2.467762259639223188e-01	-2.021125079682398518e+00	-1.838105805992212627e+00
nan	-1.988641563809412371e-01	1.334642582058225280e-01	-1.472083631986043084e+00
nan	-1.249782776205375701e+00	1.983207404787095396e-01	-5.871531046291980083e-01
nan	-1.888290299101004877e+00	-7.562039873836898241e-02	-5.951990253606580517e-01
nan	1.708829341224343823e-01	-1.385015301700039281e+00	6.526280633441657875e-01
nan	3.906056867767330743e-01	-4.071478409735668214e-01	-1.473691389105189486e+00
nan	-2.549606289242990487e-01	1.063546451373728718e+00	1.957057595737610178e-03
nan	2.344923636397779343e-01	-6.564612493549266681e-01	5.091808653272433816e-01
nan	-6.675389033446760267e-01	1.443448954120552796e-01	1.433765501450520619e+00
nan	1.510135020747260581e+00	-5.416531228366268380e-02	4.995137208954268382e-01
nan	1.354742393475311335e+00	-8.293535546634259736e-01	-3.084176595971707124e-01
nan	8.960290152826864141e-01	8.194097183582818023e-01	-5.868931194434409138e-01
nan	-1.066671821985681889e-01	1.888076603263080022e+00	1.264374157668028742e+00
nan	6.815182839729636566e-01	1.463589280857465980e+00	1.358308181434632500e+00
nan	1.158519688131556480e+00	4.688592783673998232e-01	9.804541684902695620e-01
nan	1.264856461722041692e+00	9.662717158971751985e-01	1.921929010971438423e+00
nan	7.755460534884516255e-01	3.675301912046687325e-01	2.566470219672023489e-02
nan	1.289904782363800573e+00	4.379880336475430180e-01	-1.096716979565074412e+00
nan	9.211344008999726718e-01	1.687201341625223616e+00	-4.854654865109696016e-01
nan	1.371675843582733201e+00	3.463170378041807718e-01	9.603890734969375842e-01
nan	1.450327127925611137e+00	2.787023032978942716e+00	7.201179693972838969e-01
nan	7.038630078591560091e-01	1.474827500142101844e-01	2.274613375585742947e+00
nan	4.749709492594004767e-01	-8.008818671517232701e-01	-1.842064946950040971e+00
nan	-6.302201379626792832e-01	-2.659640398948728279e-01	-2.752768743752015412e-01
nan	1.286589258922516965e-01	7.004850306661236647e-01	-5.433117515253729213e-01
nan	2.477189302796768411e-01	5.791157821640193770e-01	-8.252694932961451846e-01
nan	-1.473849192293418930e+00	-5.252338910652460946e-01	1.910674320452196762e+00
nan	6.727617544616173451e-01	-3.186394326754560247e-02	1.220606317573574406e+00
nan	9.995366635519821186e-01	3.712742065614105247e-02	-4.028660042355177717e-01
nan	4.430280186962288203e-01	-6.997402401337731170e-01	4.644682397568106746e-01
nan	3.066102282982369198e-01	-1.011451019332859635e+00	-3.524217882557845183e-01
nan	-2.480938794840546802e+00	-8.494816708200514377e-01	1.903388301651768311e-01
nan	-1.234611719882080960e+00	-2.997997086450295168e+00	-9.679575351173319575e-01
nan	-3.371654795719769560e+00	-6.072947785652731412e-01	6.213817332930349213e-01
nan	-2.066215308302576048e+00	-1.971041903696188369e+00	-6.099129045715743214e-01
nan	-2.201107032113463813e+00	-1.445861314807942222e+00	-1.135688064708297862e+00
nan	-1.636393727956688471e+00	-2.206211127542208938e+00	-5.847739592647388518e-01
nan	5.658598715187055372e-01	-1.477949693815066246e+00	-1.299676400351819083e-01
nan	-4.937678143516129325e-01	-1.553956011709361817e+00	-6.935600288419049297e-01
nan	-2.684831777370866313e+00	6.561589077195569830e-01	-1.280205027512250071e+00
nan	-1.890324932597429619e+00	-1.238074056566575987e+00	1.928894695795344283e-01
nan	-1.697291346945379642e+00	-9.524780667414040058e-01	-5.957586115808979343e-01
nan	8.415694162856338645e-01	1.644111687352804996e-01	-6.617082219706025281e-01
nan	-2.791771602274872310e-01	6.562079430616081233e-01	1.261723042229038416e+00
nan	1.823176509887177721e+00	-1.247453074277640184e+00	8.322977868777036159e-01
nan	2.429446419127435641e-01	3.065569946752800812e-01	8.592039831974104258e-01
nan	4.462640956896133937e-01	3.088264406682901253e-01	1.342029317851662462e+00
nan	2.052844052361616267e+00	3.755657750942437145e-01	-1.530342560030953036e+00
nan	3.602094032725421391e-01	-6.547031376378213974e-01	-1.874925054713618255e+00
nan	4.012214946778583924e-01	3.548584065354137840e-01	4.605531766534910476e-01
nan	6.189992726188993100e-01	-9.963743433252074677e-01	7.910050118168296951e-01
nan	9.337172506076060197e-01	-1.046015133877543191e+00	-4.841284144755300667e-01
nan	-1.007981487253635011e+00	1.330564604307635568e+00	2.083688068026056106e-01
nan	4.316933651691660101e-01	-4.615567109775916554e-01	1.421689388369873353e-02
nan	3.582163922653209265e-01	9.243688172652442248e-01	-1.019046072353915200e+00
nan	1.190605036863917610e+00	4.218682557534698674e-01	-4.625141020708237738e-01
nan	3.594151653697280069e-01	7.313199662363401021e-01	-3.796554294738140878e-01
nan	-3.861429502212495590e-01	1.737866404818220856e+00	7.562813300866721988e-01
nan	1.604059897733164153e+00	1.442162702404015340e+00	1.266125477211254680e+00
nan	2.030191826644494490e+00	-6.784838096877241487e-01	7.719508187967728530e-01
nan	1.613282911325852886e-01	9.926401216357956248e-01	1.470868439557661222e+00
nan	3.186617663585571414e+00	-4.440578989915355268e-01	5.845317341724057814e-01
nan	1.342742329604970974e+00	1.461205996237318061e+00	-6.195800451566407796e-01
nan	1.470391278758923503e+00	1.828770953961390999e+00	-9.516235439522369166e-02
nan	6.927680982822976841e-01	1.579967854132058314e-02	-2.523127181844229128e-01
nan	-1.109398588440375866e+00	7.171572891383690140e-02	6.046262887344497905e-01
nan	-4.338314827097041748e-01	-6.655927554721479122e-01	-9.034244080244442365e-01
nan	-2.456495866010399709e-02	1.820307379552787985e-01	2.128114429736384094e-01
nan	-1.469143176445747212e+00	3.427967587080479328e-01	2.598437813940954189e-02
nan	-2.667366141434351690e+00	1.264280772728835656e+00	-9.295456512101547553e-01
nan	-7.605599438724324202e-01	-1.214172336441322386e+00	6.573022359861111497e-01
nan	1.455638745113649213e+00	3.859543670778864399e-02	-7.667250134521603755e-01
nan	1.621261034536443990e+00	-2.561220073023371402e-01	-1.278611153844885218e+00
nan	1.362569645306097366e+00	1.353943761180845806e-01	1.096936322038758460e-01
nan	6.491364717390893935e-01	9.667012625315569707e-01	8.815394228388004905e-01
nan	9.074316508085673583e-01	-1.529985092578393102e+00	-1.293941171278152780e+00
nan	-1.953797074620608587e+00	9.843527318808360516e-01	2.035236078305302510e-01
nan	-1.129412201338243937e+00	3.263572260245149459e-01	-2.717650453560659929e-01
nan	-1.485227456452476558e+00	4.564421616402369319e-01	2.931309925664269955e-01
nan	8.572705717087163446e-01	-1.621684593801477892e+00	-8.728801953995847240e-01
nan	-3.550195462593866425e-01	1.429181235869903810e-01	-1.800517359161476705e+00
nan	1.121790882485310892e+00	-1.130539730321934444e+00	-1.213472655867501970e+00
nan	1.083405232285178599e+00	8.097883488700559074e-01	-1.472791929323766791e+00
nan	2.976455443086782893e-01	2.917226997107948083e+00	-4.613758945144329493e-01
nan	-3.694815068307877315e-01	9.872247134309863892e-01	2.309683503854309539e-01
nan	4.126919212207655341e-02	6.760530152630245260e-02	-3.731381851994163279e-01
nan	3.389227925873584124e-01	-3.579147164939189968e-02	-2.649507965017630085e+00
nan	-1.455691503109755258e+00	-6.105767671085594595e-01	-1.971658292543696067e+00
nan	-9.579921771444261935e-01	1.238250085045715654e-01	-6.745466744155772520e-01
nan	1.309058210074441897e-01	-6.898682721533562212e-01	-1.310548925365720097e+00
nan	8.402829280621516572e-01	-1.416417321779667726e-01	-3.127175149776599272e-01
nan	1.258359749558039808e-01	1.093619256583841182e+00	-3.474905015974582567e-01
nan	9.670767190106808187e-01	1.300541513682237138e+00	1.327196109745557295e-01
nan	-1.398044503737805311e-01	-1.180037770205755621e+00	-9.444926860197750962e-01
nan	4.679763363262289255e-01	5.613473621143024728e-01	-1.789888637316389586e+00
nan	-1.534110065530385647e+00	-5.406317419076608344e-01	-1.060154685489144377e+00
nan	-1.018145945918704776e+00	8.587739075443984182e-01	-5.011486620559699734e-01
nan	-9.449112285885196139e-01	-1.847082082857652019e-01	-1.266816281226194940e+00
nan	-2.828556081083849705e+00	-1.026953056670487641e+00	1.550001476216315233e+00
nan	-1.740862057101470128e+00	-3.558250788565550771e+00	-5.199131421936786790e-01
nan	-8.632896709766003651e-01	-1.839608382914841966e+00	-1.525825658718087841e+00
nan	-1.940726836895799057e+00	4.560384917016434558e-01	-2.302627925434411971e+00
nan	-1.156625144751140422e+00	-7.804358645726097166e-01	-3.307657097967672266e-01
nan	-1.544719789557141842e-01	-1.146915656265934835e+00	7.132290410960702154e-01
nan	-6.987296583004932726e-01	-5.827751601993187425e-01	-7.794304486268026633e-01
nan	-2.381656306635360654e+00	-3.182222957600101543e-01	-4.733314823779826153e-01
nan	2.436546648673341142e-01	-1.175043632537002836e+00	2.524976385568246773e+00
nan	1.977257119359883686e-01	-9.663801022137127883e-02	-4.258514960158921170e-02
nan	4.615194962259538958e-01	9.479052774478291532e-02	-4.469419819046513420e-01
nan	-1.008623522671631134e-01	-4.253909975284911882e-01	-9.257033332427207217e-02
nan	-2.841817110556940751e+00	-1.693774723800097082e+00	-5.313635710155660830e-01
nan	-1.299794235122268882e+00	-1.279217820482092982e+00	-3.873531612276589486e-01
nan	-4.361065015035110459e-01	-2.018281541738929707e+00	-1.095142424866714093e+00
nan	6.794910602185333381e-01	6.699017165827769738e-01	-1.042467459247844008e+00
nan	-8.570497457761516724e-01	-1.994859741984627011e-01	-1.030660834035074247e+00
nan	6.790423348269016834e-01	-2.169455689476381899e+00	2.121963355785189353e+00
nan	1.706817221368931659e+00	-9.182416826376122998e-01	-9.692962549916163129e-01
nan	-1.364594001414781932e+00	4.000557291232662016e-02	-1.030942223843002603e+00
nan	-9.109919649942189723e-01	6.914849444766942854e-01	1.188650240759405063e+00
nan	-1.016708822182009198e-01	2.685823603688732297e-01	-1.718744629058193141e-01
nan	-3.529505134292916790e-01	8.784225211317086002e-01	1.157499720686393729e+00
nan	2.324266621434119551e-01	-8.441997486957678598e-01	1.968318357619530667e+00
nan	1.806053590823704313e+00	3.551502386598290317e-02	-1.588126990488757162e+00
nan	9.947240671134683909e-01	4.808901788980280423e-01	-1.482536263395168863e+00
nan	-3.370639955934557480e-02	5.594359975979202870e-01	1.552770775420478366e-01
nan	2.192663738437065302e+00	-3.658690940650631274e-01	1.907147222181637680e-02
nan	-1.278951576102644871e+00	1.499289583104768564e+00	6.909913255250220709e-01
nan	3.919920324133485123e-01	3.502565472575125405e-02	2.541613697901234925e-02
nan	4.138554132112448602e-01	-6.297952295901968478e-01	-8.274233309005005754e-01
nan	6.783291268100261062e-02	-1.236417851815190483e+00	-6.429382057329460221e-01
nan	7.461404445172388211e-01	1.047436313284976883e+00	2.165190476994138802e-02
nan	1.275179512286106265e+00	4.715088364048708458e-01	-2.021124778450898996e-01
nan	-3.377159470005258179e-01	2.005736107053091022e-01	4.232524478850288596e-01
nan	1.100958521733301998e+00	6.205841261555743449e-01	-1.003358522068791281e+00
nan	7.774112090424294408e-01	3.708328267887358587e-01	-1.703761629268196742e-01
nan	-1.084846917267964672e+00	4.954756779582935589e-01	4.239555762862735888e-02
nan	-6.682227714596882251e-01	4.495049776194456337e-01	1.451737884627815056e-01
nan	3.021334403263336785e-02	1.218755240117361582e+00	-9.035501891203570057e-01
nan	1.587258942678164253e+00	1.054533734169872616e+00	9.496694809360826106e-01
nan	-1.555189842176325499e-01	-4.482295118364589825e-01	8.101307643422335225e-01
nan	2.109278739384456092e+00	1.332027414673435384e-01	-1.718375422496330185e-01
nan	3.818717819520849321e-01	-4.098121144108374247e-01	4.552143916691804293e-01
nan	1.430762140118027714e+00	-1.845564490254551826e+00	-6.810545855478867816e-01
nan	1.081140534853250568e+00	1.034070642574275833e+00	1.314530279886975128e-01
nan	-1.840165775583668673e-01	2.084815011297796339e+00	9.089273946415390437e-01
nan	1.269722843036287685e+00	-3.068958001802237767e-01	1.885219665556290947e+00
nan	7.405089640095394721e-01	-9.956778321533115150e-01	2.346166565987708730e-01
nan	-1.219658072983580199e+00	9.342023031030714797e-02	-2.010454082429775913e-01
nan	-2.637954564095232879e+00	-6.022981902093660356e-02	1.423238050426917922e-01
nan	-5.940852139840177015e-01	4.322014651653219852e-01	-9.861619657383723092e-02
nan	-1.055209945713272646e+00	-2.095043943307280720e+00	1.594960292761756104e+00
nan	-5.270384467415317742e-02	-3.800328807130861630e-01	-1.884211721739280088e-01
nan	-4.020956037621958301e-01	-1.142370577464023595e+00	6.655411035985313584e-01
nan	1.183255999030095929e+00	2.529574024586665804e+00	-1.405259814462175960e+00
nan	1.402820995669723292e+00	1.873047165279653647e+00	3.619502263372595396e-01
nan	5.780398576974996594e-01	1.596583200620570020e+00	1.455912810130344237e+00
nan	6.731859822126911030e-01	2.664842666538181915e-01	1.233331355398646245e+00
nan	5.776465493617587432e-01	1.939197682129703559e-01	2.917541401568713999e-01
nan	6.720269992216538757e-01	-3.735301513233931225e-01	2.277204524564443666e+00
nan	1.919416494448767274e+00	4.702574506718535385e-01	-7.394888086718820475e-01
nan	4.394221095256440335e-01	7.801163467910148253e-01	-9.371903529514719056e-01
nan	-6.635743867617674985e-01	-6.245183323662881758e-01	8.283838873636814037e-01
nan	-3.949933843824090518e-01	-5.532252136905737583e-01	6.969783133344980008e-01
nan	-4.342923434305284158e-01	7.972038575492452761e-01	-1.770672929741619717e+00
nan	-2.472582856270546081e+00	7.935005128450904888e-01	-1.609537547565537796e+00
nan	-6.170321436325829634e-01	-8.796563666848176144e-01	-2.032702357621324063e-01
nan	-2.106783728999101157e+00	-2.449068802871440909e+00	-1.576240539615309633e+00
nan	-8.385254332792393406e-01	-2.055821831671741595e+00	-2.475848573987422085e+00
nan	-2.231728832106271376e+00	-7.310443826379027232e-01	-2.837841236391727584e+00
nan	-2.512962837918210735e+00	-2.056651103574318462e+00	-2.547958136996506529e-01
nan	-2.716663787848795586e+00	-2.856619417525274152e+00	-5.865965002957023167e-01
nan	-3.047616347406117310e+00	-1.896596951793945607e+00	-1.013098067982689310e+00
nan	-5.270460680645017160e-01	-1.432535222887535209e+00	-1.481116313632094617e+00
nan	-9.984087116337104773e-01	-1.863571557879565077e+00	-3.381210936873892958e-01
nan	-1.378686150951581091e+00	-1.314732767622334597e+00	-2.870196666759273540e+00
nan	-2.988278256684339773e+00	-1.148863930955794421e+00	-2.001653564341199676e+00
nan	-5.041508039231366034e-01	-1.668532919380292245e-01	-2.154156776530559370e+00
nan	-1.253501860125812550e+00	-8.671912787001979650e-01	-5.108413155063511457e-01
nan	-3.040392871136587960e-02	-1.018496798983492990e+00	-8.394732102838210475e-01
nan	-1.125999737180150007e-01	1.448992414492669578e+00	-1.541817548975153773e+00
nan	-9.948284574207588715e-01	7.950528332266509901e-01	-6.522131023671322581e-01
nan	-2.461673169955760909e-02	1.016982500299304037e+00	3.363281218134008821e+00
nan	1.016001882396358580e+00	-1.792635239651138024e-01	1.076513206844960546e+00
nan	-1.971152443145965938e-01	-9.180411508822450273e-01	-9.877545578746707022e-01
nan	3.778853907430433923e-01	-1.244324450631709489e+00	-1.692456300375384748e+00
nan	-3.308461965750479350e-01	-1.018689524482579101e+00	-1.425194288840789802e-01
nan	4.932335016879811906e-01	1.584476526225123694e+00	-6.617343665880142112e-01
nan	-5.232462251030638445e-01	2.380574882716375740e+00	-1.702015312734102559e-01
nan	7.981959095218986722e-01	2.197849368865075981e+00	1.920114754625646514e+00
nan	1.666713740638851027e+00	6.304940923620474535e-01	5.498702766871603753e-01
nan	1.246992186221338450e+00	9.812734919273358170e-01	-2.724454900432343174e-01
nan	-1.431155392360891732e+00	-7.122717730201723052e-01	-7.121379778765434265e-01
nan	-1.569692131597543172e-01	-1.431150030970779419e+00	-1.145653213074616650e+00
nan	-2.034296809526094485e+00	5.903475931815060918e-03	-1.560690670482462350e+00
nan	-1.533186085952479294e+00	2.803850463026114515e+00	-1.236786352062964278e+00
nan	-1.879290061164298475e-01	-7.395605069009991706e-02	-1.321531245676669908e+00
nan	-3.237040414581101588e-01	-7.651740546828911249e-01	-4.230719917115371986e-02
nan	4.478290874835467172e-01	-5.388936091686964414e-01	4.689527109307729535e-01
nan	1.069324242573858719e+00	7.457990405363122688e-02	8.409185359840118945e-01
nan	1.033264527108855635e+00	4.755904297980122486e-01	-1.713909040053496202e-01
nan	1.670415869988013835e+00	8.060915681392244458e-02	-3.482751295430061012e-01
nan	2.277920212293946811e+00	2.215159317527452210e+00	1.037637488484007164e+00
nan	1.300191053910326744e+00	2.221639281766747409e+00	-5.436384532689226834e-01
nan	2.634900684976100305e-01	6.070557178904274487e-01	-6.213478839230415218e-01
nan	-2.671594737879086356e-02	-1.376572847435388880e+00	-1.999407550510423404e+00
nan	-1.059981848790930492e+00	-6.469050738818591384e-01	-9.479666662305064051e-02
nan	8.354860662562214602e-01	2.115681591689231311e-01	6.075253281500128666e-02
nan	1.816132778700387584e+00	2.250033001298964996e-01	-1.625145167039026228e+00
nan	-8.532171202009748434e-01	3.986135269012033300e-01	2.451104475228328416e-01
nan	-1.244640400293945737e+00	1.332929831925032671e-01	-1.551626874157919778e+00
nan	-8.369487897735172766e-03	-6.145574406737369655e-02	5.887890388050872614e-01
nan	3.002049036022347850e-01	8.708266703608760206e-01	8.007650083440052136e-01
nan	3.438272306737844564e-01	1.537272846645442392e+00	2.009202863584148346e+00
nan	8.183039089627346385e-01	-8.048075161648614584e-01	2.006504028389601402e+00
nan	1.257641446949575581e+00	2.050895804187085336e-01	-8.427062563033022036e-02
nan	1.976757511486767482e-01	1.570663508124216845e+00	-1.089129942167096798e+00
nan	3.721349816210379746e-01	2.781905828802587521e+00	6.388851540479469904e-01
nan	1.528120236657407816e+00	1.301316167716042749e+00	5.592379149269991467e-01
nan	3.226658929244333729e-01	2.218230734894219847e+00	2.466695105927402487e+00
nan	1.709757873507499415e+00	-8.407612184737769390e-01	5.656035856535140960e-01
nan	-2.861375895085707111e-01	1.660885024901721296e+00	-1.049425786723913401e+00
nan	-1.227279001240581646e+00	-9.273231343694394724e-01	4.959599496817873598e-03
nan	7.248358743591454267e-02	9.719781569527822240e-01	-1.652139560331830737e+00
nan	-7.677685283815549599e-01	1.016227667211079488e+00	-3.242304845576482464e-01
nan	8.343266088172228701e-01	-3.664650782109744043e-01	6.858366500082607731e-02
nan	-2.009853941829754298e+00	1.463564410708654950e+00	5.950695268395238269e-02
nan	1.007322359010739188e+00	5.549795247495812323e-01	-8.230418620144197561e-01
nan	3.653871905662521291e-01	-9.470294346775407490e-01	-3.537329758287188763e-01
nan	2.136485525192187707e-01	-1.158822236664201366e+00	5.760533395826406000e-01
nan	1.757528493890315513e+00	-2.049941412114669070e+00	6.230467695937689232e-01
nan	-1.800649736895357345e+00	-7.453809828199582377e-01	4.031662968013262627e-01
nan	-1.969834524446662516e-01	-8.718698038806177442e-01	8.200779203626074043e-01
nan	1.569633302896569438e+00	-1.200523347875109392e+00	2.985143927855963941e+00
nan	3.515393346214179537e-02	-1.168070757757973199e+00	7.544854674193636201e-01
nan	4.684071670839020651e-01	-8.207041081374195635e-01	1.223053750945549911e+00
nan	-3.153845447040335426e-01	8.726579996789141092e-02	-1.458232739969007874e-01
nan	-7.233824015257597217e-01	-3.273492078342876144e-01	4.267154834644463213e-01
nan	1.081638281341494201e+00	-4.431305852294653569e-02	2.605791889680331708e-01
nan	1.866464607895371275e+00	2.884001957507905112e-01	2.848690375030664412e-02
nan	-1.224279383696773582e+00	1.456667796951850891e+00	3.530588884870363708e-01
nan	3.621561371801766960e-01	9.596728042980356976e-01	1.163526572638230228e+00
nan	4.109965385940184124e-01	-1.200155680791103352e+00	-2.558097486003743093e-01
nan	-3.888893969295303954e-01	-6.655308312818530858e-01	-1.846173718945543385e+00
nan	-6.281436516525422675e-01	-1.211955772694467637e+00	-6.250926651438706294e-01
nan	7.595321091686223491e-01	-3.110589853446962261e-01	1.019999794737985965e+00
nan	-4.588412775482046957e-01	-6.222788723444196979e-01	1.344697002928676000e+00
nan	-1.742411864539680222e-01	-6.337098996459062938e-01	-2.247631045145569217e+00
nan	-2.879670835144884089e-01	-5.170545234076926455e-01	-2.426466129683593653e+00
nan	-3.754388088423662451e-01	-1.518444438906918936e+00	1.228393224415601503e-01
nan	-1.675583474594771194e-01	1.474165204379355831e+00	-4.991670185816359240e-01
nan	3.468258296005142238e-01	-6.990204901708367835e-01	-1.233753961173742031e+00
nan	-1.226304579534277517e+00	-1.056619323764116603e+00	4.959130541499086053e-01
nan	-8.636280132226279438e-01	5.921920573196848281e-03	-1.850266000355731633e+00
nan	-3.180934188929965822e-01	-6.062054551819253678e-01	-1.403956229878583928e+00
nan	-1.179551745991270995e+00	-8.863990294872341469e-01	-1.526354932751581295e+00
nan	3.730240050288604614e-01	9.534090459081963065e-01	-4.642758408346844834e-01
nan	1.789620089517418577e+00	2.245980679602770647e-01	-4.150285181767695564e-01
nan	7.180184437075310955e-01	-1.697535134119588784e-01	7.166432759529792751e-01
nan	4.998246254571720448e-01	1.163531216421983316e+00	1.122365050902882411e+00
nan	-3.148570471508072011e-02	1.188682958099668063e+00	2.285976852122688197e+00
nan	1.736212510202788994e+00	-1.321748020980612615e-01	3.185731446374786557e+00
nan	1.780072424381050844e+00	1.049216217283389652e+00	5.834237195856983860e-02
nan	6.507526289724681057e-01	1.485326799929433950e+00	4.167099497297035438e-01
nan	-3.220642011341248168e-01	-3.650826817463591611e-01	1.921808100519978080e+00
nan	7.618644763552557819e-01	-3.798119715070334412e-01	1.171336299885501253e+00
nan	-8.363317173396687121e-01	-2.382498711798081981e-01	1.980590946381942941e-01
nan	-1.372733122888196267e+00	-5.120030190460783670e-02	1.692236744937537729e+00
nan	1.777598054888862300e-01	-1.247536755825137345e+00	-9.979941109223626761e-01
nan	3.823781325489261640e-02	1.892729665435552433e-01	-6.303663840462583323e-01
nan	-5.377124939208195453e-01	-1.628373394328159973e+00	-1.097656016806589419e+00
nan	-1.221872080605269861e+00	-2.537854062507324482e+00	-1.277605916408802278e+00
nan	-9.776289750352303853e-01	-8.045456695734251040e-01	-1.134011058262930804e+00
nan	-1.490304463988161965e+00	-7.991273785335084590e-01	-1.372288071824765865e+00
nan	-5.718053009285491983e-01	2.180004206152663659e-02	5.620999425252893866e-01
nan	-7.703682870524848347e-01	1.374919192983244276e+00	7.909105186921306929e-01
nan	2.013266081441509758e+00	6.860930546515576767e-01	1.547838713134864763e+00
nan	2.391817835093974942e+00	5.350011245503253354e-01	1.816283916923759900e-01
nan	1.445753176554969155e+00	1.146220240622730646e-01	-9.015467082647267150e-01
nan	5.816783944447240229e-02	-1.278683985738127582e+00	-6.128773630356449953e-01
nan	-1.361407906602635665e+00	-8.181594190405094835e-02	-3.689408431585515791e-01
nan	-1.356019627955710405e+00	-1.403410464266366953e-01	-8.837607576693500000e-02
nan	2.558367060889156774e-01	-1.030280498979295301e+00	-6.734738392878807378e-01
nan	-8.409882781576800692e-01	-3.938179762277836948e-01	-2.139203662861477451e+00
nan	-9.483861112524958337e-01	6.858769481114346256e-02	-6.821335512263210221e-01
nan	-9.571288149162221481e-01	-9.291698404501596009e-01	-1.585160834425059395e+00
nan	-2.126185946905453372e-01	-2.171305791242668537e+00	-7.191085866130919602e-02
nan	-9.100833308113087661e-01	-1.188812896223141902e+00	-9.783392869881314402e-01
nan	-1.468087690659155564e+00	1.079869507916566995e+00	1.001211602768012909e-01
nan	1.971435546671192141e+00	7.390409378476147095e-01	5.713441895228544842e-01
nan	1.588028888246546533e+00	1.030465753444538723e+00	-6.986796785742378502e-01
nan	-5.373452397253244417e-01	-1.045899991976173560e-01	-6.982893763227590589e-02
nan	2.075001501261631187e+00	5.323306772670597375e-01	1.102890654434455442e+00
nan	2.498390336134203027e-01	3.184619191940624150e-01	1.699861169725324750e+00
nan	1.823387596429113966e+00	4.236411214345108256e-01	4.401849431172050187e-01
nan	3.460505360517290296e-01	1.863251947498911543e+00	1.516049574818442713e-01
nan	-5.679062714315470384e-01	1.827442054109149394e+00	9.310651655332595755e-01
nan	3.052121127149295954e-01	4.699221170188083718e-01	8.256746610729291946e-01
nan	1.536484019421268998e+00	1.817366158247480268e+00	-7.044733936707718858e-01
nan	1.195001283802517023e-01	2.259691645134684013e+00	-1.536623266765773099e+00
nan	2.976503146550410150e+00	9.508353623733110105e-01	-1.551661197743513965e+00
nan	1.020477644426790453e-01	1.782188454595603933e+00	6.456540305589837381e-01
nan	-8.123945929563135548e-01	-4.883274229728626903e-01	-8.046725208927076878e-01
nan	-1.503571272673314363e+00	-1.745097071883580098e-01	-7.848737049598535354e-01
nan	-1.609609331802913434e+00	-8.778473471422082453e-01	-1.618835763561057961e+00
nan	-8.872375836551720241e-01	-2.209269177703877318e+00	-2.036441213982801202e+00
nan	-1.412791272675479881e-01	5.777527225555657564e-01	-3.704864873684417859e+00
nan	-2.326635922971621362e+00	4.041913333526216401e-01	-2.513063792938188268e+00
nan	-1.423331953338423883e+00	-1.358287049368887889e+00	-1.669995848636822711e+00
nan	-2.717412283666954309e+00	-1.104960093217223438e+00	-6.822900805903686638e-01
nan	-1.454793866847324146e+00	-1.635242962331632022e+00	-2.788513604346071872e+00
nan	-1.224384133887366222e+00	-6.349620791980923329e-01	-2.072083542888492058e+00
nan	-7.043369197879967292e-01	-2.248115510194762523e-01	-6.550683802016944446e-01
nan	-2.053502906156124741e+00	7.660072654019526306e-01	-7.645508734913543103e-01
nan	3.430115536900050222e-01	-3.757169854393376252e-01	1.539522372508400849e+00
nan	6.631688144227756432e-01	-3.393772515483887142e-01	9.489026922115357809e-01
nan	7.254714335614147469e-01	5.911304462710588181e-01	3.346957112649616151e-01
nan	7.828740181613942362e-01	9.386055782699023187e-01	1.789470152519658797e+00
nan	1.062347332062188121e+00	-9.662858374713180210e-01	1.729036768880059416e+00
nan	6.243453144746513583e-01	-8.695462141798603328e-01	2.594835293053548986e-01
nan	-1.362618778561137445e+00	-2.814556287413600977e-01	-1.034390677006175041e+00
nan	-6.422195978821708673e-01	6.291746094052843574e-01	-3.263162748529753743e-01
nan	-1.401248715755495589e+00	-1.788398147273683847e+00	1.229839880989934464e+00
nan	-7.946796597527471251e-01	-2.405137437409532453e+00	-8.408604776721213536e-01
nan	-1.973115110090821744e+00	-4.233972800180348939e-01	1.017432368531006048e-01
nan	-8.448163940485597934e-02	-1.139308054667047099e+00	-1.928633710154898373e-01
nan	-6.307069615655497286e-01	-5.738937227863908364e-01	1.598252430300719062e+00
nan	-1.962362698713593145e+00	-4.352012809540312110e-01	4.271575472097504100e-01
nan	-3.743645507149603313e-01	-2.363728548165896282e+00	-9.020716529646984894e-01
nan	-1.288938165059524632e+00	-5.301360535641757021e-01	-8.828505170615512654e-01
nan	1.204578554438199278e-01	2.295433581306880466e-01	-3.775524459333819416e-01
nan	-4.427476505197460721e-01	-4.911813839255081415e-01	-2.645925738771574665e+00
nan	5.939426829851186529e-01	-2.556957889379186111e-01	-1.789287050957230729e+00
nan	-9.801039246458709275e-01	-5.877307718705846451e-01	-3.125835249864991616e-01
nan	5.804439828765676213e-01	4.358172902116371206e-01	-2.907866869471260052e-01
nan	1.661536472535491082e+00	-8.357668448323012367e-01	7.059779873718170506e-01
nan	-8.374863467848909782e-01	1.912229646933336191e+00	-1.098905144052213068e+00
nan	-7.173652186361366700e-01	4.816474605456961822e-01	8.337839168614075147e-01
nan	-1.024436567846144674e+00	-1.300934764084987316e+00	-1.847255016005633355e-01
nan	-1.039217000237168564e+00	-8.176021765700745014e-01	-7.429242853072859365e-02
nan	-1.845627554406331416e+00	7.417789447674649761e-01	3.251230625043673439e-01
nan	3.823421157954048910e-01	-6.156510276961957295e-02	-1.048720267698557973e-01
nan	-5.850676903230480619e-01	2.383443875466225437e-01	2.625480465751662829e-01
nan	2.582509954083013204e-01	4.686711868610192178e-01	1.063623237622717488e+00
nan	5.307243317404231053e-01	4.475139706463798772e-01	1.082878278880907708e+00
nan	-2.497730487305447333e-01	1.411693983133788244e-01	-4.087817257656363723e-01
nan	-7.101687488790680014e-01	-5.349434400450808758e-01	2.481419655613549935e+00
nan	-2.028092834003067058e+00	-8.195698319221172978e-01	2.939711391707763966e+00
nan	1.048935467012578476e-01	1.110928264456794157e-01	-4.673259870090307189e-01
nan	-1.189318855774393668e+00	1.448451720526639175e+00	1.088153974295145154e+00
nan	-3.675582862380456506e-01	2.832490822674241793e-01	1.855609341221145847e+00
nan	6.117404342526373551e-01	8.021234677655822987e-01	-4.497453388039462929e-01
nan	4.187692564730016720e-02	-7.617778817635108002e-01	-1.649731856158764554e-01
nan	-3.834550682182008563e-02	-8.501487057070046260e-01	-3.989161606449058151e-01
nan	-1.184001013792761459e+00	4.666415139344348706e-03	-7.163810031956978630e-01
nan	1.535009206726782871e-01	-2.650664806726351630e-01	8.668618810147934450e-01
nan	1.142412451012153607e-02	2.074197299405547423e-02	7.373065660723475412e-02
nan	-4.513929791972939309e-01	3.382541422595631841e-01	2.600556215803174198e-01
nan	-9.722435023105698015e-02	5.965663218659239542e-01	5.525775741118714723e-01
nan	1.683138635308756292e+00	-1.403140167197089339e+00	5.314930530675807674e-01
nan	4.150007553819782258e-01	-6.750897574159386849e-01	-2.494090410516616618e+00
nan	-7.519745131032039565e-01	1.511378621749910334e+00	-1.406905144648108674e+00
