nan	9.828396275441417251e-02	2.844922401593998007e+00	-8.659040753347114761e-01
nan	3.041082761163453954e-02	-1.723489225715027162e+00	6.854452257370132751e-01
nan	-4.944390788145796023e-01	9.381029584557620815e-02	-8.095420764362329935e-01
nan	9.604538324527589488e-01	2.479579433419397683e-01	-1.044168840093789852e+00
nan	-4.695095916865786312e-01	1.884748980262358264e+00	1.475567567999922280e+00
nan	2.130597831840145062e+00	-1.114551471163700569e+00	-2.540973302364735176e-01
nan	3.467010623541814662e-01	-1.074502844861860762e+00	1.346145972927137668e+00
nan	-7.805480703373920415e-01	-3.480699647046806566e-01	6.003567953742294794e-03
nan	-7.102467479847539567e-01	-2.224138426725209561e-01	2.754601983402324983e-01
nan	3.689661522922071946e-01	-1.993881481998062810e+00	1.215533792302535332e+00
nan	4.881276608381478477e-01	-6.168220757241898999e-01	-8.235567468503395272e-01
nan	-6.512483810396842987e-01	1.724615046610775970e-01	1.424437189200970511e-01
nan	1.199066835189658953e+00	2.977465115437554766e-01	-7.368989270901531441e-01
nan	1.906472445691443918e+00	1.328995073432706064e+00	-4.396575897794229304e-01
nan	1.315306378468877213e+00	1.417551741543305432e+00	1.964762266506850708e+00
nan	1.096512438212125407e+00	2.059208178315932614e+00	1.277945585059575118e+00
nan	8.492578913313008071e-01	1.624379337598134132e+00	-3.365970316806992102e-01
nan	2.226015361455505048e-01	1.386503665634126081e+00	1.665816775162179741e+00
nan	8.967602904907781003e-01	8.966690779838739633e-01	1.986280218394745445e+00
nan	1.544993440753733349e+00	1.939484543573580577e+00	1.821302726584662413e+00
nan	1.889781273078027013e+00	1.945427913297048672e+00	1.496964251882020092e+00
nan	1.362045617729379376e+00	3.567158065557227697e-01	1.754989725346461915e+00
nan	8.216054745594986164e-01	1.937601540242162468e+00	1.282047859326965300e+00
nan	3.068220453767575018e-01	3.578325677158898710e+00	1.850293764717210188e+00
nan	2.311184277265148967e+00	1.209519971071194577e+00	1.997376972383232197e+00
nan	2.667526952212381453e+00	-1.934794849972181208e-01	1.267590647180484975e+00
nan	2.229673808486569708e+00	1.245629740913039463e+00	7.253539674852429453e-01
nan	1.824566260697844555e+00	1.621091069857058642e+00	3.290584996671775952e-01
nan	2.838418994067537504e+00	5.357727825603599836e-01	1.964074617435045189e+00
nan	3.085880689991747694e+00	8.676236480692046671e-01	1.625714730995646784e+00
nan	1.484822346033183305e-01	1.794226357314344877e+00	-1.112967141090074108e+00
nan	-9.858211579574959194e-01	2.349291111155844103e+00	1.615286579741845641e+00
nan	9.294285711919070270e-02	9.904459643005858460e-01	3.232655922078273569e+00
nan	1.676639530197322703e+00	1.378515871303492846e+00	2.407146992224302284e+00
nan	1.076867823976980443e+00	9.509444059745154609e-01	1.442858197470015869e+00
nan	2.735129977090073883e+00	8.033344610566692801e-01	1.610355389721481512e+00
nan	1.084515361081218376e+00	7.195229661625712758e-02	6.056909513142673118e-01
nan	4.651971961110756837e-01	2.044590590481470960e-02	4.264655562428809610e-01
nan	-2.198943741915777572e-01	5.633076579857442256e-01	-1.764619215178033773e-01
nan	-2.485453437267232391e-01	-4.436382056204237756e-01	-3.257725813689739680e-01
nan	-8.880974721776990766e-01	7.730981368483113014e-01	-1.681681040057796395e+00
nan	-1.108949042479240976e+00	9.084575687324990545e-01	-1.353298748299698318e+00
nan	5.765507950092993994e-01	1.213236331077280766e-01	-1.504963894884522091e+00
nan	-1.071130795897936583e-01	1.760698112585723507e+00	6.058226694447871319e-02
nan	4.235401473421753771e-01	-5.934559587715499962e-01	1.148530713785077761e+00
nan	1.960404837789061272e+00	-4.095589652761422172e-01	-1.267328634658806130e-01
nan	-1.224654992054445279e-01	1.082740673283626887e+00	-8.124735922254204823e-01
nan	9.606732070234649257e-01	1.061508231802480440e+00	1.793535999681487247e+00
nan	1.335036535219787268e+00	6.508748496801206596e-01	1.340752647942389908e+00
nan	1.500628511694089395e+00	2.098816048693420422e-01	-7.684338196114987030e-01
nan	9.837887452614682005e-01	-1.302545477175353072e-01	-1.182229653711567741e+00
nan	-8.251118337641856204e-01	1.634951594633672567e+00	2.521222240119638247e-01
nan	8.646137760807395822e-02	-3.984598586690645261e-01	8.691091047951990944e-01
nan	1.108092333413033037e+00	3.067508802174496729e-01	4.985476230356579164e-01
nan	-5.730671343336495305e-01	8.291744133897269720e-01	4.985052098522779751e-01
nan	9.187301548520678818e-01	1.826808573184424578e+00	1.853992322233259937e-01
nan	2.580455657545495995e+00	8.188234840902953726e-01	9.687590276944577639e-01
nan	2.443416198109329862e+00	1.454819338853450494e+00	-1.114099716660982731e+00
nan	9.057632438951135345e-02	4.105301600810435936e-01	-8.934924749537886957e-01
nan	-5.458468912702526543e-01	5.590575564475692705e-01	-9.858859945197195884e-03
nan	1.769985408787965731e-01	-6.638347783354173748e-01	2.455231214547263230e-01
nan	-1.749482141722982886e+00	2.021126873023487924e+00	1.926686481313837351e+00
nan	7.935987710746716939e-02	-2.802760089211034922e-01	3.367288943346803398e-01
nan	8.963864049259415712e-01	9.149202358101173882e-01	1.156738309976241386e+00
nan	2.984091721248601115e+00	-2.074170231600212855e+00	9.851904013947569982e-01
nan	1.054489071965877045e+00	6.463119897694835636e-01	-8.089509969893309282e-01
nan	7.826052193009261915e-01	1.150256021391626859e-02	7.361099256634604515e-01
nan	6.413603040778260711e-01	-2.759837297419872604e-01	3.915170070618881892e-01
nan	6.964991015225637794e-01	2.144959758866347710e-01	-7.393698699451320966e-01
nan	5.962549784153884369e-01	-1.274123099863499586e+00	-2.516916371292672872e-01
nan	-7.108968208317382187e-01	-3.108918253127689324e-01	-1.372881907221718656e+00
nan	-1.036475123853286551e+00	-2.399657418620920746e-01	-1.016395321722905809e+00
nan	-8.600637494383955861e-02	4.105989009696497383e-01	-1.128198092198045899e+00
nan	3.830062227389929852e-01	3.249832989766002767e-01	-3.368954585855385431e-02
nan	1.100907159877504871e+00	6.069720778211435963e-01	1.990040865173613227e+00
nan	-3.019435269648487186e-01	8.259438028902064133e-01	-9.882493895189847777e-02
nan	1.622829055958838751e-01	1.089184982489369125e+00	2.367090028827178450e-01
nan	-8.014670951294622370e-01	-2.470413042749690646e-01	9.834552099046169893e-01
nan	7.043603513463831955e-01	-1.215561646151297914e+00	7.439345876572347471e-01
nan	-1.229669813519554733e+00	1.103407399784414489e+00	-1.990264056082799438e-02
nan	-6.066910633460130819e-01	1.400245325571389587e+00	-4.582604785588080820e-01
nan	-5.301353146067203648e-01	6.231899859052107971e-01	3.595292923929181428e-01
nan	3.319211569337557899e-01	-2.296264254334946520e-01	-4.451649595052062924e-01
nan	1.977762221682762167e+00	-1.648838838860643974e-01	1.831755061398007145e-01
nan	1.142313137729558559e+00	9.204927024777538325e-01	6.122661922323057171e-01
nan	1.726449145331074853e+00	1.036954355608909362e+00	7.656247157681234095e-02
nan	4.955104107419538439e-01	-1.675900579124669498e-01	8.010184362459076279e-01
nan	4.644475528663101760e-01	5.315385348510895946e-01	-5.944885560809012315e-01
nan	4.345276383518397734e-01	7.250311392285911927e-01	-3.593643916849807995e-01
nan	5.250441169251001128e-01	8.157126163725417767e-01	-5.367604785246082866e-01
nan	1.413756318268013956e+00	1.057829534579139974e+00	1.074841779004436448e+00
nan	1.153035223134723619e+00	1.345884990391699176e+00	-4.771581141963610051e-01
nan	-5.021842643786205151e-01	7.966853466318031263e-01	1.559808618211316888e+00
nan	2.244007428749288380e+00	-1.069034658703431839e+00	-2.404207461811871394e-01
nan	2.001334885379833839e+00	1.704018990679950774e+00	-9.025536958798279219e-01
nan	1.438731031757696011e+00	3.307763747317959968e-01	6.122446380002966038e-01
nan	6.539432951036104891e-01	8.245831940538534965e-01	4.520251126179360979e-01
nan	6.605232847768306437e-01	3.770541647357115722e-01	2.246282558649130290e-01
nan	7.891976044851669592e-01	5.407381566213983470e-01	1.268322072160239289e+00
nan	-1.018573963629103352e+00	2.475106711035681251e+00	1.725856742065038585e+00
nan	4.928151116401347509e-01	8.726986792989439579e-01	4.486504443278241938e-01
nan	-2.330035435873329952e-01	-3.840779913025649250e-02	1.882557233822689913e+00
nan	7.227066478513277659e-01	-1.051200774944949234e+00	6.533532294049355649e-01
nan	-1.740715767156024718e-01	-9.478285531731704960e-01	-3.158342182701356915e-01
nan	4.893972328316099074e-01	-1.150999994557516892e+00	-1.277207561631501953e+00
nan	1.338948344570199289e+00	3.877577165919909308e-01	-2.450327533475364472e+00
nan	4.368260699060299568e-01	1.036941381771918635e+00	-8.875069414064019613e-01
nan	-6.385289186662870264e-01	-2.851588074642223414e-01	-5.066715579233096456e-01
nan	-1.365340848055081935e+00	-1.451698227517645101e+00	-2.142825133420042938e-01
nan	-2.729224523716359485e+00	-1.444813326457819347e+00	1.132744781329574346e-01
nan	-7.761112546701678383e-01	-2.152157485299695860e+00	-1.273238902310058096e+00
nan	-1.421188941222820024e+00	-1.730143056031997473e-01	-2.414654246913909397e+00
nan	-1.991173606458668033e+00	-1.414664293960583574e+00	-4.617343157340882964e-01
nan	-8.248934387139901236e-01	-1.161010133791996024e+00	1.584380906558963353e+00
nan	-8.564461318544589474e-01	-1.479997546986933976e+00	-1.112371471086762931e+00
nan	3.753633427758713559e-01	-1.820673918617428999e+00	-1.793701099890462558e+00
nan	7.575794720422003303e-01	2.272297822879848717e+00	-7.492167127501769830e-01
nan	2.557431075090261352e+00	1.777905890274024792e+00	9.948309198060956149e-02
nan	1.776865104206273305e-01	6.663464967126837557e-01	3.086345872672475732e-01
nan	-6.258895359127656377e-01	1.774356665947290690e+00	4.010079417233409771e-01
nan	1.056982466405861798e+00	6.759163949142892314e-01	5.373719074356684278e-01
nan	7.685522036599099494e-01	2.446973720290552823e-01	5.504801156981302679e-01
nan	-4.846079990055245368e-01	-7.079351182107023188e-01	1.173027329202474878e+00
nan	-9.880750243488251039e-01	-1.721964326402190215e+00	4.121703066646010827e-01
nan	-1.147896847338378823e+00	-1.270465393867956649e+00	-7.317033409113146147e-01
nan	-2.612999325021046815e+00	-2.422798205008146466e-01	-1.748805833508549901e+00
nan	-8.705023167919632154e-01	-2.326542675280077965e+00	-3.424542413433373511e-02
nan	-7.081426612836361212e-01	-1.681143812105855506e+00	-2.319552889671231188e+00
nan	-2.094348481729269906e+00	-1.844015022708987761e+00	-1.902364796513607015e+00
nan	-1.844024881849084085e+00	-1.146327353543881822e+00	-7.637868618850176539e-01
nan	-8.328698257275151118e-01	-1.067302829930819597e+00	-1.498321563907449860e-01
nan	-4.466780458297883172e-01	-6.115912134230632180e-01	-1.238316276757082779e+00
nan	-6.362157116850092331e-01	-3.263423534388851799e-01	3.012225190598781799e-01
nan	8.480106942751035604e-01	-4.783981864989128585e-01	1.152374822610884725e-01
nan	-1.504734913923968243e-01	-4.465608753360865713e-01	-1.065536241038285148e+00
nan	1.615843346914122014e+00	-2.822270052363291537e-01	-9.771010921952731909e-01
nan	1.279374827595017861e+00	8.968287649764792313e-01	-7.945170809783944632e-01
nan	1.535009126707146399e+00	8.009645321826839304e-01	5.909710574132730487e-01
nan	2.422434389730377280e+00	1.526956649172492408e+00	1.016099334539767529e+00
nan	6.854103008497406391e-01	5.533265530716724445e-01	7.496492934969939403e-01
nan	2.041494592351348558e+00	1.852211119587012789e+00	-4.378379769077471173e-01
nan	1.803543918216941710e+00	2.415409431474204727e+00	1.592680871326239256e+00
nan	2.494514604522029888e+00	2.362293036666680113e+00	2.479132300302400171e+00
nan	2.741258458148002397e+00	8.037154063477141008e-01	2.398248322795124121e+00
nan	2.837443013209283826e+00	3.956796378593195884e-01	6.932201761925509409e-01
nan	4.138721223851496989e-01	-1.494120430233756291e+00	8.032985600043908159e-01
nan	-3.437262359004753520e-01	-1.170208499691427040e+00	-2.633646633008208116e-01
nan	-1.719228882668597969e+00	-1.793246056188431137e+00	1.466228787075148032e+00
nan	-1.289556036677699469e+00	5.066943324120809500e-02	6.513738334969521038e-01
nan	-4.436493345832215329e-02	4.169693596198938979e-01	-3.044589161470033778e-01
nan	-1.389624188592772258e+00	5.105181825093696446e-01	-7.612610113607815032e-01
nan	1.063401998597301779e+00	-1.987950904224438320e+00	1.101309450496906095e+00
nan	-5.445407702133605587e-01	3.940021695108191224e-01	-2.024986237565516767e+00
nan	-6.012140633593785477e-01	-1.172158740252809417e-01	-1.802739830239726171e+00
nan	7.643856935398010144e-01	-6.436989316396662941e-01	-1.484656844455388480e+00
nan	-6.734521822935919388e-01	-3.046080130962425248e-01	8.310868109635266565e-01
nan	1.195793044714672071e+00	3.458723317616396731e-02	4.933029599267007570e-01
nan	8.407364070650376053e-01	-1.551668125447582813e+00	-5.860636298937147437e-01
nan	-2.842788246117420314e+00	-1.282727421517894095e-01	-1.114523119371677362e+00
nan	-2.130902572322350697e-01	-2.306617913192139380e+00	-4.612250811472073941e-02
nan	-1.117051229861581563e+00	-8.205642217250669335e-01	-1.832694867973667652e+00
nan	-5.577799935869456327e-01	-9.466116777697153317e-01	-6.969661325988503187e-01
nan	-3.191840097791440178e-01	-2.212122608261971879e-01	-2.034958486077278028e+00
nan	-1.436291819774688339e+00	8.008461461899170075e-01	-1.415086410641292591e+00
nan	-1.346832440367087491e+00	-1.075010702356308467e+00	6.468856573491804651e-01
nan	6.811347949790664824e-01	6.675780320919877386e-01	-4.615493979121569335e-01
nan	4.423022360234092898e-01	1.918402437597079402e+00	-3.359011763943442475e-01
nan	1.892811289474948477e+00	1.762542599201983418e+00	6.593579999815601944e-01
nan	1.496084854602211633e+00	1.521529891898580900e+00	2.756672841496060067e-01
nan	6.055053404306006692e-01	5.539771822054959660e-01	-1.602166119550862966e+00
nan	-6.772010682216135224e-01	-1.214613502134941347e-01	-2.151169004362832038e-01
nan	1.779100008230521945e-02	7.554027664587815716e-01	4.875730555506432862e-01
nan	-6.523000889887258236e-01	6.766695629551243707e-01	-3.347122078753733687e-01
nan	-2.628630822053728555e-01	-1.313322773049271808e+00	4.641107295241498898e-01
nan	7.180552791379846145e-02	9.119153225588163547e-01	2.386488592252928309e-01
nan	6.214356854124238883e-01	8.690787582765411301e-01	3.843072632247426235e-01
nan	1.333229955478328344e-01	-1.651206423559052894e-01	6.936642612817379705e-01
nan	2.412205353035325128e+00	-1.757799643370885345e-01	-6.298517001375401048e-01
nan	7.042768448709569862e-01	2.163961160009130857e+00	-1.001148421755823748e+00
nan	1.851174643856475122e+00	1.373688947160626839e+00	-2.899965570196939013e-01
nan	1.983070984441689166e+00	1.855354467561087572e+00	1.415560854513149946e+00
nan	1.503873880848110245e+00	3.403224908171845975e+00	1.191660983258423068e+00
nan	2.672312973519438639e+00	1.594775953018223724e-01	2.260339682489783009e+00
nan	1.127336853773084790e+00	-3.943630523913511654e-01	-3.830364220427059374e-01
nan	-7.770878033498301862e-02	2.971896927283322887e-01	-5.962490011026515546e-01
nan	1.290066051537584468e-01	2.631476896139536503e+00	-9.210486685454086775e-01
nan	2.776208611243470070e+00	-3.242584754496479205e-01	-4.777155066899031466e-01
nan	-8.700480329163601256e-01	6.892276057882925633e-01	5.825188859107922612e-01
nan	-1.913581777582864796e-01	-1.173248047288247831e+00	2.564140363553227275e-01
nan	-8.227401922718500238e-01	-2.527005629533625175e-01	-7.840988643487707410e-01
nan	-4.223197986942471838e-01	-3.182676589550446078e-01	-1.209351251363325774e+00
nan	-1.082857502619581691e+00	-1.964496334348939222e+00	2.152962137704004797e-01
nan	-2.021407447242775213e+00	-2.060072259060358846e+00	-9.894380880686630686e-01
nan	-2.671678441380004987e+00	-3.765054752469817467e-01	9.422045859977726812e-01
nan	-5.230023543002640940e-01	-3.373731227744392047e-01	-1.150751680794048493e-01
nan	-7.972378114384905956e-01	7.133945730814097441e-01	8.259677216144812872e-01
nan	5.615821008628897326e-01	3.141881635792871663e-02	5.534842521583052122e-01
nan	-3.897358166316881034e-01	-2.009629537147968048e-01	-3.071213857304656014e-01
nan	-7.303890358129428995e-01	6.837941544945100314e-02	2.399083638389918338e-01
nan	-1.864039463267463503e+00	1.047961182637870969e+00	-1.169679045573776555e-01
nan	1.433187883866712031e+00	-2.722099983938994328e+00	2.358499889760532486e+00
nan	3.219928204775184821e-01	1.061822268683709214e-01	1.037697766809698718e+00
nan	-4.164519061813077849e-01	-8.280429315243723609e-01	-3.328545975931180290e-01
nan	-2.785692915364867961e-01	1.206759743708449295e-01	-6.290045292399832899e-01
nan	-2.008287556576138222e-01	-1.192352355173558864e+00	-1.422823421192767279e+00
nan	-9.110648865938746344e-01	2.130264243217882547e-01	1.484270103865561463e-01
nan	-1.005146316749295110e+00	-6.267240368079950441e-01	-1.237542620837030816e+00
nan	1.078520217256534464e+00	-9.059062675394873310e-01	-3.045683852174588813e-01
nan	4.743053936414982630e-01	-1.388398686572926755e+00	-1.279217083357820917e+00
nan	-3.900222771069687955e-01	1.085535818335519265e+00	1.166429779621337648e+00
nan	1.477088039567639566e+00	2.717490173306531087e+00	1.548904232302306561e+00
nan	1.577982640060851871e+00	2.832249613089765639e-02	2.003449647725145333e+00
nan	2.316599670549925882e-01	2.233827705746554981e-02	2.952046280029066327e+00
nan	7.347742990672234686e-02	-6.922656596803596907e-01	8.398252297235653252e-01
nan	-7.164601017914966341e-02	-5.897325895581007060e-01	7.897188655538432966e-01
nan	8.676237318722722636e-01	-1.025781191599594244e+00	2.159829879066856861e-01
nan	-1.053377930486762537e+00	1.906269718680023928e+00	2.794491098579452437e-01
nan	1.478497767375952510e+00	-3.741290157867163124e-01	3.035078460551886015e-01
nan	1.489817636315333926e+00	1.381668873585487844e+00	-1.633825099766344158e+00
nan	-4.816101859053771306e-01	-1.048948828255690247e+00	1.000806882878021886e+00
nan	-1.054234781797876108e+00	-1.377584620351363087e+00	4.174931024301957727e-01
nan	-1.032472580019636599e+00	-1.482731305678193001e+00	-1.338384267131548233e+00
nan	1.047655974972196979e-01	-2.664957015697031029e+00	-1.200367485633474507e+00
nan	-1.616706827850750594e+00	-6.552606331381173321e-01	1.017451470861987506e-01
nan	-1.721022275292690917e+00	5.608240532450681215e-02	8.279462796110316214e-01
nan	-1.134080669958066778e+00	1.099684643187746502e+00	-2.768507469961140055e-01
nan	1.228910984385101823e+00	-1.718228305916005949e+00	-2.433082259338665287e-01
nan	-8.154108155267121294e-01	9.201888582266167793e-01	-6.404260460146400380e-01
nan	9.631163981397434792e-01	4.818650439202655233e-01	-1.990915477209890483e+00
nan	-6.560544090254254446e-01	2.226649545382310413e-01	-1.590420222905551961e+00
nan	-1.082657566133938598e+00	-1.279629356230679305e+00	3.627115786074202597e-01
nan	1.909088207017090033e-01	-5.070345178568131939e-01	-3.227006280467260013e-01
nan	-2.638369424780678818e-01	2.428921075067379809e-01	-4.879092737798789159e-01
nan	4.075926232712796526e-01	4.932366746500012333e-02	1.261810680249016992e+00
nan	8.372863672131076740e-01	4.963506592535045225e-01	1.717268609657599976e+00
nan	1.214121703807653052e+00	-2.514523443825951721e-01	1.593043595467866114e+00
nan	1.162336783748522784e+00	-8.723890262540341389e-01	1.107408993772044159e+00
nan	2.597878411562732026e+00	1.295347695045488523e+00	-1.333847844391732984e+00
nan	5.347057440588530719e-01	3.380510305778667846e+00	-1.569518223928508593e+00
nan	1.853296567264396844e+00	8.599268411567602133e-01	9.400202242225784710e-01
nan	2.007168944509869490e+00	5.718099453114712238e-01	8.004019326049860439e-01
nan	1.125093562599273067e-01	-2.262263664299676291e-01	1.112466074265873184e+00
nan	-1.613738828493406774e-01	-9.927539975907133663e-01	-6.692055120702935511e-01
nan	7.099564380848673029e-01	-1.374418286731964534e+00	-1.005125011194988760e+00
nan	1.869443831106919696e+00	-1.580810585081520725e-01	-9.864155035929440540e-01
nan	-4.270760247407578980e-01	3.745806195595391408e-02	4.863754611652525428e-01
nan	4.003821689911591930e-01	-1.287024496447359390e+00	4.093298543890109276e-01
nan	-4.004898088037199821e-01	-8.290908552885674077e-01	-7.850947551621597631e-01
nan	4.173667574595927299e-01	-1.309993448136454131e+00	-9.461866499612558989e-01
nan	-1.057032517182411313e+00	-1.186957731694977758e+00	-2.177226540766558638e-01
nan	5.365541381346216054e-01	-3.530355068555681708e-01	1.077261607902996854e+00
nan	9.873785524642241240e-01	1.118393708566159939e+00	8.891820819601446990e-01
nan	2.318365936513314907e+00	1.725279343211002070e+00	2.295243349546768341e-01
nan	2.065088192280168489e+00	2.823100056483007769e-02	-1.555470808062863197e-01
nan	-3.320897025718806406e-01	2.217379322700554489e+00	-2.053572958140759408e-01
nan	5.135598303529459452e-01	1.154496139406483213e+00	-6.508364136236777231e-02
nan	4.609797475246715237e-01	-1.327474937068787719e-01	-1.193429237872657644e+00
nan	8.003107107827178712e-01	1.239747618389883899e+00	-5.203130964108486634e-01
nan	-1.566504455760791004e+00	5.625113730395225886e-01	2.222033047536222661e-01
nan	-1.534864179589853883e+00	9.025237290997192297e-01	2.091767807626242703e+00
nan	1.840770505692820302e-01	-5.013555368829812897e-01	7.424923177297195753e-01
nan	1.022526329532549738e+00	1.190684370100878464e+00	-1.611304237353043289e+00
nan	4.081710573956959243e-01	5.341185554493941279e-01	-7.290545681207976081e-01
nan	7.945074631735067339e-01	1.453458523489219445e+00	7.250731513826588204e-01
nan	-5.708375517805510668e-01	6.780607393322842791e-01	1.457414403438639372e-02
nan	3.043555359307763553e-01	-6.933266452149576820e-01	1.183854416616308830e-01
nan	-9.945720986966030130e-01	8.743428925677387831e-01	1.117807329654306292e+00
nan	-1.409065837214211525e+00	-1.291617638936467527e-01	7.692441116534328716e-01
nan	-7.667697268471551642e-01	5.680563649583708630e-02	1.148008044476746647e+00
nan	1.468227510042757755e+00	1.558743803518993332e+00	6.520634865684974413e-01
nan	1.516474287865503312e+00	2.321536299837585915e+00	2.080609115928394592e-01
nan	1.912102651485831251e+00	2.479975721300142766e-01	1.004457287319163727e+00
nan	3.962117978003532048e-02	1.444897676531382569e+00	-9.408243603477196570e-01
nan	2.815679192095241756e-01	-4.913091109357279884e-01	-1.146386200557090174e+00
nan	-5.640226518288246060e-01	1.238658479290149605e+00	-1.690234223286060322e+00
nan	-5.692638272442533953e-01	1.366771344474435157e+00	-6.590211146048216007e-01
nan	-3.351534006920480757e-01	1.050608198905921054e+00	4.599595744023039501e-01
nan	-2.208537183909500268e-01	-5.551580315348050298e-01	8.762971327127837551e-01
nan	1.394906069895958334e+00	-4.099050342051763218e-01	-3.278156633563354960e-01
nan	4.638518955153202450e-01	1.302111793123089001e+00	-4.535548194229689911e-01
nan	2.391187946632488404e-01	3.039854590557751202e+00	2.915216326001061620e-01
nan	1.231646248574788327e+00	1.041943989189287878e+00	-9.559373844832386169e-02
nan	-7.700976818957581127e-01	-1.221693344054042285e-02	-7.137892752178383038e-01
nan	-6.823443062469319864e-01	1.412049780432475421e+00	5.702309183645701829e-01
nan	9.248445599480729085e-01	-8.420379396428128160e-01	1.564599203634452484e-01
nan	2.167871748557211209e+00	-1.077925437133781195e+00	-6.274016960490220729e-01
nan	1.439329509514622352e+00	-6.938566893232336330e-01	-9.824926524106283310e-01
nan	-6.684052347601638910e-01	-4.606661378839948529e-01	-1.741655943545413976e+00
nan	4.851433914984368823e-01	7.872438309051632555e-01	-1.094352370149098030e+00
nan	-3.193300874690950808e-01	-1.798496436692205602e+00	-6.747784140455381774e-01
nan	6.262201447801429843e-01	-3.182820775005730796e-01	-1.813844802049098703e+00
nan	-7.928094814334507578e-01	1.173820818208755751e-01	1.227844902088632173e+00
nan	-2.483561704679541071e-01	-1.047030100174524581e+00	1.853033513705010904e+00
nan	-7.202098750749491574e-02	-1.407105954478549359e+00	1.516264905774089344e+00
nan	-2.115207735584782256e+00	1.074430366350254795e+00	-4.943135923286990918e-01
nan	-1.333283941914757076e+00	-1.603324466242697310e+00	1.890597061689933411e-01
nan	8.540696739280340122e-02	9.096118374774651016e-01	-1.396611707282353176e+00
nan	-1.576052869367866593e+00	-5.594444071695827692e-01	3.363506097718990118e-01
nan	-2.454157519950758370e+00	-2.058197241693692447e+00	-3.395546117830074428e-01
nan	-5.842769644606123913e-01	-5.147051376818714274e-01	4.007437346398246003e-01
nan	8.582899979253955092e-02	1.490004385490426353e+00	-2.743761366291868065e-01
nan	1.147766034434164473e+00	-1.815560761956917624e+00	-7.912876010165679208e-01
nan	1.569113775369259667e+00	-1.233750546131180847e+00	-1.962444981759869034e+00
nan	5.571020706671077072e-01	6.172965083031908273e-01	-2.054517660902979603e+00
nan	1.246418967559395963e+00	1.175370445210930814e+00	-1.237967889384567144e+00
nan	-2.224718814607148931e-01	2.410559879542420347e+00	9.100551461451222846e-01
nan	7.081831312617092866e-01	4.362694231982794379e-01	1.559376026770710189e-01
nan	3.772853365480794974e-01	2.619828094547206887e-01	-2.079355805006819935e+00
nan	-1.023020484841876243e+00	-1.557198368408515554e+00	2.708313212439930062e-01
nan	3.293721604848032225e-02	-4.333084229081233252e-01	-2.834804988518742630e-01
nan	6.955272154773836646e-02	-3.634457805886618376e-01	-4.193949232328344490e-01
nan	9.243062453131793976e-01	7.481877159145094991e-01	-4.301889817964277829e-01
nan	6.042505085699565459e-01	-3.441631671020414229e-01	8.334297660275832853e-02
nan	-1.234957711874703712e+00	1.680520949863802516e+00	-1.535342029728483881e+00
nan	-1.974359268122438227e+00	1.445844642117543044e+00	-1.110452526466401357e+00
nan	-4.711016149961831379e-01	-1.211943922083546621e+00	2.093372562600877007e+00
nan	-2.510169225547923544e-01	-7.668004401337179532e-01	8.498654246221064579e-01
nan	1.346439826324442590e-01	3.280568077600365950e-01	9.678420822539224311e-01
nan	1.958008562326995217e-01	-1.116497118224607954e+00	-8.316240835850435831e-02
nan	-7.348962960839807712e-01	-1.024328263585425169e+00	-2.013006337207881025e+00
nan	-5.894643278741055203e-01	-1.106255140533288106e+00	-1.026821955158399469e+00
nan	-8.314389921750344747e-01	-6.832263315510870294e-01	-4.881559506701841356e-01
nan	7.691652480213484466e-01	-1.086125206244343167e+00	2.996450640495869622e-01
nan	6.817097296881430291e-01	-2.169723973986432242e+00	6.804210444250810008e-01
nan	-1.688845116989506012e+00	-7.183349797931680714e-01	-1.998353057176358027e-01
nan	-1.455619564207130345e+00	5.273940353193838915e-01	-1.285999772696452048e+00
nan	9.434574200794121346e-02	2.061964026187261267e-01	-5.609679125242245101e-02
nan	6.869136034375498134e-01	1.095968588978410430e-02	2.429205402222815446e-01
nan	4.230580309729811139e-01	8.138478117783335408e-01	1.121060783749378675e+00
nan	7.723226661522186731e-01	7.778592043205353468e-01	1.431273508097364644e+00
nan	2.583084565443870551e-01	-1.677082838823591437e+00	-1.148855472877849948e-01
nan	-1.184364594779630853e+00	4.793716145142873364e-01	2.400977167203592888e-01
nan	-2.981798619996735011e-01	-1.836405903572797760e+00	7.578468690646434913e-01
nan	-9.021858372367840273e-01	-1.001111513181670798e+00	-6.514981400715491588e-03
nan	-1.204901458141576898e+00	1.007220228811203544e+00	3.521505202493308562e-01
nan	1.063174655589732120e+00	-9.568189977084801123e-01	8.551401631517738799e-01
nan	1.055696673515223560e+00	1.674618003338658179e-01	-1.070897908018899614e+00
nan	2.902359237231815214e-01	9.488245129546165613e-01	1.214751927088260519e+00
nan	-4.629263322301968575e-02	9.395192600003673400e-01	-1.927811032752555498e-01
nan	-4.880150492041211985e-01	7.621102196842157728e-01	2.785278892770998160e-02
nan	-8.563977457483538114e-01	4.366067960418412025e-02	-3.425664356245635700e-01
nan	-2.118459991789564789e+00	1.677628896521820012e+00	-7.395981807384037765e-01
nan	3.085840103116760935e-01	1.931019752089206676e-01	8.165475415002131365e-01
nan	1.483143124216302677e+00	-2.147353119436550273e+00	1.390983155513467739e+00
nan	1.580363477082860624e-02	3.213216216640076839e-01	-1.780205534378724419e+00
nan	-6.648213836436032143e-01	8.898696359987616766e-01	1.561542856186680095e-01
nan	-9.731463244281620684e-01	-1.761699914683266255e-01	-4.363679153863410654e-01
nan	-1.189930032981562302e+00	-4.268372146239630682e-01	3.639375001284066435e-01
nan	1.258644188384073548e+00	-5.947914167766442661e-01	-2.026576225672836462e-01
nan	-2.061959020380814689e+00	2.645932714134884733e+00	6.049297707230243404e-01
nan	1.334080057193453239e+00	1.038153467953414621e-01	-9.947522830053727727e-01
nan	1.447345924061301137e+00	-6.998932713150272100e-01	-7.840493264459603706e-01
nan	-8.635108140822118639e-01	7.076225172638198613e-01	-4.288589595108304175e-01
nan	-2.982904754406193737e-01	-4.863660330387640229e-01	1.223185723286451587e+00
nan	1.555946741194902394e+00	-1.021209478409905724e+00	-1.406433519991329817e+00
nan	-5.793759667346833897e-01	1.200992649377654597e+00	-1.791224764180912477e+00
nan	-1.734661770965189254e+00	1.010584086322939168e+00	1.550997365794458460e+00
nan	8.940263454905708063e-01	-1.000364253142795867e-01	6.054066691676750489e-01
nan	1.678245303951294010e-01	-2.179122409706326646e-01	2.911660971477057491e-01
nan	-3.803227652126257574e-01	1.223361663239798253e-01	1.188518166926300523e+00
nan	8.963048611362600671e-01	-1.227312851754714385e-01	-7.224577831429437325e-01
nan	7.520732823182029181e-01	-6.514319972168184369e-01	3.280169414427827945e+00
nan	1.936145556096542153e+00	-1.639699208511359085e+00	1.039722916515513962e+00
nan	5.265162731132346785e-01	-1.711053957725127583e+00	-5.233176355161114346e-01
nan	1.268392405264009204e+00	-1.410680371608288741e+00	-3.279475061511477607e-01
nan	8.540231649659960622e-01	1.991832600536721065e+00	-4.167009708911031396e-01
nan	2.058473602915046996e+00	1.646356651925554804e+00	1.065828588966832413e+00
nan	-7.451440654152405862e-01	-3.105484509260743042e-01	9.340270986593547375e-01
nan	-9.750712497048243943e-01	-4.873046102453504336e-02	3.531909458777781619e-01
nan	1.346727822557466092e-01	-5.636918865268002454e-01	-1.129237501040374791e+00
nan	-1.285189687158988736e+00	-7.928709975837450186e-02	-2.543003480495474866e-01
nan	-9.158184584835361575e-01	-1.551656156724624314e+00	1.488620560932699011e+00
nan	4.552747178946749962e-01	-1.118960931696463934e+00	3.915125138934502647e-01
nan	-4.141935342696569378e-01	-8.959768727785971665e-01	-8.776801287384434769e-01
nan	-2.059351460829879965e+00	-1.629131817108707414e-01	-4.211935244677798007e-01
nan	-1.110184203153029792e+00	7.347160109575614495e-01	-1.682210119450192831e+00
nan	-1.329255915736894167e+00	-1.730148958301386930e+00	-1.339831274235594449e+00
nan	-1.747652320223063160e-01	-1.010408200916291133e+00	-1.160881021321017670e+00
nan	1.637962807848636348e+00	4.554616868816024344e-01	3.979178205814919433e-01
nan	-5.471967920321517687e-01	4.511840090945662407e-01	1.555747510818927148e+00
nan	1.043628949829756403e+00	-3.185460911183915500e-01	2.410124817567667499e+00
nan	1.846070235353785005e-01	-1.146267052407872855e+00	5.191548392353151353e-01
nan	3.034710043381808053e-01	5.273155537704086182e-01	-7.569211425471493726e-01
nan	-1.802660635895215968e+00	1.187777796466513047e+00	-5.920201489184782062e-01
nan	-3.973583739196712150e-02	-5.620931086479104000e-01	3.030980437262245641e-02
nan	1.605609620395125892e-01	-1.681459438793111438e-01	-2.160642900683010570e+00
nan	-1.588361709073414563e+00	1.046612195776875698e+00	2.725880027757175972e-01
nan	-1.678876764933368571e-01	-2.317036076851733406e-01	4.890226617216490435e-01
nan	1.844548097331540903e-01	7.682899727473789797e-01	-9.963457814016631886e-01
nan	-3.290213251908209457e-01	-1.473886974194625443e+00	9.641248848464359367e-02
nan	-1.478482689664572192e+00	-1.239973167513789942e+00	-5.940380680776693456e-01
nan	-1.519674056600802459e+00	-2.720130479101093846e-01	3.566594798574743708e-01
nan	-1.367338791348910121e+00	-1.893397335662392877e-01	4.569211317315626242e-01
nan	-7.654222077528164414e-01	-1.333789310438688647e+00	-1.637982857723785379e-01
nan	8.043596960196147672e-01	-1.588895317775583349e+00	-5.798066291012038409e-03
nan	-9.937625737711056062e-02	1.770555001176347398e-01	4.297271055752831526e-01
nan	4.913822964500522139e-01	8.913433115149040908e-01	8.264122721198723376e-01
nan	1.579701630252271505e+00	-2.763576027666029278e-01	2.959562041954044154e-01
nan	2.732111107758404822e-01	-1.693941292148834155e+00	9.178937692473404519e-01
nan	-2.600464414117957812e-01	7.061549240261827398e-02	1.319537976664618917e+00
nan	1.708887685537185674e-01	-5.930190745519263729e-01	1.063178540177842191e+00
nan	3.127526529763981489e-01	-2.303381204652262593e+00	7.467528264074274613e-01
nan	-1.093723274460107753e+00	-2.352161972595235184e+00	3.502035341452056638e-01
nan	-1.564828511481927364e+00	-1.940362875916791907e+00	-6.901789690934195809e-01
nan	-2.571625585606430509e+00	-3.129391926567039128e+00	-1.199589747149996333e+00
nan	-1.838757025022108360e+00	-7.127750538858103058e-01	-3.375437797112380567e-01
nan	-9.396471401099886211e-01	1.794729975965892788e+00	-2.136771911818566294e-01
nan	-1.471634932731849865e+00	9.869146148361627180e-01	-1.375304467267466135e+00
nan	4.610131161609142270e-01	-5.692760650767410280e-02	4.957289156804428609e-01
nan	3.873421612662014679e-01	1.900077227874597874e+00	9.368322612054817977e-01
nan	8.223290489142996984e-01	1.834096179799762361e-01	1.136382313008756251e+00
nan	1.364547631958220597e+00	-4.850408462205074711e-01	-8.193817849107936091e-01
nan	-6.436051363739333508e-01	-3.183033929288981434e-01	-9.123320280266677962e-01
nan	-1.590864553513630542e+00	5.589786178272360129e-01	5.620723363945118178e-02
nan	-9.395232200770771147e-01	-2.373781656223615144e+00	-1.383317850188237719e+00
nan	-5.158493623971198705e-01	-8.687556564017806515e-02	-6.570095338127961426e-01
nan	9.481878519333304389e-01	2.906358302267184057e-01	-6.916435679640555723e-01
nan	2.923139352443068772e-02	8.806681668766938031e-01	-9.680587521132787421e-01
nan	-1.263604167439828618e+00	6.449409800138834470e-01	8.068318540074174983e-02
nan	-1.146474110118846701e+00	4.670916134173422885e-01	-6.105370217652024145e-01
nan	1.334378873965362589e+00	-1.698173967407947682e+00	1.516445979424384249e-01
nan	-6.915426380544791307e-01	-5.573923807192963098e-01	1.943736598391582748e-01
nan	-8.463774541330422174e-01	-9.782226748805706862e-01	1.427172828561271700e+00
nan	1.910425726794315882e-01	-9.013292564879326063e-01	1.391347673662003848e+00
nan	1.708243558331831391e+00	-1.321439437167214015e+00	-5.572320757876496611e-01
nan	-5.190961707478182197e-01	1.360564960477808061e+00	-4.418334880814032140e-01
nan	-1.873834490162332056e+00	4.408847662138537515e-01	3.795175290234215626e-01
nan	8.917561821446831072e-01	2.233191496334140158e+00	-2.758857721446619782e-01
nan	1.142694986824871473e+00	2.796522642049537488e+00	1.490906403493911903e+00
nan	-2.185090422700082247e-01	2.397407225601487557e+00	3.008154443893727992e-01
nan	1.800253051257625136e+00	2.473436309106512576e-01	1.490130094671059613e+00
nan	-2.591615371809734558e-01	1.328092279115156149e+00	-3.569781503307158932e-01
nan	-6.427894494536307013e-01	2.270272393054335591e+00	3.372298058905828233e-01
nan	5.322294530481807007e-01	-1.274279324996267504e-01	7.030772838343338771e-01
nan	-2.331785373096134095e-01	1.011537734204103645e+00	1.041176272076428599e+00
nan	-4.525523078069817462e-01	1.338275544816581730e+00	9.750943258482505094e-01
nan	1.631404529742849219e+00	3.706875628054235872e-01	-1.312019072118026486e+00
nan	5.263643792674342903e-01	9.060855813245415336e-01	-3.249980190027597082e-01
nan	-5.203992834276882640e-01	2.524801217851391222e-01	8.981405035313497764e-01
nan	-1.331793445114977770e+00	-1.295744625308004716e+00	9.497260139860184136e-01
nan	-2.850156234380070153e-01	-2.574622636866378045e+00	-1.431686340447720363e-01
nan	-4.399905060416826608e-01	-1.838026101799015155e-01	4.803733243472015912e-01
nan	-6.124779349411109131e-01	6.696491141748462939e-01	-1.399970356597564747e+00
nan	-1.233594544742043997e+00	1.787602779473717707e+00	1.555778370328323446e+00
nan	2.060012578374905701e+00	-2.479371716358985678e-01	3.835836452265425356e-01
nan	-2.377158564104139282e-01	6.250471612884860306e-01	7.052762022806805531e-01
nan	2.091223485458808540e-01	-1.774926707629183031e+00	1.260334317571978779e+00
nan	-9.305894185511677241e-01	-1.904550247028953480e+00	-4.072777945421183765e-01
nan	-4.634982364201886140e-01	-8.842559466774180255e-01	-1.648725133139763432e-01
nan	-2.590051752284861508e-01	-1.674597814824585029e+00	1.270266042262763850e+00
nan	4.725627214441647794e-01	-7.062228140577080371e-01	-1.583280820991790794e+00
nan	-5.760242902028640533e-01	1.300870656827878724e+00	-1.388251934230601670e+00
nan	-6.292038839906128889e-01	1.247361224761516452e+00	-1.042277575516042942e+00
nan	-1.050434555619156329e+00	1.247333494824433231e+00	2.939886481002609853e-01
nan	-1.119309475166244683e+00	5.433829164574016657e-01	1.377527027391724168e+00
nan	3.276576052632679259e-01	9.462561144855317075e-01	1.406701332380893010e+00
nan	1.088405324703802801e+00	8.858281752543549770e-01	1.392623022182471360e+00
nan	1.813199130990886365e+00	1.056769446198996487e+00	-6.019545699840589403e-02
nan	1.119677387615787501e+00	1.987268908427288761e+00	2.046112965271194017e+00
nan	5.936108941531860195e-01	3.457784850751836059e-01	6.664384722616976120e-01
nan	1.196960189807718233e+00	1.466538481729136312e-01	-3.741643922733741690e-01
nan	-1.110807609540101826e+00	-3.442880941875423040e-01	-1.267387035245169935e+00
nan	-3.447716267660724032e+00	-1.056203320619029329e+00	-1.194774140611616797e+00
nan	-3.327929268699959309e+00	-1.521910630201705139e+00	2.778550378357267370e-01
nan	-9.398627826394901907e-01	-2.815120026786278373e+00	1.608635560507380990e-01
nan	8.722553240471131453e-02	-1.184555344911857766e+00	-1.993493176002977707e+00
nan	-6.031786162524481743e-01	-1.433403721747022797e+00	-2.226758370848576529e+00
nan	-3.430752441574124845e+00	-2.927891673095569747e+00	-3.606831333791140626e-01
nan	-2.789290583256766709e+00	-2.277407592976573358e+00	-3.166755887759714616e-01
nan	-8.514990993433703137e-01	-1.172291052458333205e+00	-3.361989200262505695e-01
nan	-9.654336775753273869e-01	-1.126987457047636809e-01	-1.949969027135506128e+00
nan	-2.473111994400407632e+00	-1.170570779765171820e-01	-6.571081477960932782e-01
nan	-1.668499292025859226e+00	-7.212882920284298116e-01	4.372733688541663999e-01
nan	-7.970877078813408678e-01	-5.936701467561739110e-01	-2.132936431020998613e-03
nan	-7.162186303303201829e-01	6.828688716432117500e-01	1.005442322773990815e+00
nan	-1.011232785584408767e+00	-1.226721740275414696e+00	5.441590014115815777e-03
nan	-1.115114397838335325e+00	-9.630467169806282701e-01	-7.595408046492774234e-01
nan	2.036277433462463371e-01	-1.998032778527459197e+00	-2.997709149924845384e-01
nan	-5.214405367315291251e-01	3.605216267902476845e-01	9.355926878064092511e-01
nan	1.386776389483145744e+00	-1.452238374507425211e-01	-9.392233668462999230e-01
nan	6.842612984239953011e-01	5.902260348775969501e-01	1.266495623617063027e+00
nan	4.706435153909505620e-01	1.993401405270583737e+00	6.203752937697222247e-01
nan	1.745419782648225393e+00	1.231998925535724210e+00	8.691972635516168610e-01
nan	1.099474375777975910e+00	1.307398425751221005e+00	-1.655850682718198463e+00
nan	8.376429992076769859e-02	3.791779974950870713e-01	2.738645231003654645e-01
nan	8.780184467099449996e-01	2.407096931439353327e+00	2.677031581400080462e+00
nan	2.443334720662094561e+00	9.836795427548575832e-01	2.757310445662844778e+00
nan	1.803373741214972181e+00	2.502921786528088610e+00	4.417176929492769855e-01
nan	1.845257188261631764e+00	1.936672915301425490e+00	-4.808917675075834453e-01
nan	2.685443975125214600e+00	8.288042704260802918e-01	1.314823610566556500e+00
nan	1.943446009381470052e+00	2.704095478513434125e-01	5.339544083093750171e-01
nan	1.265666980605832048e+00	2.397831851171976503e+00	-2.401147434812382908e-01
nan	1.128025196334120572e+00	4.629310878983616817e-01	2.597345689415392123e+00
nan	5.202043442021470065e-01	-1.700025452464027476e+00	8.202831574233397927e-01
nan	1.150733889222969264e+00	-9.153102422352817902e-01	6.986581045948451196e-01
nan	3.925893861554886066e-01	-2.898263835363015239e-01	9.153009789817837527e-01
nan	-3.708318742815956415e-01	1.082870910774216267e+00	4.187316691714969563e-01
nan	-1.579795130396178138e+00	-6.508375520292749572e-01	-4.588697119625027576e-01
nan	-1.698068222225836976e+00	-3.291185236213787779e-01	-9.705373457558801320e-01
nan	-1.614837736158854620e+00	-8.241852114276317920e-01	1.024441101408776755e-01
nan	-1.091425188928652590e+00	-2.126407305249384816e+00	-9.359551396945680057e-01
nan	-2.927746796166852405e-02	-5.868181815764074161e-01	-2.481664835674808334e-01
nan	-1.162574741005383494e+00	4.262569537714874790e-01	7.665029976480914886e-01
nan	-4.915794000058691382e-01	-4.884449104102343009e-01	6.019591325166315787e-01
nan	1.042781569044001877e+00	6.627512467153331421e-01	-6.847423764836888527e-01
nan	6.461377471466522859e-02	5.093072751961785771e-01	-5.285677524764914592e-01
nan	9.706018966235942236e-02	-4.869591025993678102e-01	1.259416961839643634e-01
nan	1.135378600994175535e+00	-6.157462332581905562e-01	-4.058090663052003055e-01
nan	-2.704219222125068711e+00	1.777478811728827601e-02	-6.102723945758583568e-01
nan	-1.269898431295199082e+00	-1.276073759448509870e+00	6.473155411420556948e-01
nan	-7.540432431538205416e-01	-8.597997044142129397e-01	1.222361606389293254e+00
nan	-6.212576125741399169e-01	-2.968722127954986911e-02	2.316661126239065449e-02
nan	1.303975330595963100e-01	-1.131460187177149024e+00	1.549080760752046482e+00
nan	6.870064582357737759e-01	-1.510585233352469636e+00	-4.183426238211546688e-01
nan	1.734079965200415741e-01	-5.475014993223392690e-04	2.639639763966025177e-01
nan	3.935786166624252735e-01	-1.380815837609940200e+00	-6.195229249079009515e-01
nan	-4.180238850769875114e-01	-3.745112928041356981e-01	-1.599363953820482465e+00
nan	1.244475893340366790e+00	2.210491490893064237e-01	1.020241537153293798e+00
nan	1.030937401902003225e+00	5.398511197683617535e-01	9.236089687575378404e-01
nan	1.330700685129938110e+00	1.168805199678935258e+00	5.713821091009483322e-01
nan	9.953180423240353125e-01	1.000900361990804788e+00	-1.346972401054244317e+00
nan	2.132589554289266776e+00	9.993777295170770403e-01	4.696001870539509571e-01
nan	6.200848438468724577e-01	8.555473505424272540e-01	7.207527986601403036e-01
nan	7.214583656108753962e-01	-4.609961625203711777e-01	2.739083605312301328e-01
nan	6.656282888187016189e-01	-1.062934210496522480e+00	2.279344136000838628e+00
nan	1.775530535386617315e+00	-8.427056120339763146e-01	-5.544986258099553478e-01
nan	5.907500152146967221e-01	-2.569790957044529645e+00	-5.709189804108877331e-01
nan	-1.522464712734176384e+00	-1.810645484786833181e+00	-2.557144431725807632e+00
nan	-1.070435457757290543e+00	-4.149979874179269279e-01	-3.445335618771671715e+00
nan	-2.209692196398234110e+00	3.247842962686534607e-01	-5.038665281332159740e-01
nan	-2.525902980130970144e-01	-6.870070640379049021e-01	4.768571854970726775e-01
nan	5.116604656075507407e-01	-9.393148213286088843e-01	8.217630544476889343e-01
nan	2.311187322274907086e+00	-1.083550039995193615e+00	-2.536849713880517942e-01
nan	1.819152045541519436e-01	7.957999775420894206e-01	-3.921434159843337763e-01
nan	1.103173080436062464e-01	-3.831506140895213908e-01	-9.838678812986405287e-02
nan	-1.067375442287732262e-01	1.267483253089723982e+00	1.458603228548689401e-01
nan	8.996677547112351681e-01	1.041741237109758522e+00	7.588143062981174136e-01
nan	-4.741732528542745850e-01	7.227468105964937051e-01	1.213572906903894966e+00
nan	5.447439207185761356e-01	-5.210494012361459593e-01	-2.314173801346791626e-01
nan	-1.903244376808013394e+00	-1.663386332275683943e-01	6.895458365059838890e-01
nan	-1.374584659772772000e+00	-4.841568487584281266e-01	2.673537342036939712e+00
nan	3.755805930743650323e-01	-4.393839050458470119e-02	1.471886819978174721e+00
nan	7.757576112186277406e-01	3.320839573193349881e-01	1.011666797874001489e+00
nan	1.558154338644674342e+00	-5.736758644981414523e-01	1.152131711501527489e+00
nan	6.207950346921586871e-02	-5.796887448180135793e-01	-1.493781868583954064e-01
nan	1.287416508453722352e+00	-1.215715459081814442e+00	-1.543781079971422887e+00
nan	-1.127094693160339278e-01	-9.942591447473024813e-01	-1.583534705689068289e+00
nan	-1.195236244722441832e+00	-1.814202622110448360e+00	-1.706676477850789908e+00
nan	-2.419472463636762605e+00	-8.945058868691913023e-01	-3.302203708717874164e+00
nan	-1.770242395094238752e+00	1.016889905857239373e+00	-1.617865752725522244e+00
nan	-4.699386915458312886e-01	-1.556345086334549377e+00	-7.752418618605817491e-01
nan	-1.957682863174656784e+00	-1.088794696637757964e+00	-3.057360529448728825e-01
nan	-1.674728974543697735e-01	7.285270367929067570e-01	5.163907921490487052e-01
nan	1.306243061404795736e+00	-2.169202831306717150e-01	4.498810927285704087e-01
nan	1.009921684473119030e-01	-2.256553310114026711e-01	4.049286111524236925e-02
nan	-3.522541612854908522e+00	2.076235815040859412e-01	2.008234523925362058e+00
nan	7.575970721152487375e-01	-1.405137872904721252e+00	1.726785727917769186e+00
nan	3.019826894250742244e-01	-2.695837025633746609e-01	1.959906304247892028e-01
nan	-1.748116352036419296e-01	7.788050926014330466e-01	-2.972606276813134496e-01
nan	-8.930793092403992439e-01	-1.630303736419208782e+00	-7.455378901249473111e-01
nan	-1.036858361133188078e+00	-8.381249685236422664e-01	1.147973337497631974e-02
nan	-1.446616618588115966e+00	-1.309337188961404275e+00	-5.356211701517374912e-01
nan	-3.478201493115598453e+00	-3.117396688113154291e-01	6.225685814737547119e-02
nan	-1.835437635926358002e+00	-1.004921618594804222e+00	8.904168605058632169e-01
nan	-1.275496008940064652e-01	-1.564855915560008137e+00	-1.109895606103310783e-01
nan	-1.290441859088915066e+00	-2.459270725401354163e+00	8.636413504379607531e-01
nan	-1.179975346814619686e+00	-1.099095446562581291e-01	-1.439852422607223126e+00
nan	-3.115158411206222500e+00	1.993522685118820137e+00	-8.575187220389293152e-01
nan	4.721000561155438424e-01	5.551618515036162993e-01	1.374652243485436465e+00
nan	-1.193002840882873450e+00	6.931693937998888444e-01	1.815514041065001027e+00
nan	-1.575464295439487628e-01	-2.116761829126908356e+00	6.463366919276417599e-01
nan	-2.857728682685435562e+00	-2.773087837158446867e+00	-1.319112569508678501e+00
nan	-2.461485280724533098e+00	9.414776552031427492e-01	-3.760091823378109765e+00
nan	-1.433221927765409909e+00	-8.352283104464787167e-01	-7.304411237698665849e-01
nan	4.387063711241935282e-01	-2.782348772123954816e-01	-1.203372805223909658e+00
nan	4.907618314038775242e-02	4.314651963365512266e-01	-1.895895077449377464e+00
nan	1.784803027879192872e+00	1.820109159900631157e+00	-1.782835593788527184e+00
nan	-3.613385611737315317e-01	7.676645701422277757e-01	1.219145859086360195e+00
nan	-3.659911202320715873e-01	1.325441309300970039e+00	1.363673640734595738e+00
nan	-3.447993717653654144e+00	1.405393389357324718e+00	2.295834921384803273e+00
nan	-7.012975345094716317e-01	9.882136935798547794e-01	1.070359515975202402e+00
nan	-3.027245313407616600e-01	-7.506413078828957364e-01	-4.682105312687501186e-01
nan	-1.724753791027566208e-01	-2.384894633443306322e-01	1.089018130493022207e+00
nan	-4.334439102995866211e-01	-5.783267513106291613e-01	9.296840517106103041e-01
nan	1.479411244523205424e-02	-1.149430922540869870e+00	1.653897373231819401e+00
nan	8.649736861267171006e-01	-1.061149787141009160e+00	2.144232356341750023e+00
nan	2.489100896681162300e-02	5.931288073200006172e-01	6.171387227154082611e-01
nan	-7.352600507700440824e-02	-2.088181002694897148e-01	-1.755608546570654349e+00
nan	4.539934634603066677e-01	-3.088228099859066100e-01	-1.006948959069901228e+00
nan	-1.537112193573416219e+00	-1.194794126367106468e+00	8.770834325854170999e-01
nan	-6.071661915161707945e-01	-9.079278494453841830e-01	-1.772469144830799204e+00
nan	2.377764759427327679e-01	1.289939865756403403e+00	-8.919865908780385544e-01
nan	3.195277609736843494e-01	9.821583489934785360e-01	5.027977200847659756e-01
nan	1.868020276311922467e-01	9.638840516102881173e-02	2.902255057654859804e+00
nan	-2.328613859576842415e-01	-4.750451351146774970e-01	1.918349707072542598e+00
nan	5.461112912046363066e-01	-1.439176687382976549e+00	-2.859739540536024305e-01
nan	-9.200789529135050548e-02	1.715773823481245408e+00	-1.476887094597632677e+00
nan	-3.060870195038775110e-01	-3.800581487152996374e-01	-1.810522835618778026e-01
nan	4.220654947067576379e-01	3.931698772379639828e-01	-1.777386895986300397e+00
nan	-4.121859672670295516e-01	3.470836893122415945e-01	8.214431775201397334e-02
nan	-1.269040050127717978e-01	5.283965823355070146e-01	-1.626596303141779054e-01
nan	1.268018736393453638e+00	7.092030291441988599e-01	3.199401044201753419e-01
nan	-2.933763540360190269e-02	1.628423427493154829e+00	4.506937936302374270e-02
nan	7.023751188864778561e-01	5.672291590734241939e-01	1.014096328109609368e+00
nan	3.661486123273450244e-01	6.790598697323531052e-01	-5.235844067430822646e-02
nan	1.088930420827535439e+00	-4.488377325967256581e-01	-5.029743636741624835e-01
nan	1.226142507873038134e+00	6.625818670849253911e-02	1.442280789358914683e+00
nan	1.527687276452245779e+00	1.502132264801133932e+00	-2.275527372637736745e-02
nan	-5.775070067910181848e-02	1.225988212941072408e+00	1.135989945943794099e+00
nan	1.440988053977477090e+00	4.161091397813471149e-02	1.748014535783386947e+00
nan	-1.171272412657067274e-01	-7.429402149385581078e-01	-9.208976403288343660e-01
nan	-4.730834814730511262e-02	-2.341256902166458931e-01	-1.105954235619819759e+00
nan	-1.402555716137610653e-01	2.472898404457380961e-01	-1.466636055250845505e+00
nan	2.235251841797589734e-01	-4.745464322057787454e-01	-9.171543006079196925e-01
nan	-8.162548683347514711e-01	-2.931313976727760728e-01	-3.473167319397096886e-01
nan	4.898151684865297284e-01	2.077740514667987259e+00	-1.875165928746051147e+00
nan	-1.091767048068678525e+00	3.091191196555213572e-01	-1.988227582877690969e+00
nan	6.895455483006346364e-01	-4.832031684870526922e-01	-2.422182988268363202e-01
nan	6.236859362107396443e-01	1.160273901287543152e+00	-1.398786975969798174e+00
nan	1.338756133252195779e+00	8.350829774855855758e-02	3.665157916122269155e-01
nan	2.366127919506327171e+00	1.231876253239574392e+00	6.499620402914729755e-01
nan	1.649521932221585274e+00	3.243442194783710875e+00	3.315245682776492009e-01
nan	2.149106076056003012e+00	9.273259475095663174e-01	1.009874534633862675e+00
nan	5.829498219671366277e-01	1.260562677218801664e-01	1.156463117617982705e+00
nan	-6.899290078683035787e-01	3.493620027424103602e-01	-5.994789263264437285e-01
nan	-1.096642412958023671e+00	7.057971498217670003e-01	-6.003657533778881117e-01
nan	-6.698167761880224891e-01	9.090010228653949698e-02	-3.936538876727611186e-02
nan	-2.019597797547756368e+00	-2.167506359446938813e+00	-2.785184483242128528e-01
nan	-1.044649727703210962e+00	4.250624565573524194e-01	4.313274151052357563e-01
nan	1.234000329404208340e+00	-9.001186598485546586e-01	5.182986542539655961e-01
nan	1.954847143474333304e+00	5.665998098163023133e-01	-1.697864817727523734e+00
nan	3.570802550151718435e+00	8.917621400349606819e-02	2.494934731186759791e-02
nan	1.015384357528840598e+00	-9.484874171132551268e-02	-1.162756145889556336e+00
nan	-2.861492962704788923e+00	1.554138869074237927e+00	-7.526886873320217664e-01
nan	-6.885528696528294690e-01	1.229432909273785235e+00	-8.484882868954563007e-02
nan	4.560530532966489137e-02	1.051476998352703918e+00	-2.835110716772434314e-01
nan	1.091058962386634690e+00	-9.862672329491163348e-01	-8.573864676692805054e-02
nan	7.913159209476220424e-01	5.220143075756447093e-01	-8.131472012944261918e-01
nan	-1.282188156499593390e+00	-9.810312617104457455e-01	-1.992925159018841819e-01
nan	6.138264390267433868e-04	7.126310366449668532e-01	-9.722721994936954770e-01
nan	-8.482894074086683167e-01	1.030615138159743926e+00	-5.461472982931731002e-01
nan	-2.940688786454440651e-01	-3.939040984360916431e-01	-3.436422043972234830e-01
nan	3.658895780608129034e-03	-1.382209714652331556e+00	1.161571936749499878e+00
nan	-1.473743116433843536e-01	-1.253182210689676834e+00	-9.418295930472612154e-01
nan	-4.251511698046714915e-01	-1.768948860125391764e+00	-7.168120150465679963e-01
nan	-1.568206675464022037e+00	-1.675346846274960111e+00	3.917858332413823863e-01
nan	5.178577058672577671e-01	-1.391161912871729633e+00	-1.505852956449721392e-02
nan	1.031347001513017947e+00	-1.091458877743759048e+00	6.056465269355929548e-01
nan	-9.163973518698377285e-01	-1.388307864326678187e+00	-1.719978386412061022e+00
nan	-2.452692094366375919e+00	-4.340696943381153194e-01	-9.875353378132200044e-01
nan	-2.150876475319691838e+00	-7.934566453728236768e-01	-6.246662778054365983e-01
nan	-2.126687624958049305e+00	-7.302027238333128611e-01	-1.070288948683945085e-01
nan	1.727310886578867777e-01	-5.975278026932726583e-01	-1.347648313790143826e+00
nan	1.547070098702406638e+00	-1.253275116387184973e-01	4.176441585433821047e-01
nan	-3.475674051680793797e-01	1.233255708598197664e+00	1.576829588161473561e+00
nan	-1.074926262077206207e+00	1.751708496668358261e-01	2.181341734260598741e+00
nan	7.360038776959623164e-01	-1.523914965970713409e+00	1.351097803958477339e+00
nan	-8.605822481032114890e-01	4.918026507523680091e-01	-5.226891523842831511e-01
nan	-9.078162702767229586e-01	-1.167754444113497270e+00	-7.184619214081555683e-01
nan	8.794261816027912904e-01	-2.069487123985017440e+00	1.027134170195405538e+00
nan	-3.556708056832656450e-01	1.374767946861427670e-01	-2.396609024137067445e-01
nan	-8.036053803320037936e-01	-1.344698447336444558e-01	1.129620480633531487e+00
nan	-6.022519650004777292e-01	7.205396288983811903e-01	1.925052902530105081e+00
nan	1.407506722831386448e+00	-7.106973810309188400e-01	6.837957563099905656e-01
nan	-4.831928191410261864e-02	-3.468343784814943431e-01	-1.459348029165858929e+00
nan	-9.519300735282119064e-01	-1.405887312626154517e-01	-5.757579492681322852e-01
nan	-1.571515020218056780e+00	9.761466815754444859e-01	-4.134649535806937948e-01
nan	-2.478405625583338101e-01	4.864298891054462670e-01	-1.470212434928959810e+00
nan	4.156932123272800705e-01	-6.545573237457015248e-01	-6.381781146246597869e-01
nan	-5.222966677718023920e-01	5.623565655627436044e-01	-1.393520402445911799e+00
nan	1.319846589680169657e+00	1.102660749141655794e+00	-8.666245178054206022e-01
nan	-2.653103547226609016e-01	5.616674570377979681e-01	1.195586407880762314e+00
nan	2.050354967267904449e+00	1.273116855245747470e+00	-1.307940236542363355e+00
nan	-4.621317818173307224e-01	3.594686490263239165e-01	2.151152666142136738e+00
nan	5.277554135292171766e-01	-1.961053782837898773e-01	4.734757589477074369e-01
nan	2.270726260278386754e-01	3.960577689225738829e-01	-7.399584750255548959e-01
nan	-7.874830098624674424e-01	-1.314074919453027457e+00	-3.556211493489661035e-01
nan	-1.709136963224640926e+00	-2.290060546129929264e+00	-7.224111813072524590e-01
nan	-1.217892920933465462e+00	-1.714072848325584264e+00	-9.552895072516641717e-01
nan	6.091745843107709835e-01	-1.976662843769364297e+00	-2.828285185090049225e+00
nan	-6.404787206709289249e-01	-3.955141916643403754e-01	-2.312159152802859108e+00
nan	-4.313384212329099965e-01	3.915428973557123493e-01	7.899730664968185323e-01
nan	1.782109711195715152e-01	-6.404271438489952950e-02	1.196720827344226024e+00
nan	2.106059676377433743e+00	-2.372126179269734791e+00	-1.555016345028441105e+00
nan	-1.035522774184001404e+00	-6.583764070685500513e-01	-1.281927115502347725e+00
nan	-2.197526968778962697e+00	8.577288114108716499e-02	-8.255284157965541159e-01
nan	-1.898452535253544404e+00	-6.673143141276981494e-01	-9.722931074919872740e-01
nan	-6.695060027888339871e-01	-1.924349037775000326e+00	1.205348554804957395e+00
nan	7.582219721652888600e-02	-1.567448025573569659e+00	2.846494679765373959e-02
nan	-4.472686103046037975e-01	-1.051005586583550810e+00	-1.245759723577784861e+00
nan	-1.235761725259616917e+00	-1.193274614312714643e+00	1.011598304626826206e-03
nan	-1.033593541974651586e+00	-2.722147461255517431e-01	-4.520320748960585111e-01
nan	-5.746075401272171534e-01	-1.567979743304311890e+00	-2.068771847254446072e+00
nan	-2.418630419467803883e+00	3.133801836787378781e-01	-3.034837048959165839e-01
nan	-1.644718549532467211e+00	-1.994742487271711773e-01	9.657558957906403618e-01
nan	-1.419131666689050775e+00	3.418591103843394707e-01	-2.494727324668335189e-01
nan	-1.511767046168399187e+00	-6.883196443568095901e-01	8.367071990668213388e-01
nan	-1.799528069149070042e-02	1.268923921048686898e-01	-9.795524551334108265e-01
nan	-6.476558034391979302e-01	1.749370636950589253e+00	6.936467414351215055e-01
nan	-1.304096495055868665e+00	-1.547623597039952115e-01	-3.329892735181042562e-01
nan	-8.090088548488629794e-01	1.180820014025724785e+00	4.016430608108924050e-01
nan	5.816156421935982923e-01	2.586092974375535092e-01	1.384003785143604226e+00
nan	1.309889409713330233e+00	4.498044407889992824e-01	1.640953000360489966e-03
nan	2.018803034192791501e-01	2.542277638887995295e-01	-7.897269011123616567e-01
nan	-3.953667390287901040e-01	1.184360764141940137e-01	-1.169634581863562950e+00
nan	-2.120515113844878841e-01	-1.307366718326080646e-01	-6.990800138497990091e-01
nan	-1.103858290441404044e-01	7.741033263637464579e-01	-5.473868443552142304e-01
nan	-4.369734107209864993e-01	1.769152726863155500e+00	2.006110713172942761e-01
nan	1.214453153771224425e+00	1.859941526836859538e+00	-7.108721090796316089e-01
nan	2.464453461585111582e-01	1.344784123137140908e+00	4.951130024543584085e-01
nan	1.958735494380687836e+00	6.586134547704126652e-01	1.212442315246466062e+00
nan	9.994555951180705833e-03	1.785955353397293610e+00	2.704483557243030578e+00
nan	7.094073784079540923e-01	-2.760523463418466106e-01	4.977620551068735466e-01
nan	-1.391640758692513913e-01	-2.357553673163784447e-01	1.668270535565160140e+00
nan	2.088558162681859898e+00	2.241355444022225640e+00	1.293394964159680693e+00
nan	2.163002508004847613e-01	4.031018213185625365e-01	-3.706070975269692980e-02
nan	3.231231105566551021e-01	5.515334165908596376e-01	-1.391253328542275458e+00
nan	1.459938888029200799e+00	-3.994484763847866438e-02	2.856223861795234242e+00
nan	1.375676642170935882e+00	1.223736908959328629e-01	3.912231726909469187e-01
nan	1.638667595962164381e+00	-3.824603632355677574e-02	-1.841352192893530304e-01
nan	1.367354755120802068e+00	9.505628350373703794e-01	-3.788346338381884504e+00
nan	-3.894269042267019532e-01	6.429067798584383597e-01	-2.054422059288427249e+00
nan	-4.921547664546851997e-01	-4.377895401137409936e-01	1.162649915503284559e+00
nan	1.513268073958821125e+00	1.198424001859176080e+00	-3.165693418964059536e-01
nan	7.145157869777765125e-01	2.107138932497321093e-02	-9.506474633747714620e-01
nan	-9.843998407056675504e-01	1.047525535369261851e+00	-1.969794498210354905e-01
nan	1.882665563209761084e-01	1.198869640412784099e+00	-2.911554198731514553e+00
nan	-2.216043463595695484e-01	-6.434285860304425064e-01	-1.772180244131184246e+00
nan	-1.584742439845541861e+00	4.340132388331089941e-01	-1.633478945489205802e+00
nan	1.417999369116780706e+00	-6.632125814973117706e-01	1.291868747283150487e+00
nan	-1.792341490473932097e-01	-4.978982950428847420e-01	1.627132166101138644e+00
nan	1.008083562881012085e+00	-2.236625720098730064e+00	-1.136814748667994923e+00
nan	8.427662900448019689e-01	-5.924598801010148019e-01	-4.023366376938772859e-01
nan	-1.172806521714310490e-01	-4.355239256297707695e-01	2.194639813478170276e-01
nan	-2.141704634462779477e+00	-1.056888571652564224e+00	6.043949987727943451e-01
nan	-1.739453360763027812e+00	-9.705093761548725384e-01	6.669799843547186136e-01
nan	-1.738992295521040621e+00	-2.304044745021362584e+00	-1.267008897818500790e+00
nan	-1.562089971287374812e-01	-1.634556844335306458e-01	-1.935686975907672247e-01
nan	-1.767543699274068958e-01	3.604122580796285946e-02	1.523768916480817470e+00
nan	4.095584756245043145e-01	5.981682908932131060e-01	4.086440965049111806e-01
nan	3.611394238952075342e-01	-4.712930027905848362e-01	7.539273303857847441e-01
nan	-3.775436727214699362e-01	-1.320462075766881904e+00	1.045469341402063046e+00
nan	-5.585495336794283894e-01	-1.485497241442973237e+00	-2.357376544925405160e+00
nan	-4.976269670406074930e-02	-1.960748140907684345e-01	-1.662016614585884788e+00
nan	9.017337917047376639e-01	3.913876605325770086e-01	-2.032173414483591234e-01
nan	2.045057092316495240e+00	1.042037623505388977e+00	3.046671663576981937e-01
nan	-1.211972030647832099e-01	1.350267936089686094e+00	4.218591870949600642e-02
nan	1.999729594417057055e-01	3.836925624294035275e-01	2.369452361158128184e+00
nan	5.411526069266670014e-02	-9.469431543983821697e-01	5.994699743949181148e-01
nan	8.858753404202824866e-01	-1.315229571520867058e+00	-6.452716947939187708e-01
nan	1.725956611178201427e+00	1.627278532490067098e-01	-1.538589746923133106e+00
nan	3.552018036064296114e-01	6.539568206586922061e-01	-1.021085130262672447e+00
nan	-2.888135290676463018e+00	2.368252724456637814e+00	-1.346905876837653393e+00
nan	-1.603014956998547014e+00	-4.528634046590612749e-01	1.627368179848083685e+00
nan	-4.374421649332072004e-01	-2.490572694716537416e-01	-7.922074718430169860e-01
nan	1.017560619181295145e+00	-2.167018010654769178e+00	6.194980617234755460e-01
nan	1.054610409998411880e-01	-7.989213556358132351e-01	2.525251384515601605e-01
nan	1.672625501121662195e+00	-1.331217482703277444e+00	2.397656182204589426e-01
nan	-4.277952198605118883e-01	-4.379457166748043084e-01	-8.850472449272299702e-01
nan	-1.697199805646684379e+00	-1.311352232739441404e-01	-1.672050363718607102e-01
nan	-9.176229109244091742e-01	-3.038004721009653908e-01	-5.736823447589214364e-01
nan	-1.569025595086569247e+00	-8.621961827444394322e-01	-1.005230987156638056e+00
nan	-2.953245057827278419e-01	-4.621898747769881410e-01	-3.214219845636908657e-01
nan	-4.401707146224785872e-01	9.403607676992374875e-01	1.439540206727363270e-01
nan	-1.784062654779181356e+00	1.778472159223684068e+00	-5.230769691829881829e-01
nan	-1.091111048921704352e-01	-1.141263190048576792e+00	5.039324895860473053e-01
nan	4.187973853985518247e-01	-4.064600285996144424e-01	-2.053729969375226172e-01
nan	-6.174447614641912496e-01	4.819282404530906838e-01	-1.452462843973867157e+00
nan	1.171056506796384733e+00	-9.710046674948714651e-01	-2.448363160205730138e-01
nan	1.022551580550995487e+00	9.579828174193112389e-01	3.910697378094112886e-01
nan	1.987440152875949106e+00	1.140260180201485340e+00	-1.130712976622203492e+00
nan	5.864465526548213736e-01	8.422249919334330315e-01	-9.827440239698320701e-01
nan	7.313658147037644941e-01	4.843567809127874435e-01	5.267700493554783314e-02
nan	-8.109936603967290436e-01	1.655833239794850531e+00	-1.792911146772455444e+00
nan	6.643401362451121228e-01	1.470483423261329525e-01	3.664873274383180224e-01
nan	7.779808504697703908e-01	5.980214685973287425e-01	-8.779610832576420498e-02
nan	4.976473762359939768e-01	7.311672355509818422e-01	1.093782407706532123e+00
nan	1.791587452825368576e+00	-1.282770808118652628e+00	1.090747586009397363e+00
nan	-1.767860267782307981e-01	1.270220790378601583e+00	5.249095305515670828e-01
nan	-7.518468954904046209e-01	-1.190104715350705500e-01	1.265363058311500755e+00
nan	-5.836717077618295280e-01	-2.908624072503474545e-01	1.109395664029914075e+00
nan	1.165368348293650103e+00	-5.974802282855424806e-01	-4.745587843097001657e-02
nan	-9.803637583213126172e-01	4.520685113450236825e-01	-4.512653143871636630e-01
nan	1.934519801047628329e-01	3.900002781481763381e-01	-4.430977167872908185e-01
nan	-7.000407731252886734e-01	-1.397177099876393269e+00	-5.571159500651458041e-01
nan	-1.727736157850271015e+00	1.107984833961691340e+00	-9.595888475840927967e-01
nan	1.595158116331801823e-01	-3.453843623151285902e-01	9.763538405047919588e-02
nan	-1.556174243956435221e+00	-1.213118769125945295e+00	-2.863823678920372484e-01
nan	-2.503266091049660247e+00	-1.582019329285049292e+00	-8.714216358357410597e-01
nan	-1.516980504735830237e+00	5.335523727024737983e-01	-7.896027494437228844e-01
nan	-2.012309259686796192e+00	4.041994384754108438e-01	7.819418295254899620e-01
nan	-5.733057766012690237e-01	2.112942130483699832e-01	9.865337041327530976e-01
nan	9.506931120519803713e-01	-1.999074233489476438e+00	1.121509598920680695e+00
nan	1.242060487293235482e+00	6.227481968893251452e-01	-2.514168868930929945e-01
nan	1.110519326456878231e+00	-8.237361330077214161e-01	1.491498426961615165e+00
nan	-1.117010263893183808e+00	-3.152120837987903990e-01	-5.648900995369473543e-01
nan	-3.630660083460821586e-01	1.624097221702327065e+00	1.877841731498117728e+00
nan	1.539913881282128028e+00	1.370315215822895505e+00	1.514583302950892829e+00
nan	1.370555391308719395e+00	-2.183106863908609308e-01	1.113817093991268603e+00
nan	-4.122863349170704517e-01	1.170105015632220802e+00	-1.987112334903710642e-01
nan	-5.970492300450518375e-01	1.805206505991509891e+00	1.259341494046968934e+00
nan	3.412524474479208814e-01	-7.257977045953530881e-01	4.135849766974634134e-01
nan	6.691849677798011875e-01	7.554059778673296588e-01	1.523578067221769805e+00
nan	1.087582856242174323e+00	4.351063976304398451e-01	1.428352498129489057e+00
nan	1.610694803849305634e+00	2.069588079006080272e-01	-5.566252168988569116e-01
nan	3.378667552851788991e-01	4.258353052664447524e-01	-8.261223869677372655e-02
nan	5.366613937487978436e-01	2.153016909317281069e+00	1.051008952726394108e-02
nan	3.608240320290668768e-01	1.195557993585219414e+00	9.349718201373117266e-01
nan	1.482353372716108897e+00	1.604640268149552851e+00	5.468435675623861680e-01
nan	2.923243400165448369e-01	3.903868688094926931e-01	1.137000790261801120e+00
nan	-5.360631622836298238e-01	-2.675389989501172350e-01	1.264174458281462465e+00
nan	-4.016659564358454615e-02	1.137258883059724113e+00	-1.040717689405862734e+00
nan	6.442985967323955343e-01	-5.877333459490519108e-01	-2.308336948252857290e+00
nan	8.185812658950066822e-01	-9.773803835259685657e-01	-7.841350255000669733e-01
nan	7.159952542281220467e-01	8.108251211575586703e-01	4.255447116251525053e-01
nan	1.836381809967361445e+00	-6.604370215236438080e-02	7.701188514403660701e-01
nan	4.673034462163918601e-01	6.153823443857509012e-01	1.209735895897942282e+00
nan	1.310304708158349207e+00	1.318753180052566254e+00	2.449153324038038093e-01
nan	-3.562828387595002866e-01	5.134516478881439028e-01	-1.606481343965987518e-02
nan	-2.662293716909568397e-01	1.252400393297349868e-01	-5.173515108894285452e-01
nan	-4.030589112543018215e-01	8.645667756813322224e-01	-7.784420378869163493e-01
nan	6.622550646473348568e-01	-8.639443922045146884e-01	-1.561104504012281957e+00
nan	6.826114418998501243e-01	1.633818538950102095e+00	2.041981190134045665e-02
nan	6.321522207378114100e-01	1.248801558482906859e+00	1.587163675336156876e+00
nan	8.469151544994755199e-01	-1.034906269625982089e+00	2.777512790812322496e+00
nan	1.647765343491873979e+00	-1.528463080310593358e-01	-7.449373586805049241e-01
nan	1.796710426524060766e+00	1.637679531450334292e+00	-6.997979910954010840e-01
nan	-1.469787023135428194e+00	1.149168246453147191e+00	2.268576278088636045e+00
nan	4.931989432349690450e-01	-3.358448722734846958e-01	-9.996990364946714003e-01
nan	9.878870751391499727e-01	6.306505033292344464e-01	-2.023316750683312737e+00
nan	-6.987140598284522497e-01	-1.265409995611154637e+00	-1.547376260658717140e+00
nan	-1.197866088977308952e+00	-1.392374212810609357e+00	-8.832882532009422860e-02
nan	-4.225033881233718480e-01	-2.026017884196948504e+00	-1.767372155109480092e-01
nan	-1.040374635949198545e+00	-3.673734690563243532e+00	-5.113584244523716738e-01
nan	-2.990992709925868187e-01	-1.991604487158717074e+00	-1.411400798346775787e-01
nan	-5.728720379935414719e-01	-1.056655451909579213e+00	-1.046088500420607303e+00
nan	-6.910348754278078376e-01	-1.016640960466376198e-01	-9.276648343471243230e-01
nan	1.089265628694551236e-01	1.270064109118674178e+00	-4.784334639684866275e-01
nan	-3.549358516852302303e-02	1.782696678137523971e+00	-3.815635512120211237e-01
nan	-3.801561518212668300e-01	-8.940862176740183020e-01	1.156685893474791893e+00
nan	6.411294294380560643e-01	6.181417724326687679e-01	9.336032724515006542e-01
nan	1.077442462080520080e+00	-2.074794911901548300e+00	6.942349111346047819e-01
nan	-1.295850785268376049e+00	-2.519609890418417208e-02	-3.031590905657385870e-01
nan	-3.995729348178777007e-01	-2.799997759267334740e-01	1.261375825897502190e-01
nan	-3.339183599237565137e-01	-5.210346570802505406e-01	1.316990539148685579e+00
nan	-2.276487774579061540e-01	-1.099288673452344378e-01	3.003323202194536634e-01
nan	6.205123896069602019e-01	-2.838939718821018032e-01	-3.002867070148228512e-01
nan	-3.257848771544132327e-01	-1.019042545453419546e+00	-1.293274083555543408e+00
nan	1.742759386033617464e+00	7.095488813269763551e-01	-4.691166030361844097e-01
nan	5.888109923100639520e-01	1.337378504566559823e-01	-9.656998333337392104e-01
nan	-5.201698753720445101e-01	-1.710234301949754288e-01	1.614868264957679989e+00
nan	1.176236804018183202e+00	-3.551622445556844587e-01	4.958060995260095138e-01
nan	-9.634698143915162438e-01	2.741129383621474513e+00	-7.228438306977470473e-01
nan	-1.189511083678002734e+00	8.604721953538985169e-01	1.954529741216192718e-01
nan	-5.310049989932892345e-01	-1.093970706099654855e+00	6.385362114289867552e-01
nan	-4.286259508286258679e-01	5.619235368982056222e-02	-6.307402549823881710e-01
nan	1.291289521919180672e+00	-8.611745088047333407e-01	4.391325509315174846e-03
nan	7.779085888551420247e-01	4.746559663976532839e-01	1.763804512039899297e+00
nan	1.171104763552851757e+00	8.180422887201226345e-01	1.150573957788133539e+00
nan	3.461522967526737382e+00	1.903465919307371745e+00	9.775475247251517175e-01
nan	2.416365179558273013e+00	1.115125948364086739e+00	1.105849682493939223e+00
nan	3.345698115172275333e-01	-1.440869906619950402e-01	-8.962656865726696953e-01
nan	-6.496415198882754538e-02	1.122345990038591257e+00	-1.095023157249136458e+00
nan	1.920885893453339710e+00	1.716900000303370089e+00	-4.754174747708953541e-01
nan	-1.465972390551227633e+00	1.826135089659658428e+00	-6.547201846651206081e-01
nan	-1.424631081504692087e+00	-6.753048583604693844e-01	-1.469918358463240260e+00
nan	-2.111920960991669372e+00	1.201164833904854623e+00	-1.799977968326787803e+00
nan	-1.557843151394315395e+00	-1.588067399671513780e+00	1.226972284008732983e-01
nan	-1.120295828857026388e+00	-2.113447733538110107e+00	-1.140672233746695241e+00
nan	-7.665365076054648785e-01	-8.538269704204856092e-01	1.918807271070075426e-01
nan	-7.448608176667836922e-01	3.192345063699693064e-01	1.312859694112566977e+00
nan	-1.306057793525540633e+00	7.095650230986130236e-01	-4.093803371987077555e-01
nan	-2.687968264420447895e+00	1.157103406796513578e+00	1.134746816216739340e+00
nan	-1.045492808391229822e+00	6.837620411013111132e-01	1.500987039784192900e-01
nan	1.003225587498876470e+00	7.142232796753466006e-01	1.320962439695953172e+00
nan	9.160526031584572682e-01	1.040863403207762161e+00	1.515472423373089406e+00
nan	1.857356966407312848e+00	-8.348541782625978902e-01	-2.509627954036662834e-01
nan	6.421265166454057649e-01	4.066477947341675669e-01	-1.768980706538549330e-01
nan	-5.713012496089087122e-02	-3.736934377280038966e-01	-4.021141880476845065e-01
nan	1.216650596923504468e-01	6.299485209282579268e-02	-9.837245873041526867e-01
nan	-1.133893979484189130e+00	-9.012230620090376787e-01	-4.325433430619815556e-02
nan	-8.502519214429710148e-01	-6.960957395179868668e-01	-9.436463258702830759e-01
nan	-1.535844983404875963e-01	-1.889397416520174788e+00	-4.039949170394722122e-01
nan	-2.823600911190656260e-01	-1.817997716824359955e+00	-1.415606548030750034e+00
nan	-1.500407850107990493e+00	-5.542611147099463231e-01	-1.125044484509982290e+00
nan	-1.754245588437256975e+00	-4.962112260030293598e-03	5.815680173341458703e-01
nan	1.486590528460178140e+00	-2.223741461479220582e+00	7.291785536317971772e-01
nan	6.387815802552123667e-01	3.784120362967999807e-01	-3.782022479248445812e-01
nan	-7.441231864130959384e-01	-2.968268078574377578e-01	-1.182173926053542851e-01
nan	-4.338454769786942999e-01	-1.961822493204862683e+00	-8.472549784895205827e-01
nan	-1.880444691973202076e+00	-7.977368352888651870e-01	6.990698405132012017e-02
nan	-8.008262527852673118e-01	9.885120577781995044e-01	5.606400956371692113e-01
nan	6.933213635129149566e-01	1.124667105327639582e+00	1.219498705136713435e+00
nan	6.828569622597228106e-01	3.834144440416498156e-02	6.909876554393713510e-01
nan	4.230105180132291975e-01	3.802106446826576391e-01	1.107136280821962693e+00
nan	-9.308577753340574468e-02	-1.283198071399262119e+00	1.631189373929361253e+00
nan	-3.527817411767325551e-01	-1.900371871777810195e+00	1.380850483040552357e+00
nan	-9.715904581369907422e-01	-2.391219662795994516e+00	2.196238279285277262e+00
nan	5.506173278357924250e-01	-2.012141410632416694e+00	-4.173246155182981920e-01
nan	-1.169097203814637664e+00	-9.597187845716286247e-01	-2.052515574438892543e+00
nan	-8.665479968399456556e-01	4.120561061281802218e-01	-1.065282777267724246e+00
nan	-4.309959656187490329e-01	-1.594255977050166972e+00	1.613720112492197378e-01
nan	-5.109806161351333476e-01	-1.010365504555770233e-01	4.309299395597903648e-01
nan	-1.087213161818865181e-01	-2.971989062219624333e-01	6.663186487097064736e-01
nan	1.018462414083406292e-01	2.699139970288798596e-01	3.261477948404734040e-01
nan	2.010566341123976031e+00	-9.706860898548224093e-01	1.144410902190459295e-01
nan	-1.808827891603258742e+00	-7.282657081999127646e-01	-1.049362579123449546e-01
nan	-2.669514495540389554e+00	1.315847421259589423e-01	8.233682894050423640e-01
nan	1.615322730641270077e+00	-6.714677391792324146e-01	1.367861776526465567e-01
nan	1.376025765252830046e+00	-6.979999509911780642e-01	-1.279608840682891824e+00
nan	5.950185392658460248e-01	4.875028626964010847e-01	2.862477845461331993e-01
nan	-1.971258796403570823e+00	2.402345036186460003e+00	-7.063234698492646402e-01
nan	5.830889485125888561e-01	-8.034610248922371412e-01	-6.237615229181042720e-01
nan	4.009342656129314397e-01	-3.566858416432956425e-01	6.899542770299886829e-01
nan	1.074616974305160760e-01	-9.639725020111126197e-01	1.734051425429370852e+00
nan	-3.877089650626424078e-01	-1.496352563435714433e+00	9.051212865517197503e-01
nan	2.436266140846479744e-01	-1.413971751693399614e+00	4.367834215724359925e-01
nan	1.817294721280432457e-02	-1.152848898461518612e+00	-1.410582071645443580e+00
nan	-1.587795207191597502e+00	2.872225615311960190e-01	-2.544021088051433566e+00
nan	1.006235211023273068e+00	-5.434056441963482920e-01	9.538194836386625353e-01
nan	1.011712199795707257e+00	-7.850449349269555954e-01	1.504435525360354520e+00
nan	5.202012170623038223e-01	1.998958218363165118e+00	7.721888956705273976e-01
nan	-1.316805227126484068e-01	9.322055918949467834e-01	9.779185346245634625e-01
nan	1.349960076925481811e+00	-1.548243792348443115e+00	1.770772937063847530e-01
nan	-6.915184749004739118e-01	-2.167141352239100538e+00	1.793040003413645778e+00
nan	6.196564393692474138e-01	-2.142224218382646761e+00	3.089972495267639396e-01
nan	-1.024035276834960762e+00	-7.101100331880541017e-01	-5.313325530705588218e-01
nan	-1.406857843642564942e+00	-1.603615589014027343e+00	-7.980916325097248132e-01
nan	-1.350319669874480821e+00	-7.340549910366529485e-01	-1.362499704648297616e+00
nan	-1.982312606758371398e+00	3.192647725602293374e-02	-6.631769326117156194e-01
nan	-9.707924403539649472e-01	-1.935942324573461937e-01	-2.301014150209176046e-01
nan	-3.607892061560283303e-01	-2.501066037735154346e+00	4.866428846211833248e-01
nan	-1.323854365295439317e-01	-1.700502702403635436e+00	8.960471125251386892e-01
nan	-6.771772588448671248e-01	-7.438535667664009088e-02	3.359672603572967375e-01
nan	-2.189619489821985621e-01	-5.625696000886424297e-01	-1.320331249958470954e+00
nan	-1.224654905825338647e+00	-2.885772389347373568e-01	-7.170111014795469417e-01
nan	-1.915508254577515945e+00	4.678916214101740412e-01	2.795619378562404500e-01
nan	-1.438450619223166527e+00	4.629494213782521239e-01	3.400802429324989440e-02
nan	-2.032562161423858704e+00	-2.477131627652421120e+00	-1.957401796300724195e+00
nan	-2.592228216383695827e+00	-1.146021962147009354e+00	4.342145170841693602e-01
nan	-1.236972993881286786e-01	-3.776654192599160353e-01	-1.385290750044420260e+00
nan	-2.415713672541478729e+00	-8.259516537918600854e-01	-1.075589120241161378e+00
nan	-2.379480954145829052e+00	-6.821571534889592225e-02	-2.013811276416739737e+00
nan	-7.599295286954098616e-01	-8.926836825889967741e-01	-1.942014284798126766e+00
nan	4.661029471516211498e-01	5.212693362719911239e-02	-1.176369349012692078e+00
nan	-2.003152169537116389e+00	1.538937199436877679e+00	-2.862368551395905181e-02
nan	-5.957222848076338950e-01	-8.610261356053943160e-01	1.908873082917882158e+00
nan	8.069419050054448261e-01	-8.321857392353954053e-01	3.168762093111722744e-01
nan	7.432283496166032233e-01	-1.231700345137493713e+00	1.738093649767309401e+00
nan	3.584983275451790741e-01	-6.835528793508033329e-01	1.393383476380623542e-01
nan	-1.423531063232107874e+00	-5.978832008572901868e-01	-9.016147635493789725e-01
nan	-1.071406393529812373e+00	7.687665607571748660e-01	1.882046381085494824e-02
nan	2.835629478601652820e-01	-3.914528732181924431e-01	-7.020933240267446251e-01
nan	3.372781534103636014e-01	-8.657864988547860907e-01	9.897287091906333822e-01
nan	5.264948471685776399e-02	-6.898328123064068063e-03	6.854503718137241464e-01
nan	2.103629724235445586e+00	5.941255240691754036e-01	5.984600522246970034e-01
nan	2.323360950916723677e+00	2.110356550855674307e-03	-2.312716285650581183e-01
nan	2.771574311430168303e-01	1.868051865735932626e+00	5.398784328038983560e-01
nan	7.105010657928457762e-01	1.008131629084708880e+00	1.250237742988418166e+00
nan	-1.446184812500812766e+00	-7.512971064934372833e-01	2.411772930715947449e+00
nan	-1.441010865858294965e+00	-2.644998941546391258e+00	-1.574852227754014677e+00
nan	-1.885239026005095297e+00	4.573866032300006879e-01	-1.225533163356875788e+00
nan	-4.752610129912791526e-01	1.054816418503323749e-01	-9.053193715223729621e-01
nan	3.628746290503913063e-01	1.187704499149564163e-01	4.491375864215815805e-02
nan	-5.046179574580226257e-01	-5.815743360054745348e-02	-3.845712738199802971e-01
nan	-1.112038025374030958e+00	-7.171302977982682014e-01	1.247691081009419500e+00
nan	-1.652970660016962245e+00	4.593426942081596520e-01	5.743900420194619771e-01
nan	1.063767546106242134e+00	-9.809330839560348458e-01	1.395559209928484423e-01
nan	2.318013822659655276e-01	7.841742404238606357e-01	9.517242906942674496e-01
nan	2.212601506788737904e+00	3.710053232576571158e-02	1.615800754726186339e+00
nan	1.896117594227668679e+00	1.564049937264983647e+00	6.197310406876115341e-01
nan	1.198540873032444054e+00	1.663795435680700763e+00	6.757592380850444558e-01
nan	1.464975278347138588e+00	1.064880373781831535e+00	1.259460056677250916e+00
nan	2.344976749295609064e+00	7.310110038161099499e-02	1.575439164560109129e+00
nan	1.340313341493887922e+00	1.441491137928529342e+00	5.463066388791240069e-01
nan	1.472280593638300994e+00	9.606790005861398640e-02	-5.751302460275974360e-01
nan	5.829088845493304305e-01	6.738707919607733743e-01	-1.825724863071114923e+00
nan	2.265885843595379256e+00	6.652702454975617519e-01	-9.956578440365349003e-01
nan	2.372125823048357951e+00	2.596078630847898916e-01	-3.908851200613498444e-01
nan	-7.906243888556457877e-01	4.169206065227506475e-01	7.770333342253900044e-01
nan	6.368748404370381255e-01	-1.116919009202247820e-01	-1.087025913394824794e+00
nan	-6.239856448192371285e-01	1.291093318664283451e+00	5.275371732480556020e-01
nan	1.417639077412290227e+00	5.250422069904045475e-02	1.633936756879385221e+00
nan	1.456360966629316245e+00	2.152505804802770317e+00	2.403407643177456476e-01
nan	1.662256251137351537e+00	-2.894110091933943529e-01	1.096488297324833994e+00
nan	1.473721349223600097e-02	-1.301669981294669931e+00	1.022347022072914058e+00
nan	3.550046731624091345e-01	-1.207133422744027795e+00	2.092321892490376367e+00
nan	1.535437460860728631e+00	-1.342061986205331237e-02	8.516950752406565739e-01
nan	2.518105669433547966e-01	-7.271614028490183124e-01	8.536426933844724063e-01
nan	5.691635683776695709e-01	1.208381808486418851e+00	4.264770891043396239e-01
nan	7.039560240689313186e-02	6.778233567088534084e-01	1.845605118111907972e+00
nan	-1.499495397744543546e+00	-1.298567474619602979e+00	-1.427605052615062986e-01
nan	-1.879750928461694226e+00	-5.716533865315525098e-01	-8.319642402779903190e-01
nan	-1.575143289749695530e+00	-7.075144630949602442e-01	5.088381372130061919e-01
nan	-1.250646556647803109e+00	-8.913486131270349500e-01	-7.296412741590777573e-01
nan	-1.407472477591260596e+00	-7.356082561130655728e-01	-8.459941403939412741e-01
nan	-1.036868559570552017e+00	4.346752109769559391e-01	-1.139643475517885807e-01
nan	-1.436112569244142767e+00	-4.421326217610367371e-01	-4.371958891300975480e-01
nan	-1.009905218461694121e-01	-1.307321253827346208e+00	1.843972873810965085e-01
nan	-7.127973608098917557e-01	-1.485096308512789509e+00	-1.374399011940466542e+00
nan	-7.891820043503539051e-01	-1.238859793146118271e+00	-6.324188801126048309e-01
nan	-7.865545928451643798e-01	-1.491884536692589469e+00	-1.891304089562882984e-01
nan	-1.245728863393796182e+00	1.051951373003223722e+00	2.814334399132988329e-01
nan	-3.292577514188743670e-01	2.121908347433210662e-01	2.252660583211898437e+00
nan	-7.999970771329741881e-01	-2.513207486746139363e+00	-4.679326605042876119e-01
nan	-3.069027202135493626e-01	-9.006754381764189299e-01	-1.169195475131970197e+00
nan	1.326494716356195758e-01	-1.945603306268686161e-01	-1.044852178896093609e+00
nan	-1.396291963918771639e+00	1.184456530029129429e+00	2.910117901639620031e-01
nan	-1.184701316387593684e+00	-5.151601052034744388e-01	3.371506050693428236e+00
nan	1.395080735058490617e+00	9.737162953719292746e-01	3.511013700164655749e-02
nan	-4.285128979792934834e-01	3.268295422256372595e-01	-4.710809488179130144e-01
nan	-5.689414294133260386e-01	-6.400304287292817307e-01	-1.260621493796380554e-01
nan	-2.484282776372536361e+00	-3.936613584295938773e-01	-4.536155436855543455e-01
nan	-1.172554588639696194e+00	-1.335590580320549003e+00	-2.640730984216242749e+00
nan	-2.066942939903405829e+00	-1.281281001263362640e+00	-8.499922035811176002e-01
nan	-2.523429187409393926e-01	-7.078654926444614137e-01	7.825788013881473937e-01
nan	1.198417464426027479e+00	4.254910851075951461e-01	5.846778931571552373e-01
nan	7.139064861143650242e-01	1.786323252702973541e+00	7.999681923473404010e-01
nan	-3.093789169895850844e-01	-4.162440842395637164e-01	-1.347850521532393042e+00
nan	-2.066009060578355871e+00	1.122914442074339547e+00	-7.424986190365874261e-01
nan	-9.633659487813657218e-01	-1.895385173640186383e-01	1.192624632092669890e+00
nan	4.988141711132900169e-01	3.713164080023402258e-01	-1.088217736153043180e-01
nan	-1.068033602656956460e-01	1.731902129626098796e+00	-2.393877690537248304e-01
nan	8.020070018713285620e-01	5.657004803395343506e-01	-5.241766074687745913e-01
nan	-1.628975415893901380e+00	1.149863661058184494e+00	-1.051997605616580150e-02
nan	9.488600128081126073e-01	6.547862436173866874e-01	-9.268048159096951011e-01
nan	2.410962212608716904e+00	6.375953756903068870e-01	8.598322495374366436e-01
nan	-2.532085752453610006e-01	5.762475430140190369e-01	2.734039766510585334e+00
nan	9.947129883250707127e-01	-2.036809822289618044e-01	3.368785007665374698e-01
nan	-4.553529914075319929e-01	4.084115024228472390e-01	-3.680037230410381222e-01
nan	3.890129405542575025e-01	-6.870160142573036310e-01	-1.429678280891520936e+00
nan	-1.712360573451031431e+00	-7.677476462363683751e-01	1.607483982497382335e+00
nan	3.761494814938506348e-01	-1.149375202606819579e+00	1.346088476262293776e-01
nan	8.059672536634039375e-01	-2.005056379922919518e+00	-1.423899948867263454e+00
nan	-2.013611305431469489e+00	-8.241960643413435150e-01	-1.824884253931235101e+00
nan	-2.847351564510327560e+00	-1.551080594244405919e+00	1.539140015489058211e+00
nan	-1.319613996136118406e+00	-1.997341413101613838e+00	6.905368938263403145e-01
nan	-9.802167576586531261e-01	-1.595141529115895462e-01	8.609382634420958968e-01
nan	-1.149423784078783317e+00	-5.549613465943704638e-01	-1.596693289554868667e+00
nan	-1.929102062728409228e+00	7.179515316986446738e-01	-6.524412940035554387e-01
nan	1.207860625876081784e+00	-3.635931054351837499e-03	2.200797205729566386e+00
nan	6.086359071588354208e-01	5.584241602629713697e-01	1.642495883844682369e+00
nan	9.920487924060079621e-01	-4.711617794621558719e-01	2.520154915099470649e-02
nan	3.211031455061108542e-01	5.008282788251533502e-01	4.824519300289287771e-01
nan	-4.057694885163460330e-01	8.736799404628992072e-01	7.611659184301846626e-01
nan	9.115705069176115449e-01	5.559905274761939298e-01	-4.200299297246673502e-02
nan	1.338700463756198333e+00	-3.933247974423222937e-01	-3.177357617675585222e-01
nan	4.533460171146725948e-01	4.482592856855444063e-01	-7.065952774262198588e-01
nan	1.499077692005924778e+00	6.985823413431851980e-01	1.645561911588998005e-01
nan	3.404877011847955437e-01	7.107492446860550483e-01	3.044256682488160060e-01
nan	6.387031494434408652e-01	1.889955185438991547e+00	-5.026004333277038771e-01
nan	7.213969315711905583e-01	1.958477999473347886e+00	2.679473228721918066e-01
nan	7.174735060612273951e-01	-1.774563134438306156e-01	6.532294370587854448e-02
nan	1.152581869026851336e-01	8.105111344303139731e-01	-1.170177948236427179e+00
nan	1.926511272954365972e-01	9.276302844970154560e-01	3.965722694044858665e-01
nan	-6.710748806288791002e-01	-1.360890702687417297e-02	1.043465243863085590e+00
nan	-1.338315690110745360e+00	-4.301991346946781869e-01	-7.422519478100759738e-01
nan	-9.809974998308645944e-02	-1.654987969349222543e-01	-2.070204436582501195e+00
nan	-9.610602698401297106e-01	-1.420391070348961948e-01	-1.766253548457915379e+00
nan	-1.782051543461173670e+00	-6.696355925789552188e-01	-5.950340884206324343e-01
nan	8.883947559447225029e-02	-3.680672951205330889e+00	2.581721469406664804e-01
nan	-7.880696503541242404e-01	-6.536106017726588391e-01	-3.819383260859032792e-01
nan	4.424755512064491025e-01	9.831409600463685283e-01	1.085938603160161664e+00
nan	1.352235141066164825e+00	-6.606673221003971364e-01	4.774120089970418368e-01
nan	-1.029605615668272023e+00	1.788376239109008836e-01	-8.890502128395938453e-01
nan	-1.515408928876851968e+00	5.254847660672812282e-02	-4.168532814267871256e-01
nan	-1.295130543856392258e+00	-5.378263704386285760e-01	4.848858715224605986e-01
nan	-1.371382200286588748e+00	-1.177563557465697963e+00	2.429791136451874944e+00
nan	-5.501200263571185411e-01	4.310361540990338414e-01	3.036224362582035097e-02
nan	-9.123534992064724625e-02	9.419839292475977732e-01	6.136021328561805932e-01
nan	1.384898826705899033e+00	5.509328171944389840e-01	-1.053880385633862993e+00
nan	-6.290771208723868746e-01	2.431693860217479797e-01	8.693656020011701901e-01
nan	1.126811485948522540e+00	4.645559598885265484e-01	1.683795540793827927e-01
nan	1.465701095338388660e+00	1.018833906861978944e+00	7.041837959703959315e-01
nan	4.191830292871112640e-02	1.646640368031327739e+00	2.652874421249267645e+00
nan	1.890643134372281153e+00	-5.315816353541302774e-01	3.042215363082889645e+00
nan	-4.610438308769706506e-01	-1.101764078713299622e+00	1.449780558363304994e-01
nan	-4.850305896088050739e-01	-1.320666487581656945e+00	1.275192489685891051e+00
nan	3.699178526309786497e-01	2.566861406993700800e+00	-9.442387330210665342e-01
nan	5.199249732763737697e-01	1.742561740381213919e+00	7.489647697744985511e-01
