nan	6.185755996381212540e-01	-1.435987010119720853e-01	-7.511243800181368613e-01
nan	-5.567654983205706787e-02	-9.444996000714974693e-01	8.082793186857833989e-01
nan	1.680320799980985935e+00	1.403848963870577116e+00	7.005273702669261304e-01
nan	1.718737377207514738e+00	1.774086973431254766e+00	5.774053802349551345e-01
nan	1.020215613870072646e+00	2.914127619048020312e-01	-1.421064899049341301e-01
nan	1.299206882408674435e+00	1.003011990880131377e+00	-5.576791299699318527e-01
nan	-6.522886167607788721e-02	1.440023924706028691e+00	-4.309970801484217517e-01
nan	1.024553427497511215e+00	-1.156391094258550689e+00	3.670856661213292571e-01
nan	9.273633538936392195e-01	3.139046756540204708e-01	8.487314355687007872e-01
nan	1.723418733836231898e+00	-1.471041043998003062e+00	1.053488638937474242e+00
nan	1.378276349960479541e+00	1.302485207208478268e+00	9.018028997150683290e-01
nan	3.958467425354631253e+00	8.169619274717808688e-01	3.652433174001730731e-01
nan	9.164600569829214338e-01	1.948737089404828593e+00	4.711178065003729376e-02
nan	3.418159142619598967e-01	-8.343360822004874944e-02	1.078095008926428289e+00
nan	-1.082620815217103516e+00	9.751375231748775629e-01	4.441963044304286790e-02
nan	2.518021341419408587e-01	-8.073623200234530950e-01	5.976877606850912183e-01
nan	-1.605845530069754501e+00	-2.052062795132514328e+00	1.545987434023113449e+00
nan	2.130347871143700722e-02	-3.958515980618383390e-01	7.581163304619414900e-03
nan	5.150317649723774593e-01	-6.768006602566687402e-01	7.122957713002365798e-01
nan	2.058884858816771579e-01	3.391640457455473157e-01	-2.323484603416214878e-02
nan	-1.114483994543638889e+00	7.676432186781408928e-01	1.540899926726879032e+00
nan	-4.149450058990844514e-02	-8.426354141242302642e-01	9.346404516959871955e-02
nan	-6.299550963109151747e-01	2.233562582235339100e+00	-1.152115770632759828e+00
nan	2.238444525849475397e+00	-3.484177143076302441e-01	-6.119108289445078785e-01
nan	1.486460139931801427e-01	-5.499661449945107972e-01	-1.204489799159146113e+00
nan	-1.430792823701458327e-01	5.951463602359780003e-01	-2.128429894897312380e+00
nan	-1.401364587065197176e+00	1.078904641287063315e+00	-9.439892846704260876e-01
nan	3.973102244404749794e-01	2.276143197210209745e-01	1.783842723139375197e+00
nan	3.607690761187297146e-01	-1.335396655086078521e+00	6.386285079834427281e-01
nan	6.267899864291133216e-01	-8.360572347208658495e-02	4.968523619125602142e-01
nan	4.276446470832515057e-01	-1.106121184537230073e+00	3.695192922253686119e-01
nan	2.248573101800004359e+00	-1.538726820523822758e-01	-7.222461424177060163e-01
nan	1.173438846292294890e+00	-2.623627814360710575e-01	4.456819664176179252e-01
nan	-5.061162550945136340e-01	-1.198326998632572638e+00	2.315036930358465916e+00
nan	1.321078564279846823e+00	-7.706539221824144636e-01	1.164651932106399446e-01
nan	-2.122851208439222870e-01	-2.663108756620055306e+00	1.234984052276506539e+00
nan	-4.491526848063612243e-01	-3.955358007523789299e-01	1.113923030062918818e-01
nan	-1.083488996207789157e+00	-1.298814627635281438e+00	-5.342686494724013802e-01
nan	-1.797288891389646093e+00	1.419103106128712710e+00	-1.276659802434826130e+00
nan	4.129279176166348320e-01	-1.059950853993978592e+00	3.619189488446606928e-01
nan	5.195314199000911071e-01	7.503953104857257195e-01	-1.955933033263729692e+00
nan	-2.299074963742279987e-01	1.931351160159270552e+00	-7.938310139463438109e-01
nan	4.717935007722453000e-01	1.196734463878912802e+00	9.095957175688912377e-02
nan	-7.968895970917508897e-01	-2.820709234941709553e-03	1.485077378003078596e+00
nan	6.237025695741316156e-01	4.123779920400534316e-01	2.376837606407165571e-01
nan	1.136274890251564473e+00	1.097408311102944012e+00	-2.048892612373271194e-01
nan	-6.499761866139515121e-01	9.850635393686366648e-01	1.682879271001493093e-01
nan	-1.207507467775646104e+00	-5.256784494779249695e-01	6.324371205786789574e-01
nan	6.838641681516615112e-01	1.276549734277451886e+00	-4.986040474128367039e-01
nan	8.658627337282041037e-01	9.130770844054445501e-01	1.028274076971785966e+00
nan	9.441751128746115329e-01	1.847474773799018255e-02	-4.322588506537331510e-01
nan	-1.861326210328088537e+00	-3.902550800514302809e-01	-3.718276985976132765e-01
nan	-1.048995097457589454e+00	3.755947729113595646e-02	7.051656581792029033e-02
nan	-1.241614220932524271e+00	8.993272034936330428e-01	2.480876961952210857e-01
nan	1.157624807599281214e+00	6.875426808724860450e-02	-7.924505691137536667e-01
nan	1.214941874367254926e-02	6.204352736152302095e-02	-1.145465660253383033e+00
nan	8.306001761822390250e-01	-7.511082022464591335e-01	-1.518566069687029840e-01
nan	-1.443863765345720029e+00	-1.654270545700563533e+00	7.678694853946940180e-01
nan	-1.364186637164630067e+00	-1.095647588061351874e+00	-1.700355274236536207e+00
nan	-1.471107599283613787e+00	-1.047395148021043720e+00	3.381915286946842736e-01
nan	8.970585994116999640e-01	8.748312275269242155e-01	-3.932566916156705616e-01
nan	-3.838786181592745983e-01	-1.173167074576896285e+00	-1.015463056255148100e+00
nan	-1.164543202836458624e+00	2.015715519723917382e-01	-2.228625692716170725e+00
nan	-1.487998562678000347e+00	-5.274811476061014304e-01	-4.093269288386355287e-01
nan	-1.584531949241420046e+00	3.386786213467878337e-01	-1.331840391314943473e-01
nan	-8.076496683756821948e-01	-3.372014830472150893e-01	-3.450425959157921163e-01
nan	-1.416117077057730711e+00	5.270116519646073083e-02	-1.197803155216922710e-01
nan	4.161421489556269560e-01	-8.425768510536270073e-01	-1.293713714288952099e-02
nan	1.816804999783669106e-01	4.767210178691261291e-01	-5.524182547219107509e-01
nan	-9.350960664957484736e-02	3.289812208625546575e-01	-6.992516521695752996e-01
nan	-9.859900479590789635e-01	4.713957009086682803e-01	1.110481177631081479e-01
nan	1.734696376590723621e-01	-2.241686755816760801e+00	1.446357533577772525e+00
nan	-9.191480483732128448e-01	-2.478318053250784248e-01	-8.906849024735290499e-01
nan	-2.826821805633398244e-01	-1.070769617961367270e+00	4.239784911641253373e-02
nan	-1.256593958628008156e+00	6.187934785507934743e-01	1.105060172964911880e+00
nan	7.662139086403523258e-01	-5.656612848067806842e-01	1.832931167736917555e-02
nan	1.228450806054683042e+00	-5.306584657992909904e-01	6.416610566251257364e-01
nan	4.503659616148577571e-01	-3.660313463493084507e-01	1.516950313248478788e-01
nan	1.153613328936860416e+00	-3.627534970852133167e-01	-1.539504989508360344e+00
nan	-2.067071468869970285e+00	2.499651291344215487e+00	-2.808387968943516499e-01
nan	1.818516518540415072e+00	-5.959623375598026573e-01	-1.045936950186561187e-01
nan	1.206403855026413563e+00	1.928721642852663898e+00	3.031433457769213691e-01
nan	2.402402904820796214e-01	1.096537939330545441e+00	1.351298319616344390e+00
nan	1.520524959757344252e+00	4.225197704229625151e-01	-1.212224163015579226e+00
nan	6.803858555011194076e-01	8.436806332880170123e-02	-8.887894837133419879e-02
nan	1.527326878339494876e+00	5.083714790124284066e-01	-1.026593780094048197e-01
nan	8.935351727641869246e-01	7.898294565508012788e-02	4.791972317486474786e-01
nan	5.953544588069640264e-01	4.613985752243648930e-02	-4.178695826178299155e-01
nan	-1.494770283907227160e-01	-4.604467360529900799e-01	-3.494022674573965537e-01
nan	1.422905353667333950e+00	-5.974505725343438600e-01	-1.103365915577320999e+00
nan	1.839862335871762955e+00	1.430441788871667619e+00	-1.589936256027458361e+00
nan	-3.526216243480506662e-02	1.371749247426796492e+00	-2.791162765058695650e-01
nan	7.103547452954719343e-01	5.871189507178464773e-01	3.520959852064305950e-01
nan	4.661903043173792893e-02	1.659240782313592399e+00	1.381475091841972258e+00
nan	-3.890240634730840474e-01	4.463931158886319528e-01	1.148580042977874971e+00
nan	-1.476739179378019573e+00	-2.606552826191987915e-01	9.057672618784651242e-01
nan	-1.631995503152449789e+00	3.505326772892451981e-01	-1.741623804110437934e+00
nan	-8.776618827160297398e-01	9.774200846655212160e-01	1.589672256194004873e+00
nan	8.091617102818087215e-01	6.212927669437914302e-01	6.350622405415456972e-01
nan	-2.985729266848907715e-01	1.464008726596204291e+00	-1.769815256836954287e+00
nan	-1.144187649896017511e+00	6.808326792131026428e-01	-4.486288758568127699e-01
nan	-6.816520213524893679e-01	-2.065338682562678940e+00	-1.523685747814090830e-01
nan	-5.971006658082367302e-02	-4.145373656334017110e-02	-1.144912645018873576e+00
nan	-1.615148423202406314e-01	-1.895114350068244635e-01	-4.000223565661117919e-01
nan	-1.427567588275463262e+00	7.532486741837198796e-01	-5.252858068203238862e-01
nan	1.844892505486257939e+00	-8.139994784436586084e-01	-6.500717028651834539e-01
nan	2.016573562473654990e-01	6.250194295070227168e-01	7.546431986362550637e-02
nan	-7.456916719948891714e-01	-2.345431494211234202e+00	-8.205698925815150258e-01
nan	-1.364651392368072313e+00	-6.107812495398656782e-01	-1.718109514534865712e+00
nan	-1.208276786580050999e+00	-4.668861129072702787e-01	1.003592844804004347e-01
nan	-1.102667652853531743e+00	-1.599547682397842174e-01	-3.297959303164659239e-01
nan	3.569957309260367029e-01	8.890662627037297927e-01	-1.825474313137073867e+00
nan	-1.498503331084812817e-01	1.256893676731705600e+00	-5.885958726489830539e-01
nan	-1.790701812032902129e+00	2.009278199215741578e-01	1.967305143038662996e+00
nan	-6.248774926551031728e-01	-2.205986676255310419e-01	1.079037307831898662e+00
nan	-1.594084043755052527e+00	-1.625688161048297165e+00	1.108102052902222967e+00
nan	-4.464882462517760775e-02	-1.408293914099068012e+00	-8.657926079909380457e-01
nan	1.654040224687153948e+00	-1.086843638161080428e+00	-5.827703213356012490e-01
nan	1.457725020142567329e-01	1.670087429627508335e+00	2.997402390308431253e-01
nan	-4.216777810081312472e-01	3.890566775777240527e-01	2.358318159187127172e+00
nan	6.947691348823544777e-01	3.246209507703677888e-01	2.568762133017401528e-01
nan	4.612456152932640774e-01	-1.206681866461273511e+00	-3.409805592068311242e-01
nan	-2.943718292110097945e+00	-9.421668461746224299e-01	-5.440300476345206748e-01
nan	-1.623323448627267629e+00	-1.008173079100486147e+00	-9.914021006451551044e-01
nan	-1.578147572533193710e+00	4.656928721180731978e-01	4.886303054587309846e-01
nan	6.089804447834303858e-01	-1.194561102185688617e-01	1.316984006617177405e+00
nan	-2.542803315565489441e-01	-1.227705109777479153e+00	6.850460130232616240e-01
nan	1.427247893659097544e+00	-3.046790112220792990e-02	-6.656766420082427249e-01
nan	-5.024860304714212633e-02	1.043343626392969625e+00	-1.097483501706240316e+00
nan	5.018906282511745864e-01	-7.373808226262115184e-01	5.372637901138017646e-01
nan	-5.181392443141434878e-01	-6.044981982278940791e-01	5.821133970573076910e-01
nan	1.038041284169252343e+00	-1.656187839594974953e+00	-1.750883663275548674e+00
nan	-3.794292239605389083e-01	1.018729033965017239e+00	9.096195137412133036e-02
nan	9.754473277784715401e-01	6.875073215268039384e-01	-7.203540883186393406e-02
nan	1.927850836801202061e-01	1.868433849076703179e+00	4.317745426568928013e-02
nan	1.164132801669035988e+00	8.428540126505024155e-01	1.482331757620709567e+00
nan	1.981797947720112418e+00	6.823520515356573668e-02	1.055595000486373003e+00
nan	2.255560260103289583e+00	8.490542613415491546e-01	6.596934593937624491e-01
nan	3.348710797130562078e+00	6.512172147784043297e-01	8.537094259719379963e-01
nan	5.405866377156548497e-01	-5.673745740715663288e-01	9.782117645702093078e-01
nan	-7.513859369740725214e-01	5.002278196247841313e-01	1.981163354045417213e+00
nan	-1.278531491807442411e+00	-1.352443907156124947e+00	-6.259838687754870623e-02
nan	-1.400332909756962785e+00	1.497819932398804399e+00	-3.823072759789236663e-01
nan	1.306972072037640986e+00	1.644828694975651207e+00	1.437124111854459985e+00
nan	5.284913289269055348e-02	-4.206913244773933247e-01	1.071147535739912948e+00
nan	-1.451914438136928442e+00	-5.145387989448674260e-01	-1.390488220312434020e+00
nan	-1.031371299479270087e-01	1.203114033445376929e+00	-2.038672897763631475e+00
nan	-3.422311869904143822e-01	1.133276410091200725e+00	-4.815237203186614190e-01
nan	1.868286946194867681e+00	4.839706403159732551e-01	2.472969273932839052e+00
nan	2.076014973173001543e+00	1.577882884927300555e+00	3.056572447597893927e-02
nan	7.263557643518042672e-01	-4.867996940900072289e-01	2.335030351376599977e+00
nan	3.855985303234488182e-02	-1.012684316544201657e+00	-1.943611449313022987e-01
nan	1.099890456415573592e+00	1.518439138960214985e+00	-1.024346519812029843e+00
nan	-3.994805830581338313e-02	2.869273346909801958e-01	1.892892020292297195e-01
nan	-3.598850368782984810e-01	8.727965453797321693e-01	-1.114083935352481403e+00
nan	3.022913795021033856e-01	3.240528922497515341e-01	1.703631320905050761e-01
nan	1.148594906153886264e+00	6.941863287434643093e-01	-4.319405798151703113e-01
nan	-1.295842411587186938e-01	-4.290460297436587966e-01	2.896186191943690980e-01
nan	7.262015904547931555e-01	-1.853318755704723264e+00	-1.171541885268740035e+00
nan	-2.169737862828791997e+00	-1.227463063162793855e+00	3.730485134046493956e-01
nan	1.153041316866605381e+00	-1.813549799278130203e-01	4.646468407306862392e-01
nan	3.339069552482498149e-01	-1.152439381905557170e+00	6.035805723522409405e-01
nan	1.764827443279967323e+00	8.581384894774630734e-01	1.762579175890800209e-01
nan	1.973326012560929765e-01	-5.153806691315321320e-02	1.762452300561880014e-01
nan	1.871271215903136387e-01	-1.773403901152295070e-01	-7.785339463556953943e-01
nan	-9.204319644652476651e-01	-9.770694969198626123e-02	-6.333466219075920556e-01
nan	1.463568638619946238e+00	-1.429308162902028112e+00	-2.207658283370117491e+00
nan	2.243565581922249974e-01	-1.402738431905577177e-01	-2.393957378752982645e+00
nan	3.652441889577395795e-02	3.709109152868393933e-01	-2.894543113964081371e+00
nan	-1.942110069739787503e-01	2.099775227247307363e+00	2.104408921447202818e-01
nan	2.874877728333996019e-01	2.279659648724036702e-01	-4.121081826762830191e-01
nan	-3.374137060488975326e-01	6.184013845813425281e-01	5.640888529117871197e-01
nan	2.725170747759367296e-01	-1.559208041557302304e-01	-2.324087143285479939e+00
nan	-1.973766612662458009e+00	-1.933937106431391495e+00	-1.351796507578716833e+00
nan	-3.288699313241148836e+00	-9.045549749544290474e-01	-1.319500008628466281e+00
nan	-2.275352297751394914e+00	-2.766089624612247944e-01	-2.023188017995541710e+00
nan	1.566187339062234951e-01	-7.201184420472358516e-01	2.680097471687765687e-01
nan	5.503035944868690521e-01	2.549142873892048522e-01	2.613629051665645742e-01
nan	4.177767962261441648e-01	1.690692710967638401e-01	-5.989627692265371284e-01
nan	2.543599739968403384e+00	9.304608026184824077e-03	8.887314880726919775e-01
nan	1.770690194648862903e+00	-4.615030896986125342e-01	7.544059684856089243e-01
nan	4.046073893869729377e-01	1.421281992200129851e+00	-1.443497744019989204e-02
nan	1.221397389928047694e+00	3.101066022117053844e-01	6.005689005817731463e-01
nan	-3.279559674904348743e-01	-1.039082846665694948e+00	9.955519580428475734e-01
nan	-1.868235521093027263e+00	-1.760958850540342180e+00	4.921254343805858689e-01
nan	7.516948692265756904e-02	-7.526993097122698373e-01	-5.722217751119846874e-01
nan	-3.283116007306333684e-01	-5.469463126926585317e-02	1.705522461190666639e-01
nan	-2.433972226026480890e+00	1.334403189797261247e+00	1.045252087241298478e+00
nan	-3.182450900467698185e-02	-6.114719879822577697e-01	2.190366365705161300e+00
nan	1.657722550089537394e+00	-2.983969464838914787e-02	4.290760524146912669e-01
nan	-1.614796115040339597e+00	5.793931519543155106e-01	-3.971415840206841685e-01
nan	-5.831628233052645882e-01	-1.215614093380417149e+00	-3.161094359343069593e-01
nan	7.110472078524168182e-01	8.902792555664729157e-03	-8.198292169792846806e-01
nan	1.245428442201253066e-01	-1.321198199251147898e+00	4.405562187907307026e-01
nan	-6.124696873330688351e-01	-1.109597264789076609e+00	-6.649124642802330953e-01
nan	-8.673594605374744804e-01	8.609202440586058991e-01	-1.317000832941180644e+00
nan	-3.540800426673608170e-01	-9.163085753801623046e-01	-2.786060357441877411e-01
nan	-1.720361074635729182e+00	-5.864093109739585419e-01	-1.496548747863601925e+00
nan	-1.343357977339931786e+00	-1.033118979904398271e+00	6.244027692046304479e-01
nan	-3.000443518431028522e+00	-6.543084531395084724e-01	4.706004227822679353e-01
nan	-1.510099288912372106e-01	-6.415573843301222157e-01	1.124709247301979576e-01
nan	-3.074453018289727835e-01	-2.398308133643838769e+00	1.049687598849307291e+00
nan	-2.085314749130836809e+00	3.456711967450369904e-01	-2.189059131141887882e+00
nan	-1.736600253829859053e+00	-9.087512148277754331e-01	-2.396254792474258100e+00
nan	-8.338130232022235022e-01	-1.264902223438741258e+00	1.901426291028152082e-02
nan	-9.259122780639443828e-01	-7.647710215158869396e-01	-2.523875030235860795e+00
nan	6.958988831225321192e-02	4.821818137032137797e-01	1.823910086547981813e-01
nan	-9.383977774750089651e-01	6.227163699506114147e-01	-7.981265378975074820e-02
nan	4.200772628181840274e-01	2.615071401606034462e-01	-3.513625601074304994e-01
nan	9.910299175128708393e-01	4.591852649035584877e-01	-5.311761037182579637e-01
nan	-1.033443057311650204e+00	5.156046365026129008e-02	-1.980695209518402722e-01
nan	9.685160929732453683e-01	-7.237257330908934971e-01	4.653989146161441326e-01
nan	-8.371901473902698676e-01	4.420066382419876594e-02	1.102529941145172776e+00
nan	-1.596118070501253983e-01	-1.526882368757716546e-01	-1.611452010506884580e+00
nan	-5.395527622372432441e-01	-7.146648154153680821e-01	-3.949567244499477270e-01
nan	7.160014029495470611e-02	-4.204888262544621558e-01	2.138646928767649058e-01
nan	-7.811354645242823969e-04	4.290574179030716140e-01	1.146665543261374154e+00
nan	1.057751436912168330e+00	1.847244606263615530e-01	-5.861268612561276736e-01
nan	1.152940639001980294e+00	-2.220804401006482021e+00	-1.778660103125652370e+00
nan	-2.085954332698269020e+00	-4.240068642355118711e-01	-7.289648013663854176e-01
nan	8.030419317288235437e-01	-4.321362616641277743e-02	1.707035342184214377e-01
nan	1.184410678688786911e+00	-1.133772040684053017e+00	5.763878918318824374e-01
nan	1.904479556236874149e+00	5.429671850297409508e-01	9.267036737973974869e-01
nan	2.000774743954774060e-01	-1.148260870198382078e-01	-4.001302606231008085e-01
nan	-2.606999045455632436e-02	2.194646425471697526e+00	-2.567701340418523381e-01
nan	-5.954629483023055059e-02	7.403361097409992819e-01	1.316324012532624099e+00
nan	9.678904739236526833e-01	4.194199158560698582e-01	8.009140225980093675e-01
nan	4.774985250158239047e-01	-1.234728475689545801e+00	2.452798755860949309e-01
nan	1.941693285348244369e-01	5.976929268411915186e-02	-3.638900305355923792e-01
nan	5.375304675536524135e-01	-5.814471672540998393e-01	1.161472297361521910e+00
nan	7.383888613038001036e-01	-1.175668741150812213e+00	2.648246126470325201e+00
nan	1.681128279863096209e+00	2.169782710150513605e+00	-1.638828596598529419e-02
nan	-1.485208417840209183e-01	1.091451765337510205e+00	9.313586808185181365e-02
nan	9.644199692469195284e-01	1.050187123735348838e+00	-5.023508408105328282e-01
nan	8.002541685915984804e-01	7.789813394690876525e-01	8.578666545944497734e-01
nan	9.139852962634142930e-01	-1.233945774039362231e+00	-2.054666614580657469e-01
nan	1.559170020749062469e-01	-3.560490438200704655e-01	1.180998282175895753e+00
nan	2.063847543853290500e-01	1.847982678393249589e-01	-4.432749316486094826e-01
nan	-2.482261052021991765e-01	3.003007366104846643e+00	-1.348764750520621836e-01
nan	1.637218207466261122e+00	2.390875354223313209e+00	1.626279524077240968e+00
nan	2.353189708531579161e+00	1.010342789046410505e+00	-4.009507033800647768e-01
nan	1.349360416622624737e+00	2.258418728463785552e+00	2.277946479912958733e+00
nan	1.713740115432782263e+00	2.481001107666368721e+00	1.416970901868234600e+00
nan	-8.445135430200727544e-01	2.548577733885379448e+00	2.064126339385481845e+00
nan	1.923285657565401152e+00	1.609428697205763203e+00	1.820781203998552922e+00
nan	2.023439457111446682e+00	1.606144658030547401e+00	6.278704506659036344e-01
nan	8.796387779854053512e-02	2.305522651651611632e+00	9.066440002234665840e-01
nan	3.540127715567195077e-01	1.594709256831297495e+00	1.365649624269942297e-01
nan	7.829655685058345416e-01	-1.274157336817709485e-01	-2.378326629841993167e+00
nan	-9.442687033878436331e-01	9.864846276980904216e-01	-4.039493470103049932e-01
nan	-2.414983928254803569e-01	1.023620922475790285e-01	1.007123837268561362e+00
nan	1.315663528409946048e+00	-6.819030787881060762e-01	4.688853562393621166e-01
nan	5.317135685114684485e-01	-8.159131548533551381e-01	-4.556164966064841226e-01
nan	7.662763483619958738e-01	2.331610637160047572e-01	-4.565537042915374100e-01
nan	1.924834870664131614e+00	1.198020753177494679e+00	9.767020965843101199e-02
nan	4.736171956024667340e-01	-1.867467586011769320e+00	-9.149393606592812755e-01
nan	-7.665396885667646876e-01	-1.239467210963333565e+00	-2.297930163454118269e-01
nan	-3.861614177552049609e-01	1.087601399410814018e+00	-1.272495583718065149e-01
nan	1.195491915069005540e+00	2.848807205848740698e-01	1.174278363549047799e-01
nan	4.321124715394574212e-01	2.543614669774770132e+00	9.072584004825734461e-01
nan	2.937529954685317302e-01	9.738258432453915647e-01	1.673190990798892885e+00
nan	3.172548622214346192e-01	-1.344069608857584863e-01	8.927803633787199100e-01
nan	-1.732343620471085810e+00	-3.198958320812278489e-01	-5.303811428191040900e-01
nan	-6.106575999347874095e-02	-7.767156837175578366e-01	-2.668617725261673845e-01
nan	1.006992404314077660e-02	-1.303306892291791863e+00	-3.812894931134326315e-01
nan	-8.209211141745156315e-01	-1.480058531605338512e+00	-1.800037508869607228e+00
nan	-6.727063140890546800e-01	-2.203057548219451434e+00	-2.078367860480041518e+00
nan	-7.381674052119725493e-01	6.109425259872982572e-01	-3.524519462730560271e+00
nan	-3.652250348015535497e-01	-1.124024409857679707e+00	-9.786216158651555030e-01
nan	-1.118899747800477185e+00	-1.058499254688844426e-01	-1.077509901934936121e+00
nan	-1.731460386006948404e+00	6.376710818070538966e-01	-2.529076140239479020e-01
nan	1.490777399034660111e-01	-2.079851363258180541e+00	5.551107564142083728e-01
nan	-7.139246012936010244e-01	-2.297863619161980564e-01	-1.357056283029264288e+00
nan	-3.843587325950456046e-01	-1.939591934299807474e-01	-9.009814012330809030e-01
nan	-1.615796477902055051e+00	-5.943099287702131583e-01	-4.598806926721680788e-01
nan	1.390016787770462781e-01	-1.174778288548468108e+00	-1.100488169933282467e-01
nan	7.561709194270260781e-01	2.095662292308642649e-01	1.833350342160019686e+00
nan	1.252257988335869765e+00	-1.390392592965584484e+00	1.930465782841717326e+00
nan	2.967336701877837379e-01	-1.080154070012504741e+00	-8.638141406514752152e-01
nan	-9.263218413336502532e-01	1.364382039648017297e+00	-4.676073580793439488e-01
nan	7.689181972690734002e-01	6.838059737362595092e-02	9.704394651785114290e-01
nan	1.432576104938815265e+00	-1.875228047118959185e-01	-8.504098505287371879e-02
nan	-4.015031177821619668e-01	2.569568475673928987e-01	-1.069457878084441926e+00
nan	-8.346361730854185979e-01	-1.151697063467264748e+00	4.727802150494621602e-01
nan	2.442717270406946639e-02	-2.950207395381339026e+00	-1.762186197051741399e+00
nan	-2.302726166006086039e+00	1.144051642870770102e+00	-1.085961658266671792e+00
nan	-1.330539632560629126e+00	-1.449766468072709147e+00	-9.835034607905429604e-01
nan	-4.325490262566233923e-01	7.418057679794453074e-01	-1.661991562071076567e+00
nan	-7.790036940958668943e-01	7.445325885213693873e-01	-1.279810363581664445e+00
nan	-1.420434160098382081e+00	-1.737907026684998857e-01	-4.261003764798725335e-01
nan	-1.132931959008946166e+00	-1.097090490957503661e+00	7.931840837325596083e-02
nan	-7.191339383761341519e-02	8.764784605727899969e-01	-5.256832354531508766e-01
nan	7.235930127290801650e-02	1.214533242275458003e+00	9.953434176968011249e-01
nan	3.371321567854550949e+00	9.704523461941538809e-01	5.002831003747272298e-01
nan	3.480067777003920337e+00	1.783843673206643832e+00	-5.243718680309479296e-01
nan	1.221211085630897752e+00	2.096130850348383756e+00	8.370022990294597731e-01
nan	2.302606439208479294e+00	5.620053905250497195e-01	1.529890382812716609e+00
nan	1.346486466372196933e+00	-1.020430022729562625e-01	1.640368495098347257e+00
nan	4.793451718460320365e-01	-1.007549247728076747e+00	1.527142264639518854e-01
nan	1.186915529530555125e+00	-2.199718481204294918e+00	-1.026605465426806418e-01
nan	-1.355643366650581605e+00	-7.250336727159898409e-01	2.409738048257481502e-02
nan	-7.760268302147386166e-01	-6.675315925239033721e-01	8.066066084050623752e-01
nan	-3.582200759983434901e-01	9.549506655266396526e-01	-7.285582672296705420e-01
nan	-1.094989067382803105e+00	9.556472450201485280e-01	1.043238393232359229e+00
nan	-1.570478719491865127e-01	1.244865989168463472e+00	3.942762288090156941e-01
nan	4.040180798698643772e-01	-5.830862738067090767e-01	3.801226005554936282e-02
nan	-7.548359323949052624e-03	-7.903620637482596800e-01	1.877244765216828370e-01
nan	4.342833357684837692e-01	-8.056671775964926452e-01	-7.175699761700225776e-02
nan	-9.441637809716203478e-01	9.880915205399070089e-01	4.852459323244666667e-01
nan	1.158599090139150745e+00	6.071995075088211236e-01	-5.266666071723108411e-01
nan	-1.139092475894193379e+00	9.109461026882508250e-01	3.238123917111309646e-01
nan	5.994027793210450206e-01	2.755363420906604133e-01	6.813405014936497750e-01
nan	1.306694644141876971e+00	-5.883869249849948968e-01	7.458776512854710106e-01
nan	1.284380437449587742e+00	-2.409696751585460039e-01	5.630076092394475928e-01
nan	2.436193043837223016e+00	6.895038721553854444e-01	-7.301964587695822795e-01
nan	7.361384224926907915e-01	-8.034299741128085870e-01	5.455026972278453901e-01
nan	4.824251576679297049e-01	4.707437562560252142e-01	9.399552062933411722e-01
nan	6.372844270463541294e-01	1.884070761269253103e+00	-1.233669576859777184e-01
nan	9.915565400361807669e-01	3.173184696826868656e+00	6.133050729142941471e-01
nan	3.410780505774543947e+00	3.796089966982270081e-01	1.301342455939628939e+00
nan	1.825086881099214686e+00	-2.481783969569095749e-01	7.036041738636806819e-01
nan	3.181425666874578284e-01	8.338615722302216149e-01	-1.543567182480249100e-01
nan	-4.958408108627703759e-01	9.649114769357911015e-02	4.409834241168638647e-01
nan	4.872352626928312391e-01	1.913768177436389495e+00	2.226516208133304808e-01
nan	6.129206484539628796e-03	5.541861689027054449e-01	-1.107691051179845454e-01
nan	3.538008099670347795e-01	-7.278886233646338910e-01	-7.358692317432954377e-01
nan	-1.270102970413399479e+00	2.745187012117089043e-01	-1.488113506246352857e+00
nan	-7.723380405484396860e-01	-1.179884296876780647e+00	6.887746433719484918e-01
nan	-1.660352590394046590e+00	-8.854797019951070602e-01	-1.488829134230778228e+00
nan	-5.522429180437704588e-02	-1.042717535200305745e+00	3.022412954294516618e-01
nan	-1.288145694885272974e+00	-1.547208900064747539e+00	-3.490406851414754597e-01
nan	-2.106065798624610963e+00	-6.323733320885017717e-01	1.558136645784915508e-01
nan	-2.328244595151580665e-01	-1.696122514689589522e+00	-2.003667179769727191e+00
nan	-2.231025404211442797e+00	-7.998746227397108832e-01	-2.882144504080637049e+00
nan	-3.002866521258803267e+00	7.984734107034441308e-02	-2.031397023229505550e+00
nan	-9.200698888576036572e-01	-1.305947638554829648e+00	-8.733044836883863127e-01
nan	7.234725368051511118e-01	-1.533796212184869612e+00	3.503337433921631661e-01
nan	3.313422216210384352e-01	-7.430189018299233616e-01	-1.043535854012816344e+00
nan	8.722221722065738314e-01	1.862925500447814575e-01	-2.944013204187589938e-02
nan	-1.245617978479435450e+00	-5.945510271516929457e-01	-2.237874645499010606e-01
nan	-1.266148093855334000e+00	5.299641488559991842e-02	-1.605727803441439727e+00
nan	-2.163358052021073341e+00	-9.386019474288198605e-01	4.729177878089226295e-01
nan	-1.208098074659910592e+00	-9.934715129560932612e-01	2.874951493094070609e-01
nan	-1.592664796044337194e+00	-2.505743766920844329e-01	3.131682900375365453e-01
nan	6.490162096266443026e-01	-1.246732440929780417e+00	-1.483397170100134055e+00
nan	-1.259097841111631144e+00	-2.825722707554397806e-01	1.932331777774036752e+00
nan	-4.015286676777082842e-02	1.567327345216079637e-02	8.212739544311782325e-01
nan	1.048979289648780122e-01	-1.187611889060438131e+00	1.344514637358723008e-01
nan	-9.068810010168375513e-01	-1.693236357252787094e+00	-1.097174189414740875e+00
nan	-2.435277008857774206e+00	-1.880406909037036556e+00	-8.168747934770222985e-01
nan	-1.958781206843347444e+00	-2.922695839232661186e+00	-2.092178540491252958e-01
nan	-2.938776230341773932e+00	7.793253405641586973e-01	-1.363420218084634872e+00
nan	-2.202883377823586120e+00	1.510937263173961487e-02	-7.467456415044884110e-01
nan	-1.466094755772846536e-01	-4.255261285057394538e-01	3.280997552223916536e-01
nan	-1.453465851977233936e-01	4.524015061315130315e-01	6.950229285930936696e-01
nan	1.466025333975552902e+00	-3.240163984256450025e-01	1.334587858179212549e+00
nan	2.031651198137461645e+00	6.573892658612345841e-01	5.266436993617523710e-01
nan	3.611135157340140900e+00	1.257527112060049301e+00	1.054905044022277805e+00
nan	1.162375917638952760e+00	1.524459573204535623e+00	-9.999918084389433082e-01
nan	6.494983676979055875e-01	8.843371431294415608e-01	7.113570737360596086e-01
nan	1.012568905199792368e+00	-1.000021790772017471e+00	1.179820865954230635e+00
nan	1.860907051197652762e-01	5.444976073780960490e-01	5.893163164465086146e-01
nan	-1.939991218020237218e-01	-7.657996071599897370e-01	-7.394855124853705330e-02
nan	-1.754537200225169791e+00	1.517474157573291960e-01	1.055322512310820526e+00
nan	-5.755383240376157339e-01	5.249958042910244371e-01	2.173802150563450830e-01
nan	8.930507535823876131e-01	-2.766245929836436690e-01	1.560579054475006222e+00
nan	1.632440437264931488e+00	1.490075542003106213e+00	7.470182679065329179e-02
nan	-1.678383057718871862e-01	9.629822812167161405e-01	8.967270440451325930e-01
nan	-4.184893826793828486e-01	7.568358413289165698e-01	5.386541103222908244e-02
nan	-1.581000383718202063e+00	6.171791434005844401e-01	6.949162771477002121e-01
nan	-1.001347368329813525e+00	-7.307381130945156400e-01	9.513196631412976778e-01
nan	-7.342510394117502948e-01	1.093738219237962106e+00	-7.801537552137411957e-01
nan	7.146077885975664623e-01	-5.479286980677571250e-01	2.284532979940195330e-01
nan	-1.208864232530433513e+00	-2.356601050347796322e-01	-4.888140172060551070e-02
nan	-1.186546368480575708e+00	1.761194199520681458e-01	1.322500480191515226e+00
nan	5.847991669152566852e-01	-1.879874691908582474e+00	1.154471456926628448e-01
nan	1.835163387917054800e-01	1.655218403403950767e+00	-8.343791466593728501e-01
nan	-8.582148165242298177e-02	9.610308822382165328e-01	1.732797243995712000e+00
nan	1.089478238600366966e+00	1.457829103092673328e+00	6.193348129044933259e-01
nan	1.709292471970382810e+00	2.425313928908888528e+00	-3.682730697285175880e-01
nan	1.614033991819480818e+00	1.192126751730960610e+00	6.534240704990688098e-01
nan	1.199667143549626225e+00	-6.533821802692384439e-01	-1.694301827831601326e-01
nan	-5.119659581871226495e-01	4.289413884777171226e-01	-8.673807933364555134e-02
nan	2.325061465063574806e-01	-1.251431187679225010e+00	2.687723199149797404e-01
nan	1.708450540338095847e+00	-2.711168092517609596e-01	-2.243489136255558680e+00
nan	-5.115344497178792027e-02	1.080827314009627393e+00	-2.567630594954302126e+00
nan	-2.466134508955876159e-01	-1.980099307433676459e-01	-1.010839454191921227e+00
nan	-6.391988634157330651e-01	-1.317096708873180200e+00	-1.830455268267867641e+00
nan	-3.446561098575335436e+00	-1.060667382559010274e+00	-1.270483393970187169e+00
nan	-2.614464830599396716e+00	-2.502124681081192570e-01	-6.698135740865285293e-01
nan	-6.364163300783076682e-02	-7.812208277643752918e-01	-8.395275361684306770e-02
nan	-3.210164142228425499e-01	7.124412915035529537e-01	1.482990743196076711e+00
nan	1.182942411917482062e+00	1.540894610675642928e+00	-1.080163327278108820e+00
nan	1.345461402788290961e+00	5.123315724383280534e-01	1.147710220738324960e+00
nan	1.964636479009107539e-01	7.462115787839492809e-01	-2.282294654396596623e-01
nan	1.279304761471625751e+00	-6.251764489756825860e-01	2.128251670508267246e+00
nan	1.968923285209153384e+00	1.646142368338544548e+00	5.266757910661342690e-01
nan	2.477701917649252294e+00	-8.147591064955979068e-01	-1.696781125981812632e+00
nan	-6.218918773361459262e-01	7.945133973443708753e-01	-8.425089804112126934e-01
nan	9.306756508600870781e-01	4.155109247567748687e-01	-1.152532348670853635e+00
nan	-8.330734336818010899e-01	-2.138437639067647389e-01	-7.942890307674550510e-01
nan	1.095691110670485191e+00	-8.655086322180886027e-01	2.811430194714081843e-04
nan	-6.554238484948078369e-01	1.971386253614986428e+00	1.251646838082861146e+00
nan	-4.391636839771437817e-01	4.898316768502230523e-01	1.277228660072212474e+00
nan	1.828728421389421488e+00	1.298390586422062176e+00	1.781073212785845961e+00
nan	2.616593882539948179e-01	1.789285789290779860e-01	1.709602609238034976e+00
nan	1.808335642039771152e-01	-6.245217669094049739e-01	1.157083471422656551e+00
nan	4.831506933811008375e-01	-1.036418963920025804e-01	1.076431784013128556e+00
nan	-7.482977411285640645e-02	-7.774488901059943835e-01	1.098991520726168902e+00
nan	-1.605209108477224644e-01	-5.501683465517370752e-01	1.333796008926351861e+00
nan	1.139007380312335282e+00	-1.198184747825637303e-01	7.357098740107498314e-01
nan	1.410724615573531349e+00	3.875779142734989136e-01	1.010154282547080395e+00
nan	8.299665414822995357e-01	-7.043415783415353237e-01	8.003877229377159841e-02
nan	5.263995899353961505e-01	2.953204337658453804e-01	1.638170393369585920e+00
nan	9.845849656328020671e-01	-8.116366734985092091e-01	-2.983806980750514093e-02
nan	-5.212434208563767601e-01	9.375051261047782081e-01	-4.639131928085618028e-01
nan	-1.886955732723794465e+00	-4.649629888373787434e-01	1.073405324441440989e+00
nan	-9.514305701153120687e-01	3.801700087140107431e-01	-8.412950425893175321e-01
nan	1.216192370687314117e+00	3.823023008866468508e-01	6.528806192083886906e-01
nan	1.228064049893283549e+00	-4.444569033385290524e-01	1.083667261531981119e+00
nan	1.280378911852185775e-01	9.242293713824502044e-01	-2.136170312457021103e-01
nan	3.898950003075825066e-01	3.694476904913216453e-01	-9.566166530577046023e-01
nan	-2.151694303217916548e+00	2.641181380922492661e+00	1.633620895019450403e+00
nan	4.484396662288488988e-01	1.442428286028798912e+00	1.713053738379114899e+00
nan	-1.579722662301532576e-01	2.294208406328092087e-01	2.252112629959993617e-01
nan	-1.492845724022678455e+00	-1.564082461808772528e+00	5.352090681136071337e-01
nan	-9.017051419107604548e-01	-3.040878747753209765e+00	-4.498118779834967551e-01
nan	-1.640158975797201935e+00	-3.349055084359250367e-01	-8.686290839005822439e-01
nan	1.248662119238717061e+00	-1.026340139177018829e+00	8.626656340781311272e-01
nan	5.479381506026143045e-02	9.169459481528825506e-01	1.778201164946956681e+00
nan	5.831869426814580981e-01	1.270473348049144802e-02	3.757445486317891326e-01
nan	8.519187130233560890e-01	-2.012369273840707073e+00	8.304556391642214930e-01
nan	-2.406029819006472725e-01	1.953810687392753542e-01	1.314322014744283007e-01
nan	-8.157346481764963242e-01	9.113507030227464834e-02	-1.679517707443598296e+00
nan	-4.416786524420089344e-01	-9.895789045515651638e-01	6.845622552184336129e-01
nan	-9.204397793484306867e-01	1.263639155125606761e+00	-1.025878220178012779e+00
nan	-5.397968982205834099e-01	2.032397248411543789e-01	1.621969811431393182e+00
nan	-7.561908683120784902e-01	-5.125005009657084276e-01	6.355343084186125813e-01
nan	-1.565949071088809097e-01	3.640923906593940274e-01	-1.537871600030979446e-02
nan	-7.188569948024705614e-01	-1.002217122291988227e+00	1.203017488415295266e-01
nan	6.892213706417712471e-01	-3.093203201856211670e-01	-5.724647060121480502e-01
nan	1.030932150874381420e-01	-2.042722106636211343e+00	-1.146045604627262460e+00
nan	-2.905600475506271430e+00	-1.128055720113063876e+00	-1.224912837763375562e-01
nan	-2.283969992435053165e-01	-1.502840986030737014e+00	-1.938269526400040188e-01
nan	-9.175109914908043951e-01	-3.422041105527433014e-01	1.157134049302506185e-01
nan	-2.413410279670494263e-01	1.505299618661391503e-01	6.121233760395499157e-01
nan	-1.171185393437744748e-01	1.507914970117504028e-01	-1.295597801912795333e-01
nan	1.555030238563830158e+00	9.782802233548245630e-01	-5.700704460731769174e-01
nan	8.587298792884230370e-01	7.077717390640416717e-01	-8.262032608188704108e-01
nan	9.998911433319012110e-01	1.265640781051443842e+00	-1.440236749944276973e+00
nan	-5.783453445037466389e-01	8.951074634188770363e-01	-7.912031100161032171e-01
nan	5.542201945083115033e-01	1.149936953072451695e+00	-3.374098594140847451e-01
nan	9.132796965012121015e-01	-1.408920126282663388e-01	9.827558147677649680e-01
nan	1.293444348402742250e+00	1.958013412521316665e+00	-5.049988803951672711e-01
nan	4.563484376046290092e-01	1.226196391437088806e-01	-5.527632287205610506e-01
nan	-7.362006458425393585e-02	6.702865690592239023e-01	-7.008115034060421467e-01
nan	-1.341766473948332150e+00	3.360003719708617997e-02	1.387235477674228834e+00
nan	-1.022569323691067955e-01	-8.107724936548488248e-03	1.154944084120867576e+00
nan	-5.667701327338845463e-01	-8.069827879162890794e-01	1.949050670676065744e+00
nan	6.581772522505996426e-01	1.373924834138044115e+00	-9.438243395509090528e-01
nan	2.581496089948892569e-02	1.387730308823818870e+00	-1.548325944458651904e+00
nan	-6.890235097504493478e-01	1.881168740082507895e+00	1.390420006852205015e+00
nan	3.124533689338297116e+00	-6.001307000552746906e-01	2.806387392621442212e-01
nan	1.731132297753194660e+00	6.051841748199588977e-01	-1.342922441912248077e+00
nan	-9.196917855875258452e-02	9.224228929636246743e-01	1.496653266762628387e-01
nan	-1.302091255292362026e+00	-1.758129739082861243e-01	8.248268911516845048e-01
nan	-9.952065573625064054e-01	-4.749848211042379531e-01	-2.372542082834869226e-02
nan	-9.637508465464681429e-01	-7.644212854026000148e-02	-1.140238752010634737e+00
nan	-6.161410533906911402e-01	-6.925491147509282852e-01	-7.265820382708970682e-01
nan	2.531414167027774553e+00	-1.250517593598408972e+00	-5.093988802502086299e-01
nan	1.051973115487880861e+00	1.352836980597371230e+00	5.302174382833579891e-02
nan	-3.428215299770881463e-01	1.475830286870981611e-01	1.891548610691517807e+00
nan	5.733348397223472226e-01	-4.756589042016916569e-01	5.735930223651610760e-01
nan	1.502300434347663138e+00	-3.537467163919897351e-01	-9.549376845423490634e-01
nan	1.145073562360077402e+00	2.021239577145106825e+00	-1.809264345051458389e-01
nan	-1.490777118328626027e+00	2.199805876274425032e+00	2.050224367797913505e+00
nan	2.594497135268046151e+00	9.002994669286985552e-01	2.621021242259954587e+00
nan	2.151843442375859894e+00	1.787783979573130733e+00	-4.357969242519406095e-01
nan	1.374803388841116858e+00	1.370845593473343227e+00	5.863423828393137249e-01
nan	-3.559871062250815621e-01	2.511459792354724385e+00	9.412449778912972409e-01
nan	1.459547055873998689e+00	3.001206818395957487e+00	4.395812130481103752e-01
nan	1.841914933121253650e+00	2.834157399666723531e-01	-8.695507099434018894e-01
nan	-2.014354034443293084e-01	1.119971361475209370e-01	-2.241757407565654336e+00
nan	-3.973050096434481149e-01	-1.124564113584601843e+00	6.050873694628833288e-02
nan	-1.097865725563988759e+00	-5.866361914169320180e-01	-1.047521204568949482e+00
nan	-5.835884136711320114e-01	-1.953312341952140319e-02	9.456089412238262160e-01
nan	9.307339242886987218e-01	2.604901749524352050e-03	9.849099366467820027e-02
nan	-1.920964710848261703e+00	2.910445836860338087e-01	-1.583159432982998549e+00
nan	-1.762696696051665235e+00	-2.657782532248911256e+00	-6.508300705913190320e-01
nan	1.016774694506916710e-02	-2.296765634205482520e+00	-1.565404974209019917e+00
nan	3.308400486270450802e-01	-1.181823970115704059e-01	-2.443151048690191285e+00
nan	6.532076166449473087e-01	6.206730153941220074e-01	-1.470874174698568293e+00
nan	4.430643233720688023e-01	2.081088886142679950e+00	-1.589998117795036192e+00
nan	1.092881440050258446e-01	1.819614049477218831e+00	-1.436283891000474655e-01
nan	3.545877071594960017e-01	1.271341362055999902e+00	9.977024369942729676e-01
nan	4.980957724273287202e-01	-1.555601119082135608e-01	1.113726511608806424e+00
nan	1.636504238960014845e-01	1.886328784729687236e-01	-1.074990456668988070e+00
nan	5.978415667962181379e-01	-5.639131225664139047e-01	1.381843465988874309e+00
nan	1.738320227305451660e+00	-1.721837527642993693e-01	8.963507188235297907e-01
nan	-6.720127471198922287e-01	-1.647960052248066964e-01	6.144453974719062961e-01
nan	-8.978882576273718996e-01	-4.527826693157616655e-01	5.748290967371726401e-01
nan	-2.023201176705818227e+00	7.838166646597847231e-01	6.177847825024608275e-01
nan	9.163228200333061180e-01	-5.332546135876210514e-01	8.701413536470747889e-01
nan	-5.745831853239380393e-01	-5.492786996486879181e-01	-1.507007658907636438e-01
nan	-7.458372913680910710e-01	1.240311395004949913e-01	-7.232532831799119988e-01
nan	5.212816031622879986e-01	-1.219618803496906434e+00	-3.510620308792852251e-01
nan	-8.584591422361994573e-01	-2.117510779841405566e-01	2.284729103253438365e-01
nan	-1.230203966136112825e+00	-1.044452659276192685e+00	-2.367103219462574348e-01
nan	-9.140817866246702117e-01	-1.959899166155844585e-01	-1.001025146030976476e+00
nan	4.459624574966815080e-01	-1.834659252575617794e-01	1.150315205473272151e+00
nan	-4.469633864657024946e-01	-5.982663551269974400e-01	-4.212653694633367030e-01
nan	-1.586223159848567876e+00	3.030530945727756831e-01	1.387298754933146139e+00
nan	-7.804672240956317397e-01	-4.417499509056924123e-01	1.238949753168757661e+00
nan	3.630508458921431481e-01	-2.376859045676905646e-01	-8.649481452644631752e-01
nan	-8.067134811278222628e-01	-5.462692812222168515e-01	-3.330805208458366140e-01
nan	7.997397313345810943e-01	-1.855467059590425016e+00	1.839192808815097280e+00
nan	-2.474915266647645384e-01	-7.666797256194303190e-01	-2.247212276584908131e-01
nan	2.438262313510872192e-01	-1.646307093695131174e+00	-3.793701807794613856e-01
nan	-1.396691783959068900e+00	-1.486590129092898449e-01	-1.380347901452075310e-01
nan	-1.611589226205331959e+00	-1.747591427166867994e+00	-4.272417382130429264e-02
nan	-2.326081554411935759e+00	-2.550896024307202303e+00	3.217735261497428612e-01
nan	8.373580313772266415e-02	-1.337296279403873855e+00	6.964810418837834582e-01
nan	9.502556229485883965e-02	-7.952335169821422856e-01	-2.265896257957231708e+00
nan	-2.625283206871593222e+00	-1.335834689645662987e-01	-7.484047582621126127e-01
nan	-7.240575933484794113e-01	1.047702031424812663e+00	-1.565058859188887652e+00
nan	2.188248562753070559e+00	-1.487146262799846186e+00	-5.502837747955424685e-01
nan	-4.356984671457551084e-01	-1.532157655005143893e+00	-1.123035318290153350e+00
nan	-7.358912733016764740e-01	-5.372156105134906490e-01	-1.097449741032896275e+00
nan	-5.298935644177096282e-01	-7.789739104584307849e-01	-1.238955873782199957e+00
nan	3.232174489035168907e-01	-2.672538954708123526e-01	-8.762586031741275150e-01
nan	-6.815239223565018323e-01	-5.276231857137702042e-01	-7.533516032995459799e-01
nan	1.098805068423751141e+00	-2.387397430425311384e+00	-8.805793601836009454e-01
nan	-1.311837878202407159e+00	-1.259398568408862218e+00	-1.385385723703613570e+00
nan	-1.715531567329122709e-01	3.941219805086131345e-01	-7.306041299845634773e-01
nan	1.077653687258030901e+00	1.155110536889726591e-02	9.609497161027285017e-01
nan	1.100726387263301076e+00	8.262436625936150913e-02	-7.064437260402234298e-01
nan	2.479949048422066260e-01	-5.975371671619771341e-01	3.128785982786818631e-01
nan	-2.075891309610458535e+00	8.805263023519392940e-01	-1.823596577572288990e-01
nan	-1.507789317601722967e+00	-5.175066836058388464e-01	-6.693116040655683330e-01
nan	-5.264077711505377177e-02	-2.883400211151196046e+00	-2.544363032443140993e-01
nan	-2.690563018962962349e+00	-1.362290951307008946e+00	-5.242106296713531233e-01
nan	-8.090593988169175743e-01	5.846226864316153016e-01	-2.250454576039728205e-01
nan	2.428873003761441163e-01	3.462978786893620708e-01	-2.265563101512966249e-01
nan	-1.013760729011786932e+00	5.235551925736506851e-01	-2.314148283819022489e-01
nan	1.086065871761171753e+00	5.143724274270967678e-01	-2.679455265856041379e-02
nan	3.026283296083623897e-01	2.007149223975619456e+00	1.114065890880415299e+00
nan	8.821737610468947111e-01	4.105910833208781252e-02	-1.260068407693978099e+00
nan	-9.909011854286632337e-01	2.603960347198540082e-01	6.516269929668841998e-01
nan	1.100541998395270227e+00	1.988219593675835561e+00	-1.173155427493539626e+00
nan	7.334421372771176006e-01	-1.480327783975315947e-01	4.604215656673071866e-04
nan	-1.267258766895057176e-01	5.155886746031034251e-01	9.877851017935217470e-01
nan	1.962398215774544319e+00	-1.026312547413882337e+00	1.059489641541136451e-01
nan	3.613800558116725403e-01	4.252848073472970114e-01	-1.621472517458999674e+00
nan	2.503985539894285628e-01	-1.731321664386082926e-01	1.905958442574062106e+00
nan	1.497995936530229555e+00	-9.080847773496067976e-01	3.860892987528393716e-01
nan	-8.093786253144874543e-01	-1.371955303581572083e-01	-6.723426273906056849e-01
nan	-2.384208269715787365e-02	-6.185869365436716394e-02	1.407767451622563559e+00
nan	4.631763435057193457e-01	6.746983294846387036e-01	2.568015279989813937e+00
nan	1.279904954419312180e+00	1.486241438301867612e+00	1.539527096600024070e-01
nan	6.341920178388813500e-01	8.260590641541079027e-01	-1.790399244757638342e-01
nan	9.873021986184100651e-01	3.089436481477396690e-01	6.516561510976688343e-01
nan	4.311266681798690548e-01	6.526306118427509517e-01	2.089942300641051798e+00
nan	2.411844416312902251e+00	-5.271199476417947061e-01	6.767887034377897404e-01
nan	1.423090805115296842e+00	8.449806442116616356e-01	-8.115220392648897496e-01
nan	8.449338666333783276e-02	3.416785106842251007e+00	-3.722860404913543864e-01
nan	1.499425118215521380e+00	1.372215317811077862e+00	6.641726344696323725e-01
nan	-5.259984459450595118e-02	1.456499206327246831e+00	1.139275901909827304e+00
nan	9.111532204422901904e-01	3.993617433475688538e-01	1.635987637540596840e-01
nan	9.771772796328870303e-02	1.087348326650081076e-01	-1.552274719096967237e+00
nan	2.947768111905507138e-01	-4.757298234541051246e-02	-5.597901137979941488e-01
nan	7.006725583223886167e-01	2.244203809321479337e+00	-1.184019700156624610e+00
nan	3.608689469763033397e-01	9.501010481357865523e-01	4.877138294556297993e-01
nan	1.155861807718716605e+00	-1.067475598319367891e-01	6.826974837000404639e-02
nan	3.100574050866365949e-01	-1.603681097324800797e+00	4.778754802909948030e-01
nan	3.915353907243704357e-01	-7.551771115687487823e-01	-1.623728148957581663e+00
nan	-1.301791717182783081e-01	-1.558184565396925292e+00	-2.540813118212482458e+00
nan	-1.241805105652605157e+00	-9.947879471630522996e-01	-2.425073067580853614e+00
nan	-2.309464160617078932e+00	-3.293348490698393971e-01	-9.595102158129032999e-01
nan	-1.201509822876592137e+00	-1.956469767374686697e+00	7.303256552049175454e-01
nan	3.788906079789893244e-01	-7.530204221542606824e-01	-5.450435281440840773e-01
nan	-1.483184366958303080e-01	5.036575062272381498e-01	-1.026810576232433103e+00
nan	-5.289048985498776001e-02	1.170986866782719460e+00	-2.597338146614510457e+00
nan	1.243909940269290471e-01	5.622428188419958950e-01	-8.773154305119352792e-01
nan	1.220422979563930310e+00	-8.172619724098277860e-01	1.006694766476294634e+00
nan	1.656017373165332263e+00	7.287201486292878005e-01	-1.069398532105673150e+00
nan	1.294003451056540577e+00	6.219282230011288215e-01	-6.741299301775236508e-01
nan	-4.785503715461806862e-01	8.252781866497846952e-01	-1.154565121309674813e+00
nan	7.858449218485966670e-01	1.520420819595791118e+00	2.682911067285031481e-01
nan	1.748629086769338148e+00	3.216966509399265650e+00	-2.067392325173472711e-01
nan	1.848163684472086787e+00	7.329205828812019874e-01	2.430968360621533986e+00
nan	2.381964745060298760e-01	-1.833730275287744238e+00	-1.926374358307512136e-01
nan	-4.160765919474258556e-01	-4.234089105649828100e-01	-1.628559675043423471e+00
nan	-1.026402198221254558e-01	-2.553408409136606605e-01	-1.650004206897264680e+00
nan	-5.244147824380193113e-01	-5.008601720743013352e-01	5.189546882571220987e-01
nan	7.103851219923157378e-02	-1.184825846045572284e+00	3.932457439026789126e-01
nan	-1.185089288956219900e+00	-1.229715208570792528e+00	1.993903530647312294e+00
nan	3.087867978309264960e-01	-1.490208222456723686e+00	1.469675489261618395e+00
nan	-7.256701421074484015e-01	-8.024030929524875733e-01	-5.039376551142058513e-01
nan	-3.912286020366677608e-01	-2.217922031692918683e+00	5.225639331203432159e-01
nan	-8.696083550078305136e-01	-1.558534950040346923e+00	-2.983961777555627082e-01
nan	-1.373625846357081848e+00	-5.287530606602964811e-01	-9.823866554663760464e-01
nan	-1.357267584162612950e+00	-8.886414042090901022e-02	-6.940138790033208993e-01
nan	-4.539501521154725716e-01	-9.335058386601065017e-01	3.741638090057535226e-01
nan	1.204541212640395154e+00	-1.115426566326550351e+00	7.869649863552197200e-02
nan	8.446131040704142334e-01	-1.309757602520817077e+00	-1.723359318092090309e+00
nan	-7.417485384403340598e-01	-1.028521120608362649e+00	-1.677276806487720151e+00
nan	-1.642884556717401967e+00	2.126191752516528588e-01	-2.096116577673438730e+00
nan	-5.694718563977786419e-01	-3.450326730768100703e-01	6.994717949021497239e-01
nan	-4.794372130771228924e-01	-1.194085771567039211e+00	1.307665892152117593e+00
nan	-2.818939317281830004e-01	8.781366423701159052e-01	2.226084292628646710e-01
nan	-9.488683579526503431e-01	1.307852893485240031e+00	-1.382338101788345597e+00
nan	-1.343641446376122150e+00	-1.033774946807070716e+00	-1.425058517899639721e-01
nan	-5.653492663438041133e-01	-7.009140630490866553e-01	-1.505392057660128069e+00
nan	-2.235531099450449588e-02	-6.743991797414976563e-01	1.158165253069841416e+00
nan	-2.470744086516805660e-01	-1.432762768081455196e+00	1.255798735592724480e+00
nan	-8.655886040895669487e-01	-8.148888988914289033e-01	-3.488215347461456339e-01
nan	3.828952117686451606e-01	-1.894400351655160186e+00	-1.010619711450487124e+00
nan	-8.668075636217051905e-01	1.405751750642052489e+00	-1.072793919622788694e+00
nan	-1.515265328131750966e+00	-5.612823826532722937e-02	2.497090932993253354e+00
nan	-2.281096643720837425e-01	-1.547855310038624532e+00	1.865493318254989985e+00
nan	-3.775651853159660565e-01	-1.504500942438670164e-01	2.520820365591403545e-01
nan	-9.621261343543903166e-01	-6.312026520786531147e-01	-7.515137611138320572e-01
nan	-3.072696144614748825e-01	-1.670597183073511349e+00	-3.614096046905113657e-01
nan	1.221030500406381947e+00	-1.162036847525762306e+00	5.740535072463095467e-01
nan	-1.046531899909484586e+00	-6.492908688845044907e-01	-2.146887615091451096e+00
nan	-1.484048281075536657e+00	-1.143653569549376581e+00	-1.020786279372437377e+00
nan	-2.982636369984030367e+00	-2.172159076914558895e+00	-1.926508156803486971e+00
nan	-7.422863129184016362e-01	-1.767191272135696156e+00	1.150958075636062006e+00
nan	7.382412408057880127e-01	-1.293576609589257131e+00	-1.248136634601033912e-01
nan	2.534381797755419496e-01	-1.947749811390854457e+00	-3.830786874224041405e-01
nan	-1.296672153344925915e+00	-2.931480548066702774e-01	-1.899614091362351376e+00
nan	-2.065933417115275894e+00	-5.222446465971934959e-01	-1.008440489331671852e+00
nan	-1.563942754375223121e+00	2.290305900949120010e-01	-1.341813515168607474e+00
nan	-1.074748769443692353e+00	-6.912778133016954651e-01	-1.897393685695349053e+00
nan	-3.726429193978156862e-01	-4.143540957704670569e-01	-1.420296520885820257e+00
nan	-4.749547951489012654e-01	-1.672583499388007322e-01	-1.384258233202719124e+00
nan	-1.978663992830751228e+00	-3.362998940558261096e-01	2.815317696691053140e-01
nan	6.449512558590847489e-01	-5.461891258434770080e-03	1.375813319266666390e+00
nan	6.355066743877483271e-01	1.028181551538652094e+00	-1.147012247848267830e+00
nan	-2.830064240133864373e-02	4.787698633486683897e-01	-1.494534130030528596e+00
nan	-1.354953333972115648e-01	4.525470906177972430e-01	1.215243662735515096e-01
nan	-8.744833795400615006e-01	1.293961784388846681e+00	8.165712788848655812e-01
nan	-9.328098389820782543e-02	1.324410311221517977e+00	1.993131265960294218e+00
nan	7.465922729306525563e-01	1.953860928756717241e+00	1.815066574065304472e+00
nan	-9.024006878441264146e-01	1.894125800648009950e+00	-7.064270173033231348e-01
nan	4.436842291619973455e-01	1.018077973948987580e+00	5.410888591803267866e-01
nan	-1.833436012833051354e+00	-8.837690282961923049e-01	2.040728479210440316e+00
nan	-2.280752384383030185e-01	-4.332190793878231694e-01	2.760315763825571533e-01
nan	-8.889109268216777160e-01	1.154972808369943760e+00	-2.032806749715938832e-02
nan	1.424140380298338115e+00	3.298667623798023918e-01	-1.261223803269763799e+00
nan	1.249903350085518339e-02	1.132560402614185779e+00	-1.785241952886525763e+00
nan	-2.224284037044069517e+00	4.243255203024923761e-01	8.668912823694516212e-02
nan	-2.034733527886092741e+00	-1.074587080464002309e+00	-7.045140398497087286e-01
nan	-1.580493827347126956e-01	-1.576360873687561837e+00	-3.458335969424752854e-01
nan	-8.686341743104745161e-01	-1.003051986738517476e+00	-5.045560611844437382e-01
nan	-1.909938769346873233e+00	-9.921007316128062081e-01	-4.611877906587742437e-01
nan	-4.296688895499199967e-01	-3.748788752458583340e-01	-1.917823355195753088e+00
nan	3.688652608129305843e-01	-4.891516338866831459e-01	-1.418169074663268692e+00
nan	1.888326039236052356e+00	1.784545529411411202e+00	-1.285748549720553413e-01
nan	9.075766312603500419e-01	1.413090715361527749e+00	3.780683097950662264e-01
nan	-4.996838660185991543e-01	2.355907358130436169e+00	6.429636277553654189e-01
nan	1.804417985158311755e+00	2.167923249115897288e+00	1.196050634351933928e+00
nan	2.699354473445719549e+00	-5.914700779173165390e-01	1.006198402948430548e+00
nan	1.909215799582443474e+00	7.138207049583852326e-01	-3.405905866318281294e+00
nan	-9.560062294229083601e-01	-1.357164877407983861e+00	-7.033583511106165087e-01
nan	-1.555535034185595578e-03	-4.458745582419598730e-02	-2.273323958687259339e+00
nan	-2.340608812888591572e+00	7.833102735375456760e-01	-3.964995511405841611e-01
nan	-3.855126234992130585e-01	-1.156762237769039192e+00	-4.376077791218446755e-02
nan	-2.125583882426782090e+00	1.134933921015479630e-02	-1.436150161905591416e+00
nan	-3.003159304146747033e+00	-1.992184665719477277e+00	9.957308329459640950e-02
nan	-2.908013309105879074e-01	7.229017503607693129e-02	-2.719768159912318017e-01
nan	8.700368577790240643e-01	-2.069010611826552770e-01	-1.153235186294828019e+00
nan	7.297501783809448028e-01	5.647671052289364724e-01	-1.454733255876281550e+00
nan	4.409106494916425478e-01	-1.669933734627301103e+00	-1.288575816707275168e+00
nan	9.893143206344288121e-01	-2.210675575956599359e-01	-2.905352124952162107e+00
nan	1.708496751620056653e-01	-7.649956559710267001e-01	-2.701218858725832117e+00
nan	2.404038840468222915e+00	5.048179178195899564e-01	-9.347035422790048731e-01
nan	-5.604901084979591053e-01	1.421761387477748606e+00	-8.152824168363375090e-01
nan	1.252530088399804731e+00	1.207742584590540957e+00	-1.602345937836399115e+00
nan	3.116919758964680209e-01	-4.087979911919414899e-02	6.189211605425140039e-01
nan	-5.738655751014620776e-03	6.554800588142523088e-01	1.328572502719946868e+00
nan	8.105036665915247296e-01	8.474570894107977814e-01	4.325049393695277189e-01
nan	-1.316559822588746487e-01	1.559196925043914828e+00	2.611788429591863636e-01
nan	9.327698550366538832e-01	1.990970850474387044e+00	-5.106876132215232289e-01
nan	5.106555639620867781e-01	1.875498880128481982e+00	1.120629851092154849e+00
nan	1.553852899208584937e+00	1.326587334004391217e+00	6.382362267079593199e-01
nan	5.888454236591685875e-01	-5.819938465209040235e-02	-1.181701572538629952e+00
nan	-1.212939090342415538e+00	7.459056301902107222e-01	-4.596472155023407224e-01
nan	-7.612814344233016506e-01	-2.086921022874414167e+00	4.732778398063696157e-01
nan	-1.087786523508420533e+00	-7.811915135290850021e-01	-2.473223882163026133e+00
nan	-2.533985017388309391e-01	1.039640495077772009e+00	-2.605463948858385281e-01
nan	1.630711710713994789e+00	1.033982174302884083e+00	4.762305943434554933e-01
nan	3.308453500969676941e-02	-6.374276038737788364e-01	5.308853106208849537e-01
nan	4.177640302390144278e-01	1.127612070240687492e-01	8.760716090439643056e-01
nan	3.079044534776208764e+00	9.612467712658728791e-02	-9.049907602318888467e-01
nan	5.750142737122408976e-01	1.654561069833210496e+00	7.012471470343134561e-01
nan	3.536298996232017267e+00	-7.558794375690167655e-01	9.281426948628923590e-01
nan	1.160824535017108694e+00	-2.840025177424476688e-01	7.399640039004334868e-01
nan	-3.624088992720381763e-01	1.354016900966834580e+00	5.308917059207578504e-01
nan	8.871434845795661550e-01	-7.252582984809980982e-01	-1.000828098677291944e+00
nan	-1.458837926376290062e+00	4.722109744116939067e-01	1.171703355006055158e+00
nan	-5.797238201077462572e-01	-4.362430292990452374e-01	-1.746843548762803344e+00
nan	-1.380839089107380957e+00	1.418497179202167779e-01	-1.154263397429208471e+00
nan	-6.574591154603619536e-01	-7.928095081452809501e-01	1.839137265576855640e-01
nan	7.779844393527106661e-01	6.216067511865728257e-01	1.420684938596627367e+00
nan	8.403915711909377695e-01	2.065344395150477297e+00	1.580530340593557570e+00
nan	6.636372589614522033e-01	2.493085725340749015e+00	1.730333189424509754e+00
nan	1.292763074868480855e+00	1.969939144438611622e+00	1.570874846178122564e+00
nan	2.623478853844154912e+00	1.965960681002184351e+00	1.685278433107583851e+00
nan	7.374135401591914718e-01	-1.047208542357813688e-01	1.945268466525767792e+00
nan	2.106518023885132207e-01	5.935287447499230096e-01	1.099778636813446120e+00
nan	-1.933429245077172398e+00	2.006056039049027850e-01	3.071620870370638245e-01
nan	-2.172644354353063356e+00	-2.720496355127852706e+00	7.083686497951738881e-01
nan	-7.072644983720894896e-01	-2.058575300647941919e+00	-1.806028621547141721e+00
nan	-5.246784700892422881e-01	-1.338318979826599309e-01	-2.146979846901317046e+00
nan	-1.868573349809516504e+00	6.306541507836171956e-02	-1.249155569305721691e+00
nan	-6.679936797431672568e-01	-2.180138811094679774e+00	-6.217876462522500258e-01
nan	-1.861810172389203988e+00	-2.093097885520987411e+00	-1.563828542139359179e+00
nan	-6.351235976450884113e-01	-1.424808405237532050e-01	-1.582783317347424834e+00
nan	1.574517131121880187e+00	-4.349850295407856060e-01	-8.284174520770064554e-01
nan	1.378458361805314780e+00	-8.258010146818388630e-01	-6.938224508655972400e-01
nan	1.888806285284546360e-01	1.628081872710763323e+00	-8.410193434570325532e-01
nan	2.078795983960040505e+00	-3.016094454242365108e-01	1.269410775221265109e+00
nan	1.211729934282970378e+00	-1.341550878382949730e+00	-5.916830150850732606e-01
nan	5.911228655988663983e-01	-5.178542605218900974e-01	-9.470153483594236921e-01
nan	2.575802459999475325e+00	-1.005094611899770563e-02	-8.901712441060420922e-01
nan	6.512042460625067086e-01	1.510539017458921496e+00	4.963445610379819128e-01
nan	1.255936396892886719e+00	-2.604061899646475942e-01	-3.783359807187410828e-01
nan	-3.784159119124875792e-01	6.476227125762006320e-01	-9.749510381507588141e-02
nan	1.937718164463116066e+00	1.389040170405690944e+00	6.667853793459053158e-01
nan	1.028649744736265248e-02	1.621558675388917736e-01	2.551324692453365572e-01
nan	-2.029283035795124590e+00	-7.196893733303642016e-01	1.160320375803678639e+00
nan	3.289078922352023371e-02	-9.325684648773796548e-01	-4.683732112677764237e-01
nan	-2.627449124615581777e-01	-7.986393835182221679e-01	1.023893653543050064e+00
nan	-4.738483620945663222e-01	-5.816714085468656092e-01	-2.773828987512160227e-01
nan	-4.544817808831251860e-01	-1.219382154093019421e+00	-1.322755905829755108e+00
nan	-1.124175595003480632e+00	-1.529400046288637016e-02	-3.891963790356051667e-01
nan	-7.264596042965865141e-01	6.254284581058255910e-02	-1.782799814206058597e-01
nan	-4.092017470206581464e-01	6.215823555572635994e-01	-2.175459517756355432e-01
nan	-2.003115346309221945e+00	8.409493674205625879e-02	7.880678986474196623e-01
nan	1.119421358411782919e-01	-3.220840383396799123e-01	4.183129225463695366e-01
nan	-4.284007506246626518e-01	-2.172176811175710043e-01	-3.593638950182382885e-01
nan	-2.914825679292240568e-01	1.191332994334464601e+00	-2.373256006588567724e-01
nan	-4.182851202583428574e-01	-5.261162466516733360e-02	2.992880227858659148e-01
nan	2.021181853908021075e+00	-6.304525018821458549e-01	6.143700558414404156e-02
nan	-1.989794764868759169e-01	1.268701435401198285e-02	-2.732986337018054712e+00
nan	-4.960665225411239332e-01	-8.711676913844823567e-01	-2.819871234287170125e+00
nan	-3.726691720122184970e-01	-9.406485319735832240e-01	-9.172375495614717433e-01
nan	-1.141456186885094981e+00	-6.254509506152420295e-01	-1.623778209591774768e+00
nan	-3.141008137406756440e+00	-6.524422025145789616e-01	-1.693185819932702119e+00
nan	-2.371537304172826044e+00	-2.569534862647316675e+00	-1.699289524901762549e-01
nan	-2.162932781185499032e+00	2.927232669486470318e-01	-9.030482738766705264e-01
nan	3.861767200995235294e-01	1.015180852374291121e-01	-1.846718458905706406e+00
nan	1.879818111980229856e-01	-4.787069471182777702e-01	-1.541544630609779309e+00
nan	2.460974863637414023e-01	-1.572443384390594667e-01	-1.013241870357966201e+00
nan	-1.362640213858820060e+00	-1.295144792659559396e-01	-2.293127216536939850e-01
nan	1.096392565396435259e+00	-1.231888352843425238e+00	-1.284556223910134243e+00
nan	2.439386162376776523e-01	-1.348775895365006194e+00	-2.047122298365823490e+00
nan	1.180779329509217934e+00	-4.419984972795437672e-01	-1.031760302199348001e+00
nan	5.590818084010476530e-02	2.285166015534461081e-01	-1.566590168018590967e+00
nan	4.330881343787127413e-01	-6.698324123299022048e-01	4.220601006309347980e-01
nan	9.924578080009006653e-01	-3.514755100550641109e-01	6.490106527216495946e-01
nan	1.611684758296290931e-01	1.603903653249225014e+00	-1.464752096879806675e+00
nan	-7.144186367168507967e-01	2.146766237936249322e+00	7.283466276307364318e-01
nan	1.600765760234235779e+00	1.321956840884520590e+00	7.207940231468241699e-01
nan	-3.751181107843550855e-01	6.868819665438166133e-01	1.829482092256806469e+00
nan	2.021564782678877847e+00	1.731370422095774186e+00	5.685293076261729306e-01
nan	1.923954140616971342e+00	-2.021932585868415622e-01	1.573118510021453975e+00
nan	2.279872125126267246e+00	1.465199136814385295e+00	-7.780001316740012829e-01
nan	1.772976743239548458e+00	6.522901078381212470e-01	1.693278660031557192e-01
nan	-2.771611563198376205e-01	4.435909442315593143e-01	-1.526929210828961603e+00
nan	6.486900223763827356e-01	-2.100515425692470295e+00	9.034563063784417647e-01
nan	-1.276676616520830088e+00	-1.158917682949810457e+00	8.474765773488188714e-01
nan	-1.729562307479909355e+00	-1.740469836510183388e-02	-3.134674866370620872e-01
nan	-7.761941137946873903e-01	7.036319922658154091e-01	6.737832359011700634e-01
nan	9.514643296431357644e-01	-3.293054222546750731e-01	1.118632608247147830e+00
nan	9.249122716940495481e-01	-9.468138618735311152e-01	-3.711385738578801829e-01
nan	-1.846947849183223189e+00	3.442008357755098613e-01	-2.652126189597217021e-01
nan	3.708983275312641714e-01	2.912629859378318420e-02	-8.526571173942018023e-01
nan	4.692047030839680000e-02	-3.265466681445859665e-02	-1.806852972640501598e+00
nan	-1.217608930687728686e+00	-2.250477559499946545e-01	-1.934238227353157313e+00
nan	-2.310564274203934065e+00	-2.053498571150440100e+00	1.682040769044177653e+00
nan	-1.310366002658254203e-01	-9.785440940748331151e-01	1.899384351870670340e+00
nan	-1.204285603017410500e+00	-5.351798428229845861e-01	-2.412851169330525014e+00
nan	-1.058070907920564796e+00	-5.979107279469344505e-01	-1.272214959667902878e+00
nan	-9.842170747029166389e-01	-2.117507922327561243e+00	-4.267308258516802066e-01
nan	-1.557226649684892994e+00	-1.832975331425202858e-01	-5.525180806485604501e-01
nan	-1.396528847137964657e+00	4.075641975221028224e-01	-1.131343250816096158e-01
nan	-8.285505800076600202e-01	-1.141195261153108209e+00	1.871327365913666441e+00
nan	8.683498225799978210e-01	-8.927592831670488893e-01	2.602278898210650393e-01
nan	-4.031547856612290870e-01	7.477538674087547133e-01	7.212004390582674729e-01
nan	8.710485588249483602e-02	6.617326704076355037e-01	-9.761874597610835647e-01
nan	3.622347702368781674e-01	-1.479048593153891922e+00	-1.427952838955252879e-02
nan	-2.995318905201138637e-01	1.269498771692149752e+00	2.542272799171842457e-01
nan	9.987832718602052129e-01	-1.782014044333389835e-01	2.864769536012186091e-01
nan	-7.466930512717320223e-01	9.421265204083847378e-01	-1.684883563913681381e-01
nan	1.387006697079177786e-01	7.824733143749569297e-01	1.313408105527203107e+00
nan	-2.095001429426935902e-01	2.883393566642360462e-01	1.390124671353226926e+00
nan	-5.211854251908702995e-01	-1.174516674061724109e+00	-7.150890638249237652e-01
nan	-5.647504168446002559e-01	-1.452993467848046727e+00	-1.607850781213249203e-02
nan	5.315876514768301808e-01	-1.579839823834972456e+00	8.204289101651368599e-02
nan	-2.097467187086943241e+00	3.549200485798923999e-01	-4.799915274651961883e-01
nan	-1.329094687004039876e-03	4.541138595036077197e-01	-4.210468926163118408e-01
nan	-2.281346789337297953e-01	-2.708343102318364615e-01	-1.029278196175401838e+00
nan	-2.007900909136016931e+00	2.070030118814010223e+00	7.765677390177888606e-02
nan	-2.629282809046900038e-01	1.066901232594262838e+00	-1.927031728910539421e+00
nan	-2.685253289044618463e-01	2.617637040660438341e+00	1.322513672414446506e-01
nan	-8.904434702441220706e-01	-1.793391468825025425e+00	-4.475934613001042450e-02
nan	-9.768721142098586441e-01	-3.034484432566663337e+00	-8.749689623945455796e-01
nan	-2.315776320184162351e+00	-2.936718813964187547e-01	-2.504026321999336169e+00
nan	-1.702895438231786462e+00	-3.520129112328085896e-01	-2.057057138092726944e+00
nan	-1.792931464730535884e+00	-2.126243920219005545e+00	-4.158143479922593588e-01
nan	-3.302147058330302087e+00	-1.992619273240955113e+00	-5.760345921374971923e-01
nan	-2.296070013310906432e+00	-1.837095438082133159e+00	-2.888206801352812270e-01
nan	3.659563033888777461e-01	-6.428588704251251285e-01	3.104637755435768476e-01
nan	-7.067345938700021479e-01	1.339533823497192355e-01	-5.000329053325596185e-01
nan	-4.312571615963560201e-01	-7.719407321537461453e-01	-8.649982530351586762e-02
nan	-1.566498623637964771e+00	-1.183346483177546649e+00	6.682224282579669605e-01
nan	-2.280201770534342920e+00	-6.661733508391938230e-01	-1.591791178516022143e-02
nan	-1.211666821459573828e+00	-1.900042744636584624e+00	-1.308473474341931564e-01
nan	-5.688161458584384267e-02	3.788073589464606705e-01	-1.041811228273255452e+00
nan	-2.801419478734965551e+00	9.308075003593092589e-01	5.285085870573222877e-01
nan	-1.783699371457520000e+00	-6.960393315737101183e-02	-2.502820333893757132e-02
nan	2.780635762215601936e-01	-1.773604987775848851e+00	-4.964560520908652408e-01
nan	-6.872702626937490233e-01	1.165403404287832956e+00	-4.747486674936799989e-01
nan	5.787098525085219158e-01	-8.889696479327788836e-01	9.536230457985617193e-01
nan	1.290995245115932333e+00	-6.742292961261743267e-01	2.606266367651552951e+00
nan	1.261860242293686873e+00	-1.825213578327000985e-01	2.958225492728179806e-01
nan	-1.461451085998339838e-01	7.736132160362991783e-01	1.231058412605086971e+00
nan	9.464385671119440735e-01	2.133445057580401816e+00	2.717991422803007318e+00
nan	2.885622176593596322e-01	-3.544181552372671629e-02	3.787189232804724526e+00
nan	9.408761765373556685e-01	-1.466649004481936913e-01	1.496458661986028060e+00
nan	1.128748183242370473e+00	1.581954808957501735e+00	-1.334069915303079723e+00
nan	1.804251012251477215e+00	1.342576680948877943e+00	-5.203731822793089545e-02
nan	2.036179089684123866e+00	1.532794820873328412e+00	9.975068363002717042e-01
nan	-1.323985272124594825e-01	1.614157584182144944e+00	4.597979127108761666e-01
nan	-4.362637101434378994e-01	1.958088115405126617e-02	-1.294631551845470963e+00
nan	-3.794198729786096846e-01	2.552857058669584234e-01	1.916593228452027065e-01
nan	2.112848763956754805e+00	-5.845193342077601439e-01	1.873195388637266978e+00
nan	-5.628814931157097856e-01	-7.931629668139881240e-01	3.106902430379794300e-01
nan	-1.435878366293812824e+00	1.397067320803407342e-01	2.762987662724553095e-01
nan	-1.276827707700295633e+00	-9.409231288612357469e-02	2.970803142144422537e-01
nan	-1.808343136180486255e+00	3.921169177076168078e-01	7.165238125831541183e-01
nan	9.888738049908687433e-01	-1.012485516400126739e+00	1.283591529936413345e+00
nan	1.041737202990535183e+00	1.277130841558407504e+00	5.612536424445560002e-01
nan	1.017255125560872830e+00	9.406460989984470888e-01	5.663980270231838698e-01
nan	1.119394576586004053e+00	4.739480268981483557e-01	8.233224870005416696e-01
nan	8.391091493708280336e-02	-4.345530853526343162e-01	2.462173073584723038e-01
nan	-2.882193845016005174e+00	-5.301968669818263313e-01	7.218844250257298867e-02
nan	-6.632822571132577227e-01	-9.502661850730420579e-02	8.543909035162620125e-01
nan	-6.793184661863336249e-01	-1.484703269412188886e+00	1.191271339258364481e+00
nan	1.150995537427054849e+00	-8.181840528121979705e-01	9.299520148817442822e-01
nan	1.321651903479976742e+00	-1.410349321658351140e+00	-4.887544886392156673e-01
nan	2.485796324490173181e-01	-5.987664933668376821e-02	6.925907620263183073e-02
nan	2.346163565844497922e-01	1.865665612896432179e+00	2.464564780495097196e+00
nan	2.225250736200687030e+00	1.734384434000282305e+00	6.130747805579983556e-01
nan	2.162849011838254398e+00	1.789428893615783611e+00	-2.409077914435175938e-02
nan	9.744862306206600877e-01	2.316052689206889337e+00	-1.105242011610449548e+00
nan	-4.270204703071545094e-02	1.848553510879458406e+00	1.589672361200138440e+00
nan	-9.888834176761267525e-01	-4.821978705285847600e-01	4.301876795953182286e-01
nan	3.807331050039161613e-01	6.691102359603360306e-01	1.163435998555428119e+00
nan	1.871952041151793589e+00	-1.083010492865114527e+00	2.559548347804785906e-01
nan	1.782484694713174500e-01	-9.152528006350177936e-01	-6.913556984384794379e-01
nan	4.501489298746886303e-01	1.462223598582780948e+00	-1.668077843371009950e+00
nan	-1.875267114787693701e-01	-1.133985293830945373e+00	1.491268846965556338e-01
nan	-1.866851312584896005e+00	5.835044776710878178e-01	1.175823900254183929e+00
nan	9.328807088626571709e-01	-9.021368912117804229e-01	1.618970792769713896e-02
nan	1.466153970282114472e+00	-1.561452068779742186e+00	6.175038794541776177e-01
nan	1.124989200383199162e+00	7.096273758497911865e-01	4.716954985010426427e-01
nan	1.176276447789547541e+00	2.830004426278764917e+00	3.052781448194508696e-01
nan	2.440560112849419205e+00	9.953767552075790670e-01	-4.591790331718476059e-01
nan	1.031634678750607659e+00	1.787844750235146218e+00	-1.168780620325375441e+00
nan	-3.210755548953297400e-01	-1.601884135841762369e-01	2.380029427647037954e-01
nan	8.025056286660183780e-01	1.670325221050297793e-01	-2.173692915997261998e+00
nan	9.725962595833410607e-01	8.854022478239288452e-01	-1.983128499101788345e-01
nan	-1.201653840016345121e-01	1.301922715235445782e+00	2.823540906430954678e-02
nan	-4.161989279657963281e-01	6.018804305282698941e-01	9.869053631540025684e-02
nan	1.890363790457050830e-01	-1.863635580353608379e-01	2.861845355524152423e-01
nan	1.113442847068738972e+00	-6.917890362567183926e-01	-1.605223880057094821e+00
nan	-1.626148890652493184e-01	-7.043809976933576023e-01	-1.896764288607438953e+00
nan	-7.376932682339762959e-01	-8.421505044094126369e-01	-5.755564612120140922e-01
nan	-5.622538698109532662e-01	-4.094244842605604395e-01	-1.633856951116815726e+00
nan	-1.565734803303172828e+00	3.366605399250064967e-01	-2.350524462713084795e+00
nan	-7.173681853999238633e-01	9.513149870371424566e-01	-7.940042506254976207e-01
nan	-8.628585212457660081e-01	-1.770654439868797558e+00	7.444736003165729477e-01
nan	-9.375193573815339132e-01	-2.408957018052393817e+00	-5.481826716555575629e-01
nan	-1.135333209476668603e+00	-1.082491391399358349e+00	-4.761532384937584572e-01
nan	-5.204697426710336305e-02	-7.228043787699881539e-01	-1.558681267864177267e+00
nan	-1.740108255313012275e+00	-2.242576566543284800e-01	4.531541032261391377e-01
nan	-5.922030249313415817e-01	4.858341685450808800e-01	-1.634420300423125860e-01
nan	-3.900855516184795757e-01	8.374468655317699461e-01	1.872036593813989902e-01
nan	-2.016434215370893845e+00	1.877756032741202619e+00	-5.432651766447786912e-01
nan	-4.912587255672394848e-01	-1.172968942288261651e+00	-5.429958735781140744e-01
nan	-1.216107152868879382e+00	-5.481474355982022262e-01	3.261898538456486918e-01
nan	-3.109517429642666642e+00	2.254946763388299580e+00	1.275330471786999320e+00
nan	6.177025966509503974e-01	-6.546718060147874718e-01	1.137209658159795467e+00
nan	7.789994934763280199e-01	1.224852136112958290e+00	2.855586834275469776e-01
nan	1.358353968560207070e+00	2.052552709954900578e+00	8.004530131454495878e-01
nan	1.811429003969407425e+00	-6.450482478015115984e-01	1.353743050149275096e+00
nan	-1.402401935146019962e+00	1.271775962043869335e+00	-4.522960567105083207e-02
nan	-1.884698825814371759e+00	1.144619702156012553e-01	1.132049292979947275e+00
nan	-3.738327753213998017e-01	-9.750806084709674471e-01	2.452899010183979378e+00
nan	6.477087755627055632e-01	-8.045491181743975595e-01	1.256320961130007907e+00
nan	9.307750036153719098e-01	3.668464229206417349e-01	-5.337125167619721777e-02
nan	1.594058985340059964e+00	8.506993601589535325e-02	-3.247634124322966720e-01
nan	-2.393841285043410982e-01	-4.019125046598562845e-01	-2.373844492300738018e+00
nan	-5.533368364627624381e-01	5.215977786618237744e-01	-5.101395253497563731e-01
nan	7.947836017159313204e-01	-1.479072359402973769e+00	1.020929175852778537e+00
nan	1.144068174635196833e+00	-6.271296851708976217e-01	-8.634479424077783349e-01
nan	3.384477995546086304e-01	1.982976265636724023e+00	-8.647951710888472920e-01
nan	2.381226962825286342e-01	1.544915318347851452e-01	-1.072560753444899539e+00
nan	-1.578074443937012461e+00	1.265230585881601089e+00	-2.026659640846009136e+00
nan	-1.934841787759419063e+00	7.449244614737174919e-01	2.357589602957768926e-01
nan	-1.442777698464700720e+00	-1.444894464493609920e+00	7.460319737424196962e-01
nan	-9.946141929468319542e-01	-1.488116263179076082e+00	-1.041690385565013033e+00
nan	-2.119483261585968670e+00	-1.274747466935541862e-01	-1.071200818250182873e+00
nan	-1.425373563813725042e+00	-1.464712034170597921e+00	-4.900077901006705261e-02
nan	-1.183709620924387584e+00	-4.138288227520631191e-01	-6.976333105534126000e-01
nan	1.084281740880360667e-01	5.845129240639425072e-01	-6.614579010156356187e-01
nan	1.630592564495517482e+00	2.742524777221229115e-01	-9.632288511982693702e-02
nan	2.325521022021903583e-02	-1.303756465641140450e-01	-2.741955827748011193e-02
nan	-5.984784960616731375e-01	-1.300743212143211425e+00	-8.054480640392260860e-01
nan	-7.266222221162705885e-01	-1.342075019709477512e+00	-6.510358213586019405e-01
nan	-2.344998296650193659e+00	-2.199173737495816017e+00	-1.142944195958995657e+00
nan	-2.949936638617021156e+00	-2.930713437701362167e-01	-9.932916483274907282e-01
nan	2.011887809152848039e-01	-3.783449706808548196e-01	-4.518751917104607552e-02
nan	-1.096821945900484874e+00	7.177178548930109869e-01	2.382114733645624427e-01
nan	1.477197325101871517e+00	1.185411422789400815e+00	1.646437971541714784e+00
nan	6.581979119718198712e-01	3.251400388826701793e-01	1.462369042852165624e+00
nan	1.067206026107521577e+00	-2.093126211968512340e-01	9.179948962266963886e-01
nan	-9.045522722245741276e-01	2.274431271107821839e+00	-4.732015928634371593e-01
nan	-1.664938760327677514e+00	-4.703246757146591350e-01	8.301398758489532126e-01
nan	-1.490458360719848496e-02	1.865624249419713943e-01	3.590354526594582985e-02
nan	1.976977514463383878e-01	-2.849221342858846207e+00	1.244626970277366240e+00
nan	-8.920549017304820749e-01	4.913022510435938184e-02	4.526537562992610786e-02
nan	-2.889326376678282293e-01	-1.506681034334687919e+00	4.763834901434226832e-01
nan	8.607059859615840969e-01	3.953953434887522711e-01	5.533102244974400508e-01
nan	1.812757247834823615e-01	-1.820402131272481072e-01	2.242435098498137602e+00
nan	-1.104903884041703588e+00	5.562559841641819824e-01	7.332552408597844407e-01
nan	-4.905971635896656524e-01	-2.168104484228228213e+00	-1.281896060376418456e-01
nan	-9.494531243859822833e-01	-1.900221035311510320e+00	-6.669631885993136944e-01
nan	-2.016785484384110205e+00	-2.270277781325520383e+00	-9.971920490679446747e-01
nan	-3.945034657545166468e+00	-2.999923955577325607e+00	3.794639830323336405e-01
nan	-2.887642866721556789e+00	-3.505814630660805342e+00	-1.569495818894500738e-01
nan	-1.086251680200567504e+00	-2.261335991357381836e+00	-3.258617185358313462e-01
nan	-4.790183051368108735e-01	6.835181530736387234e-01	-1.391806120278395786e+00
nan	-4.902742523924246143e-01	1.732665470514783257e+00	-1.457778660425114448e-01
nan	-5.589144159688671509e-01	3.177583629052210257e-01	1.744481787503572967e+00
nan	5.250373333180646807e-01	-6.584861623426074839e-01	-7.261528078702264022e-01
nan	2.309250379606859305e+00	1.107485397127513371e+00	-1.389448588453348732e+00
nan	-1.995324172202375124e+00	1.574452896434114235e-01	-1.366907201949900674e+00
nan	-6.933031897102562846e-01	1.101153041209084193e-01	-2.712114052786653851e-01
nan	1.729370703243005014e+00	-2.090479085548198501e+00	-5.045306124216873966e-01
nan	-6.482022743296569911e-02	4.094250130407139920e-02	-1.125346667652197707e+00
nan	2.637137283968318258e-01	-5.107610515107622318e-01	4.857007365854341119e-01
nan	9.814073729956467318e-01	-4.326642149218931088e-01	9.559732935072882132e-01
nan	-1.567230294204503771e+00	3.009221997694319084e-01	1.083611846035289761e-01
nan	4.076813717431426731e-02	1.224811349085927592e+00	-2.640360361990052862e-01
nan	2.544876122044225308e+00	-2.393844995188759150e-01	1.169879699542798024e+00
nan	9.120652113313958420e-01	3.183069654386473601e+00	-9.698883072986963505e-01
nan	1.038201782000817808e+00	6.266996408746252634e-01	-6.056827995634671558e-01
nan	-8.370215703330015078e-01	1.109703314091265325e+00	-3.232920245322979946e-01
nan	1.590502327565965102e+00	-1.346635783245583973e+00	-6.025698871965242676e-01
nan	3.044137650066214840e-01	-1.472623627242084510e+00	-2.765074125779226399e+00
nan	-2.159079456347294812e-01	-1.751529383732252754e+00	-2.121749509644700549e+00
nan	-1.663801170135262186e+00	5.533998000883569857e-01	-5.178406069482752727e-01
nan	-7.519462990334324637e-01	1.631107581421416541e-01	4.798152995113643682e-01
nan	-2.099830554361849511e-01	-2.327748150209028033e-01	-4.133471843844266358e-01
nan	7.174063708531737138e-01	-3.772174791320260789e-01	-7.288243778003206108e-02
nan	-5.429119924500588334e-01	-1.179703142360524648e+00	-8.533823694678134286e-01
nan	-1.001556214584154114e+00	1.238299970752004597e+00	-5.047047336652968896e-01
nan	6.492993358372044499e-01	-2.677103105371633207e-01	8.674407577350810028e-01
nan	2.958143826675696531e-04	5.231877899486349071e-01	-7.083476921384764813e-01
nan	1.095726563583263147e+00	1.375595002498026131e+00	-7.201286951614065401e-01
nan	2.652067957767548556e+00	-4.709188110505618807e-01	2.914865043137380596e+00
nan	7.740089736028104017e-01	-2.866954604456938283e-01	1.082110429733865509e+00
nan	1.030556696042548293e+00	9.442658770865748341e-01	2.858011065130385275e-01
nan	3.820561555236863804e-01	5.390677146738029890e-01	2.301091188464056358e+00
nan	9.550519527441319045e-01	1.047459968793635898e-01	1.367686100825852069e+00
nan	1.475055274574337272e+00	-2.418558887191374351e-02	1.776078954179981961e+00
nan	1.024016501453659744e+00	9.330402987414202487e-01	3.777859820634042465e-01
nan	5.139727919319738714e-01	-1.686811507084587936e-01	-1.181981511152838005e+00
nan	-1.544855375936786901e+00	2.410492631855258416e+00	1.018807199714852008e+00
nan	6.697116890192705840e-02	-6.336112417286854370e-02	8.812051268884886213e-01
nan	5.297752868915782676e-01	-1.851631628247039640e-01	-1.931274365332101006e-01
nan	-5.662526420261851934e-01	-1.445717113196968162e-01	-1.224060559878238585e+00
nan	-1.383585562354889831e+00	-4.918422815914383905e-01	-1.888253520571663957e+00
nan	-1.669008396372821057e+00	-2.884019166312345450e-01	-8.268232012449677759e-01
nan	-1.550921259170930266e+00	-1.665293653071374225e+00	-1.600085760075856900e+00
nan	-1.805686685347080989e-01	2.668871827691713383e-01	9.618094961267021903e-01
nan	-1.491286609387493467e+00	1.429806795107789741e+00	3.527396277290890114e-01
nan	-3.534916106107513500e-01	-3.901317377627593341e-01	-5.147252355605161922e-01
nan	-1.251195188872086805e-01	-1.742200866245734669e+00	-2.115067844669819230e+00
nan	-8.046159655696429880e-01	1.620150763259075255e+00	-2.827306325324900893e+00
nan	1.719605894379574451e-01	1.650612597302437257e+00	-1.282590304832075478e+00
nan	-8.219360465776456848e-02	2.032816190151750302e+00	-4.294360693824543773e-01
nan	1.151293378073118490e+00	-6.476084442267207031e-01	4.340781997904592515e-01
nan	-1.432270291483545566e-01	1.330864231743831505e+00	-1.250039247294139344e-01
nan	-1.547804752395980143e+00	1.274983367436296922e+00	2.449388411145709266e-01
nan	-1.488001381830062142e+00	-3.053027588570932926e-01	1.115007934791579558e+00
nan	1.907137363636914051e-01	-1.635095974443494971e+00	1.973286857866584088e+00
nan	4.269455436860831732e-01	-1.640702936621413199e+00	-9.394741468037428600e-01
nan	-8.070002004923229055e-01	-8.027292535803294271e-01	-1.494492628438684800e+00
nan	-1.069418832917147677e+00	2.821266434478943985e-01	-6.901557744024162666e-01
nan	6.060103147580749861e-01	2.236240668535532938e-01	7.184056596298377118e-01
nan	4.126045062151376119e-01	1.367869781670536300e+00	1.339262290897366148e+00
nan	-1.111660165114292109e+00	-1.411017026962646082e+00	-9.413712888405756374e-01
nan	-1.705489384624415017e+00	-8.560850742302356098e-01	-4.399247298019102193e-01
nan	-1.109954254649528904e+00	-1.799346842135373326e+00	-6.366120302675803977e-01
nan	1.143867693599347479e-01	-4.853618855179673841e-01	2.010607692600618890e-02
nan	6.383318041542168642e-01	-8.227732473065305641e-01	-1.352215601051404148e-01
nan	2.600271993083811406e-01	-1.889318436709598314e+00	1.495953287958960432e-01
nan	-1.720127786900890410e+00	-5.805544749458113607e-02	-4.019132468524419521e-01
nan	2.336834725686340875e-01	-7.394978976771439116e-01	8.212258199084861987e-01
nan	-8.989684441931879988e-01	-7.020165959438726677e-01	4.050641275842646605e-02
nan	-9.849369309573400288e-01	-4.524673769164683779e-01	-1.099523487828925505e+00
nan	-1.383629689707468913e+00	-1.175912176539280152e+00	1.201522150325977423e+00
nan	-1.957088299347188531e+00	1.216689364851428312e+00	-1.056255790664976768e+00
nan	-2.547325564707797696e+00	-8.662060202596273406e-01	5.110522610772281205e-01
nan	-9.893816882697726856e-01	-1.577211614677836327e+00	4.615083234194015116e-01
nan	-2.064909094148392299e+00	-7.382487313896407555e-01	-1.206244161542851856e+00
nan	5.732347346688158041e-01	-5.182054239023665687e-01	-2.646802864649333564e-02
nan	-6.327116118908696629e-01	-6.742813454277576390e-01	1.157429471655107234e+00
nan	5.742238304304149166e-01	-1.760030840597370361e+00	9.381511555075542352e-01
nan	-8.395156352443089443e-01	1.482279142174451225e+00	-1.508806138817837761e+00
nan	1.720504385931453051e+00	1.372601379839619273e+00	4.017963878858349380e-01
nan	9.336514687660023570e-01	1.227366622972260402e+00	-9.594713161072655483e-01
nan	4.501827950744843321e-01	2.943336263002344744e+00	8.570415389249836924e-01
nan	1.681500773728931808e+00	9.488549050934278473e-01	2.748985955980028928e-01
nan	8.885513481385168832e-01	2.391281191534766926e+00	3.209100563378389781e-01
nan	1.552595938644484974e+00	2.947002710044511087e+00	2.203801307261531672e+00
nan	2.534191781840172908e+00	2.622415032383492939e+00	1.421301109933374551e+00
nan	9.722970253420417652e-01	2.631865801895776347e+00	2.381828504596890106e+00
nan	2.801567721020043589e+00	9.198851824933598209e-01	5.321049667384558646e-03
nan	8.421099268945526628e-01	1.828909942239664632e+00	-6.369273274893574310e-01
nan	1.437147070846098496e+00	1.817278211271785793e+00	1.344151343915228614e+00
nan	1.096501672577379960e+00	9.853461789793338532e-02	2.291937185490381168e+00
nan	2.220665002526408749e+00	-1.621061008127946179e+00	-5.431950479199911808e-01
nan	2.658485398848221132e-02	-1.351226751431495732e+00	4.403524883036982196e-01
nan	-8.927223627864555588e-01	1.445445715419447330e+00	2.975159201109903173e-01
nan	1.556156020508071780e+00	-1.532750295448479516e+00	1.938520546332817673e+00
nan	1.423068315884536750e+00	2.006198268086252234e+00	1.298187572566615655e+00
nan	1.458709195964172922e+00	1.492050394248656486e+00	1.562032134224300428e+00
nan	-2.037396685339039060e-01	1.441177678695411579e+00	2.609569808411229985e+00
nan	2.622446126895559892e+00	-1.166497520006748445e+00	7.790642652957727732e-01
nan	2.715311396640517128e+00	-2.012400563797911435e-02	-1.735181164777879204e-01
nan	1.282679889441819432e+00	6.690721712312999170e-01	4.073071476243040889e-01
nan	1.574460046351472631e+00	1.421553248158883953e+00	1.234173637694818915e+00
nan	9.422552359289111390e-01	1.013508082150077705e+00	1.919268584145175760e+00
nan	-1.614721043577105331e-01	1.463225208269512301e+00	2.585198502116837105e+00
nan	1.571021925585341483e+00	-4.808263471584975912e-01	6.333637603076340827e-01
nan	8.500537667258414309e-01	1.078881178267950380e+00	-6.625186261755483530e-03
nan	1.007254135489789482e+00	1.786681965469310018e+00	7.636143807134918582e-01
nan	2.654791887419697183e+00	-5.107544338627392211e-01	-8.878059015137163001e-01
nan	4.051032823727913623e-01	1.689187426156833371e+00	-1.939999143637697321e+00
nan	-2.516943735713842445e-01	7.727097190012215400e-01	4.610702575090691591e-01
nan	1.317725991647050732e+00	-1.607537441424382596e+00	1.777428062763005689e+00
nan	1.848478644331400966e+00	4.839478431483704712e-01	3.404883151460715296e-01
nan	2.113498720238213391e+00	2.916534554268695456e-01	4.759707260046099897e-01
nan	5.657662856545569996e-01	1.093477374400889657e-01	4.344068589059582597e-02
nan	8.029158477736896282e-01	-9.279567346354753443e-01	-7.435276143857854070e-01
nan	-1.640357814965328398e+00	3.061019712768166534e-01	-1.257425338986907670e+00
nan	-1.031066330978972490e+00	-5.817383855738087473e-01	-1.688295107713491117e-01
nan	-9.352063233994696301e-01	-3.656069811588938401e-01	-6.757274539446797013e-01
nan	-5.052494668599083472e-01	-4.592934360625782753e-01	-2.009793474662610713e+00
nan	-2.734704108391855293e+00	-8.298272112207822904e-01	-1.175485570088365295e+00
nan	-6.664829192294474680e-01	-1.187814171775696037e+00	-9.495906547573660372e-01
nan	-9.369033752814457383e-01	-3.333215550874291111e-02	9.290601785215218955e-01
nan	7.150330285511968809e-01	-2.952765383467018667e-01	1.703722387461788390e+00
nan	1.327185367531491744e+00	1.304832449657042925e+00	5.201621364592389218e-01
nan	1.299431049078484390e+00	-8.235412509017030480e-01	1.173138918846124423e-01
nan	2.476399463253359245e-02	4.387896897834956400e-01	-5.625444033804183341e-02
nan	-1.644910960270644096e-01	1.535821514691347422e+00	9.054018284313251064e-01
nan	-2.868147239804408333e-01	8.264869735879437629e-01	3.691100383411416996e-01
nan	5.708196608853743914e-01	5.163224326878516068e-01	2.337529678521921839e-01
nan	1.577700493683551475e-01	8.569340999169229312e-01	6.799203807773712693e-02
nan	1.311921627448139560e+00	-1.247959296040263011e-01	2.769394350999884735e-01
nan	-1.538109513515184545e-01	1.822140969427782364e-01	8.030021514050239562e-01
nan	1.309575623034916037e+00	-1.073664413821778102e-01	1.352721351443545439e+00
nan	2.305543652963128576e+00	2.762664900025368908e+00	-1.264826843572485870e+00
