nan	2.294817220048545325e-01	-1.161122951689450566e+00	-1.785789934289893521e+00
nan	-5.122891797643328582e-01	1.865695619717656406e+00	-1.392001160242532842e+00
nan	2.831778169657341304e-01	-5.939191529748968357e-01	1.791455016785040932e+00
nan	-3.098910400718148384e-01	3.885378421468654864e-01	-7.192692647455267707e-01
nan	8.830894119195910053e-01	-1.545015697909353003e+00	6.179248958473280151e-01
nan	-1.022498025949478695e-01	-8.434516928881904962e-02	-3.105297028602951315e-01
nan	-1.719613583149182112e-01	-8.534874218985109007e-01	2.398180916558705800e+00
nan	1.623794086660996561e+00	-1.753795011694667449e+00	4.834747528919454695e-01
nan	8.336295625725257397e-01	5.989120655474527988e-01	-8.262012678644246044e-01
nan	-9.907474930762286691e-01	7.455781654586519647e-01	8.313701558648171064e-01
nan	-1.226524266291411980e+00	-2.138041071526142201e+00	-4.048657254923076487e-01
nan	-1.529687571779526634e+00	-1.283604973230802804e+00	-2.587117869286078564e-01
nan	-7.847280949891999313e-01	3.256729798356559069e-01	-1.326505294856342054e+00
nan	-3.941498809230893907e-01	-5.432700329274458007e-01	2.046150091848686903e-01
nan	-9.679623716441486669e-01	1.332278890275707117e-01	5.339956431471760967e-02
nan	3.933256738901984573e-01	1.204808963706637259e-01	-5.547342677229398777e-01
nan	-9.552163387249665294e-02	-9.858441069795151335e-02	5.098725857052235355e-01
nan	-1.858224560925309410e+00	-2.753616372257630673e-01	-2.224623409325657830e-01
nan	5.445421662975843402e-01	-1.443629866016867602e+00	2.145138535448276595e-02
nan	-8.374967940078713591e-01	-1.414862845407716785e+00	3.037923391594420375e-01
nan	-1.941894687174662071e+00	-1.954089357908683988e+00	-7.252586709490805861e-01
nan	-7.244000651159697712e-01	6.203547294887901131e-01	-2.826122210107428590e+00
nan	-1.182014925346190459e+00	-1.542198194430446090e-01	-1.028393967122125829e+00
nan	-8.462613873609668991e-01	-3.408636570841436786e+00	9.086775535806523862e-02
nan	-1.546082737112866035e+00	-1.908603003890119165e+00	-2.447895598936316475e+00
nan	-1.651810503469277380e+00	4.451214118395365738e-01	-6.224854019862595678e-01
nan	-3.388369862895481699e-01	-3.779940589319593647e-01	-7.417478705558493424e-01
nan	8.382610140011192978e-02	-1.068704349187187264e+00	5.291994925152059270e-01
nan	2.663506945502872036e-02	-3.062007898917231685e-01	-1.150758360087134946e+00
nan	-9.836187319666085394e-01	-1.657694102992702812e+00	5.942963876383988708e-01
nan	5.661540146416343955e-01	-1.703707217493559245e+00	-1.151687023912831620e+00
nan	1.401687943281418880e-01	-1.391632210821058591e+00	1.063736914858959715e+00
nan	9.659411001611975522e-02	-1.144825695978699098e+00	4.243899706328190802e-01
nan	-1.006725077808542590e+00	1.691908713428201261e-01	-3.132813283233363277e-01
nan	-7.502042113109412824e-01	-1.001205751940054345e+00	-2.518596265011728619e+00
nan	-2.345287258782682294e+00	-2.392064397200506676e+00	-3.408921362149458512e-01
nan	-1.320263371612783176e+00	-2.721807446495235538e+00	2.163988726388921258e-02
nan	-3.382910186139157727e+00	-8.616346649932435930e-01	-5.997037153027873213e-01
nan	-2.806833872558283538e+00	-3.191365968716940449e-01	1.617802864457281276e+00
nan	1.086516453223260514e+00	4.123235176726157691e-01	2.769459705112149450e+00
nan	1.588233147780565124e+00	1.970190230426126510e+00	2.161112939614592499e+00
nan	8.960536284923008576e-01	1.796602550525250752e+00	6.521835701715436029e-01
nan	1.645920806683419890e+00	2.899933247699053140e+00	-2.686597046785462739e-01
nan	1.970671601965353847e+00	2.262508891413954615e+00	7.462327700124449237e-01
nan	6.311272487857739755e-01	1.299054421911893797e-01	-4.712110068928945239e-01
nan	-1.641563121768497835e+00	-3.540830721854778540e-01	-8.227479092182377052e-01
nan	-4.722530217864207569e-01	-9.786406793994073539e-01	-9.076725178767742763e-01
nan	-6.742847033163481552e-01	3.114096878321275241e-01	1.678126949173329718e-01
nan	1.180544645597660702e+00	1.614998995401248028e+00	-1.053418632305453961e+00
nan	6.236882158377274887e-01	4.280958338737200219e-01	-8.934470022869638317e-01
nan	7.517801501890541971e-01	1.015610068542793787e-02	-9.833289781165460708e-03
nan	6.455329681593084956e-01	1.534748729914601872e+00	4.281199632518881693e-01
nan	1.801898972389971210e+00	6.828814594717858011e-01	1.166343992681225128e+00
nan	1.291347170048837256e+00	5.396749514386820490e-01	-3.565493381530369099e-01
nan	3.234830715652046162e-01	-8.253014219333631996e-02	-5.224574423972273840e-02
nan	2.363115710310860762e-01	8.840875592829522400e-01	-2.252751734951366824e+00
nan	-1.065017317168527766e+00	1.737773240135378927e+00	-9.791572433180024682e-01
nan	5.055182652455994519e-02	-5.732267047027601592e-01	-1.035332289021909102e-02
nan	-8.653670365643360007e-01	-5.871822256192135159e-01	2.036633306926018516e+00
nan	-9.255942095646624290e-01	-1.163362548855724876e+00	-5.738441887216136905e-01
nan	-3.844063770543344472e-01	5.116692863390736035e-01	-7.224933648543790943e-01
nan	-9.544828031825418613e-01	-3.588569768782167713e-01	4.597414568689173198e-03
nan	-2.813701325085988802e-01	2.474778804177013569e-01	-1.364489294612749148e+00
nan	5.399959745127409505e-01	-6.893919649048481091e-01	1.491635376967669124e+00
nan	7.697678538821437488e-01	4.547408336082210956e-01	1.077896465623126021e+00
nan	1.422667184386547046e+00	-3.796220911598824355e-01	1.406154277479147119e+00
nan	-6.939175677597275715e-02	-1.821521225125186660e-01	1.032962230523299052e+00
nan	7.759631054187547949e-01	-3.246815433926045213e-01	-5.698620540760493958e-01
nan	-7.010733738863820230e-01	-6.079655503939528360e-01	-1.486967363740714143e+00
nan	9.078713669228064553e-01	-2.798835621226511972e-01	-2.424360812302462698e+00
nan	3.932974573052381295e-01	-4.329559635419846786e-02	4.214766862755521259e-01
nan	1.086028235332159309e+00	-3.099551665926332800e-01	-4.287762976146023419e-01
nan	9.247443738448151151e-01	-6.201103263491181128e-01	8.442414750157811731e-01
nan	3.891040844346177474e-02	1.236793952032609001e+00	-1.493495460924655627e-02
nan	2.928878399635058694e-01	-6.767493750651581985e-02	1.175024152527772481e+00
nan	5.403080701912350570e-01	1.032386096119810581e+00	3.826323311712588326e-01
nan	1.811497814490766300e+00	5.676823866584679301e-02	-4.161203777221553213e-01
nan	5.299003121896957991e-01	-1.244035375190253756e+00	-6.302824826098444300e-01
nan	-9.152880557296455555e-01	8.223609410608699877e-01	1.237067347049758403e-02
nan	1.014826228108001605e+00	4.743492429223742368e-01	1.310855642210352556e+00
nan	1.247290545968596787e+00	7.798399009333421006e-01	2.077817645558588833e+00
nan	-5.576659764278866227e-01	4.208488549282933811e-01	9.394674527155473243e-01
nan	9.069132131149790776e-01	-1.682024386175715591e+00	2.656818758707852446e+00
nan	6.633211572699334591e-01	7.498652005543671173e-03	-1.523906126364458213e+00
nan	-3.214591767740360151e-02	1.147553024301414482e+00	-1.293286363210682133e+00
nan	-8.827386197269015966e-01	-9.117647973693343566e-02	-1.935330566415770948e+00
nan	-9.257581996408559277e-01	4.144336751711644729e-01	-9.003916063353145649e-01
nan	6.382296393721282879e-01	6.440417230909780688e-01	-1.124751274776522481e+00
nan	-8.538540178565499073e-01	-1.346395390152324678e+00	-8.038069771469478209e-01
nan	-1.187066544474094876e+00	-7.073537346438543150e-01	1.066927140003040453e+00
nan	-2.030036529186043381e+00	-7.692199592796772345e-01	1.141619152018850808e-01
nan	-1.042645617412218950e+00	-2.118879984658907922e+00	-1.178231685021630559e+00
nan	-1.928705156035576351e+00	-1.376628399691274929e+00	-1.002397513521869676e+00
nan	-1.458940672115323078e+00	3.459335826398453051e-01	3.251625758509090192e-01
nan	1.209508420190069433e+00	6.260954170899067917e-01	-7.263344448038520085e-01
nan	-2.457213805676355389e-01	5.425945633675294255e-01	1.006053640705879326e+00
nan	7.543352255403916740e-01	-1.293643286422330840e+00	1.322233566543813632e+00
nan	-9.862808570812419129e-01	2.315503116963111008e-01	2.539371824565118119e-01
nan	3.616836428769486522e-01	3.080059346851330426e-01	-2.110216999672775706e-01
nan	1.127322496770850613e+00	5.606561041977182747e-01	-7.762805915489167097e-01
nan	1.466212810871330152e+00	-2.570532051276249730e-01	1.487586408508079217e-01
nan	1.406585178241244738e-01	-1.915762270257306277e+00	5.765775974649833824e-01
nan	-5.225251169716862432e-01	-9.978517904233549229e-01	-2.528458912166227091e-01
nan	3.126210748220741298e-01	1.186827621572223768e+00	-1.816736362658252002e+00
nan	3.349257793391240412e-01	-3.049344140570786621e-02	-3.099089479981889994e+00
nan	-1.149138546045470166e+00	2.464939043964225474e-01	-1.450109305909129676e+00
nan	-2.664517107174915189e-01	-1.286622655739986798e-01	-9.830308227082977801e-01
nan	5.471222363578037706e-01	-5.074621734585094135e-01	1.408838498957254437e+00
nan	-5.565318857322493207e-02	1.071345098715125621e+00	-5.120146757073444910e-01
nan	-9.591427042290944227e-01	1.431852752878590707e-01	-9.737660432751790163e-01
nan	-1.603573013853256679e+00	-1.924334782581248682e+00	8.759902975153563420e-02
nan	-3.268905567794961886e-01	-4.604957527164441622e-01	-5.943132305406313431e-01
nan	5.689198428820365638e-01	-1.505432364971067027e+00	-3.859067738872391518e-01
nan	-7.013673660500656659e-01	6.707076192869134701e-01	-1.437823216232493539e+00
nan	-2.393965384746640501e-01	-9.076546907476424897e-01	-9.865049159458425532e-01
nan	-8.336172303659192817e-01	4.459890595977166750e-01	-9.389787647384033598e-01
nan	7.401973135400037318e-01	1.666517623832403538e+00	6.290451538182756375e-01
nan	1.532848417223966031e+00	8.735625781525266920e-01	9.949134638356975646e-01
nan	2.279965442385972985e+00	1.015638609943001924e+00	2.108343384838414991e+00
nan	-4.095095778098312156e-01	9.463619764720652139e-01	8.529252628737812314e-01
nan	1.475887267432304251e-01	4.980521497613489279e-01	2.650337365409035084e-01
nan	1.051917172458030958e+00	7.671503388381166466e-02	4.884770190333774798e-01
nan	1.950901979022066746e+00	1.785196642250334309e-01	4.340566246014632146e-01
nan	1.381399676087090356e+00	2.113507566424972506e-01	-4.749047475815348918e-02
nan	6.317426653777404866e-01	7.550458011885372578e-01	1.980694198642386078e-02
nan	-5.958117801928458634e-02	-3.778140031215365680e-01	2.888575029095080904e+00
nan	2.783033904010919213e-01	-6.519814381247537316e-01	4.543371990261381721e-01
nan	-2.207447870885979324e-01	-2.303041924610924607e-01	1.342176643574810146e+00
nan	1.552175776290675602e+00	1.610128622950202093e-02	1.338816391616937773e+00
nan	4.036404818332186006e-01	5.419596768992418490e-02	-8.959312993475321285e-02
nan	-1.230531772135871282e+00	-9.989792448732586205e-01	-1.971333699053586130e+00
nan	-1.870288533865852809e+00	-4.588230503164041907e-01	-3.406362704546496811e+00
nan	-1.537684657153736367e+00	2.276472402198653766e-01	-9.987090025502604052e-01
nan	-1.066901545394747908e+00	2.316688575146034434e+00	8.679387169724100959e-01
nan	-1.929118655632536594e+00	3.424500534725625212e-01	6.405956523301510330e-01
nan	-8.710575138790394023e-01	-2.265553026897721089e+00	-1.010467997069928181e+00
nan	-6.618009534228137536e-01	-5.906514701882703555e-01	9.510813895836457421e-01
nan	-1.461695977495315102e+00	-3.954015024502348097e-01	1.799036366524984221e-01
nan	-6.165617017667741617e-01	-2.424654998670952022e-01	-1.121869922411956155e+00
nan	-7.393453177790478836e-01	-2.286301639456838508e+00	2.255744903199803919e-01
nan	-1.026574715510001568e+00	-1.648506693154454528e+00	1.877525759622753476e-01
nan	-1.489544540728563460e+00	-2.112516324968047421e+00	-1.380711544870860896e+00
nan	-1.768012559031051145e+00	-6.432644853544848829e-01	-2.377887718875896894e+00
nan	-1.163666752877727806e+00	6.901640571253997436e-02	-1.066623322580942057e+00
nan	-3.615188913232950663e-01	-2.760428470599322059e-01	-1.718247680841007985e-01
nan	7.242218696016369250e-01	6.015801549471500032e-01	-5.720908400381317094e-01
nan	1.661814565921081899e+00	1.659140493484915768e-01	6.421422716918802065e-01
nan	8.786928000281106765e-01	-3.202337836081470268e-02	8.464439572400865863e-01
nan	-6.497616862119022230e-01	-1.567833478923030599e+00	-3.490165391035727205e-01
nan	-1.162520169320859553e+00	-8.731318833767335308e-01	-1.307374405664091244e+00
nan	-1.687597080307259967e+00	-1.309285552033943478e+00	-1.330003419599852243e+00
nan	-4.490994646009857094e-01	-6.496747838465412039e-01	-1.430818836265900451e+00
nan	-1.581233486912273278e+00	1.093048722559471830e+00	-1.427192628242439421e+00
nan	-5.993895607987964613e-02	-9.231417279255413333e-02	1.179370568511665329e+00
nan	-8.505894617434617277e-01	1.047679171056840053e+00	1.166559002633351216e+00
nan	-4.258573802307583089e-01	2.805326198178401120e-01	4.271663679630477439e-01
nan	7.009063526688206203e-01	1.838297281659313775e-01	-1.540783094846244206e+00
nan	-1.426282438700232413e+00	-3.909748667276685685e-01	-2.031095942993175640e+00
nan	-1.598507309852593039e+00	5.386824048657268271e-02	-1.908674705277173977e+00
nan	-2.046341333581218613e+00	1.207266598134629998e+00	7.041092087920453046e-02
nan	1.714127662053734014e+00	-1.660454950509503147e-01	1.365934020338527510e+00
nan	-4.016589474280761740e-01	1.570225944261011142e-01	1.324990603542876677e+00
nan	-4.566183663440506746e-01	8.101655762509420988e-01	-1.090781946040714212e-02
nan	-2.110396603424447903e+00	-5.067494843337539967e-01	-1.291747226279507554e+00
nan	-2.229013608578555239e+00	-4.166898720364010655e-01	-1.378472144377039132e+00
nan	-1.371387162929774028e+00	-1.290594329135609897e+00	-1.673497491728056952e+00
nan	-4.176357518964392002e-01	8.243166213509407481e-01	7.341547490387626551e-01
nan	-2.382579795713096193e-01	-1.109268993406593129e+00	1.280611250398885348e+00
nan	-2.521622315581627527e-01	-3.075147030732960918e-02	-7.644020665341955123e-01
nan	-1.642939273683406309e+00	2.979388412650622597e-01	-1.246710949399554735e+00
nan	9.258663414989208862e-01	-1.886999451589680965e-01	1.791023298947565512e-01
nan	5.043419255814485247e-01	1.333749872594179653e+00	1.041565210408338826e+00
nan	2.146750751343780905e+00	-8.602720643927550537e-01	1.138834887101356719e+00
nan	1.105511121175621669e+00	-2.628219544384590711e-01	1.736129278047930935e-01
nan	6.230143476238021449e-01	1.328372835021091047e+00	-5.713118484838910494e-01
nan	1.893599695542596273e-01	8.648751381479313771e-01	1.379883308319388879e+00
nan	1.262265194411379410e+00	2.248662214918899949e+00	4.725075575299639841e-01
nan	1.672285279394209123e+00	1.246966967947020777e-01	2.660917587463504930e-01
nan	-5.270191518927536123e-01	5.649050911548803011e-01	-1.479958191309489690e+00
nan	-1.828547919241831909e-01	4.120973080793164378e-01	-6.385444145312165753e-01
nan	-1.597810230831716583e-01	2.921573585980412335e-02	-4.649596399819169168e-01
nan	-1.359838216406226152e+00	1.124497707893426401e+00	-2.903015605113011821e-01
nan	-2.551431465172899204e-01	2.124374542447201364e+00	1.644959750090620121e+00
nan	2.296032091855078949e+00	2.185630394529039511e-01	6.769006851882899412e-01
nan	2.136874614395086081e+00	2.025996358563535882e+00	8.369394761997721588e-01
nan	2.019764715421608514e+00	1.532935891905594650e+00	3.172058594775135631e+00
nan	1.903110336239083544e+00	3.871998890207992705e-01	7.323623810625879971e-01
nan	2.238616432884698026e-01	2.508099041153275977e+00	3.015503604849968933e-01
nan	7.500253147963988898e-01	1.303233820346433536e+00	-7.619406854426502562e-02
nan	2.263415326133451089e-01	2.284068190141932408e+00	2.066172870690347274e+00
nan	5.646173605670989915e-03	-8.748347061012901049e-01	1.174105441087493151e+00
nan	4.445939810163901940e-01	1.575986232267473364e-01	-9.618743812258271353e-01
nan	3.432173338619424197e-01	-3.051535708009023296e-01	8.202063975935910412e-01
nan	-1.788573508118165734e+00	-2.436231107487616190e-02	-3.257524491900593566e-01
nan	-2.040833292957380252e+00	-5.573671126139312371e-01	7.674525440569821555e-01
nan	-3.980003336924591295e-01	-2.693306988966598370e-01	-9.732812332460609728e-01
nan	-7.106802887217544829e-01	-1.127090079888346974e+00	-1.742163889435309976e+00
nan	-7.457299265586947445e-02	-1.106229475233844406e+00	-1.446903097897439094e+00
nan	6.261644574976323874e-01	-3.241066316871833997e-01	-3.277432443935404116e-01
nan	2.636184987903043564e-01	-5.324710078473964270e-01	-1.322384212710471019e+00
nan	-8.941871885487292504e-01	-1.210255010127257724e-01	-1.038145952978085207e+00
nan	-4.910388057555323815e-01	2.878948189518582557e-01	2.048223157784646031e-01
nan	9.310879809467744739e-01	-3.329380595305516111e-01	1.930980022816852215e-01
nan	-3.507591149214365434e+00	-4.190971497238488719e-01	-9.500333002760008583e-01
nan	-3.507021306371196800e+00	-1.191854162980568788e+00	-1.080083712093220072e+00
nan	-1.587932442774112385e+00	-8.089041612832629236e-01	2.599102557813270931e-02
nan	-1.589001572865447631e+00	-1.708640686540076503e+00	1.427595261741144705e+00
nan	6.793329155205312109e-01	-1.119236786192026267e+00	-1.331938727082349505e+00
nan	-8.980080985608264177e-01	-1.136104240350197969e+00	-2.234767153462982492e+00
nan	1.463660824565107266e-01	1.353200939318074170e+00	-1.479489131218312936e+00
nan	7.451169639131322020e-01	3.088114286311802292e+00	5.982011321090244804e-01
nan	-3.819421991848883646e-01	3.251634143667907484e-01	3.456251665573722320e+00
nan	5.237039419029098086e-01	-1.343628475471312811e+00	5.973815729635024718e-01
nan	2.120209087521126357e+00	1.928340679966038251e-01	-1.348141305561557868e+00
nan	5.249856902477065823e-01	1.630792342675043916e+00	1.175506930271350337e+00
nan	2.531108752163775399e-01	-6.025919345879524602e-01	1.098798842272311171e+00
nan	1.577340864446700186e-01	8.117011490542876961e-01	8.353817624817232446e-01
nan	2.083880831317162508e-01	1.020669211422424505e+00	-4.345244473328047086e-01
nan	-2.621323522624221525e-01	1.350113733269876493e+00	-1.455843103059293986e+00
nan	-8.394575339813126202e-01	9.815940854439910712e-01	1.765429802096767919e-01
nan	-1.466200399944420640e+00	-1.600093563114397766e+00	3.596497373995083402e-02
nan	-2.485250814348756165e+00	-7.082618492779223507e-01	-1.186306975708610212e+00
nan	-1.734468150610313453e+00	-2.333819547050451915e-01	-9.599594157881201628e-01
nan	-1.135750866424655836e+00	-5.017347262420338572e-01	-4.356295537912127092e-01
nan	-2.302383276394419642e+00	-4.096146021839771834e+00	1.317165532594762212e+00
nan	-1.976074443865870833e+00	-1.869441916685490757e+00	-1.791121268527312349e+00
nan	-1.811739541351106375e+00	-8.543935940776918869e-01	8.335405438606360295e-01
nan	-1.014804883078485487e+00	-4.483690724935351923e-02	-5.230958525199502773e-01
nan	2.197817249456240907e-02	5.004123101803108487e-01	-3.862851363673769911e-01
nan	-3.388122757177737809e-01	-1.656596135789309088e+00	7.222447971764062169e-01
nan	4.155096136228569326e-01	-2.604795193212521731e+00	-1.453518846839388701e+00
nan	-2.657728444471845641e+00	-1.208377839844330559e+00	-2.768364887668426810e+00
nan	-3.130724311590421749e+00	-1.574200550361574802e+00	-3.331932691449758899e+00
nan	-2.938584753426314755e+00	-2.088386552850906241e+00	6.752899276213992774e-01
nan	-1.617568497070004607e+00	-1.553011703689309631e+00	1.008685431681406008e+00
nan	-2.773493093799178411e+00	-8.169878731164678110e-01	-1.477892563044470586e+00
nan	-2.473822167083839396e+00	-1.167757803779673864e+00	-9.207601563852204629e-01
nan	-2.106628866985495119e+00	-6.549472523187972461e-01	-1.338130813167894839e+00
nan	-1.668800070993220475e+00	-9.123964967601028153e-02	-2.415302687047421237e+00
nan	-1.303815348954846964e+00	1.552356389814827597e+00	-1.925631401948159738e+00
nan	-2.387198192806324393e+00	2.588353902458740974e-01	1.127456826715305560e+00
nan	-4.528898278047210901e-01	-1.685485650407956282e+00	6.603808537833658621e-01
nan	-1.551237627865586610e+00	-1.348088976295483299e+00	1.101530036034334969e-01
nan	-1.364862843560800121e-01	-2.211098491237372343e+00	3.979833685207976868e-01
nan	3.730411407141599467e-01	-3.451117707361909037e+00	2.949506443517557752e-01
nan	-3.221249178535848579e+00	-1.708083332428221635e+00	-2.917728952972220569e-01
nan	-2.012264841894364942e+00	-1.062636576125285837e+00	-1.753563641284622721e+00
nan	-5.903631322780904522e-01	-1.309173230390324072e+00	-2.472512910617820303e+00
nan	-1.634676811806210495e+00	5.794123008005079845e-01	-2.709108960664539545e+00
nan	-1.261595656893088613e+00	1.975231485886891902e-01	1.020136750524849756e+00
nan	1.141258650768671279e+00	8.184935737705738568e-01	1.734417229836947349e+00
nan	1.388054747128069977e+00	6.997620135834806687e-01	5.219570954516744576e-01
nan	-2.205405392754670180e-01	2.900860944337635416e-02	-8.173380104315667305e-01
nan	1.744627489695729228e-01	-2.951369912332187373e-01	-3.446658762868675119e-01
nan	8.212762105602797735e-01	-1.060532697395432794e-01	-2.225563060082917932e+00
nan	9.863094708071020733e-01	6.541538500846605375e-02	-8.735605960062070574e-01
nan	-2.203360019003244852e-01	-6.372697261573350147e-01	-1.287106597900768978e+00
nan	-1.064952075450780411e+00	4.735218602680875133e-01	-5.479094645522589735e-01
nan	1.432742093853281773e+00	-1.514754811312529204e-01	-7.412345585945595561e-02
nan	-2.039821215444602931e+00	-1.854586054966834707e-01	2.157526451553636093e+00
nan	5.425782726189843919e-01	-2.545156335553060423e+00	-1.176819166829386365e+00
nan	-1.986493983520019491e+00	-2.512485315271068220e+00	-9.084163604773141110e-01
nan	-8.526492514664680833e-01	-1.939642331743233861e+00	-3.084104501746883553e+00
nan	-6.725265457843196959e-01	4.885073930528950337e-01	-1.587948724345814355e+00
nan	1.287121472413116141e+00	-4.348447579766786530e-01	-1.872204645098374032e+00
nan	5.161644232205877536e-01	3.903039079412330414e-01	-1.042914842176161150e+00
nan	-1.419570639088572062e-01	1.284463666211439037e+00	-1.092852301104391799e+00
nan	-1.247056016924711630e-01	2.131491763363741188e-01	-3.554451638284215620e-01
nan	-4.224902902890941836e-01	1.239815981704195824e+00	1.207945355049074188e+00
nan	6.083909636343143301e-01	-2.681076657880206993e-01	-3.891966129596273749e-01
nan	-2.138039419960568177e-01	-1.146658793535348719e+00	2.801562927353187238e-01
nan	-7.244965151676832082e-01	1.222773988822142721e+00	4.419649034389080411e-01
nan	-6.533772033417244440e-01	-1.255174549457789723e+00	7.534919807880517961e-01
nan	5.553030528445814795e-01	-3.974419071307092599e-01	2.959860616531428401e-01
nan	-2.551890244391282203e-01	-3.185071853196683733e-01	-6.379901732716117824e-01
nan	-6.715545045570667781e-01	-1.000402451370793644e+00	-1.617463912292432526e-01
nan	-5.223091156733555840e-02	2.510716073886061217e-01	-1.019814885825902184e+00
nan	-1.164137996123058238e+00	5.940481223786997500e-01	2.804129575908645977e-01
nan	-1.949229558517721894e-02	1.015710790081160386e+00	6.072089974753263064e-01
nan	1.540904146312000345e+00	-1.741988018056430665e-01	1.579819460055432501e+00
nan	1.158760008418435961e+00	4.150904265654355996e-01	2.117115789211407861e-01
nan	1.698199250393027437e+00	3.119969244301091793e-01	5.521796050602898465e-01
nan	8.676475412232248496e-01	2.449880921651146348e-01	6.451114446600080266e-01
nan	1.005687895554389755e+00	-3.529726237597156091e-01	3.920560213777263825e-01
nan	-1.043503683183772512e+00	-3.667255408752621015e-01	1.881013598654111885e+00
nan	9.064231395381455725e-03	7.518208011534888158e-02	2.006825710992475642e+00
nan	3.731521683081382990e-01	1.023369798684591991e+00	1.904747480644888746e+00
nan	1.668520579618193000e+00	1.831549449345725833e+00	1.387408504265320808e+00
nan	1.378582895926092400e+00	1.143641344262222637e+00	1.446054214331798926e-01
nan	1.472895487314413554e+00	-2.266991810719906075e-01	1.386811053923262982e+00
nan	2.421811902574646957e+00	-2.807271433421820728e-02	-2.298105061034608765e-01
nan	2.462311576869032237e+00	1.361260787936177108e-01	2.243503002150406989e+00
nan	2.245804253099430881e+00	-7.896589180545711129e-01	1.450769737604604925e+00
nan	1.124119705720035167e+00	9.226529584298291953e-01	2.050593048115032513e+00
nan	1.531548385912676613e+00	-5.116084305053434367e-01	-2.935504764908207775e-01
nan	-6.163613031661310249e-01	3.374661821821648422e-01	7.548109874395567687e-01
nan	1.278827344927059517e+00	-1.416902345508418870e+00	3.270630713147058000e-01
nan	4.029874953485219069e-01	1.071391599199199574e+00	5.071500572743853352e-02
nan	1.462408694141280163e+00	-4.184303412852783954e-01	7.297847877199841182e-01
nan	4.993848639824970959e-01	6.638996925647556724e-01	-9.437375825357817716e-01
nan	1.056867205650418917e+00	1.693201472873192337e+00	-8.728149212391439482e-01
nan	1.262099922192286838e+00	1.053000343897065871e-01	-2.802708167059842492e-01
nan	2.441748318016802033e-01	1.658025429385703742e+00	-1.762619148030712679e-03
nan	4.918053916005577508e-01	1.063465524912901916e+00	5.516333944263446254e-01
nan	3.860002131203534304e-01	1.128298776161888561e+00	2.106397852508455681e+00
nan	1.950585459787695930e+00	1.335343050098832585e+00	-4.656880155861301551e-01
nan	-7.758703622398688271e-02	1.023085612210812512e+00	1.538288880544173676e+00
nan	5.924918703604059589e-01	2.219357555701366724e+00	9.735108937352058289e-01
nan	2.255443442963203537e+00	-5.208931071133260371e-02	1.829493026033687464e+00
nan	2.230972105663806992e+00	9.684684384615922514e-01	5.063507125489001837e-01
nan	2.092602329201688871e+00	3.077701599508265939e+00	1.433607051624318784e-01
nan	2.952931655895521423e+00	1.895737103865979822e+00	8.327571536785726147e-01
nan	9.548344464517234398e-01	3.847003150943639760e-02	2.939866158234575089e+00
nan	1.962925091787153020e+00	-5.877725227857011348e-01	-4.601069394483340291e-01
nan	1.975215954152108377e+00	-8.387187872587752446e-01	-1.857861217917649466e+00
nan	-1.007862738430608252e+00	6.786582682739077388e-01	7.566248129386110577e-02
nan	-7.812942050878177724e-01	-3.776217894276059917e-01	3.087408677290797154e-01
nan	-2.208354212167373376e+00	1.209846012827617390e+00	1.298374655444487491e+00
nan	-1.380007105547980784e+00	5.226031833894753120e-01	1.119441686579963235e+00
nan	4.255428149465004251e-01	-1.436850672440732168e+00	-1.532856812810338587e+00
nan	-1.703381912173360657e+00	-1.535296794922497376e+00	-8.589614299442638323e-02
nan	-9.866066038987508779e-02	-4.881400474300151560e-01	-1.804058842209550262e+00
nan	-1.805353680991010901e-01	2.202554876112042259e-02	-2.010558973579528175e+00
nan	4.536903170172279509e-02	1.710611349022952976e-01	-1.836705427927629586e+00
nan	-2.136862909863263660e+00	-1.264516714296417765e+00	-1.642908571838707754e+00
nan	-6.739308568390389720e-01	-5.701971728828159058e-02	6.070958591495964063e-01
nan	1.131745970187403749e+00	-5.409601468539000368e-01	2.248958327014123348e+00
nan	3.942101516872260625e-01	-1.319430054220702697e+00	7.785460510161973380e-02
nan	7.369842659741288049e-02	1.823769766498155587e+00	-1.228040101544662033e+00
nan	4.945975381342618826e-01	2.001531734133270568e-01	-2.575331739536660169e+00
nan	-3.436846644933768680e-01	-3.784568058141881686e-01	-4.041729080965293930e-01
nan	1.396537101067619080e+00	-2.443529091424186395e-01	-2.513736275704578915e+00
nan	-1.524717478239106638e+00	1.579777851032515112e+00	-1.798642121618144074e+00
nan	-3.000715317205243649e-01	-3.588539084075842989e-01	-7.490283521064846628e-01
nan	-5.553484248337933193e-01	-1.070850954546346712e+00	-5.693318238549549548e-01
nan	-1.460119431418790192e+00	7.197846920720396557e-02	-1.131639264818626867e+00
nan	-3.863614633200530002e-01	-1.312359474534591786e-01	-1.854541585709444051e+00
nan	-4.291080965232358935e-01	-8.287035851842883272e-01	-2.395968538366415324e+00
nan	-2.452140751858195244e+00	-5.669123585394066911e-01	-4.008811498841990950e-01
nan	-1.361214141540442402e+00	9.812144560877227306e-01	3.529529905448813842e-02
nan	-1.013344058014868487e+00	2.170381945417723113e+00	2.040944122169970676e+00
nan	1.080071733421285041e+00	-1.358384919786077116e+00	1.292764700853676674e+00
nan	-9.841078123533220090e-02	7.944040771029592385e-01	-1.010662294127653432e-01
nan	-9.148811817307775929e-01	-3.599724212628310216e-01	1.025940095758884341e-02
nan	-1.092163989409332014e+00	-1.752122531567179564e-01	7.480482350423933724e-01
nan	2.715411513423779399e-01	-5.528070279550879595e-01	3.151256868275244538e-01
nan	-7.058840918368763928e-01	5.678200085405656905e-01	2.498828238579121064e-01
nan	3.529013616393120167e-01	-8.616416738932715091e-01	5.648866663415409439e-01
nan	1.370257827835818232e-01	-1.574759321535395273e-01	6.312662578290610949e-01
nan	-1.394779061443351065e+00	6.935614733671982002e-01	3.296517665905428496e-01
nan	5.230521419577599529e-01	-1.908192752978259410e+00	1.606795172680304917e+00
nan	-7.546829072865365307e-01	-6.238546850935302590e-01	7.170402024364020965e-01
nan	-8.734155394038642939e-01	-9.914975117271052074e-01	3.783560233081746382e-01
nan	6.390825667460597881e-02	1.504286800390176815e+00	2.288463737845752188e+00
nan	-9.515272314987430757e-01	1.877393850656076335e+00	3.198100889380635081e+00
nan	1.771775436785450797e+00	3.336694890744260622e-01	9.004682919734050550e-01
nan	5.833743114395555374e-01	1.836432826788152894e+00	1.228527356117051772e+00
nan	-2.701936714712798171e-01	1.095203961028804462e-01	1.130291187558654542e+00
nan	5.045110809715730449e-02	-1.728862121312556566e+00	-2.354619949644993770e-01
nan	-1.852795815107118216e+00	-8.814304095999572208e-01	-1.305075207393274317e+00
nan	-1.407849097691322715e+00	-1.284102432434324648e+00	1.014079468974518061e+00
nan	-1.732188143065860331e+00	-2.614577732342011185e+00	1.295427877995138366e-01
nan	-5.710550411150211447e-01	-4.488794843150952785e-01	-2.726278559549004221e+00
nan	-9.911147766469541320e-01	-5.248171306807017933e-01	-2.175643758192690402e+00
nan	-1.247774202294540835e+00	5.620360104847732519e-01	-9.702364372396219405e-01
nan	-1.252881778079044661e+00	5.116723624515734370e-01	-1.528724437447120388e-01
nan	9.182370336729920313e-01	-1.148163838303661033e-01	1.027227207483760507e+00
nan	-4.055278940482723860e-01	2.307413159778217981e-01	-1.048693438161342639e+00
nan	-5.451205599972147597e-01	-1.960987535156649253e+00	3.661366241326124982e-03
nan	-2.636984530393632897e-01	3.025164278895023928e-01	-9.193571942085110305e-01
nan	-4.342558985439035624e-01	1.241837251537537545e-01	1.715558660463033291e+00
nan	1.195527923440981577e-01	7.235420812315712658e-02	9.870850356523790392e-01
nan	1.183710701868972981e-02	4.186889814257772624e-01	3.052324487152284771e+00
nan	-1.527006108118951211e-01	1.236362089825636001e+00	8.242097656074388601e-01
nan	1.135859577854625879e+00	6.245673378760274730e-01	9.619772328703267705e-01
nan	9.718727944920697581e-01	1.908324031062680781e+00	5.909917836024003446e-02
nan	4.265339286149272269e-02	1.628323040052557680e+00	-1.010084909408301979e+00
nan	-4.341858645471756706e-01	-7.598418479411878090e-01	-1.176733492526675473e+00
nan	2.890346888865014119e-01	-1.371445101199020522e+00	6.696041841013415929e-01
nan	7.873722334811935619e-01	-5.218889085446294374e-01	2.447103324123363899e-01
nan	-7.195767505430431532e-01	-7.279203324542244946e-01	1.004599193791897216e+00
nan	-2.399130126351438630e+00	-2.734646428624126990e+00	1.103130335599946221e+00
nan	1.662336992688113746e-01	-1.303316382136573859e+00	-2.366941344717814921e+00
nan	-1.516883551707832511e+00	-1.384275265681635725e+00	-3.140394325009602916e+00
nan	-1.350530272306396329e+00	-6.799191418930828901e-01	-2.431487448006398377e+00
nan	-1.170034909753706609e+00	-1.561169752893605711e+00	1.501866461345731540e+00
nan	6.997073833793782116e-01	9.522578149083587018e-01	-3.129289595853436690e-01
nan	2.419753661962566194e-01	9.191187861160368122e-01	2.419645471422792404e+00
nan	1.163651186791387682e+00	3.916274645159342205e-01	5.154217937686487172e-01
nan	6.497651532061271551e-01	1.088505687224751162e+00	-9.544011821026421316e-01
nan	-2.078144670765099677e-01	7.470795170674455754e-01	-5.087787820133072847e-01
nan	7.191494621180338775e-01	-1.491949890617131569e+00	-1.262278897724284477e+00
nan	-6.513811151464843352e-02	-7.990550384242176563e-01	-2.251561058734107945e+00
nan	-2.647687063869791579e+00	6.962962867390209976e-02	-1.354561286184448488e+00
nan	-2.490800349193249552e+00	-1.634590480892523345e+00	8.918908755323780024e-01
nan	-1.022482082765612699e+00	-6.244731445424338556e-01	2.348891377053423934e-01
nan	4.765816946398160336e-02	-1.403634438733120771e+00	-9.372118724866835837e-01
nan	-2.250560762632858314e-02	-8.082894602848161858e-02	1.942276804241793053e+00
nan	8.329916749709115331e-02	-5.839577326111834721e-02	-2.301987231724957894e-01
nan	-1.197003489491569317e+00	-1.059602185927994045e+00	-1.601447306947316962e+00
nan	-1.749661332085892251e+00	-4.709074403990467506e-01	-3.401090371690494996e-01
nan	-6.315550859217156088e-01	-7.670293667892950085e-01	1.334353673777032012e-01
nan	-5.930773998043650241e-01	-1.075808029533621202e+00	-3.398174103446338079e-01
nan	-7.796317515078289295e-01	2.149307478296754503e+00	2.305206066138880239e+00
nan	6.226862540040358773e-01	3.684316072965347910e-01	4.903969359055199151e-01
nan	-1.135945093622741098e+00	-3.257193110218986054e-01	-4.083865541086270645e-01
nan	-1.845002618207921330e+00	-2.521181373817380500e-01	9.798975411513799472e-01
nan	-3.123887912133644362e-01	-8.089145117759337644e-01	-3.459816808349254758e-01
nan	-8.499090265413510314e-01	1.039516260559566252e+00	-5.375551214458820226e-01
nan	3.357913208719913722e-01	2.124046337996155220e-01	3.032777561796684562e-01
nan	-7.948192336821127135e-01	-2.143916784280110732e-01	1.199056866398351184e+00
nan	-3.202567603446382360e-01	-1.093921068461108703e+00	3.760358152096892059e-01
nan	-1.060128565088248820e+00	1.718798662411965328e+00	-2.212409232105005508e+00
nan	-8.548988771049886859e-01	2.951970625289775940e-01	9.631735113856252362e-01
nan	-1.790475923766304600e+00	4.519553083792847148e-01	1.035571447599864525e+00
nan	-1.646455716998353358e+00	2.764949023927288363e-01	4.192945266939310245e-01
nan	1.243296335946225240e+00	-2.717589994985757595e+00	-1.223421901675045609e+00
nan	-7.381847019573943847e-01	-2.396762659234380477e-02	-2.268698201647895374e+00
nan	6.443422604278751242e-01	1.918067498872193744e+00	1.150737412650938207e+00
nan	8.146560105603029012e-01	8.199324211987972788e-01	-2.232699964823434691e-01
nan	1.181577649123289664e+00	8.146223137175825357e-01	-3.155324065107699139e-01
nan	1.260649948024063605e+00	5.653777635302640325e-01	-1.533815807764901340e+00
nan	-1.262357110720581765e+00	7.973713235748769446e-01	-7.782860659691464011e-01
nan	-6.872819702930537122e-01	-1.506270155677902123e+00	-1.407470087431088368e+00
nan	9.204772519620159077e-01	-3.258556390183730556e-01	-1.356163314285426358e+00
nan	-1.102235459269545359e+00	3.352538445700926850e+00	1.896491395098509614e-03
nan	8.953114020801566930e-02	-9.810109075980719684e-01	1.748652127996972006e+00
nan	-1.691356332524605044e-01	-5.076031367804063610e-01	6.443520359576960788e-01
nan	9.939016992546496621e-01	-5.249129499039457691e-01	5.377832878740793632e-01
nan	-5.126301870372600433e-01	-5.209460346455293545e-01	1.759055436355004554e-01
nan	-1.445641699966543570e+00	-8.651775673448462989e-01	8.391531686515036892e-01
nan	4.577365834593516980e-01	-1.480694126143073053e+00	-1.555495263153260810e+00
nan	-1.279411654804625265e+00	-6.705866776494148196e-01	-2.326661414767063896e-01
nan	-9.184269489879128834e-01	-2.030130342664876242e+00	-9.520654156282987168e-02
nan	-2.942372980941668548e+00	-2.308212233350613651e+00	-7.916832294168528739e-01
nan	-1.908481531992384017e+00	-5.831135188890601562e-01	3.193433982813946859e-01
nan	-1.809881514529928292e+00	-6.961573557220378516e-01	-1.064518964954814573e+00
nan	-9.840035580089150358e-01	-1.673579499716977281e-01	-8.796392227100746641e-01
nan	-1.681728786066854386e+00	-1.457811467209359835e+00	-2.226274352613275109e+00
nan	-8.851019008100324825e-02	1.231529761268301160e+00	-8.915741551575039336e-01
nan	-6.419871619900854309e-01	-1.260558686823532781e+00	-1.054916161772678107e+00
nan	4.309249296537487339e-02	5.801686181949180510e-01	-3.212154657823083070e-01
nan	-9.279221638335332090e-01	3.552195271367364349e-01	-3.775245980700991488e+00
nan	-2.230767590096327524e+00	-1.072689804157108462e+00	-2.978334177431329444e+00
nan	-1.816295171969858346e+00	-3.157306710139130779e+00	-2.019287762624292881e+00
nan	-3.379604903914122715e+00	-7.761568507368130643e-01	-9.162387518876065062e-01
nan	-1.126663557937851223e+00	1.583813608271473772e-01	-1.177093088661416154e+00
nan	-1.835346368719170895e+00	-2.855049957435625285e-01	4.889473228856739961e-01
nan	-6.022999874484644689e-01	3.366970205302854957e-01	9.051478826620327212e-01
nan	-4.876306262930548696e-01	-3.675797399835226686e-01	-6.182313701309882781e-01
nan	-5.231077826954306786e-01	-8.008041770322165132e-01	-1.383531327209643891e+00
nan	-1.346914162250496094e+00	-1.165450727721062396e-03	-9.518488721077291714e-01
nan	4.723766248522534017e-01	-1.110011998180902903e+00	-3.597067356054801657e-01
nan	-1.061200859734297675e+00	-7.089992149659809506e-01	6.240754050069621250e-01
nan	4.160016997387386284e-01	-2.034858914312701383e+00	-2.386949451553544765e+00
nan	-1.104104890879054501e+00	1.735456914382050297e-01	-9.630510971860648528e-01
nan	3.400884144941282994e-01	-1.225724581303498484e+00	1.583995201190737945e-01
nan	8.849594487148694233e-01	6.908978397268517035e-01	-1.380516687542994392e+00
nan	4.061708105517942979e-02	2.175775517156193217e+00	-2.161393934322186627e-01
nan	1.558774120310858269e+00	7.150977490019048144e-01	1.680057491652855894e+00
nan	1.846530701444437650e+00	9.833066754373549490e-01	9.031940163480444150e-01
nan	2.072036183745286753e+00	1.122123614418560233e+00	9.179856140257616204e-01
nan	3.331570840211456108e+00	1.976873237745971679e+00	1.560356003853814455e+00
nan	2.903928988422921353e+00	1.587961455925273047e-01	1.040942052715450483e+00
nan	1.236368542386971470e+00	5.590250181806277752e-02	1.580169701486182410e+00
nan	-1.429156605468270502e+00	1.301222764545669985e+00	9.855483407723092393e-01
nan	-2.144305799181364769e+00	-1.343951756955469312e+00	3.319319898048779804e-01
nan	-1.208416743173347685e+00	-1.320991186762891179e+00	1.818936030955609073e-02
nan	1.273660231194040593e+00	-1.727164882079376351e+00	-4.309255991723621726e-01
nan	-1.018036570369726279e+00	-9.813966980716044564e-01	-1.799471532964992959e-01
nan	-7.787406327459196476e-01	-1.047655065415884268e+00	-9.083674124176884801e-01
nan	1.136062816445237766e+00	-6.408422707921996864e-01	-2.075919105433228218e-01
nan	-4.647177305358602961e-01	1.812823245705260655e+00	-1.068797523162876129e+00
nan	-9.917871196655309030e-02	1.138508974863303269e+00	6.565080419167009795e-01
nan	1.015859424577890247e+00	1.898538953709593580e+00	1.785665352614577150e+00
nan	1.078844774301096265e+00	1.400355013995373099e+00	1.201016682871964836e+00
nan	1.159630850298587701e+00	1.172513609809277213e+00	6.864345915822804844e-01
nan	1.171465296280661539e+00	4.220680126592773362e+00	8.662264912302779507e-01
nan	1.919092565233442516e+00	1.418353558952821336e+00	2.795817439166758511e+00
nan	1.189751428520004595e+00	1.051429665840299288e+00	1.098439709069517933e+00
nan	-2.577650359659600099e-01	1.849708026885047207e+00	2.034546542067809938e+00
nan	2.508606381996896673e+00	9.277412298781845257e-01	2.009009363787859215e+00
nan	3.861781862500234475e+00	1.491001441907446878e+00	-6.130379066346991479e-02
nan	2.046306790287190758e+00	3.029722916082814521e+00	4.757553446582253320e-01
nan	2.909765268499389990e+00	1.626891081626130164e+00	1.121370755315162837e+00
nan	1.742184004559158783e+00	1.080592809777460195e+00	-2.201154018586269911e-01
nan	-9.131349880214622017e-01	1.146506368940602094e+00	-6.203797164953361865e-01
nan	-3.384570774126109960e-01	-2.390966338872743679e-01	-5.944808891763435632e-01
nan	-1.702509858234553697e+00	-3.017283972584327567e-01	-8.420486441846051218e-01
nan	-8.923207814302873686e-01	-1.560784971006001776e+00	-1.046475565109760142e+00
nan	-6.957034246961970592e-01	-1.851201973948729318e+00	-8.129510640274316691e-01
nan	8.604073880840559241e-01	-1.785329397341395730e+00	-6.938143504136866646e-01
nan	-9.531484813405681766e-01	1.299806825389764331e+00	-1.983098488055951236e+00
nan	-4.057525590417554451e-03	1.122488380408152686e+00	-4.367520538208270464e-01
nan	9.816938091578474301e-01	1.606846952508181436e+00	-8.015610812433006105e-01
nan	-1.415142302100835803e-01	-2.299890775678479216e-01	-4.890045190548771847e-01
nan	-8.728976928684339942e-01	8.433753955069559494e-01	-7.611114061039505607e-01
nan	-1.975070130032731963e-01	-7.138805615271082150e-01	8.163780445552423215e-01
nan	-7.082991673954165401e-01	-6.982393473809870299e-01	-1.811819130338748751e+00
nan	-2.030669709080168417e-01	-1.304260515753612459e+00	-1.396732513690343236e+00
nan	-1.074140521756351996e+00	6.021168191004993009e-01	-1.355925236114361887e+00
nan	8.029614368428372728e-02	-1.528734448618410402e-01	2.452938202437707216e-02
nan	-1.011481074465386154e+00	4.303777206735647787e-01	-1.867475312206534621e+00
nan	-3.877848102813370446e-01	1.404291825568871221e+00	-2.263646065315004119e+00
nan	-2.397717957814371914e+00	4.164133601890943615e-01	8.585891623920909321e-01
nan	-9.004720706835910304e-01	-1.094434993096513375e+00	2.348388017666736272e-01
nan	-1.998651360931425813e+00	-1.769749055152775696e+00	-2.991351803954960253e-01
nan	-3.009257557484520618e+00	3.732283237089950578e-01	-7.633714342828521460e-01
nan	1.857889997883539479e-01	-7.514741319734156155e-01	-6.464217794649378401e-01
nan	-1.756994278895973594e-02	-1.723880540343974754e+00	9.592761525292808900e-01
nan	-1.046962940924598406e+00	-2.888830300254499051e-01	-1.422872343544101748e+00
nan	3.828009050121439216e-01	-1.357380465591228269e+00	-2.339365832660760702e+00
nan	-8.895728008601994086e-01	-4.145980213577605267e-01	-3.002076847300605422e+00
nan	-1.239590921428625148e+00	1.450641919298126248e-01	-9.929636709328435451e-01
nan	-1.588598841539724749e+00	-2.599913385596590576e-01	2.636672066408968229e-02
nan	-1.845125141670624691e+00	-7.426987922457917168e-01	-1.027368970966264561e+00
nan	-2.656890468552645101e-01	-1.866373344172777005e-01	-1.779908430401629382e-01
nan	1.227516225807575023e-01	5.755504788896552704e-01	6.883028570180919903e-02
nan	-1.486130408160331484e+00	-9.236671902133081202e-01	1.194830533992936150e+00
nan	-9.072764941758035828e-01	9.384442203892079393e-01	3.528395917385738212e-01
nan	8.813148526272369665e-01	2.217123875349300555e+00	1.461296926844002364e+00
nan	4.739935027628598974e-01	4.025334021299590281e-01	1.407852966461260236e+00
nan	1.740384917506453188e+00	7.140412796621911085e-01	-4.622743739329651103e-01
nan	2.653142683808262792e-02	3.385954243465697511e-01	9.425815981261398413e-01
nan	-9.534276795650504788e-01	-7.687780707336855368e-01	1.207147762282535286e+00
nan	-9.601492707933507731e-01	-5.272211456295836651e-01	8.130644632770791524e-01
nan	-2.110697147265985230e-01	-9.381922439272180059e-01	4.155587954854276234e-01
nan	1.277947047448921625e+00	9.854093975382389736e-01	-4.683855920549090390e-01
nan	-6.808230459446962257e-02	-1.862193836226903043e-01	8.713996402287016441e-01
nan	4.739282658510368673e-01	-2.803062789194064597e-01	-3.200406618979034779e-01
nan	-1.582888381364579100e+00	1.422758463861023559e+00	8.697908774393148246e-01
nan	-1.417166207609259487e+00	9.012213197344652871e-01	9.157867448312131398e-01
nan	-1.575983175738761677e+00	-1.299318564622096162e+00	-7.711757306260403899e-01
nan	1.505236146741801173e+00	-3.450865060681891361e-01	1.125711462568598886e+00
nan	1.269886349916978574e+00	-1.241187386908595425e-01	-1.725106411454754296e-01
nan	5.175347945961903395e-01	1.516726770645152378e+00	-5.307251590493372584e-01
nan	-3.178302248891752835e-01	6.141197552531362236e-01	-8.984969284643679055e-02
nan	1.154272181100528094e+00	3.443942045650194572e-01	6.329192969172074967e-01
nan	7.232637746482349916e-01	-7.900621103886988905e-01	-6.071593119843345931e-01
nan	-8.010735990035531273e-01	-1.003491928523118082e+00	3.056000785950209742e-01
nan	-8.541616441365729173e-01	-9.803432437278921663e-01	9.582585022243814699e-01
nan	-1.540633744065847077e+00	7.343729376443600687e-01	-5.002000634697731929e-01
nan	-4.201706329429999442e-01	-7.353347014302363815e-02	-9.144910853268162221e-01
nan	-1.294422801333834583e+00	1.823229721539550541e+00	-3.098760051352977829e-01
nan	5.483728250380555114e-01	4.533989924127670990e-01	5.003013959020520263e-01
nan	-4.739349213543953554e-01	1.452565998386775303e-01	2.867562092579296618e-01
nan	-1.567258231407463454e+00	-1.152771122797813907e+00	-2.645655353566657153e-01
nan	-1.154480906455553013e+00	-2.027390030368770635e+00	1.206405271063056617e+00
nan	-7.132957066549082681e-01	-1.791336132916427459e+00	-9.023333089495976234e-01
nan	-1.849160552556726511e+00	-4.540759416502793688e-01	-1.526510847802967641e+00
nan	3.050494609071725538e-01	-7.941713832334249545e-01	1.513816346002909485e+00
nan	5.204620203482860363e-01	-1.990354420628580590e-01	-4.670967107035165489e-01
nan	-9.273848463274672604e-02	2.016395611259329534e-01	-1.022567784790905376e+00
nan	-1.011069618257371294e+00	1.411872797357154985e+00	-9.680881274597674668e-02
nan	3.687291537191455526e-01	-4.750608309962726650e-01	1.201736063099548169e+00
nan	7.254917519287714667e-01	-4.574553609011871025e-01	-3.368373500214693061e-01
nan	2.387868448671262925e-02	-3.667693534568861047e-01	-1.021356778510142505e+00
nan	-9.527131364466903118e-01	-2.168219413539303475e-01	8.867293195139034356e-01
nan	-1.356636357539099169e+00	3.632005911663268027e-01	1.233621475406972090e+00
nan	-4.247859737806201075e-01	1.623981274089621119e+00	1.965983410424152922e+00
nan	2.066849963694527226e+00	-1.130695373240684365e-01	1.317427549721995605e+00
nan	2.616116390493509858e+00	2.678229545803352707e+00	9.656905180750439133e-01
nan	1.305085519386691040e+00	1.510630151853115555e+00	1.444132680956663917e+00
nan	1.430757558982552968e+00	1.476817892664168408e+00	6.929647622281468466e-01
nan	8.884938170158837023e-01	-7.919757335795530873e-01	5.407685663115608943e-01
nan	3.925530143775251557e-01	2.503976503889369654e-01	-5.731465210273418709e-01
nan	-1.541305020005989679e+00	-1.653251416550161335e-01	6.194133376510169153e-01
nan	-2.080892956666864635e-01	-1.149652764690260121e+00	-5.086132075806187869e-03
nan	2.118198724613614692e-01	-9.755090704013114067e-01	-1.898505220289663287e+00
nan	-2.867734218030481230e+00	2.123812715927358707e-01	-2.951616751648561410e-01
nan	4.556932047065361813e-01	-1.233061105955157721e+00	-1.532739334860140079e-01
nan	-1.491466820729503207e+00	-1.775524834115336237e+00	5.269029220891550125e-01
nan	-1.086928319996609993e+00	-1.824582957992726850e+00	-1.878355767091954620e+00
nan	-2.839224989682224809e+00	-8.121311690259356286e-01	6.741425142782198066e-03
nan	-1.444294460851619055e+00	-6.832040939835257731e-01	-1.504829961275049532e+00
nan	-7.600152735418128636e-01	-2.610577502033635255e+00	-9.389713821509610980e-01
nan	-1.189988192464432881e+00	-2.386747955790238240e-01	-1.960205569261529224e+00
nan	-1.959104768728903823e+00	1.284499997703753893e+00	-1.064177739813146228e+00
nan	1.153751793572202811e+00	1.709203964206575277e+00	-1.123582560555181464e+00
nan	5.573615804186041744e-01	1.805559557151076966e+00	-1.855779325086609477e+00
nan	4.350213025870713901e-03	6.418423441129006424e-01	-1.019697496536964065e+00
nan	-9.728615520081929091e-01	-6.633219154908659432e-02	-9.620815126292772135e-01
nan	-4.272014324267929819e-01	-3.421475179214195972e+00	-4.180692538031529626e-01
nan	-3.431992893304738335e-01	-1.833978118060942464e+00	-1.716356330325069734e+00
nan	-1.060966917867982584e+00	-5.353124534845090654e-01	-1.457152500079994306e+00
nan	-1.356728800357648979e+00	-1.445743449782575185e+00	-1.810854424341644897e+00
nan	-5.787219295183665402e-02	-1.061101265953458661e+00	-1.067987119340031432e+00
nan	-3.158428906539306746e-01	-9.041015289734488647e-01	-2.099342206409873679e+00
nan	-1.261599075651634871e+00	-2.854619903035769402e-01	-7.744636603260576235e-01
nan	-2.862449074880762390e-01	-6.699095044119950382e-01	4.527584393388291439e-01
nan	7.642794355212420010e-01	1.122511688480623215e+00	-8.297993061057679087e-01
nan	7.421492451211579855e-01	-5.052128465811486224e-01	-1.095932515921834050e+00
nan	-5.253713447295875749e-01	3.023292469585639464e-01	-1.041637385378663350e+00
nan	-8.392021300858587551e-01	1.834310529006045742e-01	-5.198573634387322340e-01
nan	-1.155397850875208521e+00	1.268587092658917392e-01	1.387971529430741979e+00
nan	4.184151117255985319e-01	2.207910655243374709e-01	6.471627071384875585e-01
nan	2.884949370846260908e-01	-6.828552289206107906e-02	-6.691002562864539760e-02
nan	1.568441477061707778e-01	-3.495264593189139624e-01	8.249994811865867250e-01
nan	6.759518941380182611e-01	2.617517385226000304e-01	1.177867830318484188e+00
nan	1.271226276232896746e+00	-1.177278951349444602e+00	1.159158318496141371e+00
nan	1.785935941938479044e+00	-2.214939722207840966e-01	-4.640691691408445618e-01
nan	2.807325402003721382e-01	9.141573855007163463e-01	4.578126142415431254e-01
nan	6.982842640968917047e-01	3.451415397018602338e-01	-1.301113573518801747e+00
nan	-1.697656858767819132e+00	1.170706693739439697e+00	-3.816569507281293294e-01
nan	8.322157077253726776e-01	9.603587891483973404e-01	-2.837140438764497175e-01
nan	-4.871322860001767174e-01	-1.875270940387538943e-01	2.906563326880082232e-01
nan	-3.458980181509416774e-01	-2.052884752802462409e-01	-1.285920001338555496e-01
nan	7.108427384696254236e-01	-1.519199672786988309e+00	9.820142967246570098e-01
nan	1.179716535387123288e+00	2.564640056206907159e-03	5.116294876741495079e-02
nan	-2.748072193721615153e-01	1.287740876193292916e+00	1.251813994898750781e+00
nan	1.371725851813765384e-02	4.851716623821859531e-01	3.030921767671387546e+00
nan	9.459525431548001517e-01	1.229579668668807857e+00	1.168008412042206290e-01
nan	6.549090100987662311e-01	8.203701985556188792e-01	3.301897812785000719e-01
nan	-6.744300234320637077e-01	2.150729761969332188e+00	4.312007407196601916e-01
nan	6.578639879912279165e-01	6.672687396223453415e-03	1.459856049639522313e+00
nan	4.718883095407441219e-01	1.074566017811336538e+00	2.211781054285741011e+00
nan	1.555748025019074943e+00	1.568467430840157606e+00	4.750843793831234230e-01
nan	7.556118509723979138e-01	6.013230268305538306e-01	8.103640573043020545e-01
nan	-6.319727594754434019e-01	1.265858271296114168e-01	1.862797678842734506e+00
nan	1.111904509103289973e+00	2.220958077601714598e-01	-9.196093552370943058e-03
nan	-4.761784233405164102e-02	-7.253810341755407842e-01	1.744795461774809597e+00
nan	-1.594952209132645682e-01	-7.934302181864196779e-01	4.057364028076166917e-01
nan	-1.985510699712921046e+00	-5.915179978177803610e-01	4.334504554172480262e-01
nan	-8.681522416298156353e-01	-1.538484953893700435e+00	-1.257170991084247014e+00
nan	-1.011885698959979374e+00	-6.934172224491281789e-01	-1.198039911142362079e+00
nan	-1.801179676937474383e-01	1.379436655701280934e+00	-1.672704465779287109e+00
nan	9.583181016054925783e-01	-2.175607786286816836e+00	5.009163898421141736e-01
nan	-8.509446252255293830e-01	3.400123011260509642e+00	-4.153688065330861101e-01
nan	7.788016602591879556e-01	-1.472674934126877222e+00	1.092966269426383086e+00
nan	-2.171403043194289673e+00	-8.489947778687534363e-01	1.396439106692412002e-01
nan	-5.470126181087096029e-01	-1.917269488108698239e-01	-1.319967603242834797e-01
nan	-9.204290169118817255e-01	8.913837559424842016e-01	-4.724833264988904102e-01
nan	-8.112805222427970087e-01	-2.179440936613289137e-01	2.673358305547370861e-01
nan	-1.236985971520515815e+00	1.008888056044139336e-01	-9.753005277299178211e-01
nan	-1.499064059026237405e+00	-1.183305328816239843e+00	-1.325514897423700988e+00
nan	-4.801593708362481561e-01	-4.349675479215808216e-01	-3.824998415832526200e-01
nan	-8.460965377302669399e-01	2.835313299904281825e-01	-1.144861906115586803e-01
nan	9.194407624333236217e-01	3.669615898379545715e-01	9.384616577586403219e-01
nan	2.044433211817975771e+00	1.236997330599821199e+00	-3.548949963317276635e-01
nan	-5.609955173227980652e-01	-1.945702247127690798e-01	3.897501934967880777e-01
nan	-2.429602964661608411e+00	-3.650565997486667769e-01	7.058039262106633460e-01
nan	8.407416294855124539e-01	-4.218743533880262575e-01	-1.237824378480009146e-01
nan	8.123177187225584239e-01	-3.071319321543752867e-01	1.778344901446010651e+00
nan	8.905817705518259686e-01	-9.410255551758628378e-02	-2.474989826344531352e-03
nan	3.392534663198522038e-01	3.861368688273314476e-01	1.022897563598608617e+00
nan	6.149612375292319300e-01	-5.992020855165408610e-01	-9.900159779065594856e-01
nan	5.045009242883309319e-01	2.315851369197319265e-02	-1.875725831820962419e+00
nan	-1.586379013899287260e+00	1.156240874372936212e+00	-4.745888804705075681e-01
nan	-2.204666257747329272e+00	-8.432861588358557814e-01	1.343950228228192989e+00
nan	-4.535059980117216449e-01	-1.113973212061257101e+00	1.445171702242860290e+00
nan	-2.178501876733084375e-01	-1.315728914400792204e+00	7.210442769374527661e-01
nan	-8.999124039009311904e-01	-7.228824399824420599e-01	-6.251568919456353957e-01
nan	9.862346244015021135e-01	3.052264911895230526e-02	-1.407632587843932637e+00
nan	1.357282498850215013e+00	3.583089845654782724e-01	-4.971641490813766828e-01
nan	-6.214106506952077336e-01	1.838342346213228673e+00	-2.272954944379380837e+00
nan	7.730932197518334270e-01	1.021453022685442913e-01	7.331533227938060726e-01
nan	-1.052269383893805199e-01	-9.119220687560511962e-01	1.526290960366411209e+00
nan	1.091423322482557801e+00	1.184054591712063731e-01	1.258453682340269442e+00
nan	1.372051646820755311e+00	-1.104132606254522031e+00	2.114071225991139613e+00
nan	-5.277110944416056881e-01	2.050886406589133681e+00	-9.112858714202811683e-01
nan	-3.889856724604724425e-01	1.751620285827328871e+00	1.186061072219902979e+00
nan	2.730174496699105946e-01	-1.179526719995720230e+00	6.219722109677785493e-01
nan	-1.809987411203431984e-01	-2.735515738968180566e-02	-1.128659802192516048e+00
nan	-5.179932649886318519e-01	-2.550328122057732294e-01	-1.117640493841398852e+00
nan	1.085728298704351724e+00	-1.448313972915173053e+00	-1.350629992117778899e+00
nan	-7.105678307729144105e-01	4.314407805172892907e-01	4.455934072368901155e-01
nan	2.589901042662804409e-01	5.346474282120826649e-01	2.042730944617626054e+00
nan	-7.912259368267859916e-02	-3.612170496526360686e-01	2.416206367180482761e+00
nan	2.086245634188462539e+00	1.364581223010957745e-01	1.338694859711333507e+00
nan	6.389829341541366503e-01	-6.402658270017101971e-01	-1.251469217898723230e+00
nan	1.702344109414581697e+00	5.717939238587515377e-02	-1.824314968173536000e-01
nan	7.044165618927964445e-01	-7.017515915032803697e-01	1.263171560322715603e+00
nan	2.031679211595256440e+00	-7.966426198832318173e-01	-8.545888500825185030e-01
nan	-1.223922970437651969e+00	6.481184691402084308e-01	4.971630263723020304e-02
nan	-1.483678545340408439e+00	3.929789780459258530e-01	-2.501062224998477634e-01
nan	-9.792862257176901952e-01	2.224827088179709977e-01	-4.613085077558222169e-01
nan	5.463692487918936358e-01	-2.422174845844179192e+00	7.754944513930177308e-02
nan	-1.468020435070459317e+00	-4.975396573836129432e-01	-5.932842650346131785e-01
nan	2.447555938890835225e-01	-1.626363555150020623e+00	-6.077953667992588294e-01
nan	-5.338743987842803351e-01	7.178196407387544831e-01	-3.665565336634663551e-01
nan	1.068893627345459008e+00	1.103686109500780610e+00	-1.367677726587717135e-01
nan	1.844778210692703979e+00	-1.163313551737795937e+00	8.518737653965176015e-01
nan	-2.417700166560655672e-01	3.529682520895157105e-01	7.442041439658165780e-01
nan	-1.014795134928357379e-01	3.589863733169813553e-01	1.473987222110890727e-01
nan	8.410748695964358201e-02	5.995266804843962793e-02	1.936425504379540197e+00
nan	3.046223581004420811e-01	3.746440391626809086e-01	2.295061096627200592e-01
nan	-4.115564424641166008e-02	-3.563883885980205779e-01	1.411586929393843670e+00
nan	1.772058963279989463e+00	-4.854164650642244783e-01	-2.610490401352005829e-01
nan	1.118874662575218393e+00	-9.347655070227931517e-01	1.904729002695940421e-01
nan	-3.100592694046362952e-01	3.748250089980699196e-01	-1.172256181210516335e+00
nan	-1.251611166497775152e+00	-1.756429641902661709e+00	-4.838326513177177435e-01
nan	-2.137455822927569304e+00	-1.013066034505645030e+00	1.348624742811246335e-01
nan	-2.305247801389631590e+00	-9.904325296517036969e-01	4.207821501647047713e-01
nan	-8.657430994657673295e-01	-1.893243248600254836e+00	-7.591692365435215306e-01
nan	-1.085456813527995612e+00	-2.041140077126404329e-01	-1.173901162762984285e+00
nan	-4.824686069479603989e-01	-2.579041288898494155e+00	-1.214639724214124361e-01
nan	-1.568696197394209957e+00	-1.225968003284420238e+00	-1.604288106938268621e+00
nan	-9.438227637787599544e-01	-4.231082633316995412e-01	-4.015765899348277546e-01
nan	-2.308670125755244662e+00	-2.093919817789366533e+00	5.921880660267593299e-01
nan	-1.121011990460697438e+00	-3.606372451991356476e-01	-4.469587139342308113e-01
nan	-4.778172325841918422e-01	-1.683541199388587373e-01	-5.519725171969942501e-01
nan	7.309969274520118354e-01	1.125375827106470661e+00	4.702395159013466053e-01
nan	-9.736607013192677407e-03	1.683658338839568280e+00	-7.900911729624841007e-01
nan	1.816343310883409834e-01	-1.183890019688458306e+00	3.416761234088687149e-01
nan	4.840347117919406861e-01	-9.643432234019269078e-01	-1.940562046570888821e+00
nan	-8.383583124176550161e-01	-9.208757035079822018e-01	-1.616713756182321937e+00
nan	6.345469196991599947e-01	-1.510736946752920806e-01	1.889280882002003503e-01
nan	-7.371372489901184544e-01	2.558442926011006868e+00	4.550942714423940605e-01
nan	-3.335424289802263464e-01	-7.272965973495549852e-01	-4.920773950173399358e-01
nan	6.960999229806204003e-01	8.383590718779327933e-01	-2.352064798136169199e-01
nan	7.345432039217394404e-01	-3.139893441548158859e-01	-2.638385406524041965e-01
nan	1.269427045687156808e+00	-4.397535343243133554e-01	-1.867176996076669593e-01
nan	-7.146820768406018098e-01	5.540730947040748422e-01	-1.366087688455440263e+00
nan	-1.190768937183112608e-01	-1.771223066627609199e+00	6.026824819027272184e-01
nan	-7.689917373903580877e-01	6.054904805151271052e-01	-4.168462724042640288e-01
nan	-3.698348419534296383e-01	1.258889852691840394e+00	8.672129088503812699e-01
nan	1.197219935402762392e+00	1.428778361769481808e+00	-5.981010588469509726e-01
nan	1.663126242168188051e-01	1.380933615727641728e+00	1.617666404135546188e+00
nan	1.619293941468629594e+00	1.645785134250827175e+00	-4.094293015241200484e-01
nan	2.506112709223829338e+00	1.694381015776428967e+00	2.674158063905495819e+00
nan	3.034724692246924427e+00	9.090093529374776438e-02	2.879613975262684811e+00
nan	2.374535176359170663e+00	-3.202889723676296541e-01	1.928047879380516250e+00
nan	1.059291692118002448e+00	9.318176812574290313e-01	1.001032774092335043e+00
nan	6.734435920071253356e-01	6.412952881400524330e-02	2.140728650256004117e-01
nan	2.554393050287699918e-01	1.239066182388592008e+00	-5.604330543491146122e-01
nan	3.189423736617146843e-01	2.062396838904444474e-01	2.051915287365642937e-01
nan	-1.746940752840934752e-01	-7.793113032406734364e-02	7.006818957606262277e-01
nan	-1.339771050134397123e+00	3.247336837023542810e-02	-2.350654813749621375e-01
nan	-1.695344676029612585e-01	-4.270701253395765562e-01	-8.131278076376388109e-01
nan	-5.755486034251680039e-01	1.159628229661847199e+00	1.260931409024412808e-01
nan	-1.350055430329359041e+00	1.648000004772493865e+00	1.934517907669026648e+00
nan	8.798449384651437777e-01	1.608627955222073247e+00	1.216554595606346822e+00
nan	-3.613734678584765714e-01	-8.215978356039435049e-01	-5.958019267386871487e-01
nan	1.236082594601452422e+00	5.403472450133952609e-01	1.249420894544280292e-01
nan	-9.665439752955419239e-01	1.820214030696339691e+00	-5.641909296568975440e-02
nan	6.657556679260714927e-02	1.037233537462203925e+00	-3.828108692565809212e-01
nan	-1.621084412778281414e-01	1.437668829120560599e+00	8.478171861754266736e-01
nan	-6.423988324202146716e-01	8.692794640852897770e-01	-8.289939651692844746e-01
nan	-8.575833523660467694e-01	1.561048824467678175e-01	-2.817122126976810415e-01
nan	-1.400446325686887317e+00	-1.716153276266944028e-01	-6.849793128051019364e-01
nan	-1.907880602502310730e+00	-3.521166005063097737e-02	-5.718768005386021258e-01
nan	-3.752129516980277635e-01	-1.162088803083233701e+00	-2.171813645137829485e-02
nan	1.858661990732903391e+00	-9.080428042656824017e-01	-6.710794646686697451e-01
nan	9.702810909349348645e-01	-1.019246149634910559e+00	-1.612602642837267508e-01
nan	4.579489392515285195e-01	-3.250765640928217071e-01	5.429627048031785419e-01
nan	2.622885169228598157e-01	-1.703644127552168985e+00	1.839699876551425195e+00
nan	3.174120884370589257e-01	1.676749444733118599e+00	1.218512472928294788e-01
nan	3.969146160791959810e-01	-7.281573249102689660e-01	1.091345251979306541e+00
nan	-6.170256519114496463e-01	-2.139582214633576118e+00	1.824082739083484339e-01
nan	-1.051837351490968908e+00	-1.208339527826806314e+00	6.642634761252759201e-01
nan	-1.832368927863069485e-01	-2.213366295983679510e+00	-9.876651801505736961e-01
nan	-2.426588958884186908e+00	-1.026898999982518657e+00	-1.881730329600053153e+00
nan	-1.679515049751082456e+00	3.028046739944916244e-01	-1.825743277426166156e-01
nan	-1.509594189379206419e+00	-1.637045863274503965e+00	7.345808542773681893e-01
nan	-2.534449554113480385e-01	6.278555604283619918e-02	-1.004387322349429734e+00
nan	1.302302707489870759e-01	9.746431243772382125e-01	-8.549927852033483155e-01
nan	3.356275989893880984e-01	-7.465557031777485530e-01	1.529280934518315371e+00
nan	-1.568425076572288468e-01	3.681058509262823408e-01	-8.454787144300351942e-01
nan	4.667267583988037316e-01	1.874757908278254614e+00	-8.959917383474972352e-01
nan	-1.775812799844852519e-01	1.949820245644204864e+00	-2.654967497948490962e+00
nan	-1.065779057325710433e+00	6.217720188041128138e-01	4.880341296780575933e-01
nan	-6.858486214233789902e-01	4.950341426728967487e-01	-1.472751583252916108e+00
nan	-1.233197476391223457e-03	-8.070559366280458669e-01	-1.506749744304348715e+00
nan	-9.300404586211189484e-01	-6.068384532688710920e-01	-5.395235841630848794e-01
nan	-1.887571482150357305e+00	-1.634353222108250625e+00	-4.508807507029258810e-01
nan	1.051545249535561277e+00	-1.982060352431482819e+00	-3.944351849580389202e-01
nan	-6.612925332385017896e-01	-1.329334405818493492e+00	-2.088458265761075516e+00
nan	-7.444474699235689164e-01	-1.125304200412037825e-01	-1.514584456453859529e+00
nan	1.255909200823611016e+00	-7.989421587203724417e-01	1.068634723192833702e+00
nan	-2.083739929798010815e-01	1.332112784064881206e+00	-1.218121365557939262e-01
nan	-6.274574870530108539e-02	1.420174954331094419e+00	2.752760365692825673e-01
nan	-1.913584481398614145e-01	2.925035735304495343e-01	-7.867786399189858892e-01
nan	-1.100572696538785422e+00	-2.578299068801170324e-01	1.727250078313445902e-01
nan	-1.194492733197850320e+00	6.855717707420563301e-01	-5.034696120495745220e-01
nan	-1.558320437207772191e-01	8.072189073529871806e-01	1.199624500730628762e+00
nan	3.617467799038097676e-01	-1.151083369805189216e+00	2.203519714317175637e+00
nan	1.036005957352510443e-01	9.700378919772770225e-02	-1.484061293687072514e+00
nan	-1.550337737678003869e+00	-4.510426906428150473e-01	5.111424030556793729e-02
nan	-1.762502698787532296e+00	7.337232936206332656e-01	9.794165079071144309e-01
nan	-1.723935500208108484e+00	7.356801210579921868e-02	1.453483051178267260e+00
nan	-8.494592880007439950e-01	4.614859518131327332e-01	2.773726846900688603e+00
nan	1.528681954119078146e+00	-3.361594803511128715e-01	1.239779101169715680e-01
nan	8.302711169234183730e-01	-4.008690793823012077e-01	6.538748929218246575e-01
nan	2.275730987720944731e-01	8.415861269597783023e-01	-1.065524266264609582e-01
nan	-1.353197813032035679e+00	5.951456201156157810e-02	-1.117814079132811944e+00
nan	-1.733035791501676748e+00	4.983116539019451507e-01	2.534376073904064941e-01
nan	-1.267640206514734968e+00	-1.096886703826238652e-02	4.543212615737257654e-01
nan	-8.308523235493594505e-01	4.597764104068863267e-02	2.118499835891813898e+00
nan	2.201986860368474908e+00	9.177878417591531224e-02	1.272943303563896178e+00
nan	-4.024922400469179706e-01	1.834651062832513002e-01	7.114160818413510778e-01
nan	-3.688680888425970306e-01	1.775996232560571042e-01	8.287125889851210125e-01
nan	6.527550341454360083e-01	-8.277645816398152556e-01	2.981149299210619774e-01
nan	-5.253988064166408289e-01	-5.084816546051054154e-01	-6.463863616857980221e-02
nan	-4.791155181461537182e-02	6.538895214430083813e-01	-1.098640954810009784e+00
nan	-1.294185409135073517e+00	-5.994573388808928094e-01	-6.228888681259699966e-01
nan	-9.288469555425691304e-01	-1.403978392927485386e+00	-3.142272691843578936e-01
nan	-3.003979427890864695e+00	5.534696974974452344e-01	-2.291634549791036202e-01
nan	1.090909832129959067e+00	-2.153527220970479661e+00	7.454167984497916954e-01
nan	-4.573524685829352121e-01	-1.096009271247863737e+00	-1.191083387999197996e+00
nan	-5.836256490912505868e-01	-2.252814835490389189e+00	1.290165304902729071e+00
nan	4.790883805094368619e-01	-1.113520369396398424e+00	-1.962400513178490791e-01
nan	-7.407830821820181599e-01	-8.225592849191798450e-01	1.344073654408746377e+00
nan	-8.919778595069992599e-01	1.478662306786940217e+00	5.700827633703692277e-02
nan	-1.088456799010666110e-01	1.019985935455407638e-01	1.511816267159225902e+00
nan	2.839982755980630102e-03	1.490196713727172328e+00	7.679709108924775984e-02
nan	2.121102379560627860e+00	9.491695317769934803e-01	7.423891974271740191e-02
nan	6.744117329481513767e-01	1.839575279940548258e+00	-1.069207791429868326e+00
nan	-3.419220155488512103e-01	2.680220759298525213e+00	-1.395236337122968573e+00
nan	-1.477018883210832412e+00	2.645014367706444158e-02	-4.006246506129419460e-01
nan	1.132388031105675985e+00	-1.137221952578133521e+00	-4.740326148564406594e-01
nan	4.608006920445508747e-01	1.094150955630367017e+00	-1.367657408749879844e+00
nan	-6.610900968920121468e-01	2.639134636259735878e+00	-8.588510390927546201e-01
nan	2.304533319889149556e+00	1.255024683805249452e+00	2.936500258348817560e-01
nan	3.064054571962019580e+00	5.580781593660621986e-02	9.903276730366137315e-01
nan	-3.330837929019616617e-01	1.225393433618881422e+00	1.952293357724918521e-01
nan	-2.686145803657953857e-01	-1.186755801246269781e-01	-3.252835623923625574e-01
nan	1.442934117482747913e+00	-3.307002850461454591e-02	-3.736073252106099085e-01
nan	2.575311842085064473e+00	1.903705468025105985e+00	-2.188211825584703007e-01
nan	1.719244490997760888e+00	1.666815674087463339e+00	-6.641841222820329405e-01
nan	8.217432857349558084e-01	1.212351869001400573e+00	1.976777593121764598e-01
nan	1.331274897603387686e+00	-1.277570793248811842e+00	-1.876131975381561401e-01
nan	5.953824850470641472e-01	-7.052735418735228690e-01	-1.937680623358793319e+00
nan	-3.081665136785664005e-01	-5.345289889886820772e-02	2.393286725902532552e-02
nan	-8.649175227113109488e-01	-2.814439698412688484e-01	3.042490478524869646e-01
nan	-9.357027579217562785e-01	5.158902090446857436e-01	1.532508743038361876e-01
nan	-8.729070194477045463e-01	-1.415854146412333370e-01	-8.656549461269488766e-02
nan	9.327465132144494575e-01	1.237993665719991920e-01	3.331737398675662098e-01
nan	4.003545119493747695e-01	-2.236457916249201539e-01	8.327851001580096613e-01
nan	3.896602637826009352e-01	4.413736295469722348e-01	1.841495391117687230e+00
nan	9.197931939148191738e-01	1.410068679007701054e-01	1.407062458839420049e+00
nan	1.057867964410797113e+00	1.522950653869470372e+00	7.976748263006930850e-01
nan	1.697554669834734131e+00	6.061114521250458020e-01	-4.946016752943527273e-01
nan	-6.173964721586397975e-01	8.210266423622780696e-01	1.226544329887863383e-01
nan	-8.662961925899668181e-01	1.912530227070885047e+00	1.315959671873027537e+00
nan	-6.915987083377252986e-01	-1.658990306241382884e+00	1.086921081276456036e+00
nan	1.626811201831625420e+00	2.133566011644003169e+00	-5.611810003127262192e-01
nan	1.377202235166989475e+00	2.554510631285161759e-01	2.623898224477202445e-01
nan	1.637496306840765081e+00	1.595061869533745513e+00	1.155978532713880735e+00
nan	1.242024058652991814e+00	2.382746935564120871e+00	-1.167259562687029684e-01
nan	1.764709257414573740e+00	2.446506753716716442e+00	6.109235447068586122e-01
nan	1.786721191525044938e+00	1.516205703881588818e+00	2.077095170938901170e+00
nan	1.359569693225570308e+00	1.910880706199133972e-01	1.141034314976979935e+00
nan	-5.696792571128400651e-01	1.329321044875704683e+00	-8.765482172837467667e-01
nan	-1.097989461104535103e+00	-1.478425512497955507e+00	-2.461154506667718733e-01
nan	-2.008754464480791757e+00	-5.529892709277531848e-01	-1.430018234286721368e+00
nan	-1.242823222047552356e+00	-8.377437791139660250e-01	-4.951394303330154956e-01
nan	8.720776482480541159e-02	-1.512309459920567534e+00	-1.260145217034320253e-01
nan	-1.736113887519322163e-01	5.884667092859687809e-01	8.189830815882055415e-01
nan	5.598174252762788683e-01	3.579036993153518476e-02	1.559520976550436533e+00
nan	8.905965975642533561e-01	6.810496255391438325e-01	1.051789686230871990e+00
nan	2.035666016365820230e-01	-3.274806148868804057e-01	8.397829185710423694e-01
nan	2.959685897304753954e+00	-4.526825346280850537e-01	-1.071655085562360554e+00
nan	-8.784404958117089102e-01	3.100512733738138849e+00	3.388477876772233999e-01
nan	3.094066426244820089e+00	1.585305272417040223e-01	2.192098203019227753e+00
nan	9.048836249197655945e-01	1.204157366026975540e-01	-8.844967866401309831e-02
nan	4.262477188207942636e-01	1.928088281126639325e+00	-6.787420120215043040e-02
nan	1.213569466229972305e-01	-2.247340609528228228e+00	1.841480183111677604e+00
nan	3.332668928554158860e-01	-3.596984646473780911e-01	-1.188813036096788567e+00
nan	7.489137358493860308e-01	-2.956336103147981564e+00	4.838204246897426231e-02
nan	4.029754285531172986e-01	-2.421553714051608019e-01	-1.979584449365306309e+00
nan	-9.459159613867390570e-01	-1.393582373274971475e+00	-4.593377375947418351e-01
nan	-7.931180659355940854e-02	1.780488029295823615e-02	3.270283781754265151e-01
nan	5.899015501546199802e-01	-9.743257795610790195e-01	-2.124776549974827233e-02
nan	-1.010496415054647601e+00	-1.211887956008290690e+00	-7.183438010331204548e-01
nan	-2.923480531209493360e+00	-3.270452480055414668e-01	-6.096392321148437210e-01
nan	-6.816289196030699271e-01	-1.449400172458811253e-01	-9.979613827129050208e-01
nan	-7.265048997567644662e-01	-9.229827252587236019e-01	-2.731888110431036631e-01
nan	-4.377109894965672821e-01	-1.033220310853845136e+00	1.155277639309187698e+00
nan	8.998734351792550545e-02	-9.947272937294144857e-01	1.284124421063944865e+00
nan	1.217978787256348561e+00	1.917870346700150108e-01	4.470944534695205919e-01
nan	4.141167053207934212e-01	1.081254779403642230e+00	3.054594253004918047e-01
nan	6.715930894075337054e-01	6.705001393296008416e-01	-4.250347968465175708e-01
nan	-1.996895282475152911e-02	7.689092167263820166e-01	9.000627371295988333e-01
nan	1.208683680721172049e+00	1.920247626880460801e-01	6.669208639066086519e-01
nan	-9.079722311713078753e-02	8.661555087376022755e-01	3.319632465098106833e-01
nan	8.602753282302594284e-02	6.989910316162901704e-01	1.640164526378483867e+00
nan	2.194778427317083391e-01	-4.433917870055157917e-01	7.640741997158604359e-01
nan	7.387405725047149763e-02	1.653614796747980620e+00	-1.869754767536065510e+00
nan	9.038565078642993855e-01	1.313399906999088262e+00	5.622559116187442196e-01
nan	-1.252210727564281312e+00	1.399864186193314541e+00	-2.986093849405911937e-01
nan	5.235713325847010102e-01	-6.211434154494402948e-01	5.489891280555759812e-01
nan	5.272409930928722011e-01	-3.890264265643791353e-01	3.781735428396785781e-01
nan	3.302744596718585890e-01	-8.020745133843435459e-01	6.536300210827489243e-01
nan	4.198648397977726432e-02	-1.562958808467028726e+00	1.390432802542014290e+00
nan	-4.169207973764670755e-02	6.045851661071226513e-01	-1.572421552165057301e+00
nan	-1.089009940697184931e+00	9.062017659215818033e-02	2.434079295026668754e-01
nan	-1.334516723092270762e+00	-1.903364152543779220e+00	1.536433100879077973e-01
nan	-1.933019527247770597e+00	-1.106269480012406881e+00	1.634490412601532494e-01
nan	-2.113955690452952396e+00	-2.775752527502244327e+00	4.793510860214590386e-01
nan	2.721730562199777825e-01	-2.387811707898303659e+00	-1.258206550632422038e+00
nan	-9.383581975895701754e-01	-1.574942828293697028e+00	-1.905921003362425648e+00
nan	-7.176329661226281686e-01	-5.600198092342674183e-01	-1.756004972829081190e+00
nan	-1.634031677411409866e+00	-5.896970325989543404e-01	2.928323585286725095e-01
nan	-1.365285781582362912e+00	-1.104654289539203083e+00	-8.524902802166076654e-01
nan	1.427788009704576089e+00	-2.280407382035861019e+00	-5.174949114839973996e-01
nan	6.877471617575976470e-01	-1.145541193406255598e+00	-2.577043215027190914e+00
nan	-2.810306291044398996e+00	3.959849794067398232e-01	-1.220979211758792093e+00
nan	-7.445816046702294910e-01	1.111653477004855839e-01	-2.404231000611383173e-01
nan	-7.758372966028967976e-01	-7.548552092862693685e-01	-1.165899046045503068e-01
nan	3.684054842657072948e-01	-2.537737721430257665e+00	6.417195709241001467e-01
nan	6.031733817061135650e-02	-3.987138316365638202e-01	5.293525675042753953e-02
nan	-1.393743289197094226e+00	9.580789268128222513e-01	1.410641109210600819e+00
nan	1.139880622551340039e+00	-5.789698883521807726e-01	1.617182944511080134e+00
nan	2.988090255914160664e+00	-1.693189844914500641e+00	-6.301465726443211679e-01
nan	-2.767743539676370546e-01	8.925658567252596765e-01	-9.874722608743378149e-01
nan	3.471298262147394231e-01	-6.825697236971608461e-01	2.749379067382372033e-01
nan	-5.564631714132844964e-01	-1.780293043972842604e+00	1.632424256221179037e+00
nan	1.107957127793226748e+00	-7.712287639070218859e-01	-1.163566264030081454e+00
nan	-1.342623432587377152e+00	-9.695192569512086633e-01	-5.638665301125823648e-01
nan	-1.758544482151857213e+00	6.879938153221708541e-01	-2.171772580679008691e+00
nan	3.269142245103987543e-01	1.168965669013967590e+00	7.398138846548034664e-01
nan	-5.805913987559859768e-01	7.040880593006354493e-02	4.731769869815590224e-01
nan	1.110453041152401843e+00	-2.893080044675183093e-01	8.474281344486088718e-01
nan	1.069480636626400250e+00	-8.874435215165796254e-02	1.124038452852973435e+00
nan	1.762848376637252690e+00	8.748417574110605166e-01	-2.471338284922541817e-01
nan	1.338600968393766966e+00	1.814856580579439216e-01	6.073864446919272631e-01
nan	1.489660659241856866e+00	9.179661588967511499e-01	1.316981985385095921e+00
nan	2.722834906602339622e+00	2.768075028919314562e-02	9.909108789514775584e-02
nan	1.972370618354483796e+00	7.864551166519319070e-01	6.220400415699495200e-01
nan	7.666810831424095696e-01	-1.162681873775879726e+00	1.564163331692809411e-01
nan	-1.366504131715684300e+00	-3.098856521699085431e-01	-1.121827665681674580e+00
nan	-1.232938214670023847e+00	-1.996736748824047947e+00	-3.859977762780185118e-01
nan	-1.348594702843399773e+00	-1.626210765652631007e+00	-1.368982769072999428e+00
nan	-2.586840156602239205e-01	-5.255497973874021511e-01	-1.557985051535083931e+00
nan	-1.084860134152147548e+00	7.962317827182346930e-01	-3.626133780776557014e-01
nan	-3.830575139180344979e-01	-5.743992219171575320e-01	1.981027705021126684e-01
nan	-1.621831037788219465e+00	-1.920013740756185250e+00	-4.240913841919164984e-01
nan	-1.461820144927356679e+00	-4.962410934369616555e-01	-1.576418345370290908e+00
nan	-9.673786086891139613e-01	1.009558880602251518e-01	-1.106148181753250359e+00
nan	8.735463797575607758e-01	-1.460951648551347404e+00	-6.617015394705081377e-01
nan	-1.758430964078802283e+00	1.979536042945477525e-01	-8.117046470913321654e-01
nan	-1.033844871924403330e+00	-1.684890514082939328e+00	-1.484750344795318977e+00
nan	-2.267826334369730024e+00	-1.830596617606765397e+00	-1.304381455935317957e+00
nan	-1.593091911310931641e+00	-1.117774148913344145e+00	-5.390018460501071473e-01
nan	-2.997638835225359344e+00	-1.215211281782038633e+00	-1.648213073052710698e+00
nan	-2.258906388994085912e+00	-3.214713903264293293e+00	-1.341926546305641788e+00
nan	-3.360054905909984679e+00	3.278635302785337657e-02	-5.779929718681527939e-01
nan	-1.444280032922351964e+00	-9.498985413819466261e-01	6.719028208280877212e-01
nan	-3.520127246344993965e-01	-2.005120644519432282e+00	1.206150791233548070e+00
nan	-1.712616570039636466e-01	-3.869513397163125146e-01	-1.614716945774837820e-01
nan	-8.332275693977830855e-01	-3.196334268187051020e-04	-4.307493513710129451e-01
nan	-1.695045616655818987e+00	1.653555630102581109e-01	-1.837943541799301528e+00
nan	-6.401178069492223788e-01	-1.065695841320411841e+00	-9.491522708717917700e-01
nan	-4.860495051849965664e-01	1.094511022750771501e-01	7.196929204764589416e-01
nan	5.456136493137435650e-01	-2.219848001979284891e-01	1.462934654815685409e+00
nan	1.930464978366412065e+00	-2.593306387217398368e-01	1.132089893545085157e+00
nan	-5.188019119202014195e-02	1.325936700056615791e-01	-1.946159927883114760e+00
nan	-1.164750427527962984e+00	-3.312549448251471129e-01	7.894415019983400672e-01
nan	1.452558430040575166e+00	-1.577272757030858119e-01	3.010023167121558818e-02
nan	1.037642724230531943e+00	-2.118331332736239081e-01	6.990494298487517355e-01
nan	-2.026436084767890833e-02	1.070095796693210088e-01	1.441592396547597410e-01
nan	8.961956408760232140e-01	2.355059891515016157e-01	1.360889924857570099e+00
nan	7.535249154436995944e-01	2.084854803526826894e-01	-5.865763320738548448e-01
nan	-2.489229525904796958e-01	-3.120096423834285981e-01	-8.289197353569832671e-01
nan	-1.815833993700649795e+00	-7.352257219233668817e-01	-1.956513963079022256e+00
nan	5.150912054010283736e-01	-2.449054497455007695e-01	-1.480099052369960644e+00
nan	-5.411206384556577209e-01	3.126432572323313841e-01	-1.378924870143668935e+00
nan	-4.855813849420902995e-01	-1.357118462180583185e-01	-1.075306978846162498e-01
nan	-4.313095346362416094e-01	1.545119663511215435e+00	-3.437524508010040281e-01
nan	9.759411319645641125e-01	8.000035412060144679e-01	-5.572078876116859369e-01
nan	-4.854751457158145156e-01	1.086333357492495821e+00	7.109729728186582332e-01
nan	-2.794530038609666089e+00	-8.990329491233906012e-02	3.234682343183881148e-02
nan	-7.592114236949516481e-01	-1.533101969274691667e-01	-7.278780566828929599e-01
nan	9.435447316179839117e-01	3.270561376018816802e-01	1.651706989794578195e+00
nan	2.818185050346873943e+00	2.117736180495456144e-01	1.279519883903401656e+00
nan	4.640245328355050436e-01	1.319778343326903691e+00	2.105830059233918750e+00
nan	-5.936155143449450833e-02	9.285395650569766568e-01	9.987166300187039214e-01
nan	-7.585286517702105602e-01	4.931794145599718293e-01	8.806158239598507187e-01
nan	7.992383017276409873e-01	2.321842576833440752e+00	-1.578556633652990482e-01
nan	1.024861219336612450e+00	9.345399940380118009e-01	1.238026240894497310e+00
nan	1.873667310940740460e+00	5.354421939144109466e-01	6.869177311000008723e-01
nan	5.377645866399933805e-01	3.021710285637259297e+00	-3.158030756095717151e-01
nan	3.179132769591300756e-01	2.129913998526672181e+00	1.705501942516888247e-01
nan	-2.315526952769764168e-02	-3.246274305549926575e-01	-2.373651545233555815e+00
nan	-8.112394846731343367e-01	2.039379909200503604e+00	9.802601169016966765e-01
nan	-1.192369460040559659e+00	2.418382354125438727e-01	-3.178085514264397116e-01
nan	-9.447297898700632857e-01	-1.095698168483940194e+00	1.489181170972071255e+00
nan	1.290047072631212544e+00	-1.477109835017911266e-01	-7.661556751519565944e-01
nan	1.579272952866714208e+00	-8.392869826952283896e-01	2.015553055599762722e+00
nan	1.101708139376864848e+00	1.172025225897666445e+00	1.461957852453547479e+00
nan	1.658806872558091561e+00	4.829858080646720619e-02	-2.994895174265920224e-01
nan	1.083013821138794297e+00	-1.003685942566610478e+00	-3.162348959558002548e+00
nan	-2.373918545498827193e+00	2.453349186229049350e-01	-2.206931734753868390e+00
nan	-1.681845818590408603e+00	-4.208961726770148459e-01	-1.087663872589148983e+00
nan	-3.142884400657250055e+00	-1.513753573997608015e+00	-7.383328787893685963e-01
nan	-1.504250412020988747e+00	-1.681189671260796104e+00	5.525328393625172918e-02
nan	-1.606868643391757168e+00	-4.093151992759165303e-01	-1.357212227634827295e+00
nan	3.979710119434034521e-01	4.492069092132189301e-02	-1.318103007060370313e+00
nan	-5.828627502560442819e-01	1.097258030960432063e+00	8.169803775071253771e-01
nan	-1.912693167804296324e-01	6.550313563197613931e-01	-6.047347204037964996e-01
nan	2.049070174541723355e-01	1.907418046809125078e+00	-1.126474217293972568e+00
nan	1.594497156149378814e+00	-1.381578371583774612e+00	-1.054820191505574156e+00
nan	-1.252348505939243628e+00	-7.508745119411230906e-01	-1.079859101958706269e+00
nan	-2.465462684476723787e+00	-8.970648307841503355e-01	-3.190670509863041682e-01
nan	-1.679535958400402373e+00	-2.683257402899754673e-01	-2.736094914376656639e+00
nan	4.009459060676134889e-02	2.673729843615295643e-01	-7.364556720773058895e-01
nan	-1.494252199507266621e+00	1.271822418612054584e+00	-7.464863503816425716e-01
nan	-1.630340553590283292e+00	2.855883384417160720e+00	2.889700227682803768e-02
nan	1.186588258173618682e-01	-1.772490828749702096e+00	-1.296012272352455863e-01
nan	-1.895667759003318187e+00	-5.842018482072202090e-01	-9.189890663158017947e-02
nan	-9.565881815621257722e-01	-2.905347323380197189e+00	9.826663376205915235e-01
nan	-3.087427080179887984e+00	4.444150374391118152e-01	1.842613206312657459e+00
nan	3.209153993721830522e-01	9.418543610300256219e-02	5.531844383881426852e-01
nan	-1.573770402534386270e-01	-7.023739027286186598e-01	-8.406278458537728149e-01
nan	8.066663117018220142e-01	7.024351313453591761e-01	-1.876944119591480664e+00
nan	2.735708475372393700e-01	1.320544081850910101e-01	1.035544555100807784e+00
nan	6.996812929064564202e-01	-1.569323607277919308e-01	-1.351327739912812520e+00
nan	-2.383311868072677697e+00	8.552681647013979926e-01	-7.787667754174016910e-01
nan	2.413367927851206574e-02	6.290835630222728625e-01	1.900785666204741320e+00
nan	2.261940938526787015e+00	1.474388757163960451e+00	-9.743068977715007017e-01
nan	1.608680883261165651e+00	1.303076096603407175e-01	-3.296139185341558919e-01
nan	2.556825343791117255e+00	-5.805768818656664720e-02	6.016473214223346799e-01
nan	1.012457249442464402e+00	-2.563912130338615869e-01	-2.059953122521340330e+00
nan	2.596067039045614755e-01	6.784225841828868120e-01	-1.411196297812817413e+00
nan	-1.639591536312638764e+00	2.754961810340698092e-01	6.466193272484980215e-01
nan	-1.996659690267608422e-01	-1.415673052274601940e-02	5.201091095468576841e-02
nan	-1.215734950180010765e+00	4.619147953504321724e-01	-1.485431724258951203e+00
nan	9.698229310658351698e-01	-1.090758613752113471e+00	-3.751584641083137717e-01
nan	2.745512805455952998e-01	1.289231450386741251e+00	-9.759054842454837342e-01
nan	7.255844493167972198e-01	8.392347036108338543e-02	1.176878101246343844e+00
nan	-4.475936307039867224e-01	-1.152110689570326363e+00	-8.399738819581360483e-01
nan	8.243242637140206774e-01	-2.538985416979980259e-01	-1.471034313285848771e+00
nan	4.777428229902181966e-01	6.136347454118622202e-02	-2.288204578110281107e-01
nan	1.274053574121187360e+00	2.877059611411305617e+00	7.755137651833398094e-01
nan	1.916757591442161734e+00	6.847853196902412565e-01	1.177882980377586764e+00
nan	1.302338533567852341e+00	4.284747227061797559e-01	-4.620702683664114074e-01
nan	1.412478802674594691e+00	6.252077000465917633e-01	8.134637579542597363e-01
nan	1.480757857359562779e+00	-1.411683900075190179e-01	3.644082209829606067e-01
nan	9.458883408444174190e-01	1.195417859154081608e+00	-3.833815189140672430e-01
nan	4.280256305250944027e-01	2.066425587860363788e-01	5.662333948181826893e-01
nan	1.548845951852261482e+00	9.003648434329361017e-01	9.456570267768928950e-01
nan	-4.633004533069287056e-01	6.256368422856825040e-01	1.107924688212066355e+00
nan	4.682353354181376104e-01	3.763314461765989161e-01	1.766466751305532656e-01
nan	-2.413294292065560342e-01	1.518413184551994366e+00	4.344000549678699308e-01
nan	-6.995023413091028264e-02	1.917770143639183855e+00	3.123193662306455454e-01
nan	-6.527288187293125432e-01	-1.109395318656185569e+00	1.140814742291356154e-01
nan	-1.489622284537396091e+00	-1.180734343248452389e-01	-7.745989791486103115e-01
nan	-1.008124160992696972e+00	-1.172311266165808830e+00	-2.021465555466634534e+00
nan	-1.772238092690323619e+00	-1.962104199414330008e+00	2.603151712148116248e-01
nan	1.317705676026194928e+00	-2.254545790492788804e+00	-2.328358443934751332e+00
nan	-1.032045857972709202e+00	-5.492527665081993193e-01	-1.693272858597590025e+00
nan	-4.785128433048256857e-01	-2.654657411589073090e-01	-9.379337663447546714e-01
nan	-1.830287751407564167e+00	-2.293889442890076902e-01	8.027699645592811795e-01
nan	-1.182383914969403760e-02	-8.956438715667617290e-01	4.371327598861019514e-01
nan	1.561378902963779236e+00	1.818595455254282123e-01	-1.077147327812213007e+00
nan	1.633134336572002132e+00	1.124483293021355745e+00	6.968522583516978397e-01
nan	1.189919888736601150e+00	2.454867313799059758e+00	1.897186467710753943e+00
nan	2.391387843594398710e+00	8.749086676463481149e-01	3.983286477818628324e-01
nan	1.138967204463560590e+00	1.125237834178692831e-01	-3.488613829122808041e-01
nan	8.622548537815479808e-01	3.456615612927504411e-01	8.478337365085639732e-01
nan	1.241763136574085991e+00	1.229191343087300936e+00	2.758124796478617635e-01
nan	5.720825461091816333e-01	6.446013366436132985e-01	9.919710064918813019e-01
nan	1.006822629377689848e+00	1.797564765749496196e+00	1.730828290250892909e+00
nan	2.737333654907957659e+00	1.940678273462375980e+00	1.305247351653574306e+00
nan	2.421416027557937500e+00	1.780736603298441523e+00	2.425417268183950981e+00
nan	2.479519813838289011e-01	3.016813086866295901e+00	1.149161802719209868e+00
nan	2.168323638938160158e+00	6.076249021531103800e-01	1.756833378287098402e+00
nan	-5.124604570610662435e-01	6.758650268371767522e-01	2.189386428174818766e-01
nan	1.419234057061955490e-01	-3.045922141592348753e-01	5.668353907929648550e-01
nan	2.054840820663266787e-01	2.039751154109994413e+00	-1.224686230819278743e+00
nan	1.626235440732630488e+00	1.283302104271847321e-01	-7.898200467026748051e-01
nan	-6.558132011151834861e-02	1.135939928149590106e+00	1.634381798215268633e+00
nan	1.098221848695211555e+00	-1.694542201550200966e-01	1.738485380997850438e+00
nan	6.363234177273220382e-01	7.572403490880000865e-01	2.149530189303704653e+00
nan	-1.178990120077097581e+00	8.931547919080968789e-01	8.720576452954937885e-01
nan	1.261239048866544588e+00	-9.568133796614713971e-01	-2.567730521099094165e-01
nan	-3.319955668411321281e-01	8.969526729887035144e-01	-3.090004515918672867e-01
nan	5.968817302794433566e-01	1.488960349526202709e+00	-2.825459429847453352e-01
nan	3.873048155642316859e-01	3.305269419937586495e-01	1.833268330506335086e+00
nan	1.708768593582534745e-01	8.114178492034357371e-02	-8.063652070046805065e-01
nan	1.654767007247163468e-01	-2.575254469282494130e-01	1.545408640494017716e+00
nan	3.375893105374740966e-01	8.066438651395940740e-01	-3.354157818666799740e-01
nan	-1.304614120126734722e+00	-1.359229670308492732e-02	3.953740606894218801e-01
nan	6.553954351332755834e-01	1.061397305772806998e+00	-1.480048339916423927e+00
nan	1.140413884196158856e+00	-5.606587828678034624e-01	1.055888966091753645e+00
nan	1.042859971661552976e+00	9.129916989111372949e-01	2.915841524565250698e+00
nan	2.031167748816401719e+00	2.530807548071989821e+00	2.435272045736849300e+00
nan	2.074828732489051752e+00	1.778061503035333724e+00	2.152869114115208315e+00
nan	2.536922762401746301e+00	1.393400158864330773e+00	1.223741935566165617e+00
nan	1.965475132684530557e+00	-2.312610083358694890e-01	1.450040139732478472e+00
