nan	-1.898827019147581729e-01	1.446223450956678480e+00	9.140853417446427320e-01
nan	-1.469223425297101038e+00	-1.789663755846313764e+00	7.094614784988650946e-01
nan	-2.365722710291449093e-01	-5.444772909449342446e-01	-6.156815241305300113e-01
nan	-2.220615950330469546e-01	1.362134837660228248e-01	-1.133844083117981683e+00
nan	-3.245599578261428864e-01	7.190173826177097549e-01	-2.989822062475857578e-01
nan	-1.056332380737172949e+00	7.284611646602123791e-01	-1.051040711520488280e+00
nan	-3.008078164992256109e-02	-1.011310696399065456e+00	4.806477109409018622e-01
nan	1.196376499792272341e+00	1.283739095487387849e-01	-7.227929878118354301e-01
nan	4.260715952617697422e-01	8.251015908033519919e-01	1.332713445830748356e+00
nan	1.971362877037165395e+00	-3.220372912508316920e-01	7.676230409966140478e-01
nan	1.706041592856537781e+00	-1.106984116779829774e+00	3.731093439202711193e-01
nan	-1.799246296170847748e-01	-2.012984920360930130e-02	-2.362591782776859439e-01
nan	-1.320849299644963448e+00	-8.843824570875798985e-01	7.522619134456773882e-01
nan	6.561008546345370451e-01	-2.687867003106754638e+00	8.036045297053969749e-01
nan	1.221193940153622037e-01	8.587450713356765686e-01	-2.398882856049759482e+00
nan	-1.109185117336352056e+00	9.318756187939989388e-01	-5.398690965652640505e-01
nan	-2.472576828985181829e-01	4.755297139081699487e-01	-6.329370473249695817e-01
nan	1.197052608423568421e+00	-4.977774578074878886e-01	1.041366745121160564e+00
nan	2.063927587569034827e+00	-6.537369697648507394e-01	1.893628611798622019e-01
nan	2.019531117458324698e-01	-1.197175238188660895e+00	-1.863826187803395706e+00
nan	-1.301997984919829099e+00	-1.678885912808188552e+00	-2.476553382630195976e+00
nan	-3.815500859101155218e-01	-1.362072259604034441e+00	-4.918160472152619533e-01
nan	6.480405931695433219e-01	-4.462145148775281678e-01	-4.560344635367045152e-01
nan	-4.319285824330557078e-01	4.222480802026172819e-01	6.846532400789229200e-01
nan	-2.008053665324501524e-01	-1.458318744812635293e-02	-1.240023638172392806e-01
nan	3.473808927413299941e-01	-6.726756239617623923e-01	-2.494227478988042535e-01
nan	-1.087289123288290860e-01	9.357711755432017720e-01	-7.814533501990519881e-02
nan	1.626404546296990050e+00	-6.970494422535310486e-01	-3.747165834477177437e-01
nan	2.611740559623640379e-01	-1.081035464006548930e+00	-1.566921650734026006e+00
nan	-1.076319716999470266e+00	-3.696032532983692387e-02	5.292146721954704702e-02
nan	8.716181643839232551e-02	-1.107845207240350405e+00	-5.649127815316392631e-01
nan	-5.412535994809233308e-01	-1.249992905051649617e+00	-4.399941608862640852e-01
nan	-9.938352066495166337e-01	2.414168232493659749e-01	-8.874170181950533642e-01
nan	-2.870721127252969573e+00	9.534997838223331357e-01	-1.908805108661923988e+00
nan	-2.059588099604464873e+00	-1.645433767890715493e-01	7.184788748002213232e-02
nan	6.896881101438645523e-02	-5.286968931832436436e-01	2.832361278407875549e-01
nan	-1.853229746765562957e+00	-1.511543258606231899e-01	6.067424632976020638e-02
nan	-3.193870109178486572e-01	2.366129437198252194e-01	-2.616042639838697115e-01
nan	-5.099655795720401397e-01	1.828089153566959446e+00	2.670979203556732018e-01
nan	1.014383720665088529e+00	5.440101979729441428e-01	-5.010752091655447105e-01
nan	-1.038589785244962593e+00	1.157678170039365906e+00	-4.483377722839698709e-01
nan	-2.316649449170297970e-01	-1.091097291316063922e+00	-8.169700730215294637e-01
nan	3.927344039013941357e-01	2.098994182075516468e-01	-8.427924953028538280e-01
nan	-6.806701594797488486e-01	-5.066343391645544703e-01	-1.252577777388037328e+00
nan	-2.224030564570996571e+00	8.652526835176714837e-01	-3.591918714842720073e-01
nan	-1.335902392358650381e+00	1.082960326496468229e-01	-4.204323728542567196e-01
nan	-7.182195805652352716e-02	-2.245649782333322686e-01	8.291884849513541100e-01
nan	-1.178266547672998321e+00	1.075235936247766588e+00	1.235952363851820834e+00
nan	9.595783617529547449e-01	6.987999327165949071e-01	9.297764296010559981e-01
nan	2.325781969588597509e+00	1.003050263624075011e+00	2.263922570620649388e+00
nan	5.904230586824668059e-01	-1.358796778680957384e-01	8.098233099036156180e-01
nan	8.678491026082670867e-01	-1.264961795289452295e+00	1.582385006146314943e+00
nan	-9.331073168556618391e-01	-2.380438068554588504e+00	-6.153871063224954918e-01
nan	-4.218382114028133012e-01	-1.102161666451410005e+00	3.354410651645995944e-01
nan	-3.945247676776148182e+00	-1.538343630866208844e+00	-1.787929108530071920e+00
nan	-2.058070176588838063e+00	-3.206298815487240716e+00	-7.278603496341109480e-01
nan	-8.828712679231257576e-01	-1.680047561649461674e+00	-1.649331237766303415e+00
nan	-7.848071922672767986e-01	1.970304489465279918e-02	-3.038576116075967226e-01
nan	-7.991506342565337651e-01	-1.353055829986126168e-01	-5.652555511667618493e-01
nan	-1.092704108834356536e+00	9.159238326938705654e-01	6.185510873308724955e-02
nan	9.314616470627410383e-01	1.075960498656924447e+00	1.363749535334658702e+00
nan	-4.255608378751472021e-01	-1.391868329292390793e+00	4.166017009041953489e-01
nan	6.238119257735941225e-02	-1.482208250569660990e-02	9.697129519644289708e-01
nan	9.212589531006940557e-01	1.761306062455146204e+00	-7.894971596227997601e-01
nan	1.191977937118477993e-01	4.099842203233469151e-01	2.764800176753456906e-02
nan	2.226033760778328041e+00	-1.168790956143197945e+00	-1.728071552225279861e-01
nan	-4.617037703360317713e-01	8.637878794400584148e-01	-6.307817286015313663e-01
nan	-1.468080373364010205e-01	5.356812329830135111e-01	8.508492193162693340e-01
nan	3.117357325068889073e-01	8.067701880567255124e-01	-6.215165715648481859e-01
nan	7.491044021360773186e-01	-7.734896358095997293e-01	1.242987716671543730e+00
nan	-8.877099130359831225e-01	1.318318169285299435e+00	-1.034756932835120491e+00
nan	-2.335763532336446957e+00	-7.721171768913053235e-01	2.273839931168206707e-01
nan	2.933545122404207506e-01	-5.092077011177886803e-02	-4.955249279324485112e-01
nan	8.565937571029651476e-01	7.470365798015347059e-01	8.607900171483178209e-01
nan	1.425136330406920004e+00	1.458065438665628877e+00	3.648204819032703772e-01
nan	7.400267317902984310e-01	3.704979551714781549e-01	3.620443926731716777e-01
nan	2.222014060172238459e+00	6.694366583042059560e-01	8.263549730568531260e-03
nan	1.772914498765765678e+00	1.339477035380571834e+00	6.603364972928076337e-01
nan	-2.370811205863514459e-01	3.065883947491119255e-01	7.413329726619515281e-01
nan	3.464749423205274459e-01	2.072987536193140023e+00	1.175309110484509922e+00
nan	6.770354849197663949e-01	2.755060502100161735e-01	2.027448398417747377e+00
nan	4.811476905583118024e-01	-1.058332583252173054e+00	-2.693432181592194663e-01
nan	-6.387640301995869407e-01	-1.301047917791720021e-02	-7.291469665976604286e-01
nan	-2.041265425333253170e+00	-9.815783063762364424e-01	1.001816380040182253e+00
nan	1.810736719072373324e-01	-1.525487446341301734e+00	3.300359579664119414e-01
nan	-3.602084383302339154e-01	-3.423502063425107322e-01	-6.583263137699593148e-01
nan	-8.334278784419731911e-01	-4.968279843301972587e-01	-1.657162116257989926e+00
nan	-1.508169540454497026e-01	-5.566633821690145645e-01	-5.708131901859617718e-01
nan	-1.374874750352886643e+00	4.872648099364009777e-01	1.415497775513577583e+00
nan	8.155025773952704338e-01	-7.243944824031992025e-02	2.856303163270842438e-01
nan	-1.545177030937222029e-01	1.432609577634282649e+00	1.233683011696253828e-01
nan	-1.199956942763235612e-01	8.919715125933679323e-01	1.339155557605998359e+00
nan	8.951851091232654323e-01	-4.506496761875764534e-01	-7.458927942513516873e-01
nan	-6.779011389851710145e-01	-1.344458771856327894e+00	-4.631864301705430620e-01
nan	-2.597378215517675670e+00	-2.540676896519832972e+00	-8.533278042976593092e-01
nan	-3.122692838718668540e+00	-2.176741397291989788e+00	-1.287209990466908316e+00
nan	-4.021612846961670762e+00	-1.203847754247168167e+00	3.785521922751069468e-01
nan	-1.374083001248802560e+00	9.653659755923427177e-02	-5.650244081660551476e-01
nan	1.978275225528773884e-01	-8.026251315139927289e-01	1.503097264837308877e+00
nan	-8.028067449108509113e-01	8.025587166994399002e-01	-5.868058477069256762e-01
nan	-4.857415112829266413e-01	3.298534196172288047e-01	1.548049135031797641e-01
nan	-1.324096136827161430e-01	1.741211435415130682e+00	1.723748556067622228e+00
nan	1.067782531827168091e+00	1.359578464624845218e+00	2.701784781872118124e+00
nan	1.878290715852173998e+00	1.619017716920137850e+00	2.537325951631366205e-01
nan	1.946522079993106225e+00	3.211002013308845271e+00	1.536628952882067578e+00
nan	4.341720700162998270e+00	-1.345864842353364343e+00	7.150602567435749846e-01
nan	1.549604928707978058e+00	-1.256784495574229554e+00	-1.205486118387093741e+00
nan	-1.943435345958097527e+00	-1.180270362471593781e+00	-1.429550614171466449e+00
nan	-6.445346769871108661e-01	-1.678666028742194172e+00	-1.997326466391577737e+00
nan	-3.719623989260756325e-01	6.428018626514210299e-01	-1.302978305955487137e+00
nan	-1.819739783934168020e+00	-7.901916362172286545e-01	-2.103716949737788333e+00
nan	-1.089155428609868803e+00	9.566299101103925562e-02	-3.042619211443974070e+00
nan	-3.775651855466211071e-01	-1.492625658667763977e+00	-6.224608982212418429e-01
nan	-6.707607795453318644e-01	2.170839478606235717e-01	-1.639250043704677307e+00
nan	-4.803964690816061034e-01	-1.695654974653224012e-01	-9.428926126996854951e-01
nan	-7.961439750498827683e-02	-1.346607387699602310e+00	2.168839065907091634e-01
nan	2.049661757699410836e-01	-7.466121491668470389e-02	1.500411031079978308e+00
nan	-4.838941701698497577e-01	-1.381675449091231966e+00	6.829214843958832937e-01
nan	1.126271625416022770e+00	-1.318020595546004259e+00	-8.249611164791212925e-01
nan	-1.392360557076553595e+00	-8.813460926872649370e-01	9.909841695806897999e-02
nan	-1.203821338938187324e+00	2.420181503657393707e-01	-9.347134645646643092e-02
nan	4.034197698821059275e-01	3.171710795197646982e-01	-1.013199021860345717e+00
nan	1.131280942431308834e+00	9.938813885819918204e-01	1.207131697972980255e+00
nan	1.644710207936134871e+00	1.645291002223544741e+00	7.221435532375057864e-01
nan	1.630269005079491240e+00	1.025463014951235152e+00	5.525458031567659356e-01
nan	2.033847952680527538e+00	-8.997771142768773434e-01	5.814393675466632549e-01
nan	-2.825348407161976105e-03	-1.168173990626859116e+00	4.828359373667057697e-01
nan	-4.799903210309977575e-01	-1.657265808427973441e-01	-1.724542260888776379e+00
nan	-7.316520226039173735e-01	6.783730894017653279e-01	1.371461436174555848e-01
nan	1.542819599475022008e+00	6.725864158643352075e-02	7.908892580912896264e-02
nan	1.315698273351142866e+00	-1.610437514851268959e-01	-7.037397624286841902e-01
nan	2.473912055188602466e+00	6.070035360245786826e-01	8.572520164180916780e-01
nan	2.521592854374674619e-01	5.416228878176714279e-01	1.510139112601394995e+00
nan	-1.339583966403519621e+00	-2.500406735927892532e-01	-5.103839382738870611e-01
nan	-4.999692559236378342e-01	-1.975432569794811410e+00	6.519142166881686240e-02
nan	-1.447913196414654768e+00	-4.804166954417587454e-01	-4.401907557908209534e-01
nan	-4.293516671143137176e-01	1.170644249307880802e+00	-1.226647867799986580e+00
nan	8.948323167401389666e-02	-9.826810688136150551e-01	-8.143337622399925424e-01
nan	-1.118615163466568418e+00	-1.313864204841568739e+00	1.213102437605518835e-01
nan	-2.791402695831334491e+00	-2.527509398862926027e-02	-1.317473583665749182e+00
nan	-8.500589942874344773e-01	-4.865214759794747046e-01	5.509797452586953082e-01
nan	-6.468428855234664709e-01	-1.024341291953645650e+00	-8.772434266331315955e-01
nan	-7.934723653864181880e-01	-4.374901766404103443e-01	-9.338526633277086653e-01
nan	-2.894901035240729503e-01	-3.481787308725607932e-01	-2.586964249686702910e-01
nan	-1.995459542458609126e-01	4.361938502084347080e-01	-7.004927992928514646e-01
nan	-8.796461412752709652e-01	6.925564277745355213e-02	-5.267299227283937096e-02
nan	3.222125317885030094e-01	-7.917216069056227656e-01	-9.956188785076397485e-01
nan	-2.108263065938785985e+00	3.710493613867663631e-01	-3.314627634124384103e-01
nan	1.647667566016918883e+00	1.147761233804362790e+00	-4.402510764890502082e-02
nan	8.444522973209528383e-01	1.472761996617078850e+00	-7.056989265671507194e-01
nan	-4.264980324848676729e-01	1.753915075431854653e+00	-8.633881957321457579e-01
nan	-2.280133028858380706e-01	2.599117997626947951e-01	-6.965016694909155204e-01
nan	-1.699901457860232834e-01	5.892806314302276999e-02	-1.613207017529837639e+00
nan	-1.135353715940266905e+00	-1.317112563928319879e-01	-1.566879470070237979e+00
nan	1.416408406964010824e+00	3.777950963845697063e-01	4.984176818724450619e-02
nan	1.846506833214832000e+00	4.835837359824586290e-01	-1.155051531936999165e-01
nan	-2.705009983173995991e-01	-1.864521757742046981e-01	6.290846592089485156e-01
nan	-1.746654644363677900e+00	-3.693422108958188677e-01	-1.697856470306911891e+00
nan	-2.554719054068402606e+00	-1.951516509848924552e-01	3.464942223381111130e-01
nan	8.441225540007230022e-01	-1.015630597734995977e+00	-2.770018864291229899e-01
nan	-1.833730184732536572e-01	-3.454828407200448703e-01	7.641274563227855587e-01
nan	2.738149693889978531e-01	1.070116267252205544e+00	-2.960003376641084927e-02
nan	3.410807325214533225e-01	3.180283268377757655e-01	2.225548678567970673e-01
nan	3.098837418403365129e-01	-2.564455131108586139e-01	-2.951892315348143558e-01
nan	9.266982363069452555e-01	-8.554715099418768176e-01	-4.686986206785366538e-02
nan	5.954774068363321016e-01	-2.261497795571983382e-01	1.641047616301698486e-01
nan	-1.315638329930078454e+00	1.145468498394839552e+00	-1.426892985391662538e+00
nan	-5.053339933059775024e-01	-3.007590293330588138e-01	2.257106137428781079e+00
nan	3.990498272017307668e-01	-2.955606169557267182e-01	1.400420675270330317e+00
nan	3.163695660301950596e+00	1.284939058083709451e-01	5.962821335264922862e-02
nan	7.654336408499506916e-01	8.360016272048325092e-01	5.713756512089747108e-01
nan	3.778804615584077653e-01	8.686035916480212560e-01	4.122179382715856488e-01
nan	1.701514902737121249e+00	3.637498055932643082e-01	4.753703844589960426e-01
nan	-4.887954641383904786e-01	1.965324457444298067e+00	-7.077634623921242873e-01
nan	3.015410737093929816e-01	-6.509205786813347938e-01	-1.879474255529681503e+00
nan	-1.051801077706747689e+00	-9.228963058236486217e-02	-3.581218527272119756e-01
nan	5.811974658291938489e-01	5.284600651011486239e-01	1.548140388915375532e-01
nan	1.016467454417588012e+00	-1.035111016532198835e+00	-6.681335634298264381e-01
nan	-1.677625292083775310e-01	3.609185166457195004e-01	-2.082467466994517569e-01
nan	6.876472098146545475e-01	5.658277275650325233e-01	1.049987336355323875e-01
nan	-2.331207829018544953e+00	6.043445177364775711e-02	-6.930092474773257294e-01
nan	-4.104880581578607135e-01	-1.038553990255265624e+00	4.022898912719239384e-01
nan	-1.213098795992955670e-01	5.366523455490286310e-01	2.650037873766239449e-02
nan	-2.498858210671808799e-01	-2.830496395385281305e-01	-9.407858387133011258e-01
nan	-9.333615538700607006e-02	-2.154429018317415956e+00	-1.712071444889137650e+00
nan	-7.612438026180129436e-01	1.502768226014891795e+00	-1.576217175909248702e+00
nan	-2.384473390652090685e-01	4.778117297930120078e-01	7.696783067198600392e-01
nan	3.368918989653769125e-01	-9.659618455344337606e-01	1.407893343097985639e+00
nan	1.520960864459075079e+00	-1.583414066908127360e+00	1.203730601269243694e+00
nan	1.259775266937913196e+00	2.437491844411929509e-01	-1.553273630714586240e+00
nan	2.165671859789191522e+00	-2.926210491523657531e-01	-6.079680601652709404e-02
nan	7.959841902770165012e-01	-8.795222542181457825e-02	-1.852652653998472232e+00
nan	-5.434508529044380643e-01	-5.220411211472815172e-01	-1.605288596353922292e+00
nan	-1.358156200450396422e+00	-7.514355334783990870e-01	1.945012171858220507e+00
nan	2.749201653824600577e-01	-9.794104367358609231e-01	2.857259248583017275e-01
nan	-1.704665086985824585e-01	5.134474934184964923e-01	1.129780040419892329e+00
nan	9.306072623774480634e-01	-2.833249705641985305e-01	4.023844490222946990e-01
nan	-1.745237424942945315e-01	1.560553205937005306e+00	8.353615372922105209e-01
nan	3.815407169433805423e-01	1.189556779418812660e+00	1.760400853574965341e+00
nan	6.782543588628846543e-01	2.303370085877110562e-01	7.135033619730066778e-01
nan	1.776525137817040800e+00	1.357692721911939460e+00	-7.907993280063772001e-01
nan	1.471608270290776233e-01	-5.007684068216583517e-01	2.669918881089545226e-01
nan	-3.086142191391498812e+00	-9.589418080675206069e-01	-5.171658181494483142e-02
nan	-8.494475192621300241e-01	-2.290408343461651786e+00	1.055346312894171357e+00
nan	-2.918690711886230416e-01	-6.220068459444898501e-01	-1.730138798309599046e+00
nan	-1.557806158532998531e+00	-1.002398174715085633e+00	-1.012675366362191021e+00
nan	1.098538646356640447e+00	-2.058889450562414680e+00	-1.098906364543440484e+00
nan	-1.419180908259770391e+00	-1.517681825034106868e+00	-4.822760340414611324e-02
nan	-5.712857056604072614e-01	-1.567781057104577602e+00	1.291621869686211399e-01
nan	2.589395077312078852e-01	9.145462794784814387e-01	1.312840581999991096e-02
nan	1.186559060419415168e+00	8.070674148147360949e-01	-2.658268815156620835e-01
nan	1.644378154421441973e+00	-1.962832428939608187e-01	1.245069695534339438e+00
nan	1.575734962125570515e+00	2.014829650858422638e-01	-9.753403334684868087e-02
nan	4.184893173715696357e-01	1.646554133145538446e+00	6.314300981981447736e-01
nan	2.030050963884099113e-01	1.525800631533418272e+00	-6.265146589519776654e-02
nan	1.570928023783070282e+00	-7.594894943406710341e-01	-3.240484170725657087e-01
nan	1.985699807506262626e-01	9.080367966042928174e-01	3.985582372864830969e-01
nan	-1.070889751815568891e+00	2.239363346817074274e-01	1.123329476420648065e+00
nan	1.131373770092431785e+00	5.001454166518118916e-01	5.506380964119369503e-01
nan	1.415835994573490186e+00	-3.202610929429399733e-01	2.218538752449907392e+00
nan	7.068804527547039029e-01	-8.432583274517785332e-02	-9.695975067799261771e-01
nan	7.648831230142898452e-01	-7.406239147041582260e-01	1.996191431821905393e-01
nan	2.066172758185069291e+00	-1.033375620006938389e+00	8.592804295323139829e-01
nan	1.519186601937291270e-01	1.854837633366133609e+00	1.236665032617817461e+00
nan	1.469448880109265776e+00	2.095195426770239511e+00	2.299388321498609500e+00
nan	2.207285873601938508e-01	1.989362896371565936e-01	1.967578124802837225e+00
nan	2.469197475483732696e+00	1.103623053320183400e+00	-2.234468403164707739e-01
nan	9.107245081364887529e-01	1.223485938907111992e+00	-2.233531937183289351e+00
nan	3.534113053329501208e-01	2.013407232716008188e+00	-4.061751901120987940e-01
nan	1.769923548592032603e+00	1.382285056489281683e+00	-2.051317044891343144e-01
nan	1.859331396924432944e-01	6.328290516552448342e-01	9.008934406558581909e-01
nan	1.257590500288328972e+00	-6.614635773998821522e-01	7.599970062690348804e-01
nan	-8.145907287262104113e-01	-5.323481737776969425e-01	1.144458820379124830e+00
nan	-1.335521406391736721e-01	-1.530897010053976270e+00	-4.252934386454748639e-01
nan	1.572012326345603173e-01	-6.706278813155879259e-01	2.243974932695503854e-01
nan	1.749886031484800819e+00	-1.260228580384959163e-01	-2.223907413847006520e+00
nan	-2.291137044150127089e+00	2.325858628793289640e+00	-1.396777895910450207e+00
nan	5.429267644944655302e-01	-2.424165809750563616e-01	-1.726043159307677266e+00
nan	-7.845598953921206764e-02	-1.550492422491396960e+00	-1.501706543286646767e+00
nan	1.120665267536743448e+00	3.104952118953063778e-02	5.585654523107592695e-01
nan	1.978513172961436362e-01	3.052729923091123787e+00	-7.475226599416828765e-01
nan	1.004893837750801433e+00	7.404814475982846034e-03	-5.400490664819003195e-01
nan	-2.211705800669099720e+00	-4.178774949942903882e-02	1.919911852316635414e+00
nan	-8.499435774277225297e-01	4.658005540374884346e-01	1.541832463532731623e+00
nan	1.091507990805963502e+00	-7.921638152272885147e-01	7.567889793804694065e-01
nan	1.405150805282250337e-01	5.814992883542451363e-01	1.788824920054341294e-01
nan	-1.077222670922943770e+00	-6.805240289274490095e-01	9.204953611093358301e-01
nan	-5.759298451201577684e-02	7.242735612127236822e-01	1.984647831332429391e+00
nan	3.279276969807739528e-01	1.332825331552077719e-01	1.590083294135175018e-01
nan	7.780714547464463449e-01	5.462268869815004591e-01	-3.447010820529037844e-01
nan	3.350938741042850832e+00	-1.603906267317625645e+00	9.641635578947974627e-01
nan	2.785579673674336565e-01	1.880721752544516789e+00	-1.038684694487178817e+00
nan	-5.377884896242968171e-03	7.661273585533074915e-01	-5.032315006792020817e-01
nan	4.874980893797147830e-01	4.447591461091378040e-01	-3.796135180874319337e-01
nan	-4.387128868765542977e-01	1.369169069908287018e+00	1.074656741913124325e+00
nan	3.732381383173790645e-01	1.818090529759631702e-01	1.406934029076907455e+00
nan	2.126931670986882406e-01	7.670462634447369754e-02	1.221740522674280349e+00
nan	-1.038261475177695292e-01	-1.299740135832872401e+00	1.300561221498852671e+00
nan	9.863393864086373863e-01	-3.971335468822833614e-01	8.445588692361089000e-01
nan	-1.568959376185438126e-01	8.416800915483226841e-01	-7.200009181151317827e-01
nan	-8.847863129008984862e-01	-1.010383798930248211e+00	-1.214760632629439119e+00
nan	-1.051210740422983791e+00	-1.508021239552171711e+00	-1.278014870168611150e+00
nan	-6.793106180268613237e-01	3.441307829185076272e-01	-1.689568192494310894e+00
nan	-8.966952708095257130e-01	-4.547216451417331329e-01	6.973889530645367429e-01
nan	-3.033979565681049206e-01	-1.211835680495516598e+00	8.184380213014023076e-01
nan	-1.818647252077379539e+00	-9.498290766743957558e-01	-5.414149129512905168e-01
nan	-1.498091746364345944e+00	-7.786788098441284056e-01	-1.464792287073714228e+00
nan	-1.551686321389271761e+00	-1.910276484707225553e+00	-3.330739565983948935e-01
nan	-2.239098828491339788e+00	-1.845471887240375697e+00	-1.042510292552128792e+00
nan	-2.874126240086515516e+00	-2.780751839797388492e+00	-2.007619530762121851e+00
nan	-2.986962721975582991e+00	-2.394764107093316330e+00	-1.030028669507311978e+00
nan	-2.099626406725468186e+00	-1.817357719924816095e+00	-7.797564206227109995e-01
nan	-3.662275978876596394e+00	-2.617222474868980520e+00	-9.142737087468908452e-01
nan	-4.452172038105192797e+00	-2.556404199982942327e+00	-9.887671713852183020e-01
nan	-2.016212799763132502e+00	-2.016236977992738044e-01	-8.759004377860551971e-01
nan	-1.280670650140878886e+00	-9.373752513125361840e-01	-1.027676142807523840e+00
nan	-1.634194196137287669e+00	-1.199590210312777128e+00	-1.147918886952724371e+00
nan	-6.101709302161207882e-01	1.954496288957809913e-01	-1.220947716539936057e+00
nan	-5.521366834293773840e-01	-3.813603651115838322e-01	4.139841765745653768e-01
nan	2.162906475884169843e+00	2.396888123114842006e+00	1.052059486720765769e+00
nan	-4.001650286316746907e-01	1.359647472001472845e+00	1.727247048300638577e+00
nan	-1.057859457049884711e+00	1.747953971598491085e+00	7.430008655840352194e-01
nan	1.245667597012926064e+00	-1.209448153392371994e+00	4.233057657944321317e-01
nan	-8.283019883168060149e-01	5.623648486388691525e-01	-6.053832937839958017e-01
nan	-1.007596087737436585e+00	-4.283385346830856921e-01	6.379798433367548371e-01
nan	1.173983536074677814e-01	2.725846724431432166e-01	-1.039950591322200024e+00
nan	5.082506151885960444e-01	-3.646050851647089641e-01	-5.571534090015877183e-01
nan	-1.324615774353406827e+00	-2.709629171650325685e-01	1.403574238741841951e+00
nan	1.404334737184475213e+00	-1.930251659578849921e-01	-9.255785252163675203e-01
nan	1.056804787404421603e-01	3.911654415865250534e-01	-2.762388185740313862e+00
nan	6.571632844634678339e-02	-7.529425667446518755e-01	-7.185258665800208222e-01
nan	5.908228300829421187e-01	-2.989185753965692971e-01	1.046351229108769543e-01
nan	-2.897881435331012279e-01	1.084446178222422841e+00	-2.256147547909169437e-01
nan	-2.111434259294668880e+00	1.461155083790081521e+00	-5.149018348193872274e-01
nan	-1.371928634384478096e+00	-1.648125464406470897e+00	1.153444679743442225e-01
nan	2.070035333176623027e-02	-3.692719398665555985e-01	-1.418454195098400872e-01
nan	9.759477180757814008e-01	-4.887628142350500249e-01	6.118252339695022801e-01
nan	1.555638666160763295e+00	3.472904228504408719e-01	1.281199469295544402e+00
nan	-1.132652833164182749e+00	1.008721505678582320e+00	-1.572104184465980659e+00
nan	1.444827869906502915e+00	1.693359000835583661e+00	-3.743554696102840973e-01
nan	1.515184620515937830e+00	4.042782538505481638e-01	-4.983641788774460513e-01
nan	5.307224584520860988e-01	1.989962389621906302e+00	1.882367189851965161e+00
nan	6.207269087511498862e-01	1.503731343770822182e+00	2.348222889206780017e+00
nan	2.909230773359138489e+00	-5.645448246057022113e-01	-1.142411946201034034e-01
nan	-4.771811060629426171e-01	2.986816835888066901e+00	1.705187070498787316e-01
nan	1.035394209919201280e+00	1.103147561524318698e+00	1.644545062287635639e+00
nan	1.489867742785902616e+00	3.159719481824398990e-01	2.219849464939929184e+00
nan	4.755280474407299618e-01	8.554922485168012791e-01	1.338989872725030228e+00
nan	1.222847004736774545e+00	2.431479886999848183e+00	-5.831817199997401113e-01
nan	-1.088149245246328611e+00	1.443680261104387741e+00	7.542116601988829716e-02
nan	-6.907748872607011315e-01	1.035289180885619054e+00	9.359033046827105462e-01
nan	4.985641057907029272e-01	-1.362865013105255318e+00	1.974627096225054501e+00
nan	8.723512674112346987e-01	-2.206444028913817412e+00	1.072488350570390381e+00
nan	-2.055862980016855968e-01	4.054637561711980087e-01	-1.590938435118042504e-01
nan	-1.053359785605248566e+00	1.162874741592182071e+00	9.185367036358484949e-01
nan	-2.710576344640538982e-01	3.504715727786910512e-02	8.289084200601996022e-01
nan	-4.124585904619683108e-01	-3.538374730411990021e-01	1.615073212949124759e+00
nan	6.106425973328595269e-01	6.507137971856091774e-03	1.751680891015979791e+00
nan	1.050036254149771642e+00	5.151613640259147253e-01	1.347218137327813148e+00
nan	-6.808187255336989319e-01	1.845291508759288046e+00	-1.033055262366459059e-01
nan	-2.000525081125666405e-01	1.031654960937804955e+00	2.048561860119320066e+00
nan	-9.876147681919773547e-01	5.151619443732377568e-02	1.324324021241782612e+00
nan	1.131878879353272360e+00	-6.839582720246636383e-01	-1.624844553758568289e+00
nan	-3.853959536081807968e-02	1.530957032323940314e+00	-2.858115602705998182e+00
nan	-1.228688438804101724e+00	3.736537951470538799e-01	-1.805590295305200765e+00
nan	1.112341893977749407e+00	1.782169453669284476e+00	-1.881807608275446020e+00
nan	6.015704132248274050e-01	2.683911582580386757e+00	1.178373758742946587e+00
nan	4.483225154945332802e-01	8.173487672197510268e-01	1.448525514342000609e+00
nan	6.563387399683974222e-01	4.855481408433487411e-01	3.065119575912511052e-01
nan	-2.170072471017747695e-03	2.005611074676039163e+00	-8.494115523569899517e-01
nan	3.743274433730103268e-01	2.159159449600111635e+00	3.323309065286466080e-01
nan	-2.387016899533914716e-01	4.774484146356783310e-02	1.008803139472663313e+00
nan	-3.406536020878704329e-01	-3.332640749901760180e-01	1.697754919644571148e+00
nan	-3.728879266922161539e-01	-1.977582746753467680e+00	8.437949320015131205e-01
nan	-1.220145843396574836e+00	-3.150305446636213480e-01	-6.138332238147741204e-01
nan	3.140771928919739997e-01	-8.104232575723933074e-01	-2.718788230858677935e+00
nan	-1.241006985685220387e+00	-3.657689234154483660e-01	-3.172383053171058176e+00
nan	-4.415110279184824016e-01	4.184891865837960800e-01	-9.014237050618820746e-01
nan	-2.424477666873786852e+00	-1.165308981351974721e-01	7.892773308377324382e-01
nan	-1.714086537786067677e+00	1.415658006126153667e-01	3.899591889317604032e-01
nan	-1.305333959361542062e+00	-9.800324381323943790e-02	1.661605226827884918e+00
nan	-6.480853350319263351e-01	-3.248903123897867173e-02	-7.132782032874769307e-01
nan	4.851643975367370132e-02	-1.062296712864464698e+00	-9.103256820176960917e-02
nan	-2.529429459908036915e-01	1.390306171620773412e+00	-7.136738033157008498e-01
nan	-1.345972214973840231e+00	-3.501475668429713251e-01	3.061439472854443067e-01
nan	-1.083676490079422017e+00	-2.414547979843040704e+00	-1.722216471361990853e-01
nan	-2.917440379389280469e+00	-1.422585070977379296e+00	-5.757241797461263300e-01
nan	-1.890663891497902371e+00	-7.031641128140466712e-01	2.264843288391208409e-01
nan	-1.616169957303219551e-01	-4.918551726381674705e-01	-5.454033542270535495e-01
nan	-5.292208573102863411e-01	-1.529495836620867744e+00	-3.803185906615246803e-01
nan	-7.126615182937976467e-01	-5.337309420092709589e-01	7.652304180689943891e-01
nan	-2.563947687131051256e-01	2.959818712730761803e-01	-1.827618303012079171e+00
nan	3.297634317478950194e-01	2.621950195119365223e-01	-2.956246273182109974e+00
nan	-2.137463440213129395e+00	-2.253328912973996401e-01	-2.803700142398625195e-01
nan	4.386690469689710214e-01	-2.101246303076644395e+00	-4.118979534074950766e-01
nan	-9.651460281033188426e-01	9.304788910205021857e-01	-2.273032479151689822e-01
nan	1.542781704872006943e+00	-1.100166370187317000e+00	5.915928764193876255e-01
nan	-3.124361272817786639e-01	-1.815368874921436282e+00	3.845866232589076894e-01
nan	-1.116785884858420008e+00	-6.288881337662044491e-02	6.630321521256887785e-01
nan	1.053523977609156281e+00	-7.285323973951683962e-01	2.214952232927738685e+00
nan	-9.920297913658879807e-01	1.202978784775659893e+00	5.175316352478001036e-01
nan	1.732058045330565621e+00	-8.481679086070686990e-02	2.460164158074733542e+00
nan	7.393553827207878237e-01	2.868655909220866995e+00	6.944126101531129525e-01
nan	1.487650005870184255e+00	1.227053881831678517e+00	-4.972958529851090326e-01
nan	-6.836614152243514209e-02	-7.510296792390981357e-01	3.857781002638990819e-02
nan	-4.164109456818532173e-01	3.545951650794839649e-01	-1.070768448969458664e+00
nan	-4.528178054646618267e-01	-5.586566280860942590e-02	-1.044779060275805166e-01
nan	-1.746821253748398695e+00	1.191885349686713447e+00	5.030595957129156970e-01
nan	1.331879748462988511e+00	1.238070433509823598e+00	4.725554174369717697e-01
nan	1.788299863158426817e-02	9.977948275930725863e-01	2.434624897481292294e+00
nan	1.081611450057917256e+00	1.020246082712631397e+00	9.366132374771120039e-01
nan	1.923897216640581220e+00	1.670379221716145057e+00	2.026697346806642042e+00
nan	7.612208724580555863e-01	1.734892280912230689e+00	1.276923660530166593e+00
nan	1.905538767776207010e+00	3.652480582036754519e-02	2.968114180470755592e-01
nan	1.046343632334665763e+00	4.197736477163652724e-01	2.502460134240939993e-02
nan	-1.462603908082798831e+00	2.683733010251617701e-01	2.482524105620935451e-02
nan	-2.677876783199658606e-01	-4.811268498159084195e-01	2.390239967087631534e+00
nan	2.369671701866181923e+00	-6.409080057078961890e-01	8.465169446309355195e-01
nan	2.347333785704086129e+00	2.032413265127424040e-01	-2.144804549489491841e+00
nan	-6.270947089247562722e-01	-9.558786639905749727e-01	-1.930599770050619668e+00
nan	-7.121276348196678985e-01	-8.043980404348118896e-01	-5.504231836683028956e-01
nan	-1.811571206001149958e+00	-1.507845831339944098e+00	3.589357497576681766e-01
nan	-2.698892521599022265e-01	-2.750533455056993759e-01	9.836291466276998463e-01
nan	4.267127237428621767e-01	-2.001077375362633415e+00	-6.200317273088518100e-01
nan	-2.269271770492871099e-01	7.016662689659241003e-01	3.678693514919143537e-01
nan	1.640287935521640650e+00	-3.216835594615405913e-01	8.897017914673778227e-01
nan	-1.126681247065939528e+00	1.746177802662104706e-01	2.757115974259897406e+00
nan	1.570593001671090949e+00	1.688647757810352701e+00	2.341708631666736817e+00
nan	2.225152195622457807e+00	-1.014642868718615087e+00	2.720395513298573320e+00
nan	2.990698952046177084e+00	-5.184938503032074930e-01	1.283740471424547613e-01
nan	-1.096935075758362466e+00	3.173530628139892507e+00	1.793208331493489904e+00
nan	1.758095551220624220e+00	1.151925927547921003e+00	1.602759778086103593e+00
nan	2.776516478680601807e-01	1.110762202923936348e+00	1.954431544849435820e+00
nan	-3.006048461698933139e+00	2.542665679167626092e+00	1.704018137354029294e+00
nan	2.704486772003956041e+00	-7.004089140768361421e-01	2.150008308332323814e+00
nan	5.371144609356953703e-01	-9.264905191502511572e-01	4.344643176328205625e-01
nan	-8.274181113568149781e-01	1.993239813188864562e-01	-1.132735788859178916e+00
nan	7.519673266210962215e-01	-2.407103285659490943e-01	-1.058544965872794952e-01
nan	1.491910904085058887e+00	2.146086935368182735e-01	-1.743285813549265040e+00
nan	9.661084028923979661e-01	1.446036026284764464e+00	-2.877808910055205116e-01
nan	1.376963514370735053e+00	2.393011117488527795e+00	-1.998880907786598105e+00
nan	-2.226048321300894139e-01	4.167453288643073739e-01	-1.135204389018478865e+00
nan	-6.665982216195849297e-01	-1.073793848982335764e+00	-4.836941820342764986e-01
nan	-8.966912051953639384e-01	-1.234268825013829840e+00	-1.593501516014616204e+00
nan	2.025932293866294920e-01	-1.903873961797641901e+00	-1.593271435572744421e+00
nan	-1.105672505393529015e-02	-1.193714914326361232e+00	-1.593964689736537821e-01
nan	-3.897445524108989479e-01	2.014111913532197207e+00	-1.682921699304980478e+00
nan	3.632911433944842616e-01	1.452679836236570710e+00	5.573646149561581886e-01
nan	-5.349539691634956906e-01	9.104089497952913002e-01	1.614054272838233883e+00
nan	3.317063136077172403e-01	3.699540717235018095e-01	9.302256603573200167e-01
nan	1.296735182218291982e+00	-3.675593300570783040e-01	-9.527757558607916621e-01
nan	-2.713273389069539299e-01	1.672497172476441030e+00	-1.129669190980610249e+00
nan	-1.780273683214446678e-01	5.456776975706878474e-02	3.186001167271337864e-01
nan	3.034259408136522840e+00	-2.308021628197347297e-01	1.511790963999322945e-01
nan	1.013190173716989051e-01	5.769025933221871849e-01	7.877482379731723938e-01
nan	4.802246397790425059e-01	5.560381306529604828e-01	7.220398857638571366e-02
nan	1.658819200014143957e+00	-1.811274760792480176e+00	1.587529784801377186e+00
nan	1.288064754395981115e+00	-1.325963304281497335e+00	-7.301108826937527940e-01
nan	1.293357594937260213e+00	8.173434126635222841e-01	-1.830611441823827845e-01
nan	1.274429417118135177e+00	1.456083763623506444e+00	1.591492842871810920e+00
nan	8.778143649513642233e-01	-9.594722833244416771e-01	2.477700006877532335e+00
nan	4.820497300974446730e-03	-9.338587958388387955e-01	2.024940013314783460e+00
nan	2.203251859712446858e+00	-1.605748502572540426e-02	2.510377996663737954e-01
nan	9.451768120509854709e-01	1.436258119329965055e-01	-2.168414189299303185e+00
nan	-9.394183735389738388e-01	2.684112033151940246e-01	6.496803936480215480e-01
nan	-1.102950825523898448e+00	-5.008748228598914887e-01	-3.779999224671371505e-01
nan	7.443607235358840057e-02	9.909904678203589334e-01	-9.600730833551007759e-02
nan	7.982478420118502838e-01	3.560412252616722562e-01	1.174556160203520161e+00
nan	2.006780163636337377e+00	8.429038066258370820e-02	-2.490881684473488789e-01
nan	-5.280263055734094602e-01	-3.093607718521276251e-01	4.317740522753814592e-01
nan	3.707723745406366067e-01	6.713721645353669665e-01	-7.074718069498119322e-01
nan	4.881060882747454976e-01	9.801134964495071822e-01	1.708504462597669527e+00
nan	2.338061559682444113e+00	5.976376284888702539e-01	-4.608573046587459698e-01
nan	1.313600882027670558e+00	1.069422366840301564e+00	5.085809651933878017e-01
nan	2.090525320756317917e+00	9.803369986841745654e-01	-1.553482550888945601e+00
nan	1.188114224860732815e+00	2.150079510604506972e+00	6.203848444623929481e-01
nan	1.519293084732586951e+00	1.326907628098663583e-01	-3.686266142880180174e-01
nan	5.154138351923606143e-01	6.516208558965929099e-01	-5.401060508326641640e-01
nan	1.653341897656410486e+00	7.221063495010344724e-01	1.016274462616439944e+00
nan	1.786256149610054855e+00	-2.887964969085541345e-01	5.169793284507937514e-01
nan	-6.098581567891633304e-01	-9.001272869153422729e-01	8.118894741830066097e-01
nan	-1.568543001055247910e+00	-7.595868523154860608e-01	-3.138922085527561801e-01
nan	-1.707795997226723372e+00	-7.593648350599743191e-01	1.296493192120335758e+00
nan	2.830723282397716312e-01	-3.201100232460670991e+00	7.165613354565146531e-02
nan	-1.296842460142862308e+00	1.682216379743813883e-01	-9.942301462590393824e-01
nan	-2.032100815616370237e+00	-9.644434329205896494e-01	-1.773291525690915638e+00
nan	-1.063333012070631023e+00	-7.938541030329254733e-01	-3.323692488543372736e-02
nan	5.607108714831687823e-02	-6.404011784199864499e-01	1.614524266785572204e-01
nan	6.714537673465608147e-01	2.129745926775390874e+00	4.277627040207262477e-01
nan	1.147853489305813435e+00	3.158034153303843627e+00	2.312554253329039078e+00
nan	3.298996280929922253e+00	1.989609337308519077e+00	2.128744454667570452e+00
nan	1.908073980855255591e+00	5.666919407794046570e-01	3.044239980388864453e+00
nan	7.967846597310738188e-01	1.636454552219089642e+00	2.994649589177839077e-01
nan	1.540267312618838202e-01	2.613345714546450038e-01	2.093190987487354882e+00
nan	3.137909530439900951e+00	-1.177545466551449316e+00	3.218047851490640099e+00
nan	2.978965480732240323e+00	1.255248266459141893e-01	1.155094792175636709e+00
nan	2.232155570935939970e+00	4.551676772809999383e-01	5.381861080640000239e-01
nan	1.664239024119664290e+00	-6.074271205424066622e-01	3.095861306578545635e-01
nan	1.453971438665982330e+00	7.755349120785919315e-01	-1.052763653237706265e+00
nan	-9.715487980943915414e-01	1.942290919229363588e-01	3.100142712879712659e-01
nan	9.735851051376724907e-01	-3.790973246050439283e+00	-4.495580217552921920e-01
nan	-2.611445989955900604e+00	-5.962244611430024266e-01	-1.232677074592255284e+00
nan	-8.832189896622120173e-01	-1.191314622744841678e+00	-1.640407393356626997e+00
nan	-2.976229401134470987e+00	3.316211309056873446e-01	-8.397836603772602659e-01
nan	-1.399930028086801670e+00	-2.338321725840653009e-02	5.529028319712312456e-01
nan	-1.425693186637312149e+00	5.782690782998861634e-02	9.522653184003391225e-01
nan	5.301894711654752124e-01	-8.030071685135223847e-01	2.305865507242017109e+00
nan	9.752682738179583311e-01	-8.700868036999541699e-01	9.169318004633865149e-01
nan	1.091897843517684041e-01	9.247684029778436843e-01	1.025745435311793852e+00
nan	8.818006746195521384e-01	-4.394327321338698522e-01	-1.479090946869487944e-01
nan	-2.052269615418118587e-01	-7.510593247644808956e-01	8.426993630007887370e-01
nan	3.930494511356711906e-01	-1.149042942378718735e+00	-1.248897968650845014e+00
nan	3.890051179982793039e-01	1.398200929072047849e+00	-2.683867153581224185e-01
nan	2.554247246411128214e-01	-1.068893183150065429e+00	1.423670287707155202e+00
nan	-2.300925689924767370e-01	1.907284210321914975e+00	-4.069263578790707769e-02
nan	1.615195379790719921e+00	2.210162345744448142e+00	1.073885601437225557e+00
nan	2.888469991276786608e+00	1.475485186340052213e+00	-6.301015406071600600e-01
nan	4.155747008632016959e-01	1.629258682111455636e+00	-1.217467707008605959e-01
nan	2.390850788343015787e-01	1.200614391153451699e+00	1.925823118246971610e+00
nan	1.264019037617586383e+00	-9.038247987370295888e-03	1.781907594857537802e+00
nan	-3.870287086107387919e-01	3.639864630864522721e-01	1.009254520181364745e+00
nan	1.176520363692632021e+00	9.859331076113940773e-01	-8.047088698787185912e-01
nan	1.133928312539663086e+00	3.921756764701486708e-01	8.496371346649430611e-01
nan	2.367506429047550043e-02	1.623915111045913240e-01	1.531552079204618000e+00
nan	1.332313015540099732e+00	1.316379502462298734e-01	1.022311216406879830e-01
nan	2.009280255633410839e+00	9.075599710807102927e-01	-1.143376219368215985e+00
nan	2.181609219504847541e-01	9.264808394535685165e-01	9.815460543918276271e-01
nan	4.829180979893397119e-01	1.267320022465431295e+00	4.055160898066075270e-01
nan	7.671091197328669953e-01	2.550228018759986170e+00	8.963522942519064340e-01
nan	1.502430426704551403e+00	4.784161184504927000e-01	8.636443067263203099e-01
nan	1.221928741786303618e+00	3.901897012742473470e-01	2.825504881198548368e+00
nan	1.235603935591101710e+00	1.019303259400556660e+00	4.712162366148893722e-01
nan	2.488035465295474147e+00	-6.048550756773494186e-01	4.648637619548490751e-01
nan	-6.453984309659299701e-02	2.601255376216046411e+00	-1.782945426511297171e+00
nan	-4.742797284016712633e-01	-2.243873083201257668e-01	1.628227686020494502e+00
nan	1.634360341951042184e-01	-3.985188668231806619e-02	1.580107942086657613e-01
nan	-6.164842247411533860e-01	-8.427729436676126284e-02	4.236453500307693631e-01
nan	1.690214017130719615e+00	-1.519002167693860095e+00	3.485171709446521771e-01
nan	-4.213131301035130116e-01	1.192548380951147236e+00	5.062306966729200886e-01
nan	2.938993277108137292e+00	2.346272977217439326e+00	1.051980477666200287e+00
nan	1.396118514465663596e+00	3.054256053134174920e+00	2.885417283493658669e+00
nan	3.938338796752015813e+00	6.075311750190990345e-01	8.145629890274352913e-01
nan	8.792289790926578474e-01	1.101039621999145846e+00	3.399555138734899895e-02
nan	-3.152453398436211307e-01	-2.487650488416670580e-02	-1.060557647421415117e-01
nan	-1.517857246960061968e+00	-2.370385205619210289e+00	-1.013652760901213590e+00
nan	-1.478441603310680641e+00	-2.176527324714657929e+00	-2.203939015120801148e+00
nan	-8.877789239851584524e-01	-2.040820126630199294e+00	-1.972287068390399467e+00
nan	-1.669451418049826108e+00	-1.248310766622280132e+00	-2.660559055689939889e+00
nan	-1.366921656452229961e+00	-2.158992491584920348e+00	-1.768810691190322970e+00
nan	-1.312272504247031124e+00	5.561732354719584048e-01	-2.718576491908814008e-01
nan	-1.074799630571987130e+00	4.982631668394319480e-01	1.599181437342474421e+00
nan	9.950186710903008436e-01	5.753857223833017120e-02	4.028269485895137336e-01
nan	1.955903177151536498e+00	-6.755674131760729395e-01	2.095048185538628815e-01
nan	5.168658805991436234e-01	1.243459569906658624e+00	1.215280305012585327e+00
nan	1.396617642797761238e+00	1.534381611141236057e+00	-6.239719518462312209e-01
nan	4.910394322408802026e-01	2.062050924203211899e+00	4.997273389492863371e-01
nan	1.433033691448924118e+00	1.258828180696206278e+00	3.199297570684592751e-01
nan	-1.529091004318288149e+00	1.238908527417333705e+00	1.140149866798193301e+00
nan	1.402319979676164952e+00	1.295995929632439703e-01	8.204848107611329988e-01
nan	8.177694347264941044e-01	-6.522329586547532809e-01	1.342954655437232692e+00
nan	4.730832049135699768e-01	1.591736339362185060e+00	-4.859879427205569535e-01
nan	8.261193420925152520e-01	2.652412016583790000e-01	-9.351439206593470388e-01
nan	-7.125253104266157100e-01	6.883542603946447569e-01	4.245816989103048944e-02
nan	2.969953084179556502e+00	2.060778930738085268e+00	4.999457089679734123e-01
nan	2.583000815731540278e+00	9.861269107049369653e-01	-1.570169311810655000e+00
nan	2.024773401628172209e+00	8.492377735564793362e-02	9.812053218814905664e-01
nan	-3.316225351810399014e-01	-1.290424249760267594e+00	3.366140546693113245e-01
nan	-8.559180755002548935e-01	-1.861971937723407300e-01	-8.091702662872402030e-01
nan	-4.702791116504379532e-01	1.669994857902759033e-01	-1.018108741045309129e+00
nan	-8.741463585840130168e-01	-2.581390377421071136e-01	2.481964606507052751e-01
nan	-4.628425345514350364e-01	-1.877966968373207646e+00	-1.779374169021204211e-01
nan	-1.198007249865320922e+00	-1.419433186237001543e+00	-8.224654249093620306e-01
nan	-1.864311090430116113e+00	3.740937275910911630e-01	8.072108982598752425e-01
nan	1.739849212700089187e-01	1.401273828577658254e-01	2.439445966475864425e-01
nan	-1.684629553676837643e+00	-3.797457690466751745e-02	1.225963697699213650e+00
nan	-5.042953616125407657e-02	-7.213736292949632922e-01	1.912096713609876542e+00
nan	1.586094892272983614e+00	2.983212911419745872e-01	1.114235999977354341e+00
nan	2.545272830955982890e+00	-2.241681819562679756e-01	1.383888472078987686e+00
nan	3.960594193053914580e-01	4.942023328548490468e-01	2.180748159399880370e-01
nan	2.304983821507292363e-01	-1.235523937114876847e-01	-6.666710007029479357e-01
nan	3.709933313337274718e-01	-1.064737966180657303e+00	-7.701148185890283049e-01
nan	1.086611632063016586e+00	3.823301987578882066e-01	-5.923754668400508239e-01
nan	3.521651021191028463e-01	-9.670570993899834100e-01	-1.758677193387250814e-01
nan	6.688503294810985156e-02	-1.090843189111660561e+00	7.737611243142421547e-01
nan	-7.561004443964806088e-01	-8.245202884931576159e-01	-3.022159238590459152e-02
nan	-1.570670056437257323e+00	-7.845889140414951113e-01	-5.924415346791022108e-01
nan	-1.148940665113720838e+00	8.180964068913054721e-02	-2.360379742590793528e-01
nan	5.926956417220263784e-01	4.980291821771264393e-01	-7.010923483028330683e-01
nan	6.677584789294060963e-01	1.437851119536976086e+00	-1.275153505688348399e-01
nan	9.153164831934845758e-01	1.619909777470307066e+00	-4.847328474757706118e-01
nan	4.446002279068616003e-01	2.973816183393235946e+00	1.385292009364510024e+00
nan	5.449847355196169030e-01	-6.991295303587530263e-01	9.869666085950543621e-01
nan	-1.612229910092752572e-01	4.005068740200056765e-01	-6.920434348783573997e-01
nan	-5.903784167170422759e-01	-1.136026425439055743e+00	-1.386355732849985090e-01
nan	-1.594921033344414152e+00	-2.112023336548514152e-01	-1.566366051060852360e+00
nan	-2.203071497508275023e+00	-7.007737467440213752e-01	8.713020894148263418e-01
nan	-1.607937875712655562e-01	-4.369964132907450671e-01	1.941582935979000446e-01
nan	3.250214608648354098e-01	-6.794832122954683751e-01	3.717276804139690860e-01
nan	-3.680372054982680718e-01	1.716470698943893536e-01	2.242871275932219188e-01
nan	1.889623129048633721e-01	1.106456439419084420e-01	-1.015457078784507194e+00
nan	-2.739042796293812976e-01	-2.757420301629612269e-02	4.183568799626402601e-02
nan	-1.744806596534461463e+00	1.765677473766970040e-01	-4.041770161377838400e-01
nan	-1.167163346578952821e+00	-1.525956867730946964e+00	-3.018715351473806319e-01
nan	-6.503721927382924983e-01	-5.197058533911352862e-01	-1.969755735044186551e+00
nan	-1.373895836727729858e-01	-1.201613396866560102e+00	4.483926295106311910e-01
nan	-4.084958259070373687e-01	6.155148476606526753e-01	1.533883354925640097e+00
nan	1.647510748352813081e+00	4.398554728377176287e-02	-2.593412422243814852e-01
nan	-7.511869282590749597e-02	9.003797820689944942e-01	-3.975996800943012444e-01
nan	9.474088674114308217e-01	-9.069519163375142079e-02	1.828342578167903465e+00
nan	-3.618382794919254852e-01	-4.862204929433531220e-01	8.182407717518465073e-01
nan	3.180705305110916870e-01	5.186364826358966784e-01	1.904367629068110856e+00
nan	1.380298605672603873e+00	2.142462113801141932e+00	1.802002734551028107e+00
nan	7.570436130118023410e-01	-8.253257176381345595e-01	-1.130929148478288404e+00
nan	-2.505439836720690927e-03	-7.036284349458951093e-01	-9.329191384542951937e-01
nan	-5.639316259572242362e-01	9.737785047218772139e-01	2.697926511863397159e-01
nan	-1.193650466216327477e-01	-2.031863097606823598e-01	-3.486060821259900355e-01
nan	-6.346629798914942278e-01	-3.379470481475769783e-01	-1.315690849047278066e+00
nan	-9.734685372822329263e-01	2.069311273180674426e+00	1.425458641342234767e+00
nan	2.502761429740902877e-01	8.435810596821082807e-01	2.538932145746871649e-01
nan	9.578423442246164488e-01	-1.277533294549337839e+00	1.881912183234921043e+00
nan	1.936192526543427106e-01	-1.233737737172922788e+00	-8.359392563637670914e-01
nan	-4.262620312878745987e-01	1.244709967659263450e+00	-7.717364299585148801e-01
nan	1.080080263834033660e+00	-3.909845923639190257e-01	-6.306413990381681822e-01
nan	7.872929378623100272e-01	-1.574448613613146808e+00	4.948193951001895741e-01
nan	-2.018072895338657524e+00	7.058942165824311221e-01	-8.688283568075580998e-01
nan	-3.424996098933446032e-01	-5.208731185112069895e-01	5.334932544985893782e-02
nan	8.627677589292318538e-01	5.474841607404212773e-02	9.282088058824012888e-01
nan	-6.563348809818037033e-01	1.558395796564737701e+00	6.168437505017181355e-01
nan	8.542015171914709715e-01	1.494824088168500875e+00	1.304909019977954721e+00
nan	1.697619077860773373e+00	-6.467667968824564184e-01	4.660387862320851116e-01
nan	2.286688316675113963e+00	1.950195951647857084e+00	4.891254135002418568e-01
nan	1.659901024281434934e+00	3.829671784149725866e+00	6.912796176812137094e-01
nan	3.262474789881905313e+00	2.083676301979107137e+00	1.335925925987288210e+00
nan	3.396342011950400863e+00	2.212839918061345390e+00	3.002894509564290715e+00
nan	3.423129752122185288e+00	2.678204642742377128e+00	3.279058777259047375e-01
nan	2.229785421029229386e+00	4.278019541775492929e-01	1.338295982112062354e+00
nan	1.557784521975627889e+00	8.708109496843654540e-01	8.686984789085543390e-01
nan	2.577395420540838256e+00	1.744933764139442012e+00	1.497324470231954363e+00
nan	3.325708332309130100e+00	7.332150593823714146e-01	1.446306100302737763e-01
nan	2.487316774018468735e+00	2.595171086343468936e+00	1.158561541598222666e+00
nan	3.733868888624848559e+00	-2.018440032482526902e-02	1.135772177570288921e+00
nan	2.289571506505059251e-01	2.008670214326310877e+00	-1.130802783635271869e+00
nan	-2.352883184091392188e+00	1.313818536236984524e+00	8.017147281793983726e-01
nan	1.390702715669888123e-01	1.813804773031925111e-01	8.774194571691951161e-01
nan	-7.462648388776960129e-02	4.264917941871576579e-01	1.283351418614075978e-03
nan	-7.453373739885614802e-01	7.691730894698635135e-01	6.830258485495730447e-01
nan	-1.493602199430559552e-01	1.093338862139786372e+00	7.297146753483855219e-01
nan	3.158780212616141281e-01	1.581180573846626691e-01	-2.360226557722667762e-01
nan	1.749782535512723225e+00	6.773513469227633310e-01	-4.890535490689515430e-01
nan	7.555306108848918178e-01	-2.156213689475376949e-01	6.137546019135327047e-01
nan	-1.508631691988931989e+00	9.149348562062332713e-01	-9.950876907028507468e-01
nan	-1.288755918911042686e+00	3.530969946545450266e-01	-1.931015094813890720e-01
nan	-1.218434802499029468e+00	1.212559254313779533e+00	6.445069333292389180e-01
nan	1.394426293685525620e-01	-3.843293629071473649e-01	1.786078092049632193e-01
nan	1.091774473522721500e+00	6.899169313907814738e-01	9.775492305413369110e-01
nan	-2.117581401935246799e-01	5.521252827018383602e-01	3.884396299479381254e-01
nan	7.634765878894234081e-01	6.478702693753662922e-02	-1.197521039170763357e+00
nan	2.053812246923302776e-01	1.263429974003552836e+00	2.467040360282279909e-02
nan	-2.565788149142552710e-01	-2.833139994678077200e-01	2.053145445227664734e+00
nan	1.594845387630950961e+00	6.839166397960455557e-01	5.217128398656375454e-01
nan	2.369218370332270007e-01	6.275110194260773433e-01	1.169971523346136077e-02
nan	-1.177074904511154596e+00	1.242532512079145057e+00	-5.056520238737965967e-01
nan	6.542014676583992605e-01	-1.575185512092367457e-01	1.784732654450587486e+00
nan	6.315413608846720539e-01	2.552004022624518420e+00	1.284731903703813516e-01
nan	1.073886216179333664e+00	1.658110774752048711e+00	1.828364332715594065e+00
nan	2.143656506609918910e+00	4.601769832249246184e-01	1.000617924071221632e+00
nan	1.717486021509747163e+00	-2.732468320350804891e-01	8.252063986510832505e-01
nan	1.582371204697607059e+00	-2.258538971843307985e-01	-1.757561581022408115e+00
nan	-6.167572815093922411e-01	9.907527068873358544e-01	-2.946136415778690676e+00
nan	1.147044166856100222e+00	-7.591119812062092631e-01	3.722705489685039781e-01
nan	-2.174795743205899079e+00	-1.026661464826611692e+00	-1.093617516070202189e+00
nan	-2.828788085534269747e+00	-1.575828595618725014e+00	-1.571544520482810015e+00
nan	-2.690926873546721332e+00	-9.755738451063635797e-01	5.894359208814829998e-01
nan	-1.486653321527268812e+00	-2.054625285161148174e+00	-7.130413323885606003e-01
nan	-1.186804930932205515e+00	-4.276066246572811647e-01	-6.461791028329099129e-01
nan	-2.301667760718688061e-01	-7.790690644309048452e-01	1.088676730803723292e+00
nan	2.069368295832287735e-03	3.088669960498022227e-01	-9.243364697904092875e-01
nan	-2.500938067595401826e-01	3.574846985610174999e-01	8.335348888963005631e-01
nan	1.177459489107402224e-01	7.795788455444662146e-01	5.144788135985328692e-02
nan	1.108132658500746714e+00	-5.803478308668310603e-01	-1.177949340088703334e+00
nan	-1.897336325015938741e+00	3.367090468452534069e-02	-6.127041012426177602e-01
nan	-2.197430919479324007e-01	-6.512314099626679287e-01	-7.662869630053507075e-01
nan	1.242431244493789277e+00	5.974574876266454115e-01	-7.226903800060434646e-01
nan	-9.970217460515162777e-01	1.335051750534347992e+00	-1.214724239103905923e+00
nan	1.296892782052947002e+00	-6.106155374207183906e-01	4.459708462307676591e-02
nan	-1.008718707988689900e+00	1.228253823123695992e-01	4.966329977360197656e-01
nan	-9.890847546360292952e-01	1.281726054686882055e+00	1.320859666347890871e+00
nan	-4.033158115415029776e-01	1.957945777468786674e-01	-2.239005247387160225e-01
nan	1.059046946062832006e+00	-2.035307809109776045e+00	-7.213046589230939221e-01
nan	-1.033986212560307205e+00	6.843157098383192416e-01	3.069641128875266745e-02
nan	9.589082223839026087e-01	-1.020387476051040521e+00	-2.512331911276356466e-01
nan	9.609184099522376232e-02	1.831001449977382942e-02	1.226256927430504851e+00
nan	2.243471327251764347e+00	1.684380196104703353e-01	1.471379453738731247e+00
nan	5.185462206483218983e-01	1.042383795042327366e+00	-2.414843172599813736e-01
nan	-2.631428936405942332e-01	8.827139195845267183e-01	1.034353018768862098e-01
nan	-4.050563502768472768e-01	-4.070437908805180083e-01	1.590656430678004662e+00
nan	2.567870057410528428e-01	-4.572572086544293146e-01	2.729492028888063082e-01
nan	-4.805564826831486974e-03	1.292349586153066943e+00	-8.187616664512613607e-01
nan	-2.605499229074909051e-01	-4.157130561151985981e-01	1.433127584259049625e+00
nan	9.240688551102074211e-01	-5.648231460795114511e-01	-5.950355990793262384e-01
nan	-8.597665485934437302e-02	1.751009296196915921e+00	6.559426197174220707e-01
nan	3.023906992665209570e-01	-8.247651326882765588e-03	2.609211659494004465e+00
nan	2.080174526532474477e+00	-4.291310072683772736e-01	-7.773337743064709926e-01
nan	-5.285357930987579778e-01	9.387622451008167390e-01	3.730209331965128605e-01
nan	-1.948813386586291108e-01	4.640768618354475517e-01	-4.215271531146989048e-01
nan	1.664053688879074677e-01	7.064116762882991507e-01	7.478475094626473307e-01
nan	8.349557462286842924e-01	-4.527896186998242589e-01	1.433785814293858651e-01
nan	-1.086108707573232302e+00	4.324933891292463695e-02	2.086000532591227308e-01
nan	9.381120140466788770e-01	1.562954969091346347e-01	-7.332064898684070853e-01
nan	1.798632342711825038e-01	1.355031283052759772e+00	-3.805813762557017643e-01
nan	3.442869981053249817e-01	-1.059622650352559869e+00	9.965336130438545714e-01
nan	-7.166021479251459825e-01	8.502289314135742515e-01	1.138039000210474994e+00
nan	-4.132552395431728920e-01	-1.817833911625231336e+00	-2.805254558384948638e-01
nan	3.580330612804482060e-01	-1.451112525066848180e+00	1.315980670572964195e+00
nan	-9.429284655072424082e-01	1.196193858562263346e+00	-2.076618439943403338e+00
nan	-2.118303731265757328e+00	-1.386147225618876155e-01	7.830402059319527819e-01
nan	-1.188697869509960148e+00	7.608660160221412116e-01	5.332435432228656014e-01
nan	5.090120595122251679e-01	2.443553662758160439e+00	-6.846029147857422004e-01
nan	1.117496771876155925e+00	7.650794904412495656e-01	-9.082148779658448801e-01
nan	1.285893270770281260e+00	-3.783620863147503233e-01	1.471212588555226519e+00
nan	-4.853196749774921770e-01	1.096774274699822971e-01	6.790870053179438592e-01
nan	1.748113590446311205e+00	4.131949939178601594e-02	-5.045376796333689295e-01
nan	-1.527701679930312251e-01	7.623988365266812783e-01	4.819918136470958681e-01
nan	4.315494707008071806e-02	-4.149232036605166041e-04	9.744626332590163864e-01
nan	-8.986369779420126935e-01	1.306596175725687203e+00	-5.030747904376768886e-01
nan	4.767913311369655349e-01	-2.020126648372612133e-01	-1.155044700256667278e+00
nan	-1.723122785896633036e-01	-3.787129981077350660e-01	-1.024035948443235977e-01
nan	-2.701289019348191989e-01	5.183141105350527744e-02	2.628977113354359352e-01
nan	1.038451753531827837e+00	1.210599930760497767e+00	-5.483596976161725367e-01
nan	2.374414892323257753e+00	1.961715759082135024e+00	-1.761818232260439210e-01
nan	-1.207026969512413839e+00	1.012776148560176281e+00	8.527306563825376440e-01
nan	6.262316152005005243e-01	-8.359658853085647490e-01	5.480391000402231594e-01
nan	1.251528932949929951e+00	3.818086958659431263e-01	-4.617133621876396421e-01
nan	-4.829163257681414745e-01	7.214744345000198011e-01	-7.457479747616323484e-01
nan	6.169897473029286594e-01	7.361694121403468127e-01	1.353811462787147146e+00
nan	1.732292925667358263e+00	1.731346863488717691e+00	9.045080899056566759e-01
nan	8.234544939617438608e-01	2.673389518316708013e+00	2.794519047182658644e-01
nan	2.156980601066209147e+00	2.109823701173145771e+00	-8.393291406686465006e-02
nan	1.500893554192912926e+00	9.289566365907784284e-01	-8.300258975698554531e-01
nan	-3.093717577723094636e-01	3.633479372715202604e-01	9.587147052554673143e-01
nan	5.645515807742251813e-01	1.987029030417602343e-02	1.406335620629807881e+00
nan	2.230754410926894860e+00	-5.359559873439727617e-01	1.220521311842852619e+00
nan	1.207786767486339619e+00	4.173714677694599362e-01	-5.857466306080439944e-01
nan	3.799751099793898801e-01	1.376039223136916734e+00	-1.180463709288108731e+00
nan	-3.049108240746812859e-01	4.987228969324467021e-01	1.079548976904395996e+00
nan	4.222646180616079770e-01	1.171277655648808036e+00	1.547393914512984026e+00
nan	8.554134822399634963e-01	2.683627556712541828e+00	-1.711293195966183678e+00
nan	4.729230726414248576e-01	9.143472807869326147e-01	-8.700400575230319289e-01
nan	2.181323933841280205e+00	1.163493256968536116e+00	-2.332260870139144793e-01
nan	-3.797208926409429974e-01	2.956306523251843732e-01	-8.446330238754937714e-01
nan	8.096258377132258266e-01	-6.510407873114062993e-02	1.842248011312630052e+00
nan	1.313056589131285978e+00	-1.340421364509520319e-01	1.042935240247019113e+00
nan	3.748064461654049273e-01	-7.391969293040923095e-03	1.316507516975727432e+00
nan	-3.677163218295629310e-01	1.162579561416341889e+00	2.360553977035135809e+00
nan	7.659542373741706767e-01	-7.915243494566170934e-01	7.501243161891889555e-01
nan	-8.347537554842679453e-02	3.567128882877596552e-01	-3.726808997592821471e-01
nan	-1.783610175034367806e+00	6.132879193010857266e-01	-1.646527975740870453e-01
nan	-3.377578848735387496e-01	5.685248597064695986e-01	-2.607602842529022080e-02
nan	1.053078090212934859e+00	-7.894440338146352376e-01	-7.863902704634904151e-01
nan	-1.027339482611019150e+00	1.361842065401211443e-01	2.039562440361399887e-01
nan	8.078439253291241906e-03	-5.796309138434843078e-01	7.079415405896968272e-01
nan	1.255093606135331274e+00	-2.908018714673413996e+00	-6.802265977347781156e-01
nan	2.968265056535409618e-01	-1.393253597326443938e+00	-3.098880389284365267e-01
nan	-6.992827808539319179e-01	-4.246705327199184477e-01	-1.837939182254139325e+00
nan	-5.277364930863335246e-01	-5.816560771376342309e-01	-7.527925549701109942e-01
nan	-1.217706949683150519e-01	-1.968091578626676386e+00	-1.674069996721599118e-01
nan	5.490420490699211564e-01	-1.309328898460185853e+00	-1.627029975376014015e+00
nan	-1.167744441596193283e+00	1.494051009540869224e+00	-1.853289419276669792e+00
nan	-7.244819914908999792e-01	-9.305808086060094464e-01	6.043707358472769631e-01
nan	3.524602058565827756e-01	-4.961359850521845916e-01	-9.578952714444036731e-01
nan	-1.123084090627705089e+00	5.447230496669066557e-01	-2.690258539230441226e-01
nan	8.694395563867461929e-01	1.140086647884781534e-01	5.015867422555698729e-01
nan	3.516611093482732153e-01	-3.773101762874276344e-01	-6.502212544182102150e-01
nan	-1.848562882231446602e+00	1.298642461468592357e-01	-1.078539591320878677e-01
nan	1.247179030951563572e+00	-1.564131962599303538e+00	8.162787441412450162e-01
nan	7.629585605466209230e-01	5.175533261409396291e-01	-6.105756678445511954e-02
nan	-1.439203247744818448e+00	2.991556972018236671e-01	-7.124390228210666365e-01
nan	1.855211884334393435e-01	-5.697418650271914853e-01	2.240735444341325766e-01
nan	1.170575836057525354e+00	-6.524429769575462723e-01	-7.216842613849239196e-01
nan	6.849827413943512244e-01	9.629149330684059205e-01	-1.480524494246064693e+00
nan	2.727448782950154804e-01	-1.740683850991203041e+00	-9.674964798390817133e-01
nan	-8.468260609532112237e-01	-8.386197985333411209e-01	3.797358303184561468e-01
nan	-7.885482856631109705e-02	-1.483775553547334036e-01	2.547428563507339594e-02
nan	-1.039541441542044309e+00	4.043317008362872222e-01	1.379742059723962688e+00
nan	5.069208361552330899e-01	-1.702522444036981275e+00	7.856912694416215981e-01
nan	-1.635354343465577287e+00	-1.660741397036983757e+00	-3.734390447334834384e+00
nan	-2.718451919052814247e+00	6.993045959010826262e-01	-2.023655640054756066e+00
nan	-1.185779083913481857e+00	3.243698510162559279e-01	-1.302600494682655263e+00
nan	-1.035011585092247000e+00	-3.446478035367543380e-01	-5.754620203056364236e-01
nan	-1.303309707193933464e+00	-1.365915973849351595e+00	-1.130310042646108792e+00
nan	-1.571369522677372732e+00	-7.817633061340392153e-01	-2.010543945566243718e+00
nan	-2.915509603721333942e+00	-7.310335663040399279e-01	-1.023827598921517534e+00
nan	-3.130931677773569177e+00	8.235928987918108568e-01	8.144812705726282021e-01
nan	1.696727946370064632e-01	-1.032620470782966926e+00	1.231879301114339187e-01
nan	-7.797879261873541523e-01	-1.539854820646792133e+00	4.215477884219728799e-01
nan	-2.842262762939901766e+00	-2.622859211088077180e-01	1.389107451856708142e-02
nan	-2.256719576194607946e+00	-2.540647006712116740e-01	3.140471430449835455e-01
nan	-3.047114921081528482e-01	2.122742279808399468e-01	4.506114567687639072e-01
nan	-1.199459777560493157e+00	4.777740579453352426e-03	2.139999151432273372e+00
nan	-1.891981291125403031e-01	9.502292229717346217e-01	1.453012756908481418e+00
nan	1.300817042424289305e-01	-3.236834693106813710e-01	6.097707132238194827e-01
nan	-1.628358692814602549e+00	-2.209388527636912514e+00	1.288515308027667006e+00
nan	-4.810546670228152966e-01	3.651149056000573268e-01	2.669366963038143914e-01
nan	-7.160820608219918837e-01	-1.533528379641929007e+00	-6.820187484372789433e-01
nan	-3.417851511859694380e+00	2.289182406845006179e-01	1.035586574198450682e+00
nan	-5.437141103823186494e-01	-7.050530415510291027e-01	-3.354968161893702727e-01
nan	3.355373255413627853e-01	5.318969576322740700e-01	-2.008739894210758159e+00
nan	4.044858191841630979e-01	6.001792811652326698e-01	4.621175697920016923e-01
nan	-2.658838042483663844e-01	2.947872113762144419e-01	-9.814912664301821410e-01
nan	-1.518810410273725875e+00	2.024986852659654613e+00	2.224735966112081909e-01
nan	-7.302776305314890859e-01	-5.031232992228494849e-01	8.299111716248792625e-01
nan	-1.768262765958332094e+00	2.837583818717375750e-01	9.512418942774685249e-01
nan	1.574189959358479052e-01	-2.007527111865671898e+00	-3.838987914309505700e-01
nan	-2.092211953696912374e+00	1.000133967179632322e+00	-1.880735227172445345e+00
nan	-1.025502975753861623e+00	-1.719661000574568055e+00	3.178057496492446288e-01
nan	-1.172647257795389919e+00	-2.364259740288965794e+00	-1.453131280959262250e-01
nan	-2.338434347468438812e+00	-1.691290929415135258e+00	-9.260962832885734075e-01
nan	-1.938712666279076569e-01	-1.730309529254028922e+00	-2.311886795426180141e-01
nan	-1.136285461996076052e-01	-7.475967731310037001e-01	-2.781984861463941527e+00
nan	-1.509937385683423727e+00	2.928940705424566970e-01	5.414516223500198677e-01
nan	4.647906193587314494e-01	-6.399173459480604897e-01	-2.045025877658161462e-01
nan	-1.686978476418391715e+00	5.841078232013834359e-01	-4.634307583434189581e-01
nan	3.090825628046597329e-01	5.542307198510549870e-01	2.395869722885574649e-01
nan	2.320760271901691763e+00	5.001623337532422608e-01	1.116519479466579201e-01
nan	1.468814322822152851e+00	2.567505883576216341e+00	2.871070354720179907e-01
nan	9.726796287928229923e-01	1.547188166969906131e+00	-1.210384103641565234e-01
nan	1.419916026649243879e-01	2.084607496647607583e+00	1.436992578471330662e+00
nan	6.601882355887933596e-01	8.694165112237020043e-01	1.404257928245763676e+00
nan	-3.706437397788863164e-01	1.078951672097619774e+00	8.111116821407122757e-01
nan	-5.000336972222971799e-01	-2.014868234875560604e-01	1.222052047145789189e+00
nan	-5.513655230389801210e-01	-2.673126284971772959e-01	-9.300251296732646722e-01
nan	-8.003702115684082630e-01	6.137219775411965061e-01	-3.558802389514761355e-01
nan	-8.341832920237739479e-01	-1.010121955860523224e+00	1.405419754593211445e+00
nan	1.349299670058117906e+00	-3.820141783734987140e-02	9.844157038849218333e-01
nan	5.266956943773067890e-01	5.094071190276796557e-01	1.147473645833957834e+00
nan	-7.525154706020864559e-02	1.341167530095077387e+00	-1.129003526216514564e+00
nan	8.805226226500753040e-01	1.039517809077882493e+00	1.473132075690756437e+00
nan	1.408018931467387658e+00	-1.869245177339131647e-01	1.087279306638333942e+00
nan	1.566074771773341201e+00	8.378642322584776148e-01	1.272351352859282470e+00
nan	-1.314152371860473734e+00	-8.289655415832839491e-01	1.106852460080731237e+00
nan	-9.350924739413659648e-01	-5.725064850611305545e-02	1.561995132641472273e+00
nan	1.909455697918357453e+00	3.309035558843703706e-02	3.683306952234578491e-01
nan	1.095006827161342899e+00	-1.462352838646629127e+00	-4.911968287643679598e-02
nan	-1.159130906956733070e-01	9.880502305745060276e-01	-1.608429918468087250e+00
nan	2.883973030126080195e-01	-1.069473856033181236e-01	-1.100525489972991267e+00
nan	-7.570621769020908776e-01	9.604369435369484176e-01	1.862507670052913067e-01
nan	-1.412300824062248661e-02	6.368974081506050267e-01	3.688389394361560880e-01
nan	-1.669192481453204868e+00	-6.077596351758629556e-01	8.557431504252777099e-01
nan	-1.413907601981431394e+00	-3.867638432329175702e-01	4.267902981704600751e-02
nan	-1.050251759519467809e+00	-2.390331287436519014e-01	-5.344950653236786309e-01
nan	-1.809485984365407418e+00	1.722136678042018199e+00	3.811241391249773347e-01
nan	-8.706297684439927298e-02	1.032511470060810010e+00	9.075407653538731800e-01
nan	-5.901134292316323471e-02	9.874820313491265988e-01	2.746484870027859682e+00
nan	1.186640354746829606e+00	5.847293153308363856e-01	2.402312097749698117e-01
nan	6.449591239437904022e-01	1.054393333275345679e+00	4.275446685006151215e-01
nan	6.304896696068750250e-01	1.047325823944262879e+00	-1.685455098530850737e+00
nan	-5.851301660524784731e-01	1.735689193011330511e-02	1.229012751533675729e+00
nan	1.991133626297829917e-01	-1.898092467518327497e+00	7.963306930323844623e-01
nan	-1.015057137831361644e-01	7.218567404842909374e-01	1.487344137698913271e-01
nan	1.032097465274651071e+00	8.570334866333467749e-01	1.775915305610087369e-01
nan	9.163894249109634238e-01	-1.126748440214550229e+00	-1.095468662577257835e+00
nan	-1.493277329539181242e+00	-1.527848765800879249e+00	-4.466523011773838592e-01
nan	-2.421037126312821641e+00	4.754157127736288180e-01	-1.782643164987159246e+00
nan	-5.356667939782802090e-01	1.241114767228745697e+00	-2.387466376872887874e+00
nan	-1.273073962131937353e+00	3.579493658503209996e-01	-1.016181725906937228e+00
nan	-1.706891333469046979e+00	2.688995238520841546e-02	-2.094427558385786314e-02
nan	-7.146818485540252786e-01	-1.353833399915541413e+00	9.666743723017490186e-02
nan	-1.390390628572327092e+00	-4.324463677594249655e-01	-2.682844289750766720e+00
nan	8.290949501813411615e-01	-6.050958292415298256e-02	1.045333792663788230e+00
nan	2.188104253968345403e-01	-8.370208946187932542e-01	2.356379702242387797e+00
nan	-1.773469087288429780e+00	-7.551792721971475331e-01	1.944965395947064080e+00
nan	-1.159622084623447957e+00	2.733053136693316398e-01	1.860496049106616090e-01
nan	-9.120023978568669865e-01	7.600280430879442495e-01	1.097577577722547604e+00
nan	4.498820496219803067e-01	1.637281351912422966e-02	3.500436275302103439e-01
nan	1.104403732052393894e-01	2.000761454597342670e+00	1.069584266186856536e-01
nan	6.723665677803501994e-01	5.656826773641765449e-01	1.450079678752309587e+00
nan	-1.730433107820882332e-01	7.609915988507200968e-01	6.552618169569754958e-01
nan	1.626494485315143346e-01	-1.813652068878722989e+00	9.108436680874885116e-01
nan	-7.253587975673572719e-02	-1.729432587490984830e+00	-1.295273414672639400e-01
nan	-2.116813188936691237e+00	-9.599623291503250888e-02	9.773945430533359513e-02
nan	5.211714211269252717e-01	1.011292614459680550e+00	-7.079252370015606255e-01
nan	8.664318336477010440e-01	1.178809824523442851e+00	5.227929249946299262e-01
nan	1.868571638847854821e+00	9.650789480887052019e-01	1.320646853886721095e+00
nan	1.699039542766460631e+00	6.862174696735728885e-01	-5.279326870116973769e-02
nan	-3.763149333044357725e-02	1.228816206144486944e+00	-1.203945399982331299e-01
nan	1.844620938129055254e+00	-5.459098052224066189e-01	1.894860237457700602e-01
nan	1.295874407596221634e+00	-2.307348611373049030e-01	-1.148720843318383755e+00
nan	5.331527094838006686e-01	3.499504882751311441e-01	9.736528801364521257e-01
nan	-2.426710925693946752e-01	1.922105857240471227e+00	2.652651890276680469e-02
nan	-2.578890151243659057e-01	-5.854725974120407184e-01	8.586851369640425835e-01
nan	2.728340893802249090e-01	-1.762431824251114776e+00	-9.922718259617416270e-02
nan	-4.196481380399147421e-02	-1.773788734262861988e+00	-7.210629409101811937e-01
nan	-1.195190235019827352e-02	-7.024381783459592299e-01	3.597595693416731910e-01
nan	5.576278123929144792e-01	9.278668179456324161e-01	1.424395568439480897e+00
nan	7.300951700125066779e-01	1.350551017222622940e+00	4.228718872907040738e-01
nan	5.165005022816455682e-01	-4.267780487251444654e-01	5.697340206797831819e-01
nan	-6.515848546714408940e-01	1.919069604324011857e-01	6.490695730322404433e-01
nan	2.015872439777265157e+00	-2.459802448747918091e-01	-3.334982777832388168e-01
nan	1.216967313324956113e+00	2.068213479758435724e+00	-1.699487862751160261e+00
nan	1.959969444472411615e+00	1.149833418816373465e+00	3.497225052650895227e-01
nan	1.655120729933496904e+00	2.200117935384244383e+00	-4.800038462785888860e-01
nan	-2.286609860884234458e-01	3.532140322562667301e+00	1.224358610155247828e-01
nan	-5.014601198635544321e-01	1.196370303799773716e+00	1.060345860641657589e+00
nan	-1.822704688107626980e-01	1.716180307813097272e+00	1.433025456873891601e+00
nan	2.067473009498796088e+00	1.786326650568148100e+00	1.738166872634454130e+00
nan	5.681968540539517054e-01	-1.221797898849303454e+00	4.071412652268370236e-01
nan	-7.029416136897468359e-01	2.045574221654234137e-01	-8.877796557651626008e-01
nan	-9.384331590891588082e-01	1.246783901581361542e+00	3.676642402255593245e-01
nan	-5.105931059531487737e-01	8.737428247820724359e-01	1.097276864265684715e+00
nan	1.262619075297529037e+00	7.940343857721383625e-01	4.753792683077981973e-01
nan	-1.372381934798956316e-01	-1.524492099612861917e-02	6.660001356387751370e-01
nan	-2.354996463810917762e-01	1.678131224783487641e+00	4.230507966773607853e-01
nan	1.756633689646665220e+00	7.710518013584622965e-01	1.618853538856934726e+00
nan	8.877709290487676430e-01	1.467374071305691974e+00	-1.113285063390383689e+00
nan	-5.059800284085020916e-01	3.309723568420634976e+00	-2.285174696854865850e-01
nan	-8.815129014259250884e-01	1.581476442805141991e+00	3.931716392949644590e-01
nan	8.133032241666288131e-02	6.705962074674982620e-01	-1.631033070519859018e+00
nan	-7.391302792399634392e-02	1.490859759567757958e+00	-1.066438455768767835e+00
nan	5.380080597171340573e-01	-1.556601969894715554e+00	-7.262827516298067110e-01
nan	-1.596833743212878520e+00	-2.900874507463927721e+00	-6.339063922208166835e-01
nan	-3.334924578445339627e+00	-1.885448621147925108e+00	-1.071043537609829510e+00
nan	-1.985747912476977017e+00	-4.788862045760255981e+00	-5.867318464869948347e-01
nan	-1.284617279544540303e+00	-1.765557841946480133e+00	-1.428736447302862533e+00
nan	-1.382702937098225338e+00	-6.342758954261725757e-01	-2.241665218260459724e+00
nan	-2.636925888679177543e+00	-2.632207542972426317e+00	-1.357819915131719402e-02
nan	-1.487170522311711096e+00	-8.395397612055568448e-01	1.150393239187385008e-01
nan	7.624723545710323513e-01	-6.540735532426661392e-01	8.532509134003554152e-01
nan	2.225075457690446346e+00	-9.979487603347415581e-01	3.077265994753768941e-01
nan	7.956253808205027145e-02	1.025731748261237364e+00	1.704654247988901250e-01
nan	5.356999009641932874e-01	4.520042105182329184e-01	1.000118228526625463e+00
nan	9.446166636375668002e-01	9.817300895082102796e-01	4.601522491779306834e-01
nan	-4.695440775603832995e-01	1.193036669687167262e+00	9.989950482065382831e-01
nan	5.364074298416666720e-01	-1.360062871082617253e+00	1.910797808862607194e+00
nan	-2.237675590580154861e-01	-3.814881452009131202e-01	2.366481160155340935e-01
nan	-8.385217188178470948e-01	2.852133851854294910e-01	-9.961326761389655005e-01
nan	-5.438933149240806619e-01	4.212600673588713374e-01	-8.063122774719143626e-01
nan	-1.299467927771053910e+00	6.013879108595105993e-01	1.255226796076350571e+00
nan	2.147099189444550693e-01	-1.447677463777599316e+00	-9.220303216048915118e-01
nan	-6.403879692579632632e-01	-1.663191827548281820e-01	-1.473436308105223524e+00
nan	-1.488184848276945083e+00	-5.437312311581585789e-01	-1.518591699024257613e-01
nan	-4.795541864946186172e-01	-1.137333943662788727e+00	-1.767735118889918744e-01
nan	-1.950557931355862085e+00	-7.670375865849279329e-01	-1.408491248876905799e-01
nan	-1.159627486743127545e+00	4.270821993484833490e-01	4.631365220879586908e-01
nan	2.967335117126789212e-01	-6.471466097739783652e-02	7.672563915885541319e-02
nan	-2.108396360265508696e-01	1.193820893752538304e+00	-8.907928027398248627e-01
nan	-4.951422286893918390e-01	-9.135846447876022625e-02	-1.285928268318127787e-01
nan	4.108122734837617029e-01	-1.016982087344364682e+00	1.068118747997018225e+00
nan	-1.561436911932390925e-01	-9.469819221764834427e-02	-9.909521427264659232e-01
nan	-1.598214814335463529e+00	2.010070259034339113e+00	1.091279534980187371e+00
nan	-1.916247918096754543e-01	2.828233926256821462e+00	1.081454365888169455e+00
nan	4.338839228506231604e-01	1.487690155179456131e+00	7.311531071569159490e-01
nan	-6.837251495511387223e-02	4.018430394733850108e-01	-2.036891134050866636e-02
nan	-1.040106988914773600e+00	-1.892247365007877491e+00	8.086244730616877208e-01
nan	-8.923241966702903927e-01	-1.177113105219874889e+00	2.267980110330031218e-02
nan	-1.660452392119773801e+00	-1.740882855197440460e+00	5.979270876463846918e-01
nan	-1.936841642874987945e-01	-2.118786942860469757e+00	-6.216115820898551192e-01
nan	4.465615335700058308e-01	-2.580650125145930840e+00	2.497748042142118319e-01
nan	-3.528594724329914278e-01	-8.461147060465764591e-01	-1.146490625598587609e+00
nan	-9.407932103534739632e-01	-1.862583777489730252e+00	-4.352840181935385133e-01
nan	4.516652533067936348e-01	6.667085010987061633e-01	-1.503041021675609823e+00
nan	-4.764510648169719698e-01	-4.589106981140442243e-01	1.923969244592583228e-01
nan	-3.948164077059811983e-01	-1.145010781682550771e+00	-1.485067730547635856e+00
nan	-3.146982967013954857e-01	3.284196207232124021e-01	-1.485895894196897604e+00
nan	-2.087835851561372191e+00	-2.203158818009638975e-01	-1.047163385289926196e-01
nan	-4.340367170312597889e-02	1.460705869177250094e-01	5.755488682110843079e-01
nan	6.273275662377348905e-01	-1.555875948867859737e-01	4.341524092210391483e-01
nan	9.478336482366380711e-01	6.348621193426621234e-01	6.704711292707623560e-01
nan	1.451353051291775387e+00	-7.679771272686972683e-01	1.092045730399675785e+00
nan	1.078369527570805619e+00	-1.899681025590260530e+00	1.262474372455178351e+00
nan	4.995589033997603901e-01	-5.718167986168223305e-01	-9.520135963660275591e-01
nan	8.239062554594245302e-02	-1.246839196683703799e+00	-1.623011184182403088e+00
nan	-5.198152759230714182e-01	-8.749088836080379794e-01	-2.085026402249976485e+00
nan	-2.432522200710069527e+00	-2.116268611652307730e+00	-1.625591071319717029e+00
nan	-3.150850781440288184e+00	-1.748998957817878841e+00	-4.442697439665390657e-01
nan	-1.831120459078184659e+00	-6.727167023153699521e-01	-5.407264589204315852e-01
nan	-9.270565102614520825e-01	-4.347371222457939166e-01	5.524492715803772658e-01
nan	-2.101707200811131493e+00	-4.279414704708521811e-01	-1.039044699756429990e+00
nan	-7.560443800896665678e-01	1.453731071668508124e-01	-6.868371831140673844e-01
nan	7.333631872721395606e-01	-1.348972014766430250e-01	1.035033531951461416e+00
nan	-1.080628223812603483e+00	1.412310555451812721e+00	3.478001071612227824e-01
nan	-5.565754893752132837e-01	9.255969275999896828e-01	-1.557532136768822850e+00
nan	-5.276225795431764842e-01	-3.708758702187204825e-01	1.102464260311436295e+00
nan	-3.078518793437032275e-01	-1.596457538407037635e+00	-6.670853275812846928e-01
nan	-1.451454551568629903e+00	3.116765870641914349e-01	1.432787246745670373e-04
nan	-1.731480037920743564e+00	-2.539852667394599250e-01	-1.029343471256633169e+00
nan	-3.639715876844924924e+00	-1.342920705141083415e+00	-8.676967917909845784e-01
nan	-3.210801856594043713e+00	-1.569189661804693658e+00	4.308214590744419148e-02
nan	-4.333122175412884580e-02	-1.954524015291523753e+00	-1.620781074395728494e+00
nan	-5.152881670985842710e-02	4.171035291488535135e-01	-1.850398885276304028e+00
nan	-3.349962069212334415e-01	2.093032527821929722e-01	-1.497634589032496688e+00
nan	-9.503344042253130119e-01	-1.075475389702773121e+00	-7.942940838735897957e-01
nan	1.362382321196264900e-01	-2.142705691446635363e+00	-8.381734728553444924e-01
nan	-5.024294774868063307e-01	3.965837156005328490e-01	-2.517047561975326309e-01
nan	8.416270201516309890e-02	1.912593145809641904e+00	1.588955091737945358e+00
nan	7.285974039721987427e-01	7.036128948189430687e-01	3.401752487075124343e+00
nan	1.856632748033015590e+00	2.501068680887742479e-01	2.652957588588044757e+00
nan	1.263353474283470002e+00	3.828796759120465243e-01	7.688770379366146601e-01
nan	2.338916408544249315e+00	8.161963450238245432e-01	1.587653406921286647e+00
nan	2.196721137214259656e+00	3.548982832476902383e-01	1.456507957414681087e-01
nan	4.861581317481056264e-01	-1.030296349357867625e-01	5.755784150908755947e-01
nan	-4.242257179857495952e-01	-1.835109618580467838e+00	1.051779915506835250e+00
nan	2.499213600440108873e-01	6.417432437553198810e-01	-1.429983739313843261e+00
nan	-6.560000622546352522e-01	1.126480632800454851e+00	-6.458091808284880386e-01
nan	-2.506640347342003680e-02	8.623151796226635746e-01	5.311327850026690278e-01
nan	-2.126277819225008692e-02	4.543065920403017155e-01	5.628985992014063910e-01
nan	1.150742863382024694e+00	-1.514394293640688449e+00	1.404016819144756067e-01
nan	-2.669088027619685999e-01	2.289872656827296016e+00	-7.303989662117285064e-01
nan	4.558973851747959993e-01	2.069481345590238774e+00	2.479407505525988764e+00
nan	2.151874447742643692e+00	6.527303957447819771e-01	6.320191551446279199e-01
nan	3.060132645231799842e+00	1.137850769982883925e+00	8.809942114614772724e-01
nan	2.624579719495872432e+00	1.123951814311902941e+00	-3.599064110003107331e-01
nan	1.730503959521285218e+00	1.707725826562823235e+00	-1.921518159553452232e-01
nan	7.591057440504923592e-01	1.203592917768693482e+00	4.323132445497357423e-01
nan	2.599059961503983884e-01	1.421604333667397135e+00	4.755555712769802268e-01
nan	1.642112638263658830e+00	-8.527267328714789318e-01	4.306286766647249853e-01
nan	5.505712680495344902e-01	1.247972838531073991e+00	-3.172279909570890344e-01
nan	8.333823478441158006e-01	1.361557368303180304e+00	1.479494652935412047e+00
nan	1.253780514628508147e+00	1.187591054194705453e+00	1.029640431327821570e+00
nan	8.223751994116887953e-01	5.577962498992217188e-02	-1.804281841810376763e-01
nan	-8.827299295133844703e-03	-1.351850037527687065e-01	-2.060667233028383727e-01
nan	3.892305073381509550e-01	2.152145536603782272e-01	9.108094556922521345e-01
nan	7.173573354235780464e-01	-1.632941139149430398e+00	-1.000038717199765115e+00
nan	-4.262084321960026845e-01	-1.932786894371114617e+00	-1.263262687540614104e+00
nan	-8.689521641585495892e-01	-1.550582893320834987e+00	1.087309445484763160e-01
nan	-1.326390879593724037e+00	-4.580320646053168132e-01	-1.840057976142799978e+00
nan	8.899400299807291859e-01	3.913838368834643422e-01	2.312581689353887526e-01
nan	2.638329156030137401e+00	-1.574341935496904821e+00	1.771867815170448390e-01
nan	2.356593072640414399e-01	-2.734855193377638272e-01	-1.635175764215027194e-01
nan	8.934710096325676476e-01	-1.807114006680580198e-01	-1.653891643054429816e-01
nan	3.163375302004510781e-01	8.847304768434918198e-01	8.257260902247971490e-01
nan	1.460140965137206592e+00	-9.969534079194969367e-01	-6.277031867400875154e-01
nan	-3.494572306732032785e-02	1.023622524371503806e+00	-1.361447519817807539e+00
nan	-2.054868753152825800e+00	2.799370169573940359e-01	9.401218027637234798e-01
nan	-8.769998992480481093e-01	-3.637660808100648957e-01	8.396381087831297219e-01
nan	1.048084769005372063e+00	-1.738930614919420581e+00	1.132029923584639164e+00
nan	-1.343866486512353131e-01	1.322636401017730279e+00	4.713495526675890446e-01
nan	8.212796476290610270e-01	3.843747870498293029e-01	4.800959095460988202e-02
nan	1.107256789600963298e+00	-6.168230935560679029e-01	-5.180942936246517583e-01
nan	-6.585772205196371853e-01	-1.609414714300822780e-01	5.993381694374821933e-01
nan	1.622599104936835568e+00	-7.397929328569251561e-01	5.567902908450733657e-01
nan	6.616487672968685008e-01	-1.321511525136298104e+00	-2.033109578976953102e+00
nan	-3.087925720946097297e+00	2.949772320665211556e-01	-3.477107072297784818e-01
nan	-1.346960194638264552e+00	-1.521521751773955211e+00	1.340698668052180853e+00
nan	-1.123209303263653869e+00	-6.479142321746854671e-01	3.609319497419219980e-01
nan	2.512761082837551285e-01	-1.896771812381174760e+00	-5.054573807445276179e-01
nan	3.590974907874834310e-01	-3.165532599419120796e+00	1.035008008836184601e+00
nan	-2.116030985705602330e+00	1.110601397831127546e+00	9.213514693800517463e-02
nan	2.676984576318754971e-01	1.235024760356484563e-01	2.088559509444328111e+00
nan	2.464483612823674008e+00	-2.031297652905597939e+00	1.718150878834868944e+00
nan	4.045562327159388794e-01	-2.181834794735817706e-01	-6.092949741367771344e-01
nan	9.500458295654379270e-01	-1.293756650374820572e+00	6.900204393512278100e-01
nan	-4.496716700031666014e-01	-1.239584605848319754e+00	-4.457120703258369288e-01
nan	5.595665408462917600e-01	-6.748778188180376558e-01	-9.324135506784998473e-01
nan	1.032699004211052651e+00	-1.006704210519124842e+00	-2.505869453298178451e-01
nan	2.206624552878906353e-01	-3.965927332482857559e-01	-2.037359086524255791e-01
nan	-1.819351178770682864e-01	-6.894017566669105590e-02	-1.336481586338464922e+00
nan	-1.076966540620251100e+00	1.205030090310609037e+00	-2.109350493828674900e+00
nan	-7.824284180662228749e-01	-5.322520149415572999e-02	-5.600971210018110824e-01
nan	4.707789034581711940e-01	2.448527933578951155e-01	-1.514143953076505233e-01
nan	3.901404319849495206e-01	9.640364876089522195e-01	-4.439457884312849600e-01
nan	-6.557366999661728979e-01	-1.711019518613870805e+00	1.134432501611070565e+00
nan	-2.065940004207200698e+00	-1.750584357410815972e+00	-6.559438738040141992e-01
nan	-4.017898909900692317e+00	-2.089855944437372326e+00	-9.289082378929240935e-01
nan	-2.830261745370592941e+00	-3.517629274231290903e+00	-1.971007807127070244e+00
nan	-2.589023055930076644e+00	-4.011566947280470252e+00	-4.940027126285806425e-01
nan	-2.015829127443462099e+00	-1.551318796971199676e+00	-7.640982815513239768e-01
nan	-2.870141325898130091e+00	-1.053234172768326982e+00	-9.335151369807893618e-01
nan	-1.264054055255336539e+00	-2.268514838902821129e+00	-1.193167467215434874e+00
nan	-8.373660484463438802e-01	-1.526529807506364911e+00	9.498339385805869561e-01
nan	-5.505963184484270467e-01	-8.326254233316043862e-01	-5.837228221155343899e-03
nan	-5.231025657013455010e-02	7.797508588127444185e-01	-1.685828375307197646e+00
nan	-9.852161654318420947e-01	-3.962803420648735031e-01	-1.041849730614278435e+00
nan	-1.303371471122334757e+00	-1.411406648324512236e+00	-4.283557705966664630e-01
nan	4.917009105282577064e-01	1.076031907687110323e+00	-4.714069858543332714e-01
nan	-5.902399417366080980e-01	1.158198620442781435e+00	1.350665756531249873e+00
nan	6.540972031521332664e-01	2.731334309011662631e-01	2.692774174195625925e+00
nan	1.691551804779094281e+00	9.526834250132949489e-01	7.208075059419452035e-01
nan	2.079960496828168193e+00	-3.505239955319964240e-01	-2.025235047369949193e+00
nan	-1.098510601124241148e+00	7.007060204823075678e-01	-7.332838296623311880e-02
nan	3.073080127850129628e-01	-6.564867588526066555e-01	3.538947063756638922e-01
nan	1.180592977889548090e+00	-1.391528066162326382e+00	-1.973546352531761805e+00
nan	-8.228826442872155811e-01	-4.622274678889842781e-01	-5.216285123376513955e-01
nan	-1.849173991459010513e-01	-7.181112893513744710e-01	-5.499738283251869309e-01
nan	-1.941061782257995860e+00	9.844009825509756340e-01	-1.870616155248691903e-01
nan	1.006335362255877275e+00	-7.267188161636535249e-01	-1.457273013861072553e+00
nan	1.538334407276434224e+00	7.777441420826255447e-01	-1.668871486616146260e+00
nan	3.416731135946888820e-01	-1.193705460042139288e-01	5.030239481834694049e-01
nan	-1.694094196725081658e-01	2.032258894085782863e+00	-1.298693451386364328e-01
nan	3.164817820048363428e-01	-2.361782480432725873e-01	8.359282731517756471e-01
nan	-2.316294509369092314e-01	1.789754647327532477e-01	9.285539120477561692e-01
nan	1.473990655211891987e-01	1.050923469254693376e+00	-1.197095594072686287e-01
nan	7.083192369490508566e-01	4.069961945784361657e-01	-1.471415408238555544e-01
nan	9.251959055375862384e-01	-1.105573626941959153e+00	-3.996301381910549733e-01
nan	1.934880832982899257e+00	-6.517136507739962337e-01	-2.633474713613241036e+00
nan	4.777333779477595521e-01	7.902469694219284024e-01	-4.242024545811718950e-01
nan	-1.155174374315901531e+00	7.473305623461833358e-01	-1.317772072801757677e+00
nan	-2.142321143720078980e-01	7.432248771419804889e-01	5.493940376411221571e-01
nan	-6.251019352462634515e-01	-7.960099603260134549e-02	-3.835707056975617424e-01
nan	-5.695166431902441984e-01	-1.140988764015698376e+00	6.618395187876997543e-01
nan	1.075268204009320216e+00	-1.928542638615211580e+00	-1.515730584900518929e+00
nan	-2.594386459178408710e+00	6.406876763127419272e-01	-8.783145437680055512e-01
nan	-2.081637321121425632e+00	3.796537620925867218e-01	4.136139005894413634e-01
nan	-1.151470761495089423e+00	-2.866964184630209633e-01	6.129750117941349385e-01
nan	5.103015269037624035e-01	-1.330747770904428862e+00	2.213441317282392795e+00
nan	-7.153643782192660172e-01	-9.782890057519137983e-01	-8.094417235957733769e-01
nan	-1.329099427768965835e+00	1.799010021557527761e+00	-1.178613842285119340e+00
nan	8.368040436626995593e-01	-1.048350487320360847e+00	5.702395586695174767e-01
nan	-6.697612494203940559e-01	7.145388737208331620e-02	-1.236098659034154279e+00
nan	-1.060014529719567111e+00	2.822012001696631578e-01	-1.259195953983957839e-01
nan	-3.388391153236786635e-01	5.092937827764134617e-01	2.183832128127150440e+00
nan	1.560014655742085754e+00	3.796047927859981241e-01	1.836574401213592056e-01
nan	2.214296355984411768e+00	6.488844308309236197e-01	1.343566357869244277e+00
nan	-5.872426217453441399e-01	6.161222437111885109e-01	2.435126724557101774e+00
nan	8.177907602724248104e-01	6.148096299382604935e-01	1.173737984036600457e+00
nan	6.098272088590805939e-01	1.552330706202990074e+00	1.307700632777740068e+00
nan	1.270137316215899759e+00	1.012059545957152640e+00	-2.028286331173354995e+00
nan	1.547553595399495663e+00	-6.199111439780669031e-01	-3.314480675583335034e-01
nan	-5.085002724267895235e-02	-4.592820127909642558e-01	5.292582023976037942e-01
nan	1.445983388079712162e+00	-4.221880894536372830e-01	1.124529436095697887e+00
nan	1.906750246372168167e+00	-4.950587086245517021e-01	1.768144794371333983e+00
