nan	3.985303903878975595e-01	-2.830948104354389372e-01	-1.590518161943051678e-01
nan	3.861116959650052749e-01	1.496590111826745284e+00	-9.660739302251178939e-01
nan	-8.432592502946681945e-01	5.353956310685603626e-01	1.506180059472516319e+00
nan	-1.610906199383575821e+00	-8.262334424358450669e-01	7.516543421688857141e-01
nan	-3.820579116815721044e-01	5.965697686961854984e-01	-5.556886226991366584e-01
nan	8.316352341552806227e-01	1.804320163841060420e+00	-2.214451101797719978e+00
nan	1.540111714032905699e+00	6.747424627596997349e-01	-7.824789342888216481e-02
nan	1.716463208604281032e+00	-1.674565724337371275e-01	-3.849617185432392397e-01
nan	-8.953698330690063045e-01	7.306500931702027968e-01	3.021665907158024300e-01
nan	1.202224599196277444e+00	3.362689736705777310e-01	1.237969078088194397e-01
nan	1.329651065541593180e+00	8.747889998001496803e-01	-4.277820537988739069e-01
nan	-4.373112954234994465e-01	-2.065594891404584077e-01	2.927372624234989562e-01
nan	-1.012631585769321607e-01	8.570484748679201292e-01	-7.388843076692744316e-02
nan	6.769664514730246996e-01	-4.021804177635693311e-01	-6.579461134147007728e-03
nan	-1.755166893082026558e+00	8.035490925808622675e-01	-1.916758559104979609e-01
nan	-6.172901962987764612e-02	-2.765426548966360421e-01	9.937706062727430512e-01
nan	-1.295326562574956042e-01	1.031158827270888034e+00	7.476225057477808855e-01
nan	-4.232644372196570082e-02	1.974476814553300263e+00	1.097627206260562094e+00
nan	7.940175484413027895e-01	-9.098129742943361631e-02	2.255939269840067762e+00
nan	5.058125160127997511e-01	2.260217874958394102e+00	-1.346234766120598891e+00
nan	2.034808485081565976e+00	5.947969115137965446e-01	9.444815875921521720e-01
nan	3.654773847447351898e+00	1.244451905340560049e+00	6.839136872966519176e-01
nan	2.417971491408820839e+00	1.331600453181304600e+00	-1.071586485040824099e-01
nan	1.366578780931229753e+00	1.833207164284414326e+00	-2.681593624117361019e-01
nan	2.324065411503717371e-02	8.680118990757554887e-01	1.759732111091627971e+00
nan	1.161151364669333885e+00	1.347670537537226432e+00	5.092072104412690425e-01
nan	2.066780864827785225e-01	9.419115301363584214e-01	-6.094369111903519265e-02
nan	1.078997083432247983e+00	2.932995330045331972e+00	-9.934397403082567690e-02
nan	1.611655278630963473e-01	1.999137560149354842e+00	2.721079355065065819e-01
nan	-5.517279929263785299e-02	3.682490370435045346e-01	2.511478103880775414e-01
nan	1.724496224182552995e+00	5.511048130046828364e-01	-4.808198625070031484e-01
nan	4.253974611216198021e-01	4.809359895731919465e-01	-1.085541963061225745e+00
nan	1.483130251169616942e+00	2.321606371472210384e+00	-5.585118442387870807e-01
nan	1.738953998750898844e+00	2.569677822500108455e+00	8.066283366145803324e-01
nan	3.119300459185706753e+00	3.216237694335839503e+00	1.672729343842417560e+00
nan	2.014935234856000790e+00	2.930137262263143860e+00	5.679982514443644437e-01
nan	1.802182970785787930e+00	2.810811565334837780e+00	3.755947452326613423e-02
nan	-2.487461930410008737e-01	1.398584791367990299e+00	1.226810953448039587e+00
nan	-5.979505554161148595e-01	5.815777117075152658e-01	1.461468107061029142e+00
nan	-6.509210724593810227e-01	2.354039283899394541e-01	2.276129382442080296e+00
nan	-2.949862412915751353e-01	-2.911056854219859491e-01	1.292765091925830445e-01
nan	1.113517641044414752e+00	-6.937128444289551998e-01	-3.459695134156699492e-01
nan	3.272227583192645062e-01	-5.016663154952756276e-01	9.863839828291531830e-01
nan	-8.170310195393113428e-01	2.112689851154521681e-01	-5.354453076079552787e-01
nan	-1.490057055062663949e+00	-7.091424089029388922e-01	5.835342509061416383e-01
nan	-5.938550853611631597e-01	7.086969203736170897e-02	-1.956937671319769756e-01
nan	-2.580620657081963976e-01	2.023734787737985208e-03	-7.026092193709138067e-01
nan	4.539010624801592120e-01	-1.102219624926513486e+00	-1.786115955365233265e+00
nan	3.797702161725585723e-01	1.106108347993475904e+00	-3.321384697150073784e-01
nan	4.907632062867778311e-01	-7.589472048160721407e-01	4.003528001342981368e-01
nan	2.420280759026327555e-02	-2.038636658881695318e+00	-6.169786285835975326e-01
nan	1.363463113969511920e-01	-5.709907014304653750e-01	-1.159635045136581111e-01
nan	-5.540597968888549829e-01	-1.176135328916025902e-01	1.872938851679323558e-01
nan	-2.172345745817778173e+00	-3.055937952856866424e-01	1.731744524021264331e+00
nan	-1.143686941852376099e-01	1.160651173532382341e+00	-4.533343452072104429e-01
nan	3.768826490847168587e-01	-2.333018410865200232e-01	-1.582274790092634831e+00
nan	-2.613556738080702324e-02	5.251834499030755971e-02	-1.270182643579540027e+00
nan	6.700867497890333757e-02	-2.766437557298071948e+00	-2.003547553416888505e+00
nan	-2.333896680550775926e+00	-6.090399965639825552e-01	-3.704826651069552668e-01
nan	5.473809376659619641e-01	-2.094299112677306951e-01	-8.203974204053582353e-01
nan	4.102646529851808332e-02	-2.694284856805179706e-01	-1.925075325923350622e+00
nan	-6.013269121094299008e-01	7.435129081191229616e-01	-7.678586898972394881e-01
nan	-5.638004540882151083e-01	5.314483597440207430e-02	3.382045765971478657e-01
nan	1.887489146146814178e+00	1.475932542481169341e+00	7.571167467582581301e-01
nan	-2.108687427409339232e-01	6.076931265994147680e-01	-3.764504770200758355e-01
nan	2.950351305223297138e-01	1.974909576941912492e+00	-1.763869411719767966e+00
nan	-5.185217641673618427e-01	4.159557247448301132e-01	-1.829368674539358364e-01
nan	7.248504689648319621e-01	4.016111170057866109e-01	2.695599633601695744e-01
nan	1.399400909560820416e+00	5.821445477948072877e-01	-1.022629892861236955e+00
nan	1.171947942650880814e-01	1.179081869509950531e+00	5.696640742876607488e-02
nan	1.672850601004834292e+00	1.097142061425622206e-01	4.933881494807575430e-01
nan	4.606813022022342996e-01	-4.307252737515068208e-01	-4.205262608857224249e-01
nan	1.283785679929057844e-01	5.170332128044606845e-01	-5.006486759561508126e-01
nan	-1.049506680199940423e+00	2.443196079763704232e-01	-1.783518200138312748e+00
nan	-9.525079383661148036e-01	-8.176000762343015316e-01	9.089501112106698200e-01
nan	-2.241204462623142546e-01	6.704931564960598944e-01	1.769412437649303116e-01
nan	2.284374113200989820e-01	8.103807145544739132e-01	3.373151264350731093e-01
nan	4.374036614038974147e-01	1.731094301946158598e-01	1.187971375796664564e+00
nan	1.057544325111639427e+00	2.051317340601707395e-01	7.812950797830420235e-01
nan	6.545699661403301395e-01	-2.142580124793035168e+00	-2.418168748820190395e+00
nan	-8.997369198446105720e-01	-1.895120126344510769e+00	-1.407121253794576976e+00
nan	-5.465630103541307960e-01	-4.910941218267099173e-01	-1.679937596951477596e+00
nan	-1.962484803813338452e+00	-2.145317511952279377e-01	-1.776663896899383754e+00
nan	-1.142201736917588306e+00	-3.541342931050507903e-01	1.966203200050024025e-01
nan	-8.525075149651016870e-01	-1.374684942314906122e+00	-2.767078577677484219e-01
nan	-3.004812330495245654e+00	6.141415119757914765e-01	-7.404171672797380532e-01
nan	-2.014602064138721005e+00	-4.184498230479624659e-01	-6.934628314231433555e-01
nan	-1.060524458264046066e+00	1.091025302154549070e+00	-7.516401677045031482e-01
nan	-1.659890879146531883e+00	6.945988671375475931e-01	4.971986065703131175e-01
nan	1.007190733410193717e+00	1.283655385001929883e+00	-6.377505003282615270e-01
nan	6.742786234452690097e-01	1.488698630787804511e+00	4.439969201617907646e-01
nan	2.124626033787331281e-01	-7.649144046355084159e-01	1.623586235488651885e+00
nan	1.843886324925815723e+00	-6.737476967991136156e-01	-7.886410021364050893e-01
nan	-1.643417682823029358e+00	1.801403595854115913e+00	-1.286470867342409452e+00
nan	-7.853384083860528442e-01	-5.781680501285919593e-01	-2.167406552164111155e-02
nan	-6.785271781212750541e-01	-4.672867569240378716e-01	3.983520055986404795e-01
nan	-3.777949985071958894e-01	-7.532600070476416221e-01	-7.730309542230540121e-01
nan	2.994819532794708028e-01	1.645889663970766970e+00	1.250201119507978076e+00
nan	2.537892468485114517e-01	-1.844252211968346211e+00	1.685952745308286982e+00
nan	-1.465241477334951359e+00	-1.245269992798019754e+00	-7.785831555499432843e-01
nan	-1.007050385725622998e+00	-1.206869806309946780e+00	-1.062007930988861260e+00
nan	-1.742930246442468523e+00	1.472328565185611060e-01	-1.909139226467616801e+00
nan	-3.063825466938772557e+00	-1.060069968004903940e+00	-9.669508673009565847e-01
nan	-2.557786421353028139e+00	-5.481119842070659720e-01	-1.759286970181949350e+00
nan	-1.226631615881803361e+00	-5.310227769372950490e-01	7.919831320577072065e-01
nan	3.416957783640225399e-01	-6.528997659814992360e-01	-7.185930288886824280e-02
nan	-6.985970571471152857e-01	-5.469044143185362028e-01	-3.776656573747022017e-01
nan	1.389039411490174292e+00	-1.920057240847420077e-01	9.321733633081659143e-01
nan	6.614305823373320958e-01	5.904811342273141861e-02	1.437419919031799775e+00
nan	-6.968773216889921907e-01	5.006932463809845579e-01	-1.377869297406237314e-01
nan	6.640799100256103982e-01	-5.848210689820879660e-01	1.258069077505383548e+00
nan	2.571508358277302952e-01	6.880559903559251289e-01	7.592345848387174190e-01
nan	8.172472849808650741e-01	1.151782917008972396e+00	7.728777505636208467e-01
nan	5.607768232728358448e-01	7.068949374114227302e-01	1.114456997757921730e+00
nan	1.311907187339943714e+00	-3.246451644305275441e-01	1.695495314002955389e+00
nan	-9.931187583793921192e-01	1.088637313116448180e+00	-1.907966151281558886e+00
nan	-1.037102954577514557e+00	-7.563087194552041703e-01	3.828133368408487280e-02
nan	1.947153004086989103e+00	-1.314550161251913707e+00	1.004125828382657959e+00
nan	7.494753122362438624e-01	3.145261754710093616e-01	-3.831613752922496952e-01
nan	1.996414628221036436e+00	-2.360283842772586960e-02	-1.305361291454010697e+00
nan	-3.640109563137535753e-01	1.268651276546260975e+00	-1.717661734967298459e+00
nan	5.111436927949372100e-01	4.482591435566392057e-01	-2.965049198312345036e-01
nan	4.125165359604228699e-01	-6.361052494609958918e-01	2.696290646701339000e+00
nan	2.964525999259681743e-01	1.089118381122162749e+00	7.366798617261962612e-01
nan	7.137707340406194145e-01	-1.149011270881000080e+00	2.612072251970713466e-01
nan	4.182888658241968871e-01	-6.960605412498821476e-01	8.387815333199670764e-01
nan	9.224466502064918583e-01	1.981358710421011526e+00	-1.146573996456544453e+00
nan	8.970674967503206032e-01	2.103000204632408110e+00	2.496427607765542067e+00
nan	1.592501953298340656e+00	1.313347350032876282e+00	-3.987961468608669513e-02
nan	1.454310828400568356e+00	-5.680815331308219918e-02	-3.471503878018600830e-01
nan	-1.496097941603239168e+00	-8.643278172228301415e-01	-4.762730945627242640e-01
nan	2.438630273978855678e-01	-1.905931020665958542e-01	5.008320808670927438e-01
nan	-4.287687615406909902e-01	-1.173905957877311224e+00	1.717589690359732080e-01
nan	9.932469884054120346e-01	1.480901678573617319e+00	1.237024403787798099e-01
nan	2.817828611473849887e-01	8.918880383415712654e-01	1.303776699142652484e-01
nan	-3.130712477948732753e-01	-3.468396399117685824e-01	4.671630215595747870e-01
nan	-6.191209322828726824e-01	-1.266783197612583622e+00	5.041153525470616348e-01
nan	-7.156705399991376559e-01	4.830241991572672422e-01	-7.084361958269840276e-01
nan	-1.878906381480708765e+00	1.326643040332345702e+00	1.034250787133356858e-01
nan	-5.768534114481078667e-01	-3.615605189425885602e-01	9.367474932648061081e-01
nan	-8.298693860370126574e-01	-1.305292628500967611e+00	1.715276435843461122e+00
nan	-1.552764381465410848e+00	-6.405075980824455062e-01	6.510965742660050903e-01
nan	-1.230593198334290372e+00	-4.176790609198698379e-01	-4.505821353678011176e-01
nan	-1.197182874658655027e+00	-6.129208544945458081e-01	-3.013288155020026338e-01
nan	-8.085365052595036017e-01	3.284354650650456175e-02	1.277462662246072189e-01
nan	-4.941074684056474542e-01	-7.264014604237503114e-01	1.003476419665878527e+00
nan	-8.112833342475775922e-01	-1.595587050139434915e+00	-1.299864140197766860e+00
nan	-1.218458408779915514e-01	-1.029212976219550102e+00	-1.202420499322254255e-01
nan	-4.054311393431404564e-01	-1.487455138376315933e+00	-2.061202198147789488e+00
nan	-3.486446945599561698e-01	-1.640995403642864670e+00	-1.385434835231867279e+00
nan	-1.394184289705005408e+00	-1.050917863754783133e+00	-1.658127665532093342e+00
nan	-1.260726999923102110e+00	7.199302254521546818e-01	-4.148511077429926641e-01
nan	1.428948476211072682e-02	-8.334209889142448757e-01	-1.975543037443837413e+00
nan	-1.112784922800664100e+00	-6.522443899918632937e-01	8.568944176036412674e-01
nan	1.136370770545910069e+00	-1.129623731695405864e+00	4.540991000859406213e-01
nan	-1.274397223780550092e-01	1.669241956108291181e+00	1.764760673546429182e+00
nan	2.805514327564665455e-01	1.337476647935419427e-01	2.314717942152912045e+00
nan	-1.076266018049971018e+00	-4.606246773810540041e-01	1.075638384062078012e+00
nan	-9.504738179625324968e-01	-1.214591300517733785e+00	-2.878639631287773781e-01
nan	-1.268956263042477328e+00	-1.256581365328249822e-01	-7.563245333300461226e-01
nan	4.583152259725019606e-01	-1.987540145351825438e-01	1.469189211912544479e+00
nan	-5.473965467900910875e-01	1.199724153809015870e-01	2.054068639694770049e+00
nan	1.523531990634900968e-01	4.341902926784462213e-01	1.566175784979182417e+00
nan	9.498130752993245718e-01	4.600718712229878715e-02	5.824968119163081992e-01
nan	1.603864939728307237e-01	1.345261449854395330e+00	-2.790608084843414494e-01
nan	1.855449998013225965e+00	5.094274612197442487e-01	3.719760248626215460e-01
nan	2.227784300743231860e+00	1.443433618740776581e+00	-4.823821577757423373e-01
nan	-1.201947655643045287e+00	2.550035427134468513e+00	-1.817539962290112499e+00
nan	-2.821204037980373780e-01	-1.013425119859485246e+00	9.734796024559084771e-01
nan	4.578187505428308324e-01	-1.736215802501597016e+00	9.380663146920921458e-02
nan	-1.074414378265312386e+00	-6.072561199196863102e-01	-2.434743091199317866e-01
nan	4.857002050943015625e-01	2.577359213603733767e-01	-1.703340316987950853e+00
nan	6.235375804159455360e-01	-3.671360011611729535e-01	1.200411023499705854e+00
nan	-3.769158224442505367e-01	1.126144930642580810e+00	1.329823683623888808e+00
nan	-1.699537500805489820e+00	-9.311713592875014989e-01	1.388567502375639640e+00
nan	6.333264005402872154e-02	-1.669205400373847903e+00	-1.510201641117666638e-01
nan	-1.201206006866795573e+00	-1.904573607068291929e+00	-7.639289722357909262e-01
nan	-1.394013934668669297e+00	-2.405352418321395458e+00	9.127287944574165035e-01
nan	-1.212342469309413584e+00	-1.839751827441890253e+00	7.124309036937905848e-01
nan	2.211472356312200738e-01	-8.233425671930291179e-01	1.234458872720635814e+00
nan	-5.480204471175209591e-01	-2.076946432445111679e+00	1.760905587126677441e+00
nan	-3.309133502864020082e-01	-1.025543062664960425e+00	9.316602099728106268e-01
nan	-1.713524422846358086e-01	-1.239347686624646894e+00	3.058212824406436603e-01
nan	-6.319387191039675944e-01	-2.438484805196822425e+00	-3.371061452588878238e-01
nan	1.034166628496457907e-01	-1.900451211192072387e-01	-7.280199132872366974e-02
nan	6.182266087794384690e-01	6.303638836894172315e-02	1.167281949777086159e-01
nan	-4.406742853789054060e-01	-8.261871274268195453e-02	8.828269074358503499e-01
nan	2.892315857951159308e-01	1.696266696246895300e+00	-3.520795462605266213e-01
nan	-6.635595456802507730e-01	-5.492688656585370532e-01	1.318029671218137633e+00
nan	-9.648182390811941289e-01	-1.541986319614854217e+00	2.114888332190153264e+00
nan	6.337234505587118205e-01	-4.265948760461945044e-01	-3.655948405737735607e-01
nan	1.360149993130635115e+00	8.179555465296235450e-01	-2.226232582474046984e-01
nan	1.517937444035042382e-01	-1.459215395383258951e+00	-1.314492383926337382e+00
nan	-4.680244928244592373e-04	-3.240758895258176731e-01	-3.440369595486046927e-01
nan	1.381211858998359299e+00	-1.926453127455429737e-01	-1.639311787442661705e+00
nan	4.055956144855092926e-01	1.254921218575606900e+00	-1.570457758207268517e+00
nan	-1.284469047207668080e+00	3.384317201328277847e+00	-2.420317389509722417e-01
nan	1.009319707918754361e+00	-2.538951767054520303e-01	-1.032742761542746024e+00
nan	2.667838438286496583e+00	-7.312981268276050884e-01	8.125840605887246770e-01
nan	9.254653515167874378e-01	7.865213909390873503e-01	1.067250985906986527e+00
nan	3.116056529528185015e-01	2.922321477216264451e+00	-1.715155288397872679e-01
nan	-3.059562368034507429e-03	1.882602989751966938e+00	1.495355556089987825e+00
nan	2.473854942035029758e+00	8.726814773584812279e-01	-1.763933541896698376e-01
nan	6.111980309119330323e-01	8.945771906408068741e-01	6.937924963250680088e-01
nan	5.413220641040528136e-01	1.048182419067481996e+00	-5.872631092135961461e-01
nan	4.321908054687816358e-01	3.142754582588112022e+00	1.503740695373369851e+00
nan	9.129376041478241000e-01	8.952425097285670041e-01	2.073004697594462709e-01
nan	6.922292826493963158e-01	5.605070318720981604e-01	1.809497894542138496e+00
nan	2.221698737055758599e+00	1.255255362800896446e+00	7.043734753610562116e-01
nan	6.803817817762691789e-01	9.434038364505006324e-01	-6.421516238827235101e-01
nan	7.350443001147164424e-01	-3.059317400400657361e-02	-1.328836160195627780e-01
nan	-1.665746947949507117e-01	1.737960270914301386e+00	-1.949334326618904489e-01
nan	-2.489894576864486453e-01	1.054419507243998799e+00	-7.618586165688437939e-01
nan	-1.011328862297943942e+00	-8.918279146744592101e-01	5.478217428897302899e-01
nan	-8.131970893514897103e-01	-8.565601871557219082e-01	-1.112470899633992705e+00
nan	-1.002500182335780199e+00	1.439461876900224535e+00	-4.415447167735128686e-01
nan	4.864189113374924878e-01	1.958467888821559533e-01	-1.767513515959066028e+00
nan	-6.106395557328618828e-01	-6.597601203688470139e-01	-1.498182485731928137e+00
nan	-6.810819341556233475e-01	-3.320753792718715847e-01	-1.699046947206769520e+00
nan	-6.336795571713975672e-01	-1.041730351118827391e+00	-1.757664894481240303e+00
nan	-1.155802132239120761e+00	-1.364087719807723253e+00	4.018330641194657327e-01
nan	1.380250966103448995e-01	5.801954862806150137e-01	-1.081508016931341132e+00
nan	-9.508658384838232502e-02	1.038062546987311707e+00	7.787735165980782526e-01
nan	2.305241050230653066e+00	2.625647199874403093e+00	9.012982401612479322e-01
nan	8.773238149272553077e-01	1.907405010834334780e+00	5.531115057623611220e-01
nan	1.220041913201552752e-02	5.205290566653186790e-01	4.602400756672978543e-01
nan	-1.427924666207287530e+00	-1.900538344945672975e+00	1.710256206034144633e+00
nan	-8.661444661403289169e-02	-2.028204530602846667e+00	1.691074210285951729e+00
nan	-1.779832316672846360e-01	-5.157390762421025787e-01	5.600493888859829905e-01
nan	6.084709932519353215e-01	6.723147501078077237e-01	1.355093005283449781e+00
nan	3.404392310442610481e-01	1.558903957780304772e+00	1.497364619421587939e+00
nan	7.455139766812104440e-01	6.945348115342743212e-01	3.106859566205555367e-02
nan	-2.222639822931279152e+00	7.184743384465489546e-01	7.854392121432810514e-01
nan	6.155463257670551469e-03	-1.730152513420756932e+00	6.942828659839622718e-01
nan	-1.925739195327959230e+00	-3.112433727764517544e-01	-8.229031087320128890e-01
nan	7.233558016370100763e-02	3.595821609311082856e-01	9.659775597529247637e-01
nan	-4.360962707903866531e-01	6.640843513056861325e-02	3.275309070203299200e+00
nan	-1.432286620070629679e-01	-9.541573448620880304e-01	4.895938512071632553e-01
nan	1.715445397013940776e-01	-4.123381445331993911e-01	8.212001728846816118e-01
nan	1.307405258719413155e+00	3.842602567332418229e-01	-4.559242522513669571e-01
nan	1.369194445399129378e+00	5.118899547655297866e-02	2.661737484018806388e+00
nan	9.893743475455070158e-01	9.018140471708644412e-01	1.234712313204840983e+00
nan	-5.153143234850091625e-01	1.963066961066152416e+00	2.621719362576124368e+00
nan	2.115328425881937147e+00	-1.194663834423710935e-01	2.440889478053921646e+00
nan	1.074359345608459471e+00	1.204612312046213995e+00	3.515540060931848787e-01
nan	8.837562329253711990e-01	7.829614151463534233e-01	2.034911637784925453e+00
nan	1.334406585744319917e+00	4.193205752513101126e-01	1.257039863380454481e+00
nan	-3.685493025608022055e-02	1.375642571296837202e+00	-7.548325872535661674e-01
nan	5.412206247965685169e-01	9.084852304087719377e-01	6.576816972462575794e-01
nan	1.826747267478851189e+00	-5.573650026468071061e-01	-6.366313840547220826e-01
nan	2.892181102117827307e-01	7.970117058246343200e-01	-7.972478227921562244e-01
nan	-1.405571991780745211e-01	-1.986131521321123694e+00	-2.383361221142751951e+00
nan	-8.684272667586083738e-01	-9.762964345078277706e-01	-8.627229952179498174e-01
nan	-1.271516454159129061e+00	-1.096776728897040254e+00	-1.653387103967470129e+00
nan	-9.237608992189884072e-01	-1.912849343453455697e+00	-8.341437667405287026e-01
nan	-9.800586249617804224e-01	-2.901772346391606749e-01	1.089121157626933067e+00
nan	4.721228016273936734e-01	-9.323552412716116233e-01	1.145626345943475455e+00
nan	9.934801296537346671e-01	4.942404546409950306e-01	1.169138248235409572e+00
nan	2.015604819722338625e+00	-4.148169351348458544e-01	6.438454347681391576e-01
nan	5.325061769782772902e-01	-5.059263570421577150e-01	-8.691642208466945352e-01
nan	-1.147502565813888209e+00	-2.332371408900661525e+00	-7.886812357211274715e-01
nan	-1.688205263010666979e-01	-1.298861472528114458e+00	-1.846356627793293459e+00
nan	-1.823475453193865947e+00	-1.698928639960833653e+00	-3.933297487424182171e-01
nan	-1.379141382196582777e+00	-2.538796956466670141e-01	-1.514669172245520778e+00
nan	1.851144935957499404e+00	1.547479253259156362e-01	1.493517901426709482e+00
nan	9.293006989374439364e-01	-7.205725540185468070e-01	1.005046370060108663e-01
nan	1.632694365909468370e+00	-3.681067032757958102e-01	3.316301653087216916e-03
nan	2.868051467670301724e-01	-2.865909547499871035e+00	-4.493724381039602145e-01
nan	-3.873904754761980929e-02	-1.911908785851776926e+00	-7.137743871615087610e-01
nan	-1.901462942137593926e+00	5.475370553720230182e-01	1.019723655312802180e+00
nan	-7.680161134029195313e-01	-2.312280599702097206e+00	-1.139622671089122852e+00
nan	-2.436626410195724901e+00	-3.515607808466375550e-01	-2.429979126384698151e+00
nan	7.133038307784311804e-02	-1.887831656583618400e+00	-7.659659219777036343e-01
nan	-1.224345613936087096e+00	-6.027495130529514356e-01	-2.679121978589250830e+00
nan	-1.885568019278008434e+00	1.125289036330684667e+00	-3.053963837170653228e+00
nan	-2.518534166482358838e+00	7.138011782704634101e-01	-1.826631338111013747e+00
nan	-1.385972550852682783e+00	-9.781826691508810345e-01	5.437313586186272030e-01
nan	5.418628501413470522e-01	-1.790950321497526421e+00	-7.845506453877543196e-01
nan	-1.437779903632911749e+00	2.339261279365170698e-01	-7.657177920853985853e-01
nan	-7.125439412256850957e-01	-7.723163982000660344e-01	1.305897895501227923e+00
nan	-4.185727322851505172e-01	2.008760309406006694e+00	4.058472651613275195e-01
nan	1.568641367598749170e+00	1.466024439045060079e+00	-5.495586097184756991e-02
nan	2.225928617277439958e+00	7.880620671191477244e-01	-4.921231536973263987e-01
nan	9.199873448385844643e-01	2.007324391035462341e+00	1.906658561329229951e+00
nan	9.313921943480948373e-01	-2.682027104593247557e-01	2.113634479992588577e+00
nan	-3.475509431048924291e-01	1.166407958243597998e+00	-1.335420902502196583e+00
nan	1.294038189125521043e+00	8.948263527834017239e-01	2.595085008175543884e-01
nan	7.240311259635876517e-01	1.293718236838850011e+00	-3.922126727300248028e-01
nan	4.360337444764521009e-01	9.422576885527738089e-01	-7.578535236532590869e-01
nan	2.033200453004580410e+00	1.892086051748322895e+00	-5.135897378697887872e-01
nan	4.346842828178097973e-01	1.624195526158290548e+00	7.076087471327290324e-01
nan	3.472859314276560139e-01	9.016241209881972196e-01	-3.554829692647681894e-01
nan	2.752389106713179601e+00	1.237881499030633048e+00	1.261326507897519544e+00
nan	3.968170934417351248e+00	8.824225734846434799e-01	4.348397279931692783e-01
nan	1.835404358949244141e+00	1.166796615139111370e+00	4.050181854199952358e-01
nan	4.681047806363934916e-01	7.884544588930999520e-01	-1.108833036842581166e+00
nan	1.226919859736711027e+00	-1.626333617070943927e+00	-5.053715939021776737e-01
nan	-5.265769338766959629e-02	8.926922878369746295e-01	-2.924282083605758698e-01
nan	-9.639140540289005132e-01	-9.284576569245150957e-01	1.449464785857946136e+00
nan	-5.738278095771034981e-02	6.404900362070242714e-02	-1.351698888739571114e+00
nan	1.326226134501447662e+00	1.237440208440953482e+00	4.910979314822527808e-02
nan	-3.747152273184641835e-01	1.356315983415173232e+00	1.936555412814501276e-01
nan	2.592289070985171473e-01	1.013333062215135083e+00	1.334257605845918793e+00
nan	1.554409603611804691e+00	1.370476250081607006e+00	1.681253943150722074e+00
nan	3.650021684410686973e-02	1.678913667108883123e+00	3.163501462766464822e-01
nan	-4.586398357357832634e-01	8.495583403815669676e-01	-1.058388894311634409e+00
nan	-2.085683715643119052e-01	1.580759044329979268e+00	-3.473108350710654157e-01
nan	9.768957138231316728e-01	6.634610240575991025e-01	1.148283484650853836e+00
nan	1.757537265750075406e-01	-2.982575627861605017e-01	-1.000293001075006627e-01
nan	-1.819586774020904407e+00	3.548302882165425554e-01	-1.590014216092555888e+00
nan	-9.705120511680821460e-01	-1.526967851759426065e+00	-1.228749881908030472e+00
nan	-1.491607629631654275e+00	-2.277084099133057205e+00	-7.897309630901192534e-01
nan	-2.768853491441975123e+00	-1.050787001977384838e+00	6.084149244620685737e-01
nan	-1.321132467346010531e+00	9.665206888490263104e-02	-5.514058499873113472e-01
nan	-2.057968425807218615e+00	7.437699524411357510e-01	2.512572881412621362e-01
nan	-7.582451537982515255e-01	-9.892295543892689613e-01	1.294354333292962567e+00
nan	2.052429994513679523e-01	-8.823188102211209083e-01	7.559110342850150488e-01
nan	-1.052611814744902619e-01	-3.129634664081415996e-01	5.999775989482213356e-01
nan	9.522453983700005509e-01	5.676449161279755184e-01	1.103508404788289265e+00
nan	1.198861224677125747e-01	8.377862247214564739e-01	-1.217862327342362105e+00
nan	-1.364191461204949940e+00	9.429600531838425725e-01	-2.364882176840165384e-01
nan	4.461776154457988142e-01	-1.184187692819830051e+00	1.154082464810662761e-01
nan	2.432961019474640663e-01	-1.871161161824872909e+00	3.248878749257985143e-01
nan	3.482251774515126019e-01	-2.355176794096647264e+00	9.542042280206612936e-01
nan	5.764045948283286203e-01	-5.764514143895094200e-02	-1.899796506562114740e+00
nan	-4.802845564810936940e-01	-5.374227015140933261e-01	1.296128395701667824e+00
nan	-5.343247326010429621e-01	1.124533539389320103e+00	-5.834574082149121543e-02
nan	-7.338690825394952322e-01	7.843767051964474213e-01	7.163457434843725213e-01
nan	-5.600397915679450334e-01	-1.600879507776850730e+00	4.756990673953319093e-01
nan	-2.561256695294104602e-01	-1.165493987200368897e+00	-9.672347681506878736e-01
nan	-1.629836037408617377e-01	-5.859510997879104899e-01	9.109559651499887778e-02
nan	-5.284370592222158436e-01	-6.474410590813849398e-01	-1.424141079805947285e+00
nan	-3.585117240114831239e-01	-8.271332492676553017e-01	1.324178348454420284e+00
nan	-2.458496190653072233e+00	-1.765358213768026374e+00	1.790130168084112516e-01
nan	-2.174944493912902121e+00	-4.521242992144510753e-01	2.555728246031761519e-01
nan	-2.589486011656211062e+00	5.384746231700168195e-01	-2.035750583229702648e-01
nan	1.537324323253455027e-01	5.128715699391517280e-01	-1.135076170241618554e+00
nan	2.032014994593482005e+00	-1.361240138411009548e+00	1.628406909953281412e+00
nan	-5.579028373458246870e-01	-2.461562802128449412e-01	1.553366342577423564e+00
nan	-5.012468814047169041e-02	6.699926856066706904e-01	3.275912294567346339e-01
nan	1.564535644760645106e+00	-2.771259581435162045e-01	4.029565230808754839e-01
nan	-8.881137936546295020e-01	-1.169457460742262089e+00	7.565051223983680906e-01
nan	-1.006211996400062647e-01	-1.180913656205620388e+00	-4.649346266934052674e-02
nan	1.441390630765415071e-01	-2.770733845179575994e-01	4.330422689167065520e-01
nan	9.122932180481524433e-02	1.431178479969104078e-01	7.164145388715297269e-01
nan	-3.832450186111339696e-01	2.268794096817384087e+00	1.456720468890475351e+00
nan	2.100549331783030382e+00	1.072995780294331514e+00	2.255071778465710608e+00
nan	2.774190158627053648e+00	1.103472270890422990e+00	1.837879191127106182e+00
nan	1.099512198408675090e+00	3.234396799739051032e-01	2.892101196983987155e+00
nan	1.170603337014479051e+00	-5.697271520040116943e-01	5.248828216860204066e-01
nan	7.388328794977665481e-01	-6.161263176151277055e-01	-2.562799151442421985e-01
nan	5.013894461408837655e-01	-6.454197819094257271e-01	-1.118904489526927115e+00
nan	-1.080071588996333265e+00	-5.989027727125058043e-01	-1.729698380839330474e+00
nan	2.799400292148213065e-01	5.758770762263154541e-02	1.367098208519391678e-01
nan	1.337287616046640482e+00	8.859805275419448956e-01	1.660295028168428999e+00
nan	1.177946228810748952e+00	9.498218629396254498e-01	9.284883149987241957e-01
nan	2.250400838836816853e+00	1.720580658583895861e+00	-2.329098826918507559e-01
nan	1.723253184928590587e+00	1.597964002699936881e+00	7.835413737056424743e-01
nan	1.416383451419901851e+00	1.229812702166470650e+00	1.248281854598580320e+00
nan	2.164247109967476490e+00	1.985388596206024925e+00	1.166494296778362916e+00
nan	1.585319952032305801e+00	2.270679940473383063e+00	7.728401472509882630e-01
nan	1.037521647926928026e+00	1.345478034494997699e+00	5.888887882837476884e-01
nan	-2.076318797315495068e-01	2.280434328563480051e+00	2.249139599410813872e+00
nan	2.797460398003379645e+00	-7.450234373395665521e-01	8.800512055359892560e-01
nan	2.139104858175557844e-01	-4.793767195147683458e-01	-2.666659392492511937e-01
nan	-2.253581538390116101e+00	8.912411514021431058e-01	2.136053291888463157e+00
nan	-1.266701091322139261e+00	6.945121285419194601e-01	1.118749851292888398e-01
nan	-1.300242525079404521e+00	-1.317724559550486063e+00	6.803333491041264613e-01
nan	-3.177755763819245516e+00	-2.060742365184305758e+00	-1.135754931790171840e+00
nan	-1.405241542896637608e+00	-2.225154895890008255e+00	-3.562503663961660294e-01
nan	-2.643543325010188294e+00	-1.499707447515289616e+00	-1.214537811083942209e+00
nan	-1.105852230681114268e+00	-2.328873609485152762e+00	-1.977198694117348055e-01
nan	-1.672178553188052863e+00	-2.850163285158896498e-01	-1.658620932021190875e+00
nan	-1.465204999625306037e+00	1.301455531957366851e+00	-1.321043040670084046e-01
nan	1.747420958145925907e+00	-9.816063030814006218e-01	-4.554533538015999028e-01
nan	-6.959043112297244038e-01	-7.011809926626939582e-01	1.151984082094249962e+00
nan	-1.219727899550701933e+00	-2.569463120377992182e-01	-6.670464111278953112e-01
nan	-2.458685041420773043e+00	-7.347826708172170429e-01	3.799360635206096015e-01
nan	-1.059665817470477611e+00	-2.254340527934366456e-01	-1.300093924861569716e+00
nan	7.528369296169030722e-01	-1.618211249740133528e-01	-1.072846325352770247e+00
nan	1.162354666670012859e+00	4.672483389234907136e-01	-1.474954091481518459e-01
nan	-2.048962436774937057e-01	1.365982877962926612e+00	-1.153333301178840253e+00
nan	9.550049592999143577e-01	5.674267601527658300e-01	9.368441113886598615e-01
nan	-8.885110501287873941e-01	-7.711859848241418014e-01	3.917939065970949541e-01
nan	-7.762766803541831795e-01	-2.113560456159037648e-01	-2.510226240788094310e-01
nan	-1.417069325214459941e+00	1.058320156691803238e-01	-2.033956297452713113e-01
nan	-1.338817702556923006e+00	-1.978836316342834634e+00	1.480576577581916409e+00
nan	-1.728742180397543127e+00	-1.050379959332383262e+00	-4.736188541336731062e-01
nan	8.816913062031839221e-01	4.665158440103279736e-01	1.296883261068885740e-01
nan	8.463607042862011376e-01	5.818373156166297688e-01	-1.673599998636529362e-01
nan	-1.280022734057803535e-01	6.788585226263836869e-01	1.375331444657207580e+00
nan	8.661533026014067715e-01	1.126523152142239192e+00	5.725338265326721521e-01
nan	-4.701664155894669239e-02	-6.302636764604664377e-01	7.513429787823810990e-02
nan	4.786521109915946592e-01	-1.541928296579146318e+00	6.079768300081792587e-01
nan	8.635174478457917635e-01	-1.476760001087854768e+00	-5.295876161448751507e-01
nan	1.271602715514660087e+00	-2.771269132933312784e-01	-6.358992225276884902e-01
nan	7.537459167845292907e-01	8.571763476660980707e-01	9.024373885187219058e-01
nan	3.419175276672176134e-01	3.233528600387521879e-01	6.425211790508992271e-01
nan	-9.768517703967877219e-02	-1.111107204480670463e+00	-9.466788017898706276e-01
nan	-1.922214887116001858e+00	-2.173264173586509695e+00	-1.287946591409146802e+00
nan	-6.304496048041924317e-01	-1.632108854065076997e+00	-1.446291606834850363e+00
nan	3.956542354555232510e-01	7.943580431840532308e-01	3.910921170066031793e-01
nan	2.463859547159023222e+00	-4.860320633339153540e-01	8.059637937495569560e-01
nan	8.381669126539377235e-01	-3.896761477829580045e-04	-6.203873949232869833e-01
nan	-2.033195174583541653e-01	8.734093096950775736e-01	5.848952104218965165e-01
nan	1.557993700973808071e+00	9.882463937014472899e-01	3.011205000161166767e-01
nan	-1.079858934210771393e+00	-4.799709587573133263e-01	1.209890583859477342e+00
nan	-8.743556530976462904e-01	-8.479158351605897703e-03	-7.965817925718740589e-02
nan	3.837359495074094129e-02	6.515022471246962876e-01	4.208271216978313745e-01
nan	-2.358096965505057430e+00	7.637368822710784988e-01	5.705258788269891301e-01
nan	1.430082573756601416e-01	-9.548580558000208107e-01	3.766007149912500851e-01
nan	-2.066191261500231136e+00	9.336889062825264318e-01	1.470973768381278746e-01
nan	-7.136575872463297721e-01	4.392241430856734796e-01	1.064048228659101758e+00
nan	-1.208462560164480948e+00	3.186828044084683564e-01	-1.087722409184013195e+00
nan	5.218832431072936151e-01	1.932019633096557776e-01	-2.308868154297729625e+00
nan	3.121658280101596850e-02	6.357264708054193303e-01	2.827664191975984842e-01
nan	-5.078584466912248185e-01	1.327370884515733929e+00	-1.253241254741977340e+00
nan	-8.716630459234016026e-01	5.792951274889964752e-01	-1.263660504591030742e+00
nan	-6.131278213743813765e-01	-1.762039989831650777e+00	-5.370020485521332931e-01
nan	-1.626232980045376308e+00	-5.915095567076804617e-01	-1.830715053896166733e+00
nan	-1.030080010072129459e+00	-8.743027076963884037e-01	-2.198629963037060930e-01
nan	-5.030510762675873826e-01	-9.727588145398047281e-02	4.499976810665780036e-01
nan	2.107091760879264974e+00	-2.139192014475108650e-01	1.105723654250523991e+00
nan	1.200534249836586076e+00	9.571005013026528951e-02	1.187434426272884203e-01
nan	-2.778085574739597163e-02	7.413108314608218841e-01	4.708648464844953363e-01
nan	1.925231407703318354e-01	2.047000827052062322e-01	1.872588872613202504e+00
nan	-5.546179651239098174e-01	-4.318214968195457359e-01	9.735734917347533823e-01
nan	1.981786186112266257e-01	-1.910511814953241849e-01	1.042344150476628872e+00
nan	-3.957499250983566030e-01	1.578010595748776390e-01	-8.373921575835054920e-01
nan	-5.321984942140282060e-01	6.307974821553713474e-01	-6.371746355417514662e-01
nan	1.274705772868372611e+00	1.411460320293942861e+00	2.613377616133993331e-01
nan	1.458962689013925118e+00	4.375933663285420105e-01	1.616567768836512098e+00
nan	8.913050208708859223e-01	1.229316405784925958e+00	1.227054074167334141e-01
nan	1.170185675193277763e+00	-1.342395202664063536e+00	1.616016814359630516e+00
nan	8.272292233518059312e-01	1.021087116747564361e+00	-1.365025489881407594e+00
nan	2.453423498604400343e+00	2.740409139744071076e+00	-9.261294822375305547e-01
nan	2.344088892370038479e+00	1.746329641303898450e+00	2.302693096003866735e+00
nan	1.671819619340418894e+00	2.018538330207616305e+00	2.476831573517744856e-01
nan	8.854227369909836165e-01	8.683834460531385524e-01	7.155358782538843165e-01
nan	8.504297696566208709e-01	-9.755110368445973901e-01	3.825351761973333486e-02
nan	2.837023326288099501e-01	-7.487122195114973011e-02	1.222245793893609322e+00
nan	1.390866076422243358e+00	1.127257786449337440e-01	9.028876530669103229e-01
nan	1.850855511552680799e+00	-4.230416277689008631e-02	-2.720429740130627660e-01
nan	3.638494099587061825e-01	3.864460781277445633e-02	-1.561266798017804935e-01
nan	-6.711461254568963364e-01	3.718057424476806649e-01	4.655771387292186869e-01
nan	-1.076239240573762412e+00	-2.924197709022370306e-01	-1.375140902263388920e+00
nan	-1.013047170582605627e+00	7.015514449882023218e-01	2.345502354793518318e-01
nan	-7.009779421664062982e-01	-4.524743070962164992e-01	4.856082158152882911e-01
nan	3.648628444021606576e-01	5.345450713623715044e-01	-1.880654128385819135e+00
nan	1.639573152696853775e-01	9.993816640804040752e-01	1.387955565919991141e+00
nan	-5.056535642602963954e-01	-3.410689365289043540e-02	-9.920738449315494867e-01
nan	-7.469941041598093801e-01	-1.014193088125896924e+00	6.362792742200964469e-01
nan	3.100283584748016463e-01	-6.260126515274594405e-01	1.521930318677212068e-01
nan	2.620025932791850143e-01	-6.135097858026834494e-01	2.028129965109948529e-01
nan	-6.678524416272123565e-01	-9.800842068408274210e-01	-4.938628854568084814e-02
nan	-6.247844884356660300e-01	-2.187651259073881693e+00	-1.986559534939374982e-02
nan	-3.451672369620065739e-01	-2.355008298130174094e+00	-1.674085033344702156e+00
nan	-1.274812030934166174e+00	-3.143377377802398343e+00	-3.460230035996922027e+00
nan	-1.443328361130658877e+00	-2.737189909933985810e+00	-2.202343446881610767e+00
nan	-3.725823114933220825e+00	-4.094900193520319975e-01	-2.463060532873213582e+00
nan	-6.324148092323531589e-01	-1.226490586250986281e+00	-1.504503898462602463e+00
nan	-5.825941285837108463e-01	-9.605822174491609466e-01	-2.408734435598886670e+00
nan	-2.432714213535208891e+00	-5.600479467521134458e-01	-1.511221649092147956e+00
nan	-3.457004715431253317e-01	-4.594329896371580624e-01	7.496131099868934555e-01
nan	-1.051249202961263896e+00	8.247078514051245368e-02	1.018146277990426452e+00
nan	-1.297159184194971671e+00	-1.521572590925492907e+00	2.714953792103997343e-01
nan	-2.489356795443189885e+00	-8.864934186161785856e-01	-1.040818241845475445e+00
nan	-2.053204690348825245e+00	-1.271015548592661082e+00	-2.487752194914902404e+00
nan	-1.315694617423678547e+00	-1.994864450920779131e+00	-9.475214056594599699e-01
nan	-1.574615368668591753e+00	-1.869674950404780045e+00	-8.401995500429307873e-01
nan	-7.479523755723005429e-02	4.376676453455752291e-01	8.857131248185619032e-01
nan	1.145631777883461933e+00	-1.250049007266426315e+00	4.855604436031973337e-01
nan	-7.486877756136715023e-01	2.845346524413080447e-01	-1.121560550838467618e+00
nan	-1.828716015893376845e+00	9.880155513198934925e-01	8.863568036521474180e-02
nan	-1.731974032218121240e-01	-1.515401441414202965e+00	7.141180667591924269e-01
nan	-1.715074064832709189e+00	-8.450346501144880840e-01	-2.177367285495511173e-01
nan	-4.099987185600674766e-01	3.129692359329814266e-01	-4.120578650508534557e-01
nan	-9.719967521686296852e-01	-5.458812546033868784e-01	8.942110921004535751e-01
nan	6.746437379681424762e-01	5.099223257912604002e-01	2.415083509726551059e-03
nan	2.653149380443268424e+00	4.267325427998557852e-01	1.530225806150378398e+00
nan	1.644230462213183142e+00	9.849168736054902951e-02	4.809866358131318353e-01
nan	-2.402525961048092018e-01	4.341520673295098942e-01	3.930667002182477443e-01
nan	-9.013331956733094952e-01	7.703218477630072725e-01	3.266269467058182663e-01
nan	2.471249661196673886e-01	-2.294256021526442924e-01	4.836348104772979495e-01
nan	1.363925084345779970e+00	7.118734002752336032e-01	-1.544449028283294556e-01
nan	5.092641653163217930e-01	1.478996100412729220e+00	-9.209111967548236355e-02
nan	2.499652300508581781e+00	4.081421755654395245e-01	1.008979275813253640e+00
nan	1.858207013961903131e+00	1.382216478763552914e+00	-1.457038398355305020e+00
nan	1.478059888945080225e+00	8.791072239716455350e-01	-6.461908148205441904e-01
nan	3.177626357585701111e-01	-4.643919262193600961e-01	2.642258642123769818e-01
nan	-1.697433071558480444e+00	-4.025844560388097126e-01	9.735529075799734811e-01
nan	-3.981193253718263159e-01	-1.830825527310867340e+00	2.034475096904798441e+00
nan	-4.628974581266296906e-01	-4.678023643638744011e-01	3.812781901610982627e-01
nan	2.400400807277498494e-01	4.765101513301253644e-01	1.751449445152111206e+00
nan	1.831686473418159267e+00	7.786325274699945620e-01	1.140692451800322527e+00
nan	1.676945542876316253e+00	4.359035536183953341e-01	3.151139036439465912e-01
nan	1.530090182767356088e+00	8.244037148615713795e-01	-1.260773269349501735e+00
nan	-2.490072283039554413e-01	1.194039909465988147e-01	-3.651892264231865193e-01
nan	2.244658844964859401e-01	-1.217760715135086436e+00	-2.180587764767933090e-01
nan	-8.437712017087589667e-02	1.132563664962914052e+00	-1.399130646087893615e+00
nan	8.628763194798749758e-01	8.529360794944478297e-01	1.014593511821422656e+00
nan	1.236857937927464901e+00	-2.891560498757832498e-01	2.326903966590438078e+00
nan	1.257342713869596951e+00	-4.810063406017555665e-01	4.466837994001908174e-01
nan	1.268479590228660303e+00	-3.830925257316692978e-01	-1.189792347577527831e+00
nan	1.678513086442127378e+00	2.260654294900799943e+00	-3.236429161440218527e-01
nan	9.151251190221676435e-01	6.167741503837380623e-01	1.000261100267217707e+00
nan	-1.229604413780432948e-01	-1.115312426532973245e+00	6.245065032842073149e-01
nan	5.078705495464828079e-01	-6.437984424647813508e-01	1.412374411047705003e+00
nan	-9.811652995460168336e-01	1.812680302292840051e-01	4.292586588844650164e-01
nan	-9.327458403572490564e-01	-2.887268281163916095e-01	1.837633092226146569e+00
nan	1.189586500873413666e+00	-7.063357404279856366e-01	8.040023510963956177e-01
nan	3.612752820080195049e-01	5.590270502508921657e-01	-7.489343456424930601e-01
nan	4.332643800645024079e-01	1.937556586064342889e-01	-6.841125367367375532e-01
nan	-4.702803332494132071e-01	-9.325761817203323534e-02	1.647285589465062872e+00
nan	-7.349755853326916943e-02	2.584585599328468319e-01	2.520590917407612430e+00
nan	2.347207453210798267e+00	-2.161158460925569624e+00	3.282561739830868186e-01
nan	2.828506549156325489e-01	-8.303202575769877969e-01	-1.032331130800808183e-01
nan	-2.330406208829950143e-01	8.142863030629332588e-03	5.776924628140462925e-01
nan	5.453163930589924879e-01	3.238520652362535945e-01	-3.243065753043511967e-01
nan	2.108686284857790749e+00	-4.742687144886714723e-01	-4.206455209045845134e-01
nan	-1.909953021607661006e-01	1.744825908151772520e+00	-2.351510559259568645e-01
nan	5.501661749655180067e-01	1.004638627078106694e+00	-5.243719889905016363e-01
nan	-8.678217056533049645e-02	-1.079247593457967280e+00	1.086481139542648133e+00
nan	-1.428071344696741019e+00	-5.613854980063670563e-01	7.680172091498742581e-01
nan	-2.930670887421832349e-01	-9.992987998083913137e-02	4.747266024070458390e-01
nan	1.826003500384010714e+00	-1.161496351028560525e+00	-8.127845734776799613e-01
nan	7.515582647290823815e-01	-2.501351652566666250e-02	-1.371646329896291983e+00
nan	9.686552032350937980e-01	4.200458675981538770e-02	1.016005308111028738e+00
nan	7.139796245067877578e-01	1.000962888887768631e+00	-1.601687850721849271e+00
nan	3.300821678196433906e-01	1.437598193768669930e+00	2.626793595366797018e-01
nan	2.016999560568781824e+00	7.989362536001720638e-02	2.797485142336686437e-01
nan	3.489032813476549588e+00	2.412526406121332290e+00	5.735050152111874633e-01
nan	1.122643383625103963e+00	2.153344892532149224e+00	3.291669377036036126e-01
nan	1.171559353089834499e+00	2.125822122197956965e+00	8.209288568287275156e-01
nan	8.406780426055151523e-01	1.689148683032426712e+00	-6.143250297709603736e-01
nan	-9.533761132595459653e-01	1.233409237943745573e-01	-7.000904020725913224e-01
nan	-1.580396903921204910e+00	-9.851252507045668017e-01	2.401968924734657063e-02
nan	-7.175154689365418337e-01	-2.178950534764779512e+00	4.471907306553918326e-01
nan	-1.152387715143796676e-01	-2.196814994536114840e-01	-5.454988044656956525e-01
nan	2.373923677067716342e-01	-1.818519111403970601e-01	1.356742699332142976e+00
nan	-6.779932613766637139e-02	1.334308513441194055e+00	-1.500598304501717939e-01
nan	1.197282976778056396e+00	-9.120601643856565133e-01	-5.116385613836444968e-01
nan	-4.630848042196014647e-02	8.065482539656647631e-01	-1.119583361328433391e+00
nan	2.365189183222169422e-01	1.919448049899505626e-01	-1.000383813176543235e+00
nan	9.651717040773879486e-01	-4.813879699494544306e-01	3.175668841013444821e-01
nan	8.267219462629591398e-01	3.045277924293032790e-01	-4.667356731540202031e-01
nan	1.086994908791871106e+00	1.872154169721071737e+00	-1.589183803675660922e+00
nan	-8.724480535961615102e-01	-1.565745867945725900e-01	1.495200298256423643e+00
nan	4.156097540429003478e-01	1.654858578418820225e-01	-2.743448187300498442e-01
nan	-1.303533704827516126e-01	7.046003240018697822e-01	2.814746500885648151e-01
nan	2.317280071533148189e-02	1.051270407295890053e+00	1.428759019001491826e+00
nan	6.134142559982289633e-01	6.970585836457648954e-02	2.040248395032565609e-01
nan	7.459470393826810319e-01	7.479854607439503922e-02	5.022628412292122757e-01
nan	1.606258346264418879e+00	7.288060443746923189e-01	3.494325279289962061e-01
nan	-4.174134781019214202e-01	-1.008974768451492920e+00	9.245898334664179319e-02
nan	2.283936458212925680e-01	-3.172842184313289682e+00	-1.161875171310166710e+00
nan	-2.772464806319099750e+00	-2.036582835902114752e+00	-2.647653396565529338e+00
nan	-1.974976789892153306e+00	3.298806390502491137e-01	2.596847535110320404e-01
nan	-1.375025576768398095e+00	-1.637544656245664365e+00	3.204660994692568043e-01
nan	-2.041777858335547258e+00	-2.675303315955769978e+00	2.772499401493779825e-01
nan	-1.583999696934191403e+00	-2.235860696912129519e+00	-2.081740662263112718e+00
nan	-1.516321154472199950e-03	-1.109997860617415899e+00	-8.597582817626311380e-01
nan	-2.013652232952258370e+00	-5.868966799744508300e-01	-3.989464677342455246e-01
nan	-1.742866281377421167e+00	-3.041970411167942423e-01	-9.081578912288609806e-02
nan	-1.668837006513402610e+00	-3.274333129440083479e-01	-1.871816917891201637e+00
nan	-5.058938372441597053e-01	-9.817188904356835000e-01	-1.404979578078591640e+00
nan	-1.499423217594656466e-01	1.780675659467618521e+00	-1.130530438470584098e+00
nan	-2.371304542335437304e+00	-5.693776399602212823e-01	-7.633795098528826095e-01
nan	-5.962714371686811399e-01	-2.334737789208078951e+00	-2.536122859494818194e-01
nan	-2.485319485824019736e+00	-2.029857027090988364e+00	-1.787463810841244616e+00
nan	-9.349677452119860011e-01	-2.977561735000494814e+00	-5.217993388056371140e-01
nan	-7.058365948263456424e-02	-6.061101215563264866e-01	5.060224152113450558e-01
nan	5.222237586566227940e-02	-2.415344992723461592e-02	-9.788587425546259047e-01
nan	3.901230794717163719e-01	1.596364138559630996e+00	-1.702918782880765258e+00
nan	-2.686582909664189112e-01	1.478864852568079646e+00	7.584678063190485320e-01
nan	-3.126828497858795686e-01	5.705366220177586767e-01	1.787224660386675712e+00
nan	-8.934650320198563866e-01	-1.037587849223240877e+00	1.137386152206126599e+00
nan	-1.262050028239509958e+00	4.174453200159576882e-01	3.238842258429460719e-01
nan	-1.572597362954489375e+00	-4.431558109079446472e-01	-1.567385852020286297e-01
nan	-1.021006330339705448e+00	-1.724091048796908332e+00	-1.266191182474180055e+00
nan	-1.605038421957021733e+00	-8.547795788615055734e-01	-2.038532399242807269e+00
nan	-2.644248690240982302e-01	-4.822673621051142834e-01	-9.315277871142451094e-01
nan	-1.753770012275224444e+00	-1.302899065218664498e+00	7.614743635186750348e-01
nan	1.017767536909232273e+00	-1.619396669346351292e+00	8.931751323571371914e-01
nan	7.239518355851655151e-01	1.018037093456704678e+00	3.806133264249849102e-01
nan	8.813435113843290925e-01	1.028725083805293927e+00	-3.440173268805790108e-01
nan	-5.941117438218872504e-01	1.016513945008717279e+00	2.146602421052822063e+00
nan	2.041646260412615987e+00	1.220905645879375667e+00	9.470401877221062970e-01
nan	2.024488711297569576e-01	7.194081650719128529e-01	2.332048160655281199e-01
nan	-1.371090006317433607e-01	6.761434570807020594e-02	-3.460044660781474435e-01
nan	-7.354716852470385424e-01	6.283523777842642266e-01	-5.130988767079264212e-01
nan	-9.080270327759093485e-01	2.230626691929906258e+00	-2.298684793841577201e-01
nan	1.870038245428331969e+00	-7.915483389426566374e-01	-6.711860996009251235e-01
nan	-4.811844339448376195e-02	1.675176890763186321e+00	-1.227581059955288767e+00
nan	3.656311983210310812e-01	2.173342042562746435e-01	1.060125833928675876e+00
nan	3.037264540769735177e-02	3.801012299353279111e-01	-1.955072614547174181e+00
nan	-1.793032112494519215e-02	4.134872981652147339e-01	7.230801128614844364e-01
nan	-7.768157400397256440e-01	-5.004701089564669303e-01	-1.172079253542383181e+00
nan	3.370779841330951987e-01	6.468161135194152589e-01	-1.010087427674986049e-01
nan	1.387464329108897720e+00	-3.501602565513467491e-01	-8.515869958552034769e-01
nan	-1.448663882562991390e+00	8.604481342286469658e-01	-1.066106771300986189e+00
nan	-9.676666638401529852e-01	-9.243021764273189333e-01	-7.280912318116670168e-01
nan	-4.734306366380087172e-01	-5.123558437386825926e-01	3.578323369474532556e-01
nan	-1.450501373279563300e+00	-6.941269613992602228e-01	1.354154423328519430e+00
nan	1.492219602297646663e-01	-2.464943297690667112e-01	1.680490424602291422e-01
nan	4.705117960249429604e-02	-2.242996366991274748e-01	-9.149568194149704237e-01
nan	-1.170106416806895755e+00	1.690194604930530753e+00	-1.537325265839945887e+00
nan	1.067196919739897831e-01	4.446834433194523650e-01	-4.587355771309212793e-01
nan	-1.027271995878176414e+00	2.044348275827997607e+00	-5.919247797409643574e-01
nan	3.396916790107542550e-01	3.456740282251182239e-01	-4.595943429561962779e-01
nan	-8.039035555529427945e-02	-7.115719941243292546e-01	1.044671053392602023e+00
nan	1.707008681714826226e+00	-5.280756293305004512e-01	1.131860371560619916e+00
nan	8.397637340757502233e-01	1.793371792044510027e+00	1.389433744634546442e-01
nan	7.406660923805404861e-01	1.277927843894796300e+00	1.801395895846283013e+00
nan	2.705387166229034079e+00	1.498504802807678837e+00	1.226194324392280155e-01
nan	2.127607474028576640e+00	2.990830244529926851e+00	3.095955612207190177e-01
nan	2.058548374137738168e+00	2.337078542296946893e+00	1.464507062677696370e+00
nan	3.116085044898841527e+00	7.013813282968787144e-01	2.298024368374143922e+00
nan	2.144596124185545793e+00	3.031058563799815531e+00	2.005254427861649091e+00
nan	1.809168966256603506e+00	1.950577026190400520e+00	2.074580917419456050e+00
nan	8.511120663167526246e-02	2.525914542716139799e+00	7.676107973782484439e-01
nan	8.055557073914010324e-01	7.712889401205419437e-01	1.988059197567531466e+00
nan	2.321327287233961867e-01	3.942836044089584879e-01	1.116896339062649401e+00
nan	1.769148751364956862e+00	-1.841512996222701481e+00	1.466650377895605706e+00
nan	7.832483052049452610e-01	1.337243966448632859e+00	1.242095021141592426e+00
nan	1.131932860736434510e+00	1.576270919121550484e+00	3.757833606844954710e-01
nan	1.555612881871183628e+00	4.822761627415849683e-01	7.842228570270775023e-01
nan	8.867347542417701733e-01	-5.529034933768939286e-02	3.228027523655668807e-01
nan	-5.703333050811505434e-01	5.291444462748993161e-01	-1.663555039093965071e+00
nan	-1.045109507103147539e+00	-1.179561883799165323e-01	-7.097287774301688223e-01
nan	1.298570667291748304e+00	-6.062214481663852350e-01	-1.770951131408694756e+00
nan	3.229314972260949546e+00	8.650192503757041518e-01	-1.384107645807378439e+00
nan	1.889234484294207927e+00	-4.332442805753882187e-01	-2.029877131156639647e-01
nan	1.843611956904818994e-01	6.417358972835688347e-01	-1.023906808033345633e-01
nan	1.133874874324983795e+00	-1.006492673113636105e+00	-1.653068244702412315e+00
nan	-9.184807766109268634e-01	-5.547989107940359821e-02	-1.812269635796056599e-01
nan	7.810547774033622659e-01	-1.697058464331661298e+00	5.828277371831348530e-01
nan	-1.395555390323005296e-01	-5.504517573402133435e-01	-1.065504253551238900e+00
nan	-9.838239278619524963e-01	8.257994896894360615e-01	-1.916446068042227502e+00
nan	2.902089693806263471e-01	-8.496636321209365406e-01	6.753395430644100195e-01
nan	1.985629998887970427e+00	-1.798041864549619451e+00	-6.548841377094091198e-01
nan	-5.008701016621448510e-01	6.678021885088980536e-02	6.038355453585800836e-01
nan	-1.018506520780481373e-01	-2.088783214878994432e+00	5.300163459483274719e-01
nan	1.326927900026259044e-02	-1.578219339830890355e+00	-6.183039732488009310e-01
nan	-1.665882744507276580e+00	-2.041972120315071137e+00	-9.465841167703166192e-01
nan	-1.246527568320937363e+00	-2.318738955476128183e+00	-3.123477052764842554e-01
nan	-7.929722645786445590e-01	-7.837750472664788415e-01	-1.853608129137670701e+00
nan	-1.748127492891488943e+00	-2.059935072348806351e-04	-1.289135430241936664e+00
nan	9.275196677075078222e-01	-4.302094740093012071e-01	-1.255350624424383721e+00
nan	-1.039248741460686576e+00	1.411278884096003883e-01	-2.294655008477244795e+00
nan	-6.650667639810761145e-01	-1.804851114417013180e-01	-3.658668815659547602e-01
nan	-1.356365337340519339e+00	1.121866048541486638e+00	-4.382218340534387857e-01
nan	-1.479577191271965964e+00	-5.859476558419512982e-01	1.019232907767182006e+00
nan	-1.972501732966140953e+00	-6.806406611376881743e-01	1.546388226654754894e-01
nan	-3.265374184713065731e+00	-4.758866355708533669e-01	8.874542635645308319e-01
nan	6.180271547820126443e-02	-1.744910790975792381e+00	-1.143194855514124697e-01
nan	-6.974944139115230035e-01	-5.462912699160432650e-01	-4.135358081545741360e-01
nan	-8.638741748854168456e-01	7.341289159994001112e-01	1.720835873576152530e-01
nan	5.570517734310571623e-01	8.426007166716924235e-02	-4.421277905473786074e-02
nan	9.605221805861714479e-01	1.821274360884086174e-01	7.769371880439757128e-01
nan	5.655172145179467869e-01	3.945208095225243849e-01	1.003452945055800960e+00
nan	5.811833208558088160e-01	-9.563894149720135740e-01	5.002439185360657570e-01
nan	4.499878836375543201e-01	-4.807839873501296712e-01	-1.230909899806673230e-01
nan	-1.431410911059273428e+00	-1.486807654187608296e+00	3.601746563619827590e-01
nan	2.202727582929928651e-01	5.218063591182959815e-01	-2.100165363395261497e+00
nan	4.017721780703901180e-01	2.875477742815619742e-01	-5.511339119404351505e-01
nan	-3.552915328349372515e-01	1.148780596182955138e+00	3.294493642699579672e-01
nan	-3.729660959854883551e-01	1.861682258299047543e+00	9.498979347666434148e-01
nan	6.455905186021824171e-01	-1.299703670227628116e+00	6.206503533787496307e-01
nan	-3.030515819470704919e-01	7.685914565707999691e-01	7.988245550012161855e-01
nan	1.168983764381489543e+00	1.792309811623854221e-01	6.582294474078628221e-01
nan	-1.077109064062063970e-01	1.168419765223315476e+00	-1.036449451388173237e+00
nan	-7.386382745132628047e-01	1.187713749361659410e+00	-9.584077575500494772e-01
nan	-4.683172781331519374e-01	1.190805902778746539e+00	5.038334242330283486e-02
nan	4.257666753228545042e-02	1.660988019123760262e+00	1.327233962726606098e+00
nan	5.552800316308423856e-01	1.058692261665443723e+00	1.237112481725532120e+00
nan	1.092955429907066733e+00	6.905523448271138065e-01	-1.287443096018836997e+00
nan	3.070969328774649787e-01	1.375346970399651259e+00	1.944450373992176184e-01
nan	2.638895735887799798e+00	6.532406647774232633e-01	1.291178501869627571e+00
nan	7.098985365081924570e-01	1.276514535344451362e+00	1.488868511383047544e+00
nan	1.787573748149947850e+00	1.475727480599348773e+00	1.460482167110895180e+00
nan	1.213991216357167557e+00	-1.210274521682084270e+00	2.336760110104451726e+00
nan	-2.296889161282112957e-01	6.603360543196487020e-01	-1.496087621166455106e+00
nan	-1.810370793251727672e+00	-1.254563173946204035e-01	9.405961461302214666e-02
nan	-1.939687004355781674e+00	-4.947564535904256378e-01	-1.048084366880234208e+00
nan	-1.489268712907163561e-01	-1.316758234834586094e+00	6.250541497657975398e-01
nan	-6.836239114565361152e-01	-9.955418376180316109e-01	-9.326038813858895660e-01
nan	-1.927036059663233214e+00	1.625397680203733985e-01	-4.169289083791165584e-01
nan	-2.306983612421608321e+00	-7.946948174942054521e-01	-1.047838026723036942e+00
nan	-1.642640311069750947e+00	-1.832662911506147463e+00	1.029168763618050209e+00
nan	-3.925326225657405632e-01	-2.827542407015731563e+00	-1.486227058397977530e-01
nan	-6.190800912788676502e-01	-5.743269416917690107e-01	-2.095350144932824232e+00
nan	-8.178065748389806711e-02	2.078710818664286641e-03	7.880039414357901117e-01
nan	1.665435553946816638e+00	-3.460719630951458736e-01	1.684485778318579596e-01
nan	-1.393166761422686140e+00	5.747395756424142910e-01	2.569371590522809279e-01
nan	-1.066314436750335659e+00	-2.240598831530006940e+00	-9.100256136014308606e-01
nan	-2.250577100623669224e+00	-1.091156521326024142e+00	-1.321052699878539016e+00
nan	-9.551786424930290842e-01	-1.253732067401577943e+00	4.894219847809578861e-01
nan	-1.980532997566817111e+00	4.732689932424216650e-02	1.819340201655040401e+00
nan	-2.737748627369671062e-01	1.500405013962397005e+00	7.699806745596247115e-01
nan	-1.270070479054847823e-01	1.083607737529655779e+00	2.240791629542209784e-01
nan	1.558073583582300081e-01	1.082517641891055815e+00	4.543242186581117892e-01
nan	-1.252141800625703683e+00	-8.053754727959133719e-02	3.661597958370091721e+00
nan	-1.689344696082134556e-01	-9.217627232630506429e-01	1.245867375372990526e+00
nan	-1.793066117759783307e+00	-9.687248723603669731e-01	-1.420529836443538696e-01
nan	-1.306298741090972104e+00	-1.599267161378062907e+00	-1.594249602264318444e+00
nan	-1.883194886582402194e+00	-2.675931825049461921e+00	-1.552926173228208029e+00
nan	-2.724604065715134027e+00	-1.590529317875612136e+00	-2.257604292932062773e-01
nan	-3.008581764145340287e+00	-9.901408503032524955e-01	-7.538263841785791675e-02
nan	-1.637147811098818240e+00	-1.452691128667036313e+00	-5.472528198728102700e-01
nan	-3.339751371658271628e-01	1.368933067298629958e-01	-2.511465897216153209e+00
nan	-4.785735108421191319e-01	-3.332005108761775802e-01	-2.579729438574801748e+00
nan	-1.375211373964639661e+00	-9.549935996591586429e-01	1.458541037274759589e+00
nan	1.282309339091389999e+00	-1.325090787409138660e+00	-6.411364777608580257e-02
nan	-7.701574652243565744e-01	-4.637715361862889685e-01	-1.048079340375265733e+00
nan	-5.790588629701786116e-01	-2.842936050955047200e-02	-3.833388313927654778e-03
nan	3.507341637763913833e-02	7.092135286272576167e-01	-6.513249984786040336e-01
nan	1.531782945694016629e+00	1.121969971333804494e+00	-8.055028402287629508e-01
nan	3.953460077016260898e-01	-7.180927242127899124e-02	2.496045818296734331e-01
nan	2.603475181216365897e+00	-7.916707157290400754e-02	-1.785811743074972702e+00
nan	1.033614311163878918e+00	1.085891062393618434e+00	-2.831034457126478276e+00
nan	-1.216104964157895263e-01	-4.962237484920007935e-01	-1.575403069554871971e+00
nan	-6.552709062878236956e-01	-6.213290001461453382e-01	-9.586463167679593056e-01
nan	1.171745835155976412e+00	-5.626522722092172080e-01	8.595556870838860775e-01
nan	2.175139860377475476e-01	3.848819603469407213e-01	-7.076600551026185348e-01
nan	5.662963384138774980e-01	-3.608231032689451223e-01	-2.109893314577630630e+00
nan	-2.317967184422319971e+00	-9.900326085815579491e-01	-5.155309124429889867e-01
nan	-2.630199475222021022e+00	-9.454919029395034702e-01	-2.462769101917743342e-01
nan	-5.505269974095361452e-01	-1.837629773496332497e+00	1.620087725682234803e+00
nan	6.040037305696394077e-01	-4.007335011713916151e-01	-2.427432880948685590e-01
nan	-1.442237161985032434e-01	-4.191045799352255963e-01	3.703402636642709189e-01
nan	1.522383546200325899e+00	-5.171641546492620201e-01	-3.255147266360153280e-01
nan	3.358191581114178259e-01	1.609020582797972887e+00	-2.561037511453575277e+00
nan	-3.685986942063429472e-01	1.388576899490467476e+00	-9.453523616822167019e-01
nan	4.025875174040470794e-01	-5.323899251606654115e-01	-1.068597779927516367e+00
nan	-3.656255381222088263e-01	-1.533715667215442835e-01	-8.285497297004009720e-01
nan	-1.725272095807543815e+00	-1.201655187844733907e+00	-1.485508163082705502e-01
nan	-2.639613535737837413e+00	-1.344779627338176686e+00	-1.386572408006402801e+00
nan	-2.185072008634350027e+00	-7.451648187689419167e-02	-2.435071580616707365e+00
nan	-1.954172397600553168e-01	-6.508398308977635383e-01	-7.943424583661082838e-01
nan	-1.475645066329395405e+00	-2.750161870542342513e+00	-3.257518001516192530e-01
nan	-1.459664335149086112e+00	-6.535134711567407440e-01	-1.844183566226738069e-01
nan	-4.771494633988788703e-01	-7.273712210842404602e-01	4.006953759763810519e-01
nan	-2.267818779585115130e-02	-1.206933340855646852e+00	9.519821955490930243e-01
nan	-6.485122098224599396e-02	-3.439516150710267839e-01	-1.650072636495038436e+00
nan	-3.295329321742211381e-01	-1.320191258366628650e+00	-1.924748293883032479e+00
nan	-1.783795217150143664e-01	9.850851455482394492e-01	-2.524657863017203407e+00
nan	-4.848366934703986497e-01	-6.228657957528458411e-01	-2.203180431236749559e+00
nan	-1.579480978637725741e+00	-1.111212701897235533e+00	7.759422462648530860e-01
nan	-1.769255840859400575e+00	-1.515593959913429822e+00	-1.103220313240739214e+00
nan	-1.931590087068730588e+00	6.332592383360087229e-01	-1.409003921104869939e+00
nan	-5.867164631124194285e-01	-2.732823903895456041e+00	7.498193377701112272e-02
nan	-1.322490086633558271e+00	-1.501318343748596851e+00	-1.579195819616648233e+00
nan	2.919643881014670761e-01	-3.109814575248818214e-01	-1.215293354613570020e+00
nan	-1.440258827921172324e+00	-2.928964401685369534e+00	-6.078071314349460241e-01
nan	-9.692685689393254478e-02	2.171437319914852893e-01	-9.367675147179677086e-02
nan	1.396292909485620237e+00	-1.514546852517860420e-03	-2.523114084068373231e+00
nan	3.232337928573073005e-01	-5.058996812823324252e-01	-4.441079789514075782e-01
nan	1.248051037166358901e-02	-1.353971381134312590e+00	-8.940969688407014448e-01
nan	-1.559065206757294320e+00	2.475862525284752147e-01	-3.208998433686870988e-01
nan	-4.154823111588482054e-01	-2.575201547799466084e+00	-2.101549117020716118e+00
nan	-2.186424537501881815e+00	-6.594917418513333018e-01	1.722563106043774495e+00
nan	-1.793745872754619386e+00	-1.574651660949533571e+00	1.548225669030838691e+00
nan	-1.440388699709480136e+00	-2.350831755134777712e+00	1.221724688276801141e+00
nan	2.473678449093301701e-01	-1.442730917250605316e-01	-1.983637178559970460e-01
nan	1.446124233830429207e+00	-2.633502679806731250e-01	-1.952405767594334707e+00
nan	7.894198877150278015e-01	1.415189323191420545e+00	1.032557283242829360e+00
nan	1.884993225102400638e+00	1.485303190599193579e+00	1.745525742882863440e+00
nan	1.847523742444650008e+00	-1.690425377151030251e-01	1.275088829325141448e+00
nan	8.587415297593499197e-01	-1.900898252206952410e+00	-1.271876963907382585e+00
nan	1.012951277865065114e-01	-1.804517254621246236e-02	-2.748218590563137553e+00
nan	-1.118049068307262806e+00	-1.127739484673894621e+00	-1.724675117595892981e+00
nan	-2.890300646717405275e-01	-7.840258228795727868e-01	-8.778383564358049895e-01
nan	-5.206064748260961217e-01	2.617196202439105779e+00	-4.938443428748283126e-01
nan	2.229535407299170657e+00	-1.268399348853840314e-01	6.593789720685431233e-01
nan	-2.775807650076331790e-01	-3.294384128650140742e-01	-9.452496516809799632e-01
nan	-1.848522330656860557e+00	-1.209998282017139770e+00	-5.592225425413350770e-01
nan	-3.133506633703057265e+00	-1.756912113732033598e+00	-2.608295494279953552e-01
nan	-2.561930423624592557e+00	-3.461025798997305891e-01	-8.588552339147523806e-01
nan	-5.462295212110012121e-01	-8.693092343531743094e-01	-9.769190532686962136e-01
nan	-1.813272167593389383e+00	1.493135166744733677e+00	2.084044948525144658e+00
nan	9.540162659699454872e-01	5.833326606693816085e-01	8.811620330547504931e-01
nan	1.423667533150793751e+00	6.729817004401121849e-01	-2.537594538937431032e-01
nan	2.346547844224004531e-01	6.810916101633300856e-01	3.156119009870746450e-01
nan	3.010715621155235500e-02	9.528145138187043006e-01	2.947825376035987932e-01
nan	1.954263844664069882e+00	7.302974515841686998e-02	1.621642294974456333e-01
nan	-4.236625100610145189e-01	-1.330899721413706382e-01	2.330908208309884211e-01
nan	-2.261043345630812662e-01	4.929417722977190719e-01	6.024682190042431745e-02
nan	8.377203917608034844e-01	-1.100839995064170962e+00	4.204065593223871300e-01
nan	9.978836727265900652e-01	-2.285691516305761617e+00	6.726623058922305276e-01
nan	5.320530700018889503e-01	-3.702001413477712943e-01	-5.122825693390133939e-01
nan	1.336389193940447306e+00	-1.006133157602522088e+00	2.173353927189944912e-01
nan	1.250246471859786324e+00	1.653139559051773677e+00	-3.940773484097976898e-01
nan	-6.830160233466142650e-02	-4.808323080093240831e-01	1.278229301094833570e+00
nan	2.027359698776501240e+00	-1.318000578515304388e+00	-2.207387649923599482e-01
nan	9.585434849135217039e-01	3.042438791649633156e-01	-4.789922715575768986e-01
nan	1.193016630771125824e-01	3.393327157244028225e-01	-8.590059849237955403e-01
nan	-1.221184802693377147e+00	-1.582507930111768379e+00	1.030050182406315296e+00
nan	-6.674594434636167417e-01	-5.799801561326907162e-01	6.619524802870073721e-01
nan	-1.340722889529493145e+00	-1.690244184010066819e+00	1.142180861926958141e-01
nan	-5.935955232531247017e-01	-8.414688386992523750e-01	-1.069405839210374687e+00
nan	-2.062113921573716091e+00	1.755946797696609663e+00	-5.161236141092487850e-01
nan	-8.210338437465505290e-01	6.582065327707820046e-01	2.394414264188483799e+00
nan	1.997106067743199542e+00	2.803751877551059035e+00	7.714934377772260099e-01
nan	2.492768804834788909e+00	2.148694206188710432e+00	1.254557031851230464e+00
nan	2.220803462427521247e+00	2.638215342172891553e+00	6.941987623157885867e-01
nan	1.174457836222679852e+00	3.456792872880089185e+00	1.936950421788183441e+00
nan	1.366565438093314544e+00	2.548599870790360100e-01	5.993511681790526513e-01
nan	-4.274508657285341906e-01	-4.853700738765452383e-01	7.894300814748711481e-01
nan	5.811470763345976120e-01	-9.349294456778985962e-01	-6.353036690276252507e-01
nan	-5.247478320703865551e-01	1.076666696616035868e+00	5.167968962478524109e-01
nan	1.531579606986187558e+00	4.826095453301644800e-01	1.860668350692623818e+00
nan	1.890705922896202651e+00	-2.018451619385730478e-01	9.859269380595017118e-01
nan	9.827430221068236271e-01	1.701320919364205597e+00	-3.766611713619466006e-01
nan	1.287558409698849049e-01	-3.485116790282194454e-02	-1.262939497848989623e+00
nan	-9.421857854867932147e-03	-7.903458256084208017e-03	5.002152037356528691e-01
nan	-1.075043270360684922e+00	-2.414049250444057215e-01	-4.901836990285279860e-01
nan	-1.632145707215128527e-01	3.186517062572963299e-01	1.767160726431759032e+00
nan	8.584491254919395242e-01	1.756241835077807512e-01	7.551795655843983601e-01
nan	1.313682798215668246e+00	-1.020545191595994550e-01	1.322861500635005072e+00
nan	-1.436350628654339268e-01	-3.202937719010980899e-01	-9.262090740701671709e-01
nan	7.152646204928632123e-01	9.516108004013100752e-01	-6.196276036842054413e-01
nan	-7.269203728385780217e-01	1.331625985437628223e+00	-1.568599592825568934e+00
nan	4.085404202100778592e-02	-4.068566924208479874e-01	8.584005944105754793e-01
nan	3.418338319214907217e-02	-5.100688177704013615e-01	-5.609086837844611262e-01
nan	-1.261736471368992030e+00	-4.924300692297385873e-01	-3.215793023712868459e-01
nan	-4.475720756034526904e-01	-9.352501444709044875e-01	-1.140244683398401737e-01
nan	1.174691476074324337e-01	1.578850798061384175e-01	-4.986599764114845734e-01
nan	-4.747270960977231780e-01	3.174831102372572822e-01	-2.597617762447015366e-01
nan	-1.243094209610898115e+00	-1.364332607872335457e+00	-5.172452897972695113e-02
nan	-1.360081896451158734e+00	-5.099784057076717225e-02	-2.214168374988423338e-02
nan	-9.559205014625880015e-01	-5.655981514891859074e-01	-1.117347418128109560e+00
nan	-1.468709091754236695e+00	5.276430892759974567e-01	6.703935519604725668e-01
nan	-1.897997762643103409e-02	-1.763685195619315582e+00	4.019085960280687764e-01
nan	-9.272897929412038387e-01	4.750794435619365430e-02	-1.181263001152587089e-01
nan	-8.071987968943272751e-01	-1.361731835471459817e+00	9.542159667214937802e-01
nan	1.083950146412337556e+00	-1.104020886964257153e+00	6.705463307576706722e-01
nan	1.034216488992945493e+00	-2.495250671412667931e-01	7.024419975617797185e-01
nan	8.050191295482718168e-01	1.554886251648838869e+00	2.460970494935587283e+00
nan	1.604464479131560317e+00	-7.822182110538222766e-02	7.036818280962824357e-01
nan	1.112807971055518763e+00	6.386493849201266837e-01	-3.353406620810470695e+00
nan	-1.208522866531426931e+00	9.864208746473137612e-01	1.242495009132135619e+00
nan	-1.306737522374010196e-01	-3.457729973968837189e-01	1.414911819332785647e+00
nan	1.415402186567904952e+00	-1.197307626413131265e+00	2.614508811677490385e+00
nan	3.083542070418920922e-01	-5.781292655444034700e-01	9.885243746380998342e-01
nan	-1.143900656405835714e-01	-8.233295477715912858e-01	-6.498173202990301656e-01
nan	-1.387324679069179334e+00	-1.081531312437128634e+00	-7.616756197896062952e-02
nan	-3.268013782392205635e-01	-1.970068426631741421e+00	1.228840759136379912e+00
nan	1.188158578856394865e+00	-8.795611923286692502e-01	-4.091679206806064784e-02
nan	-1.854772026035377275e+00	2.316627380253791113e+00	7.376285265378487166e-01
nan	-4.495225224546708365e-01	8.061745374392060848e-01	2.010136549134776018e+00
nan	1.625680563102555043e+00	-2.775564959961051015e-01	1.691220213794299543e+00
nan	-5.312520105297460216e-01	3.734430705928724059e-01	1.829514648741811023e+00
nan	8.967150061065032318e-01	4.749914044131613167e-02	-1.028704078631547336e+00
nan	-1.507671075744294875e-01	-2.597172725505499713e+00	3.146387855563837488e-01
nan	-1.070305266943079481e+00	-1.140268222776434692e+00	1.818208314750540122e-01
nan	-5.843377782814471733e-01	-1.667842482484241273e+00	1.721268264793766045e+00
nan	-5.760948369978975414e-01	-3.277372918530243595e-01	-6.630183784638502553e-01
nan	-1.357697685299543489e+00	-3.022085049931893530e-01	1.064691300376082728e+00
nan	-3.689762343562240088e-01	-5.186635307216098667e-01	2.512460791727787690e+00
nan	1.012970861147647117e+00	2.555689195937436153e-01	2.806811477671057875e-01
nan	-6.369964119104996048e-01	6.087257291727787845e-01	-6.476534028695767331e-01
nan	-3.812741535558055173e-01	-2.847443273412119669e-01	3.451120434405351434e-01
nan	1.414182676197182076e+00	-1.635757987476953446e+00	1.458731664171660336e+00
nan	-8.767295244807518095e-01	3.828982635326524941e-01	9.318423725556365111e-01
nan	-1.403084545504815317e+00	-5.045444765542602683e-01	1.317660168637941664e+00
nan	-1.091302582967657919e+00	-8.595950674188959084e-01	5.741756119934164904e-01
nan	-1.633286640720171601e+00	-1.771643269422339628e+00	-1.369501146641849187e+00
nan	-1.099825338305340683e+00	-1.150101719724034188e+00	-2.017642422761776189e+00
nan	-1.442349096727443492e+00	-1.564284993874013097e+00	1.173145482671039463e+00
nan	-1.718248368207512700e+00	-2.596469168563968921e+00	1.259232589022770465e+00
nan	-2.722647481572042949e+00	-4.131888833364810720e-01	1.935166672453389469e-01
nan	-7.697088309154694885e-01	2.462767406289548822e-01	5.691430943068156445e-01
nan	7.091016555543517841e-01	-7.181953676882123494e-01	6.997176600094996424e-01
nan	2.791336747969345167e-01	2.036714634848480809e+00	8.464601271555189932e-01
nan	2.328069777893432502e+00	-7.436500630992078920e-01	-3.042303004436776037e-01
nan	2.050388544739364105e-01	-1.317458425133033684e+00	5.123977334193756672e-01
nan	-4.002467533265706701e-01	5.664883620043976720e-01	9.236352552631932333e-01
nan	6.657417506861535994e-01	-2.052303485297509722e-01	1.492809598155930839e+00
nan	2.461948888170291672e-01	-6.419946522646444720e-01	-9.468171918972041468e-01
nan	-1.521626052920554972e+00	-8.731361851503902649e-01	-2.852325329531439913e+00
nan	-1.918881264541083098e+00	8.985869495644094318e-01	-1.557748884521843902e+00
nan	-1.346575197282400049e+00	-6.769790847946068890e-01	7.082722910579455355e-01
nan	3.412162910916554659e-01	-1.537001991663905276e+00	1.598244483534563054e+00
nan	-1.952900699690319486e-01	-1.554127033036541317e+00	1.884904331517073484e+00
nan	-1.315771007662499104e+00	6.765878565848304493e-02	-1.859225455168385666e-01
nan	1.311736476614195901e-01	1.242528297463031173e+00	1.011908153902118801e-01
nan	-1.848514061328489833e+00	2.316265154363074785e+00	1.256833152901904560e+00
nan	8.616002552605751541e-01	-5.017289337140939942e-01	3.550437505975162722e+00
nan	2.411535184876131499e+00	-1.271349129054516469e-01	-2.108316292762918431e-01
nan	1.322817081576837861e+00	-2.179375377861574758e+00	8.040127244259834827e-01
nan	3.419906145850196699e-01	1.768159058198678912e-01	1.461927972392523811e-01
nan	-1.034951565509341753e+00	2.210722396396758160e+00	-5.138619375043256277e-01
nan	5.718567051179213045e-01	1.440313652258726540e+00	-9.105831139069920921e-01
nan	1.429814728999688533e+00	1.054768116195492489e+00	-7.924322005137003355e-01
nan	9.058004825416930972e-01	2.018490874587542949e-01	-6.101634522636217861e-01
nan	1.573598553949892898e+00	-6.598820378433306599e-01	-9.864396901027516762e-01
nan	-4.077146299188942336e-01	1.085819666621528068e-01	-8.018252406634553964e-01
nan	-1.510456573492906074e+00	6.523066737418058425e-01	-2.111466233478760668e-01
nan	-1.636097918836999732e+00	3.743039738892440793e-01	1.767960873920396914e+00
nan	5.440953752453425718e-01	3.345487777205581326e-01	1.626047618136144735e+00
nan	2.544018927341835101e-01	1.506929595815453826e-01	1.280790374447359659e+00
nan	3.496263760305482471e-01	6.230042781578325473e-01	-1.076010046035165146e-01
nan	-3.805984144590103257e-01	2.266793189141907749e+00	-9.527261647215387041e-01
nan	-4.135886176726205621e-01	1.317092871900544138e+00	-1.269731090300968868e+00
nan	7.175473955222998190e-02	-5.317056208969350717e-01	1.105825969794203223e+00
nan	2.898960279688129749e-01	9.415443644324857919e-01	1.011087714042825603e+00
nan	1.044547398085068357e+00	-1.109218054170255652e+00	8.174981217506402942e-01
nan	1.972694781655807805e+00	-3.707166410836156278e-01	1.817632500598669543e+00
nan	-6.591411048064377276e-02	2.829867915494127306e+00	1.402296452336833754e+00
nan	1.429415904071743126e+00	2.371869748749505735e+00	7.059725053663901129e-02
nan	1.392153865656440503e+00	2.786084775101074218e-01	1.244773497804405382e+00
nan	1.974937636413860220e+00	5.113746518222916926e-02	4.396501273559844103e-02
nan	-3.668293385873450108e-01	4.291042343371584966e-01	5.992871044769816358e-01
nan	-1.902715577318984663e-01	-3.900216704541500934e-01	-4.823288529434238692e-01
nan	-4.831226563465820245e-01	9.722997760298464076e-01	-7.721695485924398028e-01
nan	3.245331621326984495e-01	5.806971228841292243e-01	3.750770982715666002e-01
nan	1.209285281241402554e+00	1.336331281204097277e+00	-8.287896355728343600e-01
nan	1.130749945738649176e+00	1.361887390576958623e+00	-4.824704180007116650e-02
nan	2.890411397095483670e-01	-2.923909864780127599e-01	-9.704054142436147057e-02
nan	-1.641264859016402955e+00	-3.788522885598485379e-01	1.499238141960995030e+00
nan	-1.110534619590846095e+00	-1.069041624103413746e+00	1.289158513116689941e-01
nan	-6.288204444850920005e-01	-9.880965376912067555e-01	-1.511943687360183808e-01
nan	-2.146644295697559102e+00	-6.093028905302917408e-01	8.058546898292602290e-01
nan	2.716927639893786939e-01	-1.896053200803788252e+00	6.294951985088526047e-01
nan	-7.889514623497400070e-01	-8.174228547962520963e-01	9.326836769419621920e-02
nan	1.095936345642398058e+00	-1.499493300457288347e+00	1.183322354646821062e-01
nan	6.035906645420301142e-02	-2.144505790096409292e+00	-4.007093453475379374e-01
nan	1.146938924178245056e+00	-2.170991337165795176e+00	-1.968719461154849304e+00
nan	4.278454315680185749e-01	-3.136965752181858913e-01	-1.903379804443566137e+00
nan	-1.300024974678240630e+00	-1.618904986687165204e-01	-4.220165896897953850e-01
nan	-6.364239509023861263e-02	7.161973676181210280e-02	7.007692424440388201e-01
nan	1.184140669070908869e+00	1.301981045770745027e+00	6.955819835448781019e-01
nan	1.111067734426258946e+00	4.387656333975975542e-01	3.202377256887562584e+00
nan	1.941448585983071018e+00	8.427331208610123747e-01	1.262730855600514346e+00
nan	-1.698290154921298090e-01	-5.461876369859776092e-01	-2.086906087289602585e+00
nan	-4.333351471961442991e-01	-2.496205322057315490e-02	-1.779033549040284434e+00
nan	-8.770084918509409855e-01	4.546584637883984703e-01	-3.019275853695366774e-01
nan	-1.816753738507279836e+00	-8.407553460281845803e-01	-1.377803282442300464e-02
nan	-1.302938652399412423e+00	5.706819475594077096e-01	3.807753934531906137e-01
nan	-5.502381634303818991e-01	-3.652950509353236619e-01	-4.224320684645119228e-01
nan	-1.657900020230573590e+00	1.713166294970937864e+00	1.056217921799446513e+00
nan	1.149912783826940510e+00	8.999065338270656467e-01	9.781106604510155789e-01
nan	4.830549376460914202e-01	2.546795610649273400e-01	1.048087749316058970e+00
nan	4.953604219363129113e-01	1.175695660978961055e+00	4.657766043079309970e-01
nan	2.207713439152762636e+00	-2.001962416364226893e-01	3.058756079716274279e+00
nan	2.119285234950334385e+00	8.626362696049065804e-01	1.413109080024169462e+00
nan	1.996273653078356247e+00	2.048846428557915988e+00	2.416443123283956051e+00
nan	2.339512802226896504e+00	5.241043144746515559e-02	1.092558854646445532e+00
nan	7.448454339252552625e-01	1.990642026315480484e+00	3.338815500069996389e+00
nan	1.408267024447826143e+00	8.442797146760162574e-01	2.930363507937951528e+00
nan	1.489405768946524100e+00	1.114281646238635570e+00	2.426612651546770749e+00
nan	1.825061191702117114e+00	2.210005640633701862e+00	1.723528228103026194e-01
nan	2.179134231685683432e+00	8.805931767694821222e-01	1.592877479541721097e-02
nan	1.036143046034788018e+00	1.067189408105975179e-01	2.231375311373510750e-01
nan	9.739503693498388071e-01	-4.467044182260390683e-01	2.826066571022013418e-01
nan	7.420083603117724191e-01	-8.304459355780105523e-02	-4.320359519248396785e-01
nan	-9.885796972924015824e-01	-1.002844071490181621e+00	2.581185054977943039e-01
nan	-9.865399579816291897e-01	-1.031622416668013020e+00	-4.558580520385295820e-01
nan	2.985867333814468116e-01	-1.174193575359242736e+00	4.219715720986637053e-01
nan	-4.147326030776665173e-01	-3.413200502792075874e-01	2.768340265343438578e-02
nan	-6.578258467704035661e-01	3.676597503234041442e-01	-8.503764046455071224e-01
nan	-1.255850222335481048e+00	1.914129039517078246e+00	-1.236608847467074668e+00
nan	-5.941953884875996739e-01	2.385430693384897605e-01	2.697607664111586478e-01
nan	8.842451345845747657e-02	9.063060723260945029e-01	-3.344274428498630325e-01
nan	-1.388180093534963966e+00	1.605568233388509292e+00	2.109639015392541950e+00
nan	7.328677189507394329e-01	8.898292353522201381e-01	4.918314816330832118e-01
nan	2.057938987733178848e-01	4.173397170300859882e-01	1.025627275022199303e+00
nan	1.157871941089919643e+00	2.564949272293949978e+00	4.385269385273982690e-01
nan	2.432659944217015813e+00	9.429795562308491697e-01	3.346793803827266434e+00
nan	2.436104491557975482e+00	8.183319109001596647e-02	1.218085722322710396e-01
nan	3.922946932311758839e-01	4.480062868705676493e-01	1.277886198516719141e+00
nan	2.367212696030032704e-01	4.545362031942029590e-01	-1.074723177233051885e+00
nan	-9.447690372696539995e-01	-9.157748255620644651e-01	-1.868105601746064548e-02
nan	2.740979670097513088e-01	-2.303535825629635103e-01	2.349917544397552294e-01
nan	-1.512976352534427527e-01	5.593699447012963066e-01	8.335829632990842120e-01
nan	-1.316804197584631186e-01	-1.057927885669529111e+00	-5.397416105867822722e-01
nan	-6.094488586033094402e-01	-1.081192559474113635e+00	3.624319267516963317e-01
nan	-1.391411000698072442e+00	-5.166458301599642366e-01	-4.561887713022840796e-01
nan	4.777758314745984558e-01	-1.461498637272134582e+00	-5.010216785161412112e-01
nan	-1.411353257114560389e+00	-5.896559422402749551e-01	-5.051174402471214631e-01
nan	1.505751410773467081e-01	-1.808439325104486350e+00	-1.412167162538014165e-01
nan	-1.635021744007124411e+00	2.891192983777142733e-01	1.751359190765186646e+00
nan	1.071486998647614097e+00	2.105322976992846762e+00	1.301351395164046298e+00
nan	1.061029109237323631e+00	7.461454373660563189e-01	1.302487105924127642e+00
nan	1.408426655634668734e+00	6.177412745839311325e-02	9.786555859844683347e-01
nan	1.902835482274378709e+00	3.501514571066647319e-01	-4.193837942827120524e-01
nan	4.952765519506985292e-02	-3.670743144478051390e-01	-8.898272847093621207e-01
nan	-1.375338426697708449e+00	2.635371128952936348e-01	-2.821674912580981465e-01
nan	-5.644308210205595255e-01	-6.037270048215795937e-01	-2.150937622077725209e+00
nan	-1.320814731926446051e+00	1.521703680793960789e+00	-1.502366289554645018e+00
nan	-3.998412494296894049e-01	8.064462030799631753e-01	-5.352155551927051391e-01
nan	1.575659863873191346e+00	-1.105403442130855174e+00	-9.430695543897491540e-01
nan	-4.318314691912357728e-01	-4.146205718732917100e-01	-1.278076689800109467e+00
nan	-1.363450097160108898e+00	-1.576997775577932970e+00	6.076807911551386221e-01
nan	-1.456569919716877770e+00	-9.903586519301676994e-02	-8.858803229899449017e-01
nan	-2.922143027881207167e-01	-2.813512323593005959e+00	-7.471845552258602474e-01
nan	-2.159964468061994936e+00	-2.681926372823546068e+00	-1.803691042716182746e+00
nan	-3.115238898538100987e+00	-3.624960748906431718e+00	-2.153157842910902620e+00
nan	-2.442953063158344484e+00	-3.192500323736631174e+00	1.195760438232156275e-01
nan	-3.828527634611539554e+00	-1.312283886855645676e+00	-2.281434893334959746e+00
nan	-9.900360946736121992e-01	-5.391753961611556178e-02	2.170754348995398431e-01
nan	-1.925877471173116917e-01	4.120801904544722505e-01	-1.882778058351754602e+00
nan	3.525986876939508630e-01	1.142963258494699819e+00	3.304317689233526867e-01
nan	1.679288433528822178e-01	-1.289600738539905089e+00	-2.354214412276846580e-01
nan	8.021886111688114607e-01	-5.240836390617614748e-02	-6.322626944289853057e-01
nan	-1.420115512669430702e+00	2.685055118059995749e-01	-1.411162103667954248e+00
nan	-2.248047297340552975e-01	-1.150487177174836784e-01	-1.530750423785678660e-01
nan	-9.917812073890484026e-01	2.227726714435167565e-01	2.968333394022341309e+00
nan	1.522881282986185525e+00	7.131940337059331503e-01	1.501374258057444289e+00
nan	1.889737824385729681e+00	8.218566253039684133e-01	-1.515318719217076726e+00
nan	1.261395832104631187e-01	3.555920029340050026e-01	1.121429064687346155e+00
nan	2.221176713644891887e+00	2.092628423919292158e-01	-4.486697470818626354e-01
nan	1.006017632905621850e+00	2.991345536018665818e-01	-8.716766211696540534e-01
nan	1.252607448349149388e+00	2.438673618980944813e+00	3.808636451045306903e-01
nan	2.197281455307629194e+00	1.726426686324023407e+00	1.251895304333371817e+00
nan	3.021804748810584584e+00	4.069055883439654409e+00	1.121435737080280548e+00
nan	2.764279267140495211e+00	2.632520129272746701e+00	2.352656502699538077e+00
nan	3.866942390035401189e+00	2.188475282747854411e+00	1.808214994959960187e+00
nan	3.346800609341642030e+00	2.346076361992097681e+00	2.292711139461159897e-01
nan	3.138199158526436605e+00	6.888542389701792779e-01	1.481509785668824408e+00
nan	6.043544048627359500e-01	7.567253812589413986e-01	1.678253741193904025e+00
nan	1.044508256911378385e+00	1.428631303139665354e+00	-4.866817582077443971e-01
nan	7.933518394145181452e-01	7.388455074471819151e-01	5.656188263224357082e-02
nan	-1.173548139487584185e+00	2.712672606215403626e+00	-1.289435669999646206e-01
nan	-2.218136004756433022e-01	-1.042842553709735665e+00	-6.851301138666292534e-01
nan	-1.025416259748830772e+00	1.686153168580903916e-01	2.325374952613401547e-02
nan	-1.041028754512726362e+00	-1.599555284658464305e-01	1.036324986177925345e+00
nan	-1.109733425025730913e+00	-8.269562541565151914e-01	1.047193897173896326e+00
nan	-1.711696852638125321e+00	-9.844065550815408461e-01	-1.504908264527426764e+00
nan	-1.009788301072567229e+00	1.753468430808927891e+00	-1.084609267285856271e+00
nan	-5.778764341032132101e-01	1.355173729249530723e+00	-9.518892427715000548e-02
nan	8.724475011342982533e-01	1.335873239753673225e+00	7.165503773688616240e-01
nan	1.257410296498917557e-02	1.361009140579184207e+00	7.308018291265359068e-01
nan	3.242560815955527476e-01	6.131030554273717570e-01	3.723967981851352693e-01
nan	-1.918846254492657888e+00	-3.671022574706983010e-01	1.577830476443656593e+00
nan	4.666227794548464258e-01	-2.226574545534925953e+00	-9.185294491724431687e-01
nan	3.374987933988213840e-01	1.457041520293830050e+00	2.702105426618767181e-01
nan	3.868385341275842881e-01	1.752611707052664780e-02	1.643267546170813498e-01
nan	-3.924767271437787919e-01	-4.981501938303863897e-01	-4.202791280822105180e-01
nan	-1.003811915989792913e+00	-2.925785328293870058e-01	1.077436552694644778e+00
nan	5.211842278716865007e-01	-1.411653953013181528e+00	7.682438315533747231e-01
nan	-3.735521489143285301e-01	-1.114280450012207435e+00	-2.974755539940414639e-01
nan	3.158237738454539034e-01	-7.502258386696356585e-01	9.996311372861084177e-01
nan	-6.787365293334097771e-01	-5.601468619132267124e-01	1.351394321837225299e+00
nan	1.310477133248732828e+00	-1.539510684797721574e+00	7.369149022348859823e-01
nan	3.028976504861767838e-01	-1.539738106693629982e-01	2.890697785127368524e-01
nan	5.534673970774914853e-01	1.015819997465424951e+00	-1.461186294681712905e+00
nan	1.588358946371874747e-02	1.644882510507867934e+00	-1.213535208449828318e+00
nan	2.991476789880112008e+00	1.597498589900233856e+00	1.495087993570623830e+00
nan	1.948397234238631315e+00	1.380592231679975246e+00	2.755095648764400718e-01
nan	3.570578887178643690e-01	3.041815933278839701e+00	3.476976584475125476e-01
nan	1.839889399081134691e+00	-8.373000050918999460e-01	1.538176136089532076e+00
nan	1.017009009823595989e+00	-1.309933647358647146e+00	9.125457826181249121e-01
nan	3.105244379693207768e-01	-1.549537087516306144e+00	1.010657038042498623e+00
nan	2.373741934956672850e+00	-4.368309199811665766e-01	1.123206606177717060e+00
nan	7.632367567599723790e-01	7.598369988369335637e-02	8.986869422350338699e-01
nan	2.096469092536378476e+00	-4.224821351783986101e-02	-1.221474902422452047e+00
nan	-7.132738276750147377e-02	-1.028160708618631070e+00	1.566770707925909112e-01
nan	-2.066707329801317883e+00	-6.318320205160184999e-01	1.869061219977579680e-01
nan	1.384154525910206823e+00	-1.697446424225095285e-01	-9.654200878516396855e-01
nan	-6.270111177491284327e-01	6.373473498376689417e-01	1.255139219517785065e+00
nan	-4.943497810026850625e-01	3.144512389717356582e-01	-8.681683894308980243e-01
nan	3.897565679951224826e-01	1.470376629397828872e+00	-1.058203439283969649e+00
nan	1.661856572232674578e+00	1.247115534382795321e+00	8.200205417935377827e-01
nan	1.594905296346319723e+00	1.401072742842512930e-03	2.401064237607327456e+00
nan	2.122967883045305371e+00	1.109953616935988596e-01	1.500787082308767895e+00
nan	-1.814932993002287276e-01	4.234056042393959940e-01	-6.113131903922297550e-01
nan	4.320777670365665291e-01	-1.087079578171379568e+00	1.293181185278232226e+00
nan	8.935848008953040100e-01	1.743519067217190299e+00	-1.306704090469625879e-01
nan	1.247963218428907117e+00	1.048071859885431278e+00	4.493296507618869673e-01
nan	6.636360317905387607e-01	7.734621757902997441e-01	-1.714135395805071571e+00
nan	-2.067923277663661907e-01	1.277280609940226186e-01	9.991616985970834808e-01
nan	-9.519760269274308850e-01	-7.246766106660786078e-03	3.546790363342355312e-01
nan	2.289084409594731306e-01	-1.113019691299235447e-01	-2.430735154670003340e+00
nan	1.156488639361896720e-01	2.666880739640595244e-02	-1.137776819062625622e+00
nan	5.209350706914022133e-01	-2.659317906173966350e-01	-6.501969344818696595e-01
nan	-2.525357882286359545e-02	-3.329422551417231257e-02	1.431120967758461537e+00
nan	1.057394060943920966e+00	-8.521835926466755362e-01	8.801638517953920271e-01
nan	-1.435058199908914034e-01	-1.740362865330597364e+00	-3.194318843358660565e-01
