nan	1.981684367849170236e+00	-6.430783116167897440e-01	7.231467055049090042e-01
nan	-4.000416991362352181e-01	2.160866056396816948e+00	-1.150740556875054776e-01
nan	-1.357942678329544517e-01	2.972136640312384448e-01	2.176566344051951707e-01
nan	2.332227600892021746e-01	-1.438074647611337076e+00	1.544884655704878984e+00
nan	1.308642433504248581e+00	4.737505921310456447e-01	3.492538648706618870e-02
nan	-7.468276542468326173e-01	-3.138026132572434568e-01	-8.127218377452614106e-01
nan	6.172636987313102619e-01	-1.338174959248687346e+00	-5.581145875922567390e-01
nan	-1.346714060556452930e+00	4.109128032999723179e-02	-1.743490461534893399e+00
nan	-1.406525003700435095e-01	4.327092292783774052e-01	-1.228114668180279256e+00
nan	5.348135071090165393e-01	-6.658342258511458223e-01	-2.052516964715097814e+00
nan	-1.012887414940391917e+00	-3.312472690261745178e-01	-4.428350908700217081e-01
nan	-7.090694423260933688e-01	4.650319481895217599e-01	-1.035509928369453769e+00
nan	1.341226046629445667e+00	1.513671613557154183e+00	9.087349983331788339e-01
nan	1.387971246900600697e+00	7.804384684298038000e-02	-9.761701736018529862e-01
nan	-3.428589911094225839e-01	9.397818144253105022e-01	1.303309798129642649e-01
nan	1.293860744685561004e+00	-6.830647508087535069e-01	-7.353326176510559531e-01
nan	-5.186141237123691461e-01	-2.291409368052586826e-01	5.635560293030787982e-01
nan	-1.283227455381835247e+00	-2.144831207377784210e-01	-1.070066290585097279e+00
nan	-8.724229857893479601e-01	2.235815000466281899e-01	2.052281023571996266e-01
nan	-9.114084090067700039e-01	9.744404934838980514e-01	-1.552210242797872619e-01
nan	7.950357223143357244e-01	4.058800511733465788e-01	1.835695049484704633e+00
nan	4.820705965654504821e-01	1.525390982457069278e+00	1.033462288618435698e+00
nan	6.482349263836688635e-01	1.470472040342732267e+00	-1.039972844909134331e+00
nan	-3.501300168110059730e-01	1.320310983740355049e+00	4.654554356590921427e-01
nan	3.504078117439668461e-01	3.035338667288252079e-01	-1.101325965378919136e+00
nan	2.398336653201626756e-01	-1.794423311971983515e-01	7.931600234336965149e-01
nan	-6.746613058315344968e-01	7.128865076183048544e-01	-1.691201279958469972e-01
nan	3.530326226980468607e-01	1.861181640422777894e+00	-2.871303983581194319e-01
nan	1.931194561904947538e-02	1.302313092384503435e+00	-8.749059061114706770e-01
nan	7.830475962165649451e-01	2.334123292459856280e+00	-3.997575462755087461e-01
nan	1.231574696419511339e+00	-1.272939404185238210e+00	-2.619644916716821204e-01
nan	8.047980957167957250e-01	2.727964438859849516e-01	-1.268502922217303430e+00
nan	-1.093449937530376781e+00	-5.190274082757417862e-01	-8.008508497021477046e-01
nan	-1.411818802309862786e+00	-1.621008687907100398e+00	-2.426150287895412205e+00
nan	-1.848826921315589900e+00	-5.827800849402098304e-02	-9.259248088801605991e-01
nan	-3.997550262776708441e-01	-1.205474996760716344e+00	-7.007943050722116318e-01
nan	-2.530598851859629850e+00	-1.984516745564367302e+00	1.068122497631154300e-01
nan	-9.659279545933089350e-01	-1.583102905035316477e+00	-2.199046772704031039e+00
nan	-1.047171783502972575e+00	-1.549478383703412288e+00	8.028770447772473062e-01
nan	-1.440221778658263840e+00	4.770112930709768939e-01	-1.955642073078637466e+00
nan	-1.061703725874604709e+00	2.875969686097311628e-01	3.724580150716469418e-01
nan	-6.398972319017643962e-01	-4.742176167315677038e-01	-6.991235746700527609e-02
nan	-4.711849347418406442e-02	-8.807138387572883698e-01	4.660193657759598707e-01
nan	-7.828476847364207458e-02	-6.685127275980008443e-01	8.216947545433991307e-01
nan	-9.814694889381903042e-01	-2.523022647102398430e+00	-5.559017761026316951e-01
nan	-2.876107144474635113e+00	-7.283370867788407921e-01	-2.048901042312935683e+00
nan	-2.635729751075379212e+00	-8.543840253685814901e-01	-1.207322097695570529e+00
nan	-4.301782584139519638e-01	-1.741530692073064213e+00	-3.148110923969090535e+00
nan	-3.170072294830143633e+00	-1.095032997258723828e+00	-1.059198305884578861e-01
nan	-1.932352768363479800e+00	-1.421810684409647196e+00	-5.232058851173597702e-01
nan	-1.711885707882044638e+00	-1.266103217862626362e+00	-4.942250365991646133e-01
nan	-1.889541786341071505e+00	-2.232620443013594524e+00	-8.884785487997061137e-01
nan	-1.973596979129956575e+00	2.562995503144398501e-01	-1.888349980897550573e+00
nan	-1.261799472185253457e+00	-5.201673551247477656e-01	2.989401904040556168e-02
nan	-6.697026689188096960e-01	-7.686641541677166067e-01	-5.330901560161284136e-01
nan	-5.835688937952752120e-01	-1.098877744189984851e+00	1.802110510415219746e+00
nan	-4.214964721038706452e-01	-1.727428073016066823e-01	-8.722566330147679681e-02
nan	-8.350708399669503068e-01	-5.833950558966146671e-01	2.807034790276451419e-01
nan	-1.829254255101006477e+00	-1.611669970033456689e+00	-4.086176117207269143e-01
nan	-1.210530203163442842e+00	-2.011348237088017576e+00	-3.372672424887437348e-01
nan	1.839578824609595653e-01	-5.524813265647537941e-01	-3.829055247746608881e-01
nan	-8.044526012056154585e-01	2.656466780266350525e-01	8.037021669477886210e-01
nan	1.578081587540806074e+00	7.361806836117158470e-01	-3.857126092514223670e-02
nan	-3.673922221732716098e-01	-5.281590226276783318e-01	2.554535928705045644e-02
nan	-1.022386337048814653e+00	-1.716357298042369361e+00	1.068436301373381525e+00
nan	8.256993782663996084e-01	-1.205230404095942287e+00	1.427388052109748617e+00
nan	1.146739133626429874e+00	2.142728999153227787e-01	2.620938209931468199e-01
nan	-9.272311551007039743e-01	-1.069033307594937643e-01	2.000576016978039551e+00
nan	8.741312675187484782e-01	2.027087967183350159e+00	3.437169349409880947e-01
nan	2.011855694971863340e+00	2.470368416264201450e+00	-1.667889624398715576e+00
nan	1.940232899704845249e+00	-7.832136930215103376e-01	2.299177223194983632e+00
nan	1.951982529662157795e+00	-6.553988129388016448e-02	1.992346329659898663e+00
nan	2.812992521844701166e+00	1.891846546709756272e+00	8.011538434132803310e-02
nan	3.734379292502285619e-01	1.945784789544744431e-01	-1.491057346144857298e-01
nan	2.368748133238819664e-02	4.572351639360299203e-01	2.243885713164144591e-01
nan	-3.568044598239229481e-01	2.292768928800082429e-01	-1.053621542917021259e+00
nan	1.745017545907901146e+00	8.598011937776494085e-01	-8.659813038800316942e-01
nan	2.964453792447704572e+00	-1.631165726218639644e-01	-2.417164117665920320e-01
nan	1.941216281619306372e+00	6.711135540648560660e-01	9.164244508796095534e-01
nan	2.893099103031098185e-01	-7.191542949008153940e-01	1.537488642908198644e+00
nan	4.555428730680838867e-01	-3.097645207784380239e-01	1.071069529438256396e+00
nan	1.613450118414359924e+00	-1.225797136665953024e+00	1.246221711231232598e+00
nan	4.128139258368639375e-01	-3.362667535597196888e-01	1.572168185860672640e+00
nan	-3.846507811103598296e-01	-9.373021745448381070e-01	-6.027004897373122727e-02
nan	1.438602311974261361e-01	-1.530071784030656801e+00	-5.477847702696226895e-01
nan	-1.471894543811836265e+00	-1.330259615184153921e+00	7.337935715333432363e-02
nan	-4.321902815841174861e-01	-1.439514249483792474e+00	-1.329478449306962462e+00
nan	-4.173956314677130797e-01	-1.953088540490976133e+00	-1.021303364327558860e+00
nan	-2.277948260873742248e-01	-5.455703062368536527e-01	-6.570247713710739568e-01
nan	-6.972931546278938741e-01	-7.417790071384564587e-01	-6.812148720288853099e-01
nan	-4.772421246350235791e-01	-6.268119663846233314e-01	8.219662204228683766e-02
nan	-6.593862485616335256e-01	-6.766526439431035378e-01	-4.003418180784463209e-01
nan	-5.354621136684067917e-02	-8.369386644066900693e-01	-1.387401524098645922e+00
nan	-6.588596420398952214e-01	-1.870315322747022613e-01	-9.762497404566141679e-01
nan	-1.149493670277257573e+00	8.829579598459091905e-02	4.036166779867368937e-01
nan	-4.850585376646872060e-01	-1.261953676007517178e+00	-2.171997286011225103e+00
nan	-1.761738978233666986e+00	-1.423786840135307652e-01	-2.130313122585800301e+00
nan	-2.596964747292066278e+00	1.487144698953789312e+00	-1.172745515220692702e+00
nan	-4.119069639184370080e-01	8.936670984445465038e-01	6.440168446249023848e-01
nan	-1.157541791292773792e-01	4.709105429503576135e-01	4.788436711635424281e-01
nan	1.081193942737583846e+00	-6.131849020793350702e-01	4.401213847079963326e-01
nan	4.955422654784686909e-01	-8.373927972459132008e-01	-2.035786515408567698e+00
nan	-9.982391566340627076e-01	-4.587854330457011992e-02	-2.318963972216868896e+00
nan	-1.642699675894183864e+00	-4.603994324287515316e-01	-2.685092787010536775e+00
nan	-2.376267913523371078e+00	-1.546065014977645147e+00	-1.987459947472756783e+00
nan	-2.994624355963008355e+00	5.084444884388257258e-01	2.159052968686485663e+00
nan	-1.001631274781215275e+00	-1.773936953846233511e+00	-8.416838682206838618e-01
nan	-1.813958143596265504e+00	-6.253212499608667985e-01	-6.848895502642599054e-01
nan	-1.465054385275599280e-01	9.572861985551457398e-01	-1.862775730521871953e+00
nan	-1.081392963294703691e+00	-1.268661188784774296e+00	1.830268620433517235e-01
nan	-1.231398539589581898e+00	-7.513379143216125655e-02	-1.146421658296377100e+00
nan	-8.015154201817142887e-01	-1.856840227692167833e+00	-2.309119287714203606e-01
nan	-4.520948798746568520e-01	9.412029499512887254e-01	9.767129126419872298e-01
nan	1.746826060813825077e+00	1.622774979187125766e+00	2.260361464045895219e-01
nan	1.341707320163938677e+00	1.462611374708263412e+00	7.747262600226558771e-01
nan	1.508560543163310008e+00	2.160210509049795835e+00	-5.800184221869694179e-01
nan	3.468874703349879018e-01	1.324423779481843200e+00	2.686955645902649459e-01
nan	-5.083921487026699104e-01	4.429411910996595703e-01	2.433743306630055114e-01
nan	3.551723304714270862e-02	4.211192711199294170e-01	-1.803190359542180543e-01
nan	8.542593339713462353e-01	3.311057293325049278e-01	1.256204548808407040e+00
nan	9.686245691583017514e-02	7.719020640199862893e-01	1.287253150755193754e-01
nan	1.764827766512676366e+00	2.215917320903334709e+00	9.249533709434311080e-01
nan	3.169324451770250572e+00	7.400485767098594625e-01	-7.673924141744202787e-01
nan	4.411388138173485407e-01	-5.431778306138499435e-01	2.196795179541722320e-01
nan	-2.311100214378009887e-01	1.001093081549886410e+00	-6.405595817775426859e-01
nan	-4.206175276245729955e-01	1.319648394820738480e+00	-4.024417432783614634e-01
nan	-7.474842141241722082e-03	-4.252041579873205301e-01	8.617421886052814006e-01
nan	4.030568938200421170e-01	3.664192199192239374e-01	1.092414619385537744e-01
nan	-1.465713962491328459e+00	6.744048501136998830e-01	1.223583125505706137e+00
nan	1.261933803045009350e+00	2.127216858369140873e-05	1.098697424663058531e+00
nan	8.649136686127366636e-01	7.972137796301872470e-01	-9.479098199590680895e-01
nan	-9.815757066804738917e-01	2.375444090722195423e+00	5.531777465416418682e-01
nan	3.413484286841604320e-01	-1.669626029155252045e+00	2.687857572477674317e-01
nan	-1.174466620251747528e+00	-1.080580775870259247e+00	-1.704395274841764785e+00
nan	-2.262025428842193264e+00	1.121793605147332062e-01	-5.776010064755165985e-01
nan	-1.383196023119886320e+00	-5.187190163374113538e-01	-3.305494998103026827e-01
nan	-2.068124810178116668e+00	-6.741771479331237771e-02	-1.609097327460117244e-01
nan	-1.139160933281813559e+00	6.984028697493011029e-01	-1.047522975972753123e+00
nan	1.828467617661636346e+00	1.799498044981180600e+00	-5.868639593963183021e-01
nan	9.982284481054725100e-01	-4.118699501457545598e-01	-5.277816611616834575e-01
nan	3.998876802757202892e-02	2.898002363750691868e-01	7.151091372885938213e-01
nan	2.507446786759699009e+00	-1.167920347946147297e+00	6.954174402423545231e-01
nan	1.868075050428650741e+00	6.340792814654429010e-01	9.395360480315140261e-04
nan	-1.038237949464918319e+00	-8.513047098423235370e-01	2.053296421531355942e-01
nan	5.696086064245781122e-01	2.020930650279120222e+00	-1.604354697657507156e+00
nan	1.016406245216181503e+00	4.017214271323938379e-01	-1.382643874800117689e-01
nan	1.437218326135434765e+00	1.333070079374282901e+00	-1.287089716772954695e+00
nan	1.560224415577249113e+00	1.431311218731490253e+00	5.110500858644276834e-01
nan	1.138247174421628927e+00	6.442346057236552070e-01	1.463520397638726767e+00
nan	1.184795886254027542e+00	8.456535520016239538e-03	2.163886409073060957e+00
nan	1.040062951567215066e+00	1.744354478938228814e+00	-1.041064146296712956e+00
nan	3.593952565043037062e-01	8.846669377944172963e-01	-2.854993156103118324e-01
nan	-7.592852104369669508e-01	1.668159403057439261e-01	-2.579454276981920202e+00
nan	-1.217319415015286843e+00	4.081461393466795373e-03	-1.497739384129719298e+00
nan	-2.528473911771337956e+00	-1.151881224958712369e-01	-1.621891795179080331e+00
nan	-4.028914582861425897e-01	-9.597207321932281765e-01	1.483492098145243743e+00
nan	-5.786444685839283730e-01	-1.145223251521775065e+00	9.723953639723618148e-01
nan	-1.656523772354142832e+00	-8.175319078563934028e-01	-9.703818841473270673e-01
nan	9.840381905702564325e-01	-7.571834396272417722e-01	-5.361316205263521040e-01
nan	1.145467528029596505e+00	3.302827424556381564e-02	2.037566504547512758e-01
nan	-7.255135359355631142e-01	1.066500985203946650e+00	-9.609748999062681651e-01
nan	-7.102755786772370072e-01	-5.617262232911193198e-01	5.248322242941902971e-01
nan	-6.778222897299457372e-02	-2.137381890434506548e+00	-2.130824139092335479e-01
nan	-7.047047408007324210e-01	-9.396550864048655027e-01	5.107571051157404618e-01
nan	-1.447459798200046555e+00	-1.277425938862027488e+00	-5.726612062268666981e-02
nan	-2.653045880070761253e-01	-6.229005846779631650e-01	-8.391019846248848335e-03
nan	1.479687422538647379e+00	7.649290007978959416e-02	-9.526366730224230528e-01
nan	1.752902566484754843e+00	9.835591452113059407e-01	-5.990096343790990430e-01
nan	8.460531203560330837e-01	1.208879073024183182e+00	1.466439292540403505e+00
nan	1.833322641054963675e+00	2.097894643887970312e-01	1.234104259934695413e+00
nan	1.957260813274308564e+00	-2.378214054343838590e+00	-6.816187794478331119e-01
nan	-5.144998113683239005e-01	-6.610376486704956367e-01	-3.840843926025575561e-01
nan	8.407216708353589807e-01	3.380302527657360612e-01	-1.919849694175039589e+00
nan	-6.537949492887240588e-01	-1.738882425349163707e+00	-2.775771814765838896e-01
nan	-9.521470139228634944e-01	-2.228394027295836022e+00	-4.205626612292510558e+00
nan	-6.015858877072381983e-01	-2.252792547183703142e+00	-7.575366862437706850e-01
nan	-1.328890575059585188e+00	-1.053878163711145843e+00	-2.910744403424442073e+00
nan	-2.015407997310920685e+00	2.564815680787070340e-01	-2.809845898111398732e+00
nan	-1.552505494794910401e+00	-1.084093576312074925e+00	4.556523167371024918e-01
nan	-4.534438733929152532e-01	-5.641183366662001486e-01	1.963047640636013391e-01
nan	5.924143683183969999e-01	-1.397682535401866044e+00	-3.616043396038090552e-03
nan	4.731487673731798460e-01	-1.375352065251592926e+00	-2.052047473794268662e+00
nan	2.075049202943398674e-01	-4.561950504360812175e-01	-1.923969133117373165e+00
nan	-8.646133399082678306e-02	-8.865489056920619060e-01	7.808007502822557067e-01
nan	2.600872641969570465e-01	-9.265668965156703685e-01	3.617954614397567159e-01
nan	3.340245913580104919e-01	-7.364103771656149711e-01	-9.005769548754133380e-02
nan	9.549637339371733757e-01	1.502075687978018936e-01	-1.487518314266767394e+00
nan	-1.156132459543787405e+00	1.528565418032150847e+00	1.679376978059405001e+00
nan	-7.791041896673767120e-01	1.390729541373734612e+00	4.516274578627432756e-01
nan	-2.820506541989233895e-01	-3.227444137511331634e-01	-7.203105556958140365e-01
nan	-4.795702705506119101e-01	-1.053446600105123698e+00	-9.609083833277186626e-01
nan	-2.058171645803736904e-01	-8.191974323104140865e-01	-1.108951779439711682e+00
nan	-6.112346407703606044e-02	-5.636794536526807953e-01	-3.992667138028737073e-01
nan	-2.600266605631655348e-01	1.536560780064850917e-01	5.552243516581110150e-01
nan	-8.958549760702766429e-01	1.866754785286590251e-02	2.657429330641221110e-01
nan	3.353553310155279465e-01	-9.603520688873503630e-01	-6.522961288204537356e-01
nan	-3.499379608946906473e-01	-1.119729473330020486e+00	4.819626348611681932e-01
nan	-1.044289317607228984e+00	-1.162151580006417051e+00	-2.351906911578119375e-02
nan	1.145665321483206878e+00	-1.024126079888202367e-01	3.898732274128424158e-01
nan	-4.024958540562461051e-01	4.414263988013469309e-01	2.560616287016515003e-01
nan	-3.941277440902250517e-01	1.281750869114713365e-01	5.712713366455119957e-01
nan	1.723228602669618637e-02	1.256392390024276828e-01	-2.752676380186788729e-02
nan	3.146031002871689797e-01	1.371461255459776263e+00	-1.696715590036198318e+00
nan	-6.920073522306783298e-01	2.637657463284858728e-01	-2.039569889200485153e-01
nan	-9.286288004150570208e-01	3.891450857054845613e-02	1.007809277985704188e+00
nan	5.651151854447982181e-01	-3.484243975496156831e-01	6.020664218223050757e-01
nan	8.048009465505414628e-01	-7.399441624410570961e-01	7.376085121713886750e-01
nan	-4.940807063810998545e-01	1.529956387797457851e-01	2.054039122535780137e-01
nan	1.606906852975208855e+00	3.234693056918810927e-02	-1.499191577329580083e+00
nan	9.744285701200422478e-02	1.964000930043251714e+00	-9.137892926546451466e-01
nan	1.084197637670232250e+00	1.656262391157239389e-01	6.107695983789611649e-01
nan	-7.346416385408985894e-01	1.372139769717879654e+00	-3.363977826622180922e-01
nan	-2.373553318013937874e-02	-1.820761069502420781e+00	-1.460820526234033467e-01
nan	7.415477145837070516e-01	-1.832770214909440254e+00	-1.951389523596790632e+00
nan	-9.176882204658611819e-01	-9.342770779103175549e-01	-3.175850204648050790e-01
nan	-1.290463384758550269e+00	6.138782569118287347e-01	2.016686069012388338e-01
nan	2.274157657279710087e-01	-9.869869913680755225e-02	-1.708497332756162002e-01
nan	-1.023353689918978127e+00	5.015546708629815553e-01	8.732661996273428651e-01
nan	1.069795116187071571e+00	-2.924181924988031867e-01	-1.907617886551408848e+00
nan	8.331529936853765417e-02	1.324608045152951163e+00	7.952491703290925917e-01
nan	1.320664798004230978e+00	5.172603875453126721e-01	1.003907952169835749e+00
nan	-1.441904118484838015e-01	-2.356779186111888080e-01	6.824762167405817870e-01
nan	1.693450358368875808e+00	2.082106729409714529e-01	-9.182342059344241747e-01
nan	-8.725582266673093113e-02	-1.837914550460799212e+00	-1.018743064502603435e+00
nan	-1.665405312799630000e+00	1.517958174348833067e+00	5.065940440709693071e-02
nan	-7.577276342041715518e-01	6.347560001718183242e-01	1.521904934944635635e-01
nan	-9.566557073369501563e-01	-1.379821052949144478e-01	-1.404708262546164876e+00
nan	-1.094056313239728517e-01	-1.458756890147454577e+00	2.968673793525521409e-01
nan	-1.456053140262278500e+00	-4.278266530443354476e+00	-8.574148473767326806e-01
nan	-3.441285680963312998e+00	-1.107450744545891652e+00	8.569382777397689388e-01
nan	3.261459351942477269e-01	-4.723229822613654871e-01	-1.532821726491981229e+00
nan	-2.832781553902423144e-01	-2.892071782132997204e-01	-1.355840067259785009e+00
nan	-1.577504863601429386e-01	6.566969812136642659e-01	-1.309597465331865607e+00
nan	-1.149484174081242038e+00	1.619204395525579709e-01	-2.148203680098877411e-01
nan	-2.320976219609616753e-01	1.223852426770069224e+00	-1.465978067825822073e+00
nan	8.407489011907844922e-01	8.824690490341260407e-01	9.272052329808451177e-01
nan	1.352023717167071037e+00	1.859710849024094559e+00	4.577607275147210775e-01
nan	2.768248624678586900e+00	-2.881874060718593311e-01	1.250508637337593987e-01
nan	9.769390758738130121e-01	1.057346140102182197e+00	-1.983360613017835783e-01
nan	8.716141034825414247e-02	6.250579164109493213e-01	-9.184424977276441915e-01
nan	-8.172395325297258095e-01	5.218596524033010109e-01	6.069585295378006062e-01
nan	5.116810699984525312e-01	-1.155352057261003207e+00	5.441003860347152221e-01
nan	1.016213043348762834e+00	4.570655038358259481e-01	7.704622030947036460e-02
nan	-2.457492308955721017e-01	3.473953595287865292e-01	4.396309761428716101e-01
nan	5.982933412960985686e-01	1.006749612791154380e+00	-1.810076502637671059e+00
nan	-6.733935557534868055e-01	-2.109785654529964805e-01	-1.120100939212432589e+00
nan	-1.499569552001902561e+00	2.161596951807643330e-01	-1.354994973498385491e+00
nan	-1.499740028349626497e-01	1.479370556930403202e+00	7.409007636551051545e-02
nan	-1.086448014257046069e+00	4.220147997733406653e-01	4.023817654965526902e-01
nan	8.239242058864693075e-01	-2.275078914388019236e+00	8.869773254931100359e-01
nan	-4.499328942514084217e-01	7.607254271623364872e-01	-1.839488148515401322e-01
nan	-5.718412086490612944e-01	-9.470535838898247460e-01	-1.695066278449767483e-01
nan	-2.475923852581557449e-02	-1.743492096698260108e+00	-1.067079667460364645e+00
nan	-1.031053623514063267e+00	8.544020966756216140e-02	-1.794504644966280704e+00
nan	-2.039043535924765393e+00	1.162933034113440289e+00	-1.545467675339252001e+00
nan	2.709091820218715307e-01	-5.137053651758283213e-01	3.574484468879158272e-01
nan	5.907729026414278994e-01	3.489090449852732534e-01	-4.774821225604401476e-01
nan	-1.082227986262434882e+00	3.775656768916091366e-01	-1.183513489934376439e+00
nan	-9.146958068679471587e-01	-3.777185698458229157e-01	5.562304000819202621e-01
nan	1.555404134498894919e+00	7.148977295939449306e-01	1.027194017950770144e+00
nan	1.160387304123976282e+00	5.813742193636408651e-01	7.571535161320049889e-01
nan	1.396833501589293203e+00	-3.246360983934089006e-01	-5.580068474081028018e-01
nan	-1.073921421172080004e+00	-7.776050992406156048e-01	-1.051019566929792592e+00
nan	-1.296212837030613185e+00	6.901670023469197446e-02	-1.946463911765339283e+00
nan	-3.797111884186109565e-01	-2.594727913567123068e-01	6.046841884700853154e-01
nan	-5.921151009072253002e-01	-6.328817288663892704e-01	-7.505610961948970816e-01
nan	-1.627921689403497574e+00	-9.778894368631707579e-01	5.752600371173057781e-01
nan	-1.052397357120252286e+00	-8.017525693428892986e-01	4.069573951498128839e-02
nan	6.952519660636347076e-02	6.279826644532737756e-01	-7.499321913624800162e-01
nan	9.127450632456923785e-01	6.220214033996214198e-01	1.654174684739356138e+00
nan	8.964977598174461715e-01	2.799725444720650991e-01	7.201829952311793459e-01
nan	1.117431352972368952e-01	-1.238340203730140088e+00	5.373970338146383252e-02
nan	3.918980291383288850e-01	-1.291942775225462636e+00	1.840237604238675884e-02
nan	3.230375201419709574e-01	4.891337030796127916e-01	-1.133701149275730957e+00
nan	1.200460398686491015e+00	7.513047274081159355e-01	-1.117259966410803607e+00
nan	-5.156679266204493572e-01	1.863853293464727834e+00	1.034167472758811268e+00
nan	-4.157569148623661004e-01	1.056740634138360724e+00	1.411511375599538320e+00
nan	7.343498636359857556e-03	4.288507578635429862e-01	-2.224162644463314464e-01
nan	9.127860930048616872e-01	-8.496757089542655850e-01	2.255442803064215962e+00
nan	4.515845213617222242e-01	-5.766362512994738232e-01	6.174288242519634373e-01
nan	-1.253237952142748135e+00	-1.133254235753413941e-01	1.273078050530755956e+00
nan	-4.217715497871500352e-01	-9.844191785827696162e-01	-8.341676642625585059e-01
nan	-1.205460354328394157e+00	4.541261092134581956e-01	7.952256340868590900e-01
nan	3.495069070300068081e-01	-1.240409274077463042e+00	7.015921635532197387e-01
nan	1.411362361719173730e+00	-1.811887228776684289e+00	5.327868497075739507e-01
nan	6.133518247961275982e-01	-8.347533221182442675e-01	-1.143876064463393849e+00
nan	1.547480600137760010e-01	-1.425115144955353852e+00	-1.134761754471038886e+00
nan	-2.649993278043474842e-01	-2.556072968936284884e-01	-6.543262132168401468e-01
nan	-2.752344305136756319e-01	3.467485996784716029e-01	7.326389913010007415e-01
nan	-2.987619303835512552e-01	4.059798422149106800e-01	1.315631403115164133e+00
nan	-4.888682534965090309e-01	-5.879562256092921713e-01	5.315775832797726697e-01
nan	2.838283086682028000e-02	-2.936219941676149414e+00	-2.121038889297794050e+00
nan	-1.251385971662518193e+00	-1.498292933317141307e+00	-3.434048891566492401e+00
nan	-3.919171420011743123e+00	-1.173938330508861316e+00	-7.444861997961220723e-01
nan	-3.327251162417580232e+00	-3.103916383230749254e-01	1.132848651440617749e-01
nan	-2.963218008592862773e+00	-2.622924842723515226e-01	-2.281509266838249173e-01
nan	-9.662425875561636568e-01	-1.256508761640188432e+00	-1.659453677326817811e+00
nan	-7.931258969717680518e-01	-1.419025218271748212e+00	-6.243404117963502475e-01
nan	-1.527678753247350585e+00	7.216579874290363072e-01	-8.908224094609675792e-01
nan	-1.733146620106079117e-01	5.109056669014697682e-01	5.461469338226604409e-02
nan	-1.833846166581969417e+00	5.032499961182762549e-01	1.031188664807124011e+00
nan	-5.984338768822927701e-02	-3.541907193604033610e-01	2.150219009358637079e-01
nan	-4.665707076207746828e-01	-3.957247369020533423e-01	3.447883175170378678e-01
nan	-5.050765788815652080e-01	-5.554598142544302508e-01	-2.681070075905134242e+00
nan	-2.579352163102170081e+00	8.483772269535860833e-01	-2.029178666778406637e+00
nan	-2.006469721540535822e+00	-9.057021872984666322e-02	-1.131047564189239518e-01
nan	1.211384580250653542e+00	-1.914380636369741318e-01	2.506182461609913203e-01
nan	4.461229153017880478e-01	1.695213577126981175e+00	9.565775717106006493e-01
nan	1.180102164707152568e+00	1.528904013979003995e+00	3.788596708784253142e-02
nan	1.467781524131157145e+00	1.115988705632371847e+00	2.923339309909261940e-01
nan	2.385487466941064172e-01	3.347189637600810563e+00	1.215360024225354829e+00
nan	1.011372873281692675e+00	2.191627157803916148e+00	2.887303865268597391e+00
nan	3.127035720936970797e+00	6.803789851813724088e-02	1.715129918160295919e+00
nan	4.733532201798095196e-01	2.137241374707091524e+00	-1.382217718502372072e-01
nan	1.529117242010414879e-01	1.621135693432058655e+00	-7.106173583692741991e-01
nan	1.357499132454124402e-01	6.394622866446686427e-01	8.334677652628388334e-01
nan	5.174665572809865610e-01	1.044264275901423344e+00	6.202517162050902311e-01
nan	1.336014310930449644e+00	4.152150577867801950e-01	-4.539947842574357240e-01
nan	4.085286978638648647e-01	-5.241476803579588895e-01	9.094017350969205715e-01
nan	4.691797300249750946e-01	-5.745465685714503667e-01	-6.394431810067168209e-01
nan	8.729710508599898278e-01	-2.302714420670441131e-01	-2.227705949073299774e-02
nan	1.905218834381433135e+00	1.148970836860262024e+00	1.080253504296634914e-01
nan	1.201693913714492190e-01	1.448308268444248315e-01	-5.073493871088481377e-01
nan	3.264051088101617704e-01	-5.984654865287653003e-01	-4.640300067969908016e-01
nan	7.863898215090152632e-01	1.198918945902419653e+00	-5.370527743951435395e-01
nan	-1.725574030627871513e+00	-2.243750206952754844e-02	2.419642948695793772e-02
nan	-3.010837327873644664e+00	-1.351151870503551899e+00	-6.187811013274999716e-01
nan	2.148165775530512356e+00	-2.280794831611297813e+00	5.011216249542305157e-02
nan	-7.577701430610898070e-01	-2.236339197862017958e+00	-1.170182588627006304e+00
nan	-5.476442724744444712e-01	3.448713009291902720e-01	1.198004191133494878e-02
nan	-6.702745347017818878e-02	-2.082394053958408264e+00	4.923583990233166841e-01
nan	7.583367865983359213e-02	-7.001620569968536323e-01	-9.152890907976796164e-01
nan	-1.999329303176435202e+00	-2.441074549921426473e-02	-4.812054847703476357e-01
nan	3.094313564398254446e-02	-2.231314334617774953e-01	-2.561019861424779220e-02
nan	-4.707257209812518717e-01	3.539169279942304680e-01	1.288579362157342700e+00
nan	-1.984726550849336135e-01	6.984872839493262708e-03	2.988972781395761724e-01
nan	-1.564169785030252280e+00	8.240986444790937560e-01	-5.000298191485073040e-01
nan	-1.198135124759844405e+00	-8.195321973928220149e-01	6.127455306587282768e-01
nan	-1.496217106744093028e+00	-5.357700061800745317e-01	-1.758857359227862460e+00
nan	-1.823385072790326245e+00	-1.692423817618807225e-01	6.023780722737021032e-01
nan	-2.297482289832762370e-01	4.181662353500423812e-01	1.378066219242829460e-03
nan	1.051025492835958142e+00	-7.980064473744071796e-01	1.266057594930721231e-01
nan	3.473953784846667836e-01	1.698055395980724303e-03	1.503642196489649585e-01
nan	2.560846479046046564e+00	-9.599968164394073744e-01	2.851642446103750950e-01
nan	-2.337133781008265965e-01	1.540392890862156028e+00	-4.194127059324862516e-01
nan	-3.627216674712571698e-01	-2.663214780414405181e-01	-3.348977862947049022e-01
nan	1.291376147246435790e+00	1.937660278435348937e+00	2.683389461985803415e-01
nan	-8.149925100629118457e-01	2.303333111360151619e+00	-9.881326376882992868e-01
nan	1.776509068626844101e+00	-3.883944396350689221e-01	-1.512016253575999114e+00
nan	-9.054427711059769290e-01	2.715358688828585221e-01	-2.703269426011435383e-01
nan	8.551232925971190557e-01	9.953593516114972450e-01	2.180533247019713350e-01
nan	-2.234478187665026816e+00	7.323007902221603249e-01	2.468726492622581870e-01
nan	-1.138961889553612883e+00	-5.427177452315077311e-01	5.926200651529902608e-01
nan	1.394216597910818312e+00	-1.492318629771375305e+00	1.561762894789006317e+00
nan	-7.153484963840248678e-01	-1.356995716242968886e+00	5.299014220155084942e-01
nan	-5.892384047644978473e-01	-1.039552208777103193e+00	-9.363764641052527704e-01
nan	-1.015899705237145234e+00	-5.055829875332175094e-01	-3.648058404410739475e-01
nan	-1.073661215996786433e+00	7.517419943368364166e-01	-1.101564561282170951e+00
nan	-2.232372605993000469e+00	-6.863024423359217474e-01	-5.078097062932241945e-01
nan	-2.553038491009289590e-01	-6.180213899527653432e-02	-1.214898958881612367e+00
nan	-6.045722632008162511e-01	-2.551229311758653195e-01	9.413018505592269936e-01
nan	1.173970014936067674e+00	-2.548960882862954858e+00	4.038565443472567074e-01
nan	-1.052573737352583416e-01	-1.400715430855220989e+00	-8.740187775821122163e-01
nan	-1.314623573552563540e-01	3.035958713749782767e+00	1.868427767238400872e-01
nan	7.825541104697877337e-01	2.800292324537706712e+00	1.045260681226354516e+00
nan	1.159643336268110225e+00	3.378332299659194682e-01	9.378647390951386775e-01
nan	-3.285809325357158528e-01	4.330146955375390183e-01	1.231550732004591087e+00
nan	8.182773548890920345e-01	3.185202118890056999e-01	7.384394781618193182e-01
nan	-4.279470689175208786e-01	6.975927356797226864e-01	1.913560600898778441e+00
nan	1.871658200748699041e+00	-8.951682941799645743e-01	4.185327526344289062e-01
nan	9.722268066337205195e-01	9.660421241789345359e-01	-6.160029757691385388e-01
nan	-1.639354582279872741e-02	-9.670289519178505433e-01	-3.741502317198459882e-02
nan	-8.732050322545367727e-02	5.386261544213766239e-02	1.386275559701158011e+00
nan	-2.212041172409063172e+00	-1.122292707108706766e+00	1.738592997342652380e+00
nan	6.211938118932440744e-01	-1.083591211667876308e+00	9.979154313537984544e-01
nan	4.543772969053226918e-01	-1.480155549929178971e+00	-1.137607848364990293e+00
nan	8.513371177049688932e-01	-5.213087576072109597e-01	-6.408117364009868755e-01
nan	-1.746858674507140829e+00	9.460042320520879455e-01	4.992750150603196269e-01
nan	-1.456016943395129104e+00	1.521397272119100752e-01	2.906068653962365467e+00
nan	3.879171042561808114e-01	-1.404884371852979319e+00	-4.229473601299217345e-01
nan	-8.555918842260397117e-01	-5.772328379306299606e-01	-9.253689342631338244e-01
nan	-5.802805595030469110e-01	-3.713402987135009936e-01	-1.818756173595123204e+00
nan	4.597424724662357853e-02	-1.160280938147341789e+00	1.298653995643039627e+00
nan	4.878718091553077008e-01	2.358176625214549738e-01	1.028690375956696990e+00
nan	2.583843399022307974e+00	-5.842889332850709216e-02	7.230413782760658492e-01
nan	1.020068701497076846e+00	-3.925570676379279700e-01	4.373750549392656506e-01
nan	8.512365952932894331e-01	-5.721933492878903404e-01	6.128014177538978480e-01
nan	1.192841661571684420e-01	1.422414746174420985e+00	-6.473012016287287701e-04
nan	7.857747419542009393e-01	-6.528213863424826569e-01	2.266602779988714733e+00
nan	6.078963658453609975e-01	-1.323275105681938513e+00	1.732018058101808311e+00
nan	5.852086287187936442e-01	1.983467025812359008e+00	-3.649691510166015451e-01
nan	-1.187209858884133107e+00	1.853774992885944606e+00	-1.898535941599535537e+00
nan	5.542164141860153048e-01	8.821062677242685890e-01	4.559496763731350488e-01
nan	1.112787385554024344e-01	-1.071649898626430675e+00	1.014062467806011281e+00
nan	1.805021883454678289e-01	9.882396061630107642e-01	1.606769399086360961e+00
nan	-2.995455369896362630e-01	1.797188464626630955e+00	9.682373451706378642e-01
nan	2.249384846022907780e+00	9.895222432053591977e-01	1.530730867851702204e+00
nan	1.174398660421057672e+00	1.054213112198879809e+00	1.584494651496153761e+00
nan	1.872029682715696364e+00	1.186062297328034809e+00	-6.315723004153358522e-01
nan	-4.443162027754445909e-01	7.202045616146337537e-01	-1.008197524315859184e+00
nan	-2.427931083208434426e-01	7.942181789497829714e-01	4.773443281766213964e-02
nan	1.241072374832676406e+00	-3.775646600929205565e-02	9.343984947046092282e-01
nan	1.881938073519423993e+00	5.608575450646761107e-01	-1.803709450335449493e-01
nan	1.360132515713877055e+00	1.149623102383592332e+00	-5.391550740245615314e-01
nan	-1.010986955286161670e+00	3.198093918310456640e+00	-2.982642157562159779e-01
nan	1.285691324148992898e+00	1.012308531088078611e+00	-1.947695627318281053e-01
nan	2.605500137748559264e-01	1.310563532201377779e+00	1.185346776395812318e+00
nan	-8.234076341823537426e-01	4.921992496754564739e-01	-1.259254255536387479e+00
nan	-3.300589134484788190e-01	5.731914343104068665e-01	-9.257754683031844678e-01
nan	-9.761121759108714047e-01	7.185666095686398247e-01	3.745636839505965821e-01
nan	-3.338534206900579115e-01	3.067824764137517590e+00	6.734817579522800468e-02
nan	1.846195901550088614e+00	1.519526366012792451e+00	1.068955967722051703e+00
nan	3.030059495219927790e+00	-7.339108118826391802e-01	9.283862966498218627e-01
nan	-7.477662754824754288e-02	1.483535043407515852e+00	-1.375802003555175457e-01
nan	4.586226725253608194e-01	1.625407196793666742e+00	7.562812127101059545e-01
nan	7.208430340005216319e-01	-4.387189395620253451e-01	9.712557315679348768e-02
nan	1.420503687214343280e+00	-2.873917519281250499e-01	4.395934276697298360e-02
nan	-3.930785095042645949e-01	1.219991214927898415e+00	-5.502336666875236038e-01
nan	4.642979564049735108e-01	8.049905208115333277e-01	-6.181372160455386733e-02
nan	1.455918993796883054e+00	4.206961557543490993e-01	2.529479385878851350e+00
nan	2.141965376305424495e+00	8.682850592465150008e-01	1.752721672162528499e+00
nan	2.298657595243045026e+00	9.772868548183950566e-01	1.616958630765476190e+00
nan	2.669966693763828669e+00	1.091185431554829055e+00	1.112849369412659550e+00
nan	2.179679945456629131e+00	1.031834424925066607e+00	1.319828809423896576e+00
nan	1.334096604989907009e+00	1.115868717887797956e+00	1.318367592702844870e+00
nan	1.255253427352438056e+00	-6.385774728930182498e-02	2.575108930098266025e-01
nan	2.574175031493017851e-01	-6.270539543412024797e-01	-1.182285394301867409e+00
nan	-6.196987419163032529e-01	4.038321331801234537e-01	-7.412097809437210305e-01
nan	2.489038828228994138e+00	-5.295773065352887832e-01	8.054186587936782438e-01
nan	1.570277104097580256e+00	-1.392379987365410798e+00	-4.191111453045013313e-01
nan	-3.383496162356373071e-01	7.118986925062006366e-01	-5.102861696934500868e-01
nan	-2.004768392750585770e-01	2.372785631838716380e+00	-6.804148335536113201e-01
nan	2.037311438255444251e+00	3.960551754792085433e-01	1.484631683305082106e-02
nan	1.371409708315263654e+00	3.355496721346066469e+00	1.532995564999120486e+00
nan	1.601934367152506145e+00	5.797101452928731247e-01	1.366709957291563082e+00
nan	1.030022999487212099e+00	1.542387166983281599e+00	7.321951920864817609e-01
nan	-7.460005805684697400e-01	1.057257164797787086e+00	9.692910323481642720e-01
nan	7.836911946239747406e-01	4.303439282371836899e-02	6.644595964498840601e-01
nan	5.765420908001337441e-01	4.215091784527081886e-01	2.059088599067287473e-01
nan	-7.687755595981393686e-01	-3.582634524909941720e-01	-2.035244704662375614e-03
nan	-1.139426120516394914e+00	-7.215403061151884900e-01	-2.417512028559834492e-01
nan	-7.705897578773568402e-02	-6.968821448427032772e-01	-6.346599215278974082e-01
nan	-1.947367566905458647e+00	8.758811556195112979e-01	-6.478705960928563545e-01
nan	-5.792432209095919049e-01	-1.505656415305363760e+00	-7.558083813266831541e-01
nan	9.005980617456549320e-01	-6.774018186768062666e-01	-1.695638913284562843e+00
nan	-1.989142517583927017e+00	2.804145442198001881e+00	7.597345666272325992e-02
nan	1.191012419918770826e+00	5.443970956036173758e-01	6.667241415761286927e-01
nan	5.481004363642159039e-01	-4.795949008964102145e-01	8.816415976364017082e-01
nan	1.557340711509917819e+00	-3.742951072222848174e-01	1.341453559883189373e+00
nan	3.971927971007077618e-01	3.751025323383104793e-01	-7.863837518615396371e-02
nan	1.187664362164589704e+00	5.687382920555118515e-01	4.793998656693235771e-01
nan	1.008826278608139226e+00	1.359346582598132125e-01	-6.534445117107434697e-02
nan	-3.218004934096422853e-01	2.244906799704282641e-01	4.181825302409700740e-01
nan	-2.792094339847185913e-01	-5.515986620614665714e-01	4.931611020984527638e-01
nan	-2.453093823909660465e+00	5.313865586787103190e-01	1.422905077751171588e+00
nan	-8.092918105977787713e-01	-3.012496805715598747e-01	5.456258101783795222e-01
nan	5.232264885005015742e-01	-1.466675328333182371e+00	1.044875229087639523e+00
nan	-6.465279788140129158e-01	1.093177407111505239e-01	1.304077899302427568e+00
nan	-2.683453757458406086e-01	1.612945390545465818e+00	-6.207203530961795668e-01
nan	2.519642911967495680e-01	-2.101661001495072068e+00	-5.990445458050460692e-01
nan	-2.168697968677436583e-01	2.029542660035974500e-01	-3.073599638843691473e-01
nan	-3.872602091372173705e-01	7.675620524058953675e-01	1.415607335457747806e-01
nan	1.514841729370564938e+00	3.759287773606831973e-01	-1.586185395927544484e+00
nan	-5.233020505741314832e-01	1.984870299374938529e+00	-9.027224060551111151e-01
nan	-1.198198271754608024e-02	-9.097910888964511056e-01	3.725858266266177110e-01
nan	1.028613561220556472e+00	-1.188139578435905896e+00	1.290979855721857250e+00
nan	4.869329426871833455e-01	6.219003850498064923e-01	4.877830101036845778e-01
nan	5.798197539247189614e-01	4.159159392221806195e-02	-1.831826981231856055e-01
nan	2.015634384068064833e+00	6.441558826989852715e-01	-8.136672656999081876e-02
nan	1.506903378188557019e+00	6.388879095731744284e-01	1.552002964637044791e-02
nan	1.584980680461172575e+00	3.916621350209111285e-01	-1.393139668763377637e-01
nan	1.167245080338323415e+00	3.409732878791063015e-01	2.821947263927457872e+00
nan	2.013851471844498420e+00	1.687452862235309325e+00	2.611885495605276830e+00
nan	3.018925504769678803e+00	3.464087050920451327e-01	1.244438927991087906e+00
nan	8.212633090895117283e-01	2.027630625458596292e+00	8.440965175049489622e-01
nan	2.718288116642996854e+00	3.366463438417108378e+00	-3.787861020166288784e-01
nan	3.025647930195897395e+00	2.899924905703835876e+00	4.582038978936977536e-01
nan	6.014669386330744327e-01	1.038823687128018536e+00	2.112814001013444631e+00
nan	3.505935786709845736e+00	-1.846134961738415958e+00	1.962118268601590110e+00
nan	1.530322255591498370e+00	-3.324048125892646866e-01	6.327032347899084197e-01
nan	3.907327810162979920e-01	4.238780304856621939e-01	8.429013260414719433e-01
nan	9.590091824282784838e-01	7.022183717853283103e-01	8.634483864783907281e-01
nan	2.885489540786331797e-01	9.854401166755702990e-01	1.473854910677132590e+00
nan	-2.046490374303996385e-01	-8.381605243819786333e-01	3.369276977646182836e-01
nan	-6.127603277262729797e-01	2.208718771644369028e-02	-2.398983813817989308e+00
nan	-8.275053499772754284e-01	-5.091783415005718405e-01	7.835785539600765848e-01
nan	-2.063414262592791371e+00	6.415971497867015705e-01	4.852509231195204498e-01
nan	-8.667036411128676843e-01	-2.762554013774397799e+00	8.618290240770425381e-01
nan	-4.790717964719763966e-01	-2.295518294379232049e+00	-4.083790739194244068e-01
nan	-1.906721997266529467e-01	-8.542412847235505424e-01	-2.136837538400477854e+00
nan	-2.349900666615779787e+00	-9.336815948244281405e-01	-2.443534551245052366e+00
nan	-2.614676746145452313e+00	-2.422754900137332967e+00	-1.367963180749169227e+00
nan	-1.601054487051779995e+00	-1.694837916884563978e-01	-1.676821294679497365e+00
nan	-7.346955132860898408e-01	-1.628082354684643906e+00	2.424566620490120616e-01
nan	1.250521632234954383e-01	-1.233698374015407495e+00	-2.220182626611098442e+00
nan	-8.848041514899140925e-01	3.882994692438471174e-01	-7.363235872135109883e-01
nan	7.424535207989423347e-01	-7.329565254529328833e-01	-1.148666533417314284e+00
nan	1.737175005384967275e+00	-1.468658462883339233e+00	-2.191410730754563829e+00
nan	2.412087476752570181e-01	-1.554375906152855036e+00	-1.065605963368173814e+00
nan	-1.247937407385020014e+00	-3.919386740834508998e-01	-1.731610098748727067e+00
nan	-1.224731726877035021e+00	-1.802069533829429471e+00	4.941270388911840339e-01
nan	1.123476953350454277e+00	-1.408956083898190048e+00	-5.028487036323026071e-03
nan	-1.109176831113483308e+00	-2.553879767949600588e+00	-5.814439859838582692e-01
nan	-1.310270071332128250e+00	-1.477330659214886488e+00	-1.388267581844250032e+00
nan	-5.168840382746761053e-01	-1.606706409403594105e+00	-7.628405895831487094e-01
nan	-2.100072249886321796e+00	-1.641633289817804986e+00	-4.529313463900520031e-01
nan	-6.629347358669269719e-01	-1.631961988744463188e+00	5.930055677389085567e-01
nan	-7.614996516335477139e-01	5.908931646044003339e-01	9.715515362333415617e-01
nan	-5.400425425965698079e-01	5.155491903693341094e-01	1.428827447653041816e+00
nan	5.319557968101205070e-01	-1.394354656331736830e+00	-1.117273378663833583e+00
nan	-1.412747871044266912e+00	1.381394063514239434e+00	-2.175727262195708445e+00
nan	7.530056940438725199e-01	5.292996018860601781e-01	-6.683851498753776710e-01
nan	-1.089926366406002989e-01	7.144819833647086949e-01	2.259283453125364438e-01
nan	2.859546526261829147e-01	-3.850768026858155668e-01	-1.012600690677242898e+00
nan	-1.801297791689958849e+00	3.615272012184721911e-02	-5.430212470001770653e-01
nan	-4.904698329778345300e-01	-8.664333091907737705e-01	-1.687488270632355181e-01
nan	7.383128330707863229e-01	-2.224805612411556055e+00	-6.140486037359222937e-01
nan	-1.170630751454146301e+00	5.839237765198175278e-01	-1.925026600629728968e-01
nan	-5.858010922188795488e-01	1.788021989624461794e+00	-9.069185861202923027e-01
nan	6.470045035623480656e-01	-3.611219878110333292e-02	-3.882502958674727278e-01
nan	2.594112486579752686e-01	6.467541742986040454e-01	7.562884261671012909e-02
nan	1.961290426241756313e-01	1.714749456165897801e+00	-1.125028729103555891e+00
nan	-1.215245729676282860e+00	-4.848181982888424280e-01	2.020940009230582646e-01
nan	-1.007903820754699753e+00	8.375856442087770137e-02	1.125222647600745418e+00
nan	1.424634712866337471e+00	1.231735533168832331e-01	8.703820167760587534e-01
nan	-2.124996359782268529e-01	6.190461819211966477e-01	-5.993704156869459343e-01
nan	-3.747180011937448207e-01	-1.954744561997097119e+00	2.807891151635478089e+00
nan	8.035463545606984503e-01	-1.400629376599130449e+00	7.270927623094328163e-02
nan	1.626152545119839532e+00	-1.078088643032943716e+00	-1.378200031682049520e+00
nan	-4.353490975892072012e-01	3.124535048137073168e-01	-1.335409162263451410e+00
nan	4.697150668858476319e-01	-1.360212362583132828e+00	-1.093265100085979213e+00
nan	-3.195022466279023865e-01	1.629572049711469628e-01	1.311740623172524822e-01
nan	-4.020058102097103306e-03	1.673004459400301069e+00	-4.329209807557287681e-01
nan	7.163275660882854057e-01	-1.154130815283110234e+00	8.808937384381178015e-01
nan	-1.567286712786729375e+00	1.810243448756957862e+00	-7.659656212812090414e-01
nan	2.686472243832961349e-01	7.566945679414940340e-01	1.922225777830011584e+00
nan	1.993726608308670212e+00	6.857618665064847407e-01	-2.494183810042998051e-01
nan	7.780213405647840030e-01	1.600086702606423383e+00	1.324498637710322668e-01
nan	8.278195644934862596e-01	1.252196148773203177e+00	8.535780233454827171e-01
nan	1.275112751083184781e+00	1.430941538012219016e+00	2.053752803938404092e+00
nan	7.262860035618027288e-01	7.585228722144686797e-01	1.831483897989715448e+00
nan	1.337109625627043608e+00	-6.789387064269918337e-01	1.111735957360234783e+00
nan	5.359412273811294813e-01	1.894398722911704303e+00	-1.278176870624726513e+00
nan	-3.595161360556711205e-01	9.164304978950907898e-01	-2.228696522499255817e-01
nan	2.584619278825182054e-01	8.024152772956335555e-01	-5.445595902293842716e-01
nan	9.624880242354832971e-03	1.281313253340102598e+00	-3.654059828299123514e-02
nan	-9.443358958439347361e-01	-9.657974821680325173e-01	-6.606449506067344490e-01
nan	-1.225082752402608888e+00	-1.398627544392721411e+00	1.699719088209899143e+00
nan	-4.561637661622148232e-01	-1.369404264958745010e+00	-2.233558398574937875e+00
nan	-1.830372898344934107e+00	-1.225403216805658557e+00	-4.933889426683406576e-01
nan	-3.061600753843412015e+00	-1.823702340137475231e-01	-7.883877805418643137e-01
nan	-5.762572154040496164e-01	-1.667303948745516795e+00	5.707214524190338256e-01
nan	5.681602242482372001e-01	-5.380843455462862579e-01	-2.191308606305562290e-01
nan	-1.668610858950352882e-01	5.835874153073531412e-01	-1.674157463211094488e+00
nan	6.424085507643833015e-01	-8.401491543037005183e-01	-5.039367694678452692e-01
nan	-3.643002833632638104e-01	-1.779738976986238175e+00	2.285976058060937843e-01
nan	-3.314022572270705069e+00	-1.760512025398712321e+00	-5.168955895740895423e-02
nan	-2.010076098251564858e+00	-8.652814550163103746e-01	8.816580049875022418e-02
nan	-8.238796254276146147e-01	-1.668016243346428062e+00	4.390951987450995020e-01
nan	5.828666411814815707e-01	-4.309631634987839410e-01	-1.198180463828398379e+00
nan	-1.684666336908380524e+00	-2.645147869757371595e-01	-1.327209372519718267e+00
nan	7.420535065515034834e-01	-1.838722148543451729e+00	-7.262737208593184057e-01
nan	-1.963890270142768735e+00	8.269777273957068520e-01	-3.416547977509689082e-01
nan	1.381507126433169641e-01	-7.920831008467601464e-01	-7.741794607065950462e-01
nan	4.859269768705459791e-02	-1.751366824599294991e-01	-8.646790510395130358e-03
nan	9.076085602013795883e-01	-2.103060754928731124e-01	-4.071109275166016062e-01
nan	-6.198412124727283867e-01	9.461862256065323162e-03	1.035667960715672964e-01
nan	-6.935383084878825599e-01	-4.973131560772534043e-02	3.377089493325628466e-01
nan	-9.883055999168454120e-01	-2.611589260021649483e+00	-1.831662692582854968e+00
nan	-1.569839386037042539e+00	-4.763198452524494142e-01	-1.843379733309206792e+00
nan	-8.698187328626785231e-01	4.862052478702894032e-01	-9.465138740804421857e-01
nan	-1.462324982050546840e+00	1.459530369250903181e-01	1.390225521830939837e+00
nan	-2.227187989967395865e+00	-1.385615039988851382e+00	-1.257403092223965846e+00
nan	-8.999680745899725220e-01	-1.900217361882749589e+00	-8.893469632986945594e-01
nan	-2.208358825180916085e+00	-2.154911936242512649e+00	-1.421542962033136348e+00
nan	-4.029879483798193718e+00	-2.611773771741472849e+00	2.466728563247360118e-01
nan	-1.983766162689852619e+00	-6.940361590680979020e-01	-6.022956365186489247e-01
nan	-6.938214683485939283e-01	1.593996008818695520e-01	-1.351147644604956621e+00
nan	-2.159323413542771242e+00	4.272906359797725706e-01	9.819433498798106896e-01
nan	-8.711316369378784286e-01	-2.304262517235706742e-01	1.682731044302785639e+00
nan	1.691960470212775736e+00	5.815815917744930896e-01	-8.719517850617144461e-01
nan	7.824784347049051902e-02	6.366622505153771705e-01	-3.664689470980319053e-01
nan	-1.686344426298525545e-01	5.392942563085872942e-02	-1.189785701376015359e+00
nan	-1.388759758899400065e+00	-1.350293728032120555e+00	-2.660405116743239873e+00
nan	-1.915152756099217646e+00	-1.409897677196533028e+00	-2.529334775004063118e+00
nan	-1.644309046904624649e+00	-5.697356062765674967e-01	-1.479210469435038977e+00
nan	-3.814293479423208622e-01	-1.915135183719930190e+00	6.074337876779012380e-01
nan	-4.037614743637615300e-01	-8.975930827761868791e-02	-9.393810081541467127e-01
nan	-7.295212616644788373e-01	-1.692815984570685828e+00	-2.882628892638999241e-01
nan	-1.762974119264821837e+00	-1.805780971792030787e+00	-5.494863189031053974e-01
nan	-1.782428451666884905e+00	3.922183069774229924e-01	-8.715166899251187704e-01
nan	-9.136659476025308368e-01	-2.828623777740013612e-03	2.752666448455240444e-02
nan	-3.015192270668352048e-01	6.202036265882392430e-01	1.235932810520540444e-02
nan	-1.414523468139395224e+00	5.511981577280136158e-01	6.409077321439160535e-01
nan	1.886213478366807195e-01	-1.104614757865082231e+00	-1.308549563229415735e+00
nan	-9.718361929590065840e-01	1.011932927045626762e+00	8.468452205396170829e-01
nan	1.124814427788078941e+00	-9.908660107514826176e-01	4.385995394300949424e-01
nan	-6.194540583636559683e-01	1.517591596482158189e-02	-2.550098636542557529e+00
nan	-4.288893133493186793e-01	1.862128531952741139e-01	2.295321813618519391e-01
nan	-6.187416495516010473e-01	-1.195059371279326266e+00	6.600243916857234661e-01
nan	1.045850538413986452e+00	-1.198491492737840947e-02	-8.703274334049403427e-01
nan	-3.012729168897026466e-01	-9.970174848553510216e-01	6.633421836358159851e-01
nan	-6.553515392109729998e-01	-1.519177100191805074e+00	-6.534870703931549007e-01
nan	-2.031921736902456033e+00	-6.277759282119079742e-01	-2.396504032420921693e+00
nan	-1.878853045283327194e+00	-2.761104999409062177e+00	-1.559364106369805825e+00
nan	-6.634451992726773106e-01	-1.361790795595849479e+00	-1.690898170414848245e+00
nan	-1.110984987906347143e-01	-9.295753774666493108e-02	-5.666894877177184320e-01
nan	-1.507181833406259885e+00	1.361754381283879045e+00	3.606312937411024766e-01
nan	-1.098805397672949935e+00	-7.563857528852954704e-02	8.611418308767277985e-01
nan	-1.515265834660242561e+00	5.308342440881975710e-01	7.127448034048456948e-01
nan	-5.600000307103383257e-01	3.816928824233659645e-01	2.372310182049167104e-01
nan	8.705291437152355982e-01	-8.389164033302864976e-03	9.697510573080847518e-01
nan	-1.101167611994358086e-01	4.862311738155411511e-01	-1.330570403681341496e-02
nan	-1.289533732343757455e+00	8.255194287225675609e-01	6.420898102686812825e-01
nan	1.147647741813432543e+00	-1.458082189096894021e+00	1.979597580571647697e+00
nan	-1.366001472568367792e-01	-1.827160956027217564e-01	7.730737361749343561e-01
nan	1.166602122330918201e+00	5.090713942024067684e-01	9.963509277224147365e-01
nan	2.689009871124420359e-01	1.185930043782772891e+00	9.228693448173310721e-01
nan	2.707574446263802059e+00	2.368880707483696835e+00	1.842373882278398156e+00
nan	2.041317697264322106e+00	1.930241701562321666e+00	2.432528301617276956e+00
nan	1.236813930739165457e+00	-6.384360328372111759e-01	-2.446083592540373441e-01
nan	-1.140986247167427470e+00	-1.357804846725833292e-01	4.704736230270688546e-01
nan	5.841143605804638428e-01	-2.492606250030590387e-01	9.929142094809721986e-01
nan	-1.738775006455415495e+00	2.007643993895591172e-01	-1.676150817899292322e-01
nan	-6.082444214708268015e-01	3.868379801218319036e-01	6.824477719626910188e-01
nan	-1.407227703749618142e+00	1.489454493616074071e+00	-4.900410977581015626e-02
nan	6.433812851651039555e-01	-1.861085343186715368e+00	1.177645941450594425e+00
nan	2.687213651489633870e-01	1.397882207070445970e+00	6.622661890557353104e-01
nan	2.211832879468143886e+00	-3.335798926577232537e-02	5.561704090802388478e-01
nan	1.448500171918693846e+00	4.102721679134765931e-01	9.539978890545635082e-01
nan	2.253020945614222725e+00	-9.729094740202614000e-01	-2.788310663943157075e-01
nan	1.287553057489857489e+00	2.233466961384494187e+00	-6.416994393824448917e-01
nan	-2.675834846492989305e-01	3.212860060369050474e-01	4.021909354133510472e-01
nan	-7.215192157962926900e-02	-1.431823501680396404e+00	1.314699408540693781e+00
nan	5.850448188468955202e-01	4.169532765167557331e-01	-1.717334512401870739e-01
nan	-9.739028188787519635e-01	-2.663414199781751757e-01	5.804932374128762840e-01
nan	6.293745921423293810e-02	5.349339971873284805e-02	6.877383509551152629e-01
nan	-5.227350302742328481e-01	8.901881015902748245e-03	-7.496697881929517138e-01
nan	-1.455919961160572873e+00	1.298223128087203082e-02	6.178850981410946019e-01
nan	9.520554732919830343e-01	-2.027278795731071614e+00	4.942937429377655123e-01
nan	1.442772757097903646e+00	4.892570057019994256e-01	-1.430493669247462130e+00
nan	-1.125919106143679960e+00	1.142974262745900083e+00	1.680477729913931739e-02
nan	1.504316275926133317e-01	-1.351075450368166286e-01	5.969234083666671298e-01
nan	-6.422712718989755931e-01	-5.900325481460172439e-01	-6.773420569647571332e-01
nan	-1.130930764110785525e+00	-7.841786072884041614e-01	-5.433050080377845870e-01
nan	1.356108861433253487e+00	-4.010286058600351922e-01	-1.200544436280828742e-01
nan	2.278329452544069211e-01	2.102670991222880481e+00	-7.552332554702239076e-01
nan	6.860055947169434454e-01	8.516129754260925999e-01	3.583606813392782864e-01
nan	-3.812859081025632424e-02	7.261790437976731738e-01	3.597133915739282872e-01
nan	-2.661370991184263790e+00	4.321187118279781747e-02	-1.283939034768579068e+00
nan	2.154577781486333166e-02	1.123723528883946443e-02	4.957090966080529570e-02
nan	-1.518346426320690723e+00	-6.481076474915886676e-01	4.005908583986482752e-01
nan	-9.779558951098704656e-02	-1.321649658332805455e+00	2.531657775416021328e-01
nan	4.674689834036586666e-01	6.038221491749852232e-01	1.969751414548078783e-01
nan	8.341822288709654920e-02	-1.328640905710988029e+00	1.384887265060621875e+00
nan	7.981838064176550729e-01	1.299405414410764292e+00	2.946640198998529692e-01
nan	-1.189132598771861504e-01	-9.104575162136064881e-01	1.894172604837667473e+00
nan	-7.795453767460756023e-01	3.866593985581846527e-01	1.739253650378132843e+00
nan	1.637378411693465097e+00	-9.195017784763753754e-01	-4.077272949408836666e-01
nan	1.865402604805801723e-01	-1.821184286869242941e-01	-1.401622590193354112e+00
nan	-4.238774310163335723e-01	-1.407895311009695893e+00	-2.362412605651710518e+00
nan	7.298451007395554413e-01	9.328951433703279728e-01	-1.520215687964625806e+00
nan	-1.074265788029620472e+00	2.373238215813597285e-01	2.772022076286255188e-01
nan	6.904604589674206983e-02	-2.058300713873409404e-02	1.271719799397090789e+00
nan	-1.777648233377823184e-01	1.357495221831007459e+00	4.143345857703500390e-01
nan	-2.576482079521356661e-01	-6.854353012411266155e-01	8.927013752074198782e-01
nan	-8.574822426826835819e-01	3.319993860856811918e-01	-1.391237281612053289e+00
nan	-7.984733916305327694e-01	1.356815022600960929e-01	-2.005477925124080352e-01
nan	-1.205822029398657458e+00	7.225237625576004241e-01	-7.292093047895442659e-02
nan	-1.075123040964583554e+00	2.260784271317790861e-01	-1.922839963410310160e+00
nan	-5.909261471539763999e-01	3.622309074892990366e-01	-1.145351801478613929e+00
nan	-1.540691213378118096e+00	1.357070097708686474e+00	-1.613183219642166932e+00
nan	-6.131175611719119622e-01	6.502684386687695994e-01	1.202516199350535331e+00
nan	-4.450807874682207177e-01	1.033944757886922527e+00	1.526717080044175390e+00
nan	1.274486107644496879e-01	5.797925203878644407e-01	1.420421370141938588e+00
nan	1.168352743916653225e+00	-6.707159778608368095e-01	-4.354105223320292595e-02
nan	4.889283613148935892e-01	4.535291797715658713e-01	-4.555696197934742120e-01
nan	7.684745167371368479e-01	1.221037464841391085e+00	-2.014438843973481053e+00
nan	1.299755895153430707e+00	1.646896516888081141e-01	-8.513099097686336325e-01
nan	2.885104987228831241e+00	-1.324876695884573463e+00	1.615014636917279089e+00
nan	8.728452679203599907e-01	-1.027106531968831615e-01	-2.640001691650638582e-01
nan	3.708397430142787998e-01	4.615627633199025359e-01	1.291108211881741297e-01
nan	1.182200110404101334e+00	7.807079460115864400e-01	-4.886064441991104235e-01
nan	7.608485923844199306e-02	-6.575614365195847633e-02	-8.441414265720550425e-01
nan	-1.459520320464274379e+00	2.678947119357069084e-01	7.023619045996508659e-01
nan	-1.137681543003139062e+00	3.600932036575332784e-02	-8.121537509568055313e-01
nan	-9.146126013295572399e-01	-6.532537165640852628e-01	7.843324513838113576e-01
nan	-6.132222695127310663e-01	8.641929271834336568e-02	6.121587747497422294e-01
nan	9.318759386038604209e-01	-7.169138871745912578e-01	8.398272069936036921e-01
nan	1.643761800524977446e+00	-1.282048278492090132e+00	-8.745590861183615283e-01
nan	-1.235303234929408189e+00	4.655778700476320697e-02	-3.948242499315988141e+00
nan	-4.797719160641444880e-02	5.442265956490770495e-01	-2.242180511869345860e+00
nan	-3.751419097853868623e-01	-2.698431568772600153e-01	4.100604897602500021e-01
nan	4.836543743752375613e-01	1.126064524341285900e-02	1.963562780799428031e+00
nan	1.434047294332749800e+00	9.493877001011713501e-01	1.483822194305216557e+00
nan	-2.020956066037784993e+00	3.091168794241758722e-01	2.383867819121599840e+00
nan	6.796399428991014569e-01	-1.604430549752007273e+00	-3.859636190166801928e-01
nan	-1.835427920054861550e+00	-7.277166278605043948e-01	-6.627944555827515183e-01
nan	-1.440958636040020391e+00	-1.328725263902348352e-01	-1.106202802695890330e+00
nan	-1.160808200324883188e+00	-1.253403019702021615e+00	8.349132903991212107e-01
nan	-1.628881105727075229e-01	-1.809255008292900424e+00	-2.371394786120468723e+00
nan	-8.305165091644315378e-01	-1.807082007340826468e+00	-1.294057747185507701e+00
nan	-2.098599309738589547e+00	2.956262136617493486e-02	-1.944351954426151163e+00
nan	-7.359247980463693439e-01	-4.961679593074699857e-01	-8.145885967461812260e-01
nan	-3.260788692186981308e+00	5.127309565810174163e-01	-2.206293131851422729e+00
nan	-9.919367729162376079e-01	8.494909189737753774e-02	-1.021903767413667730e-01
nan	6.484748181521077237e-01	4.747326202862142130e-01	-7.204203860938956927e-01
nan	5.962268922359180712e-01	-8.300270389855228803e-01	-1.226969447351276665e+00
nan	1.152381620898240255e+00	-1.321540430400246213e-02	-1.035238016218716917e+00
nan	-3.836011468536041913e-01	8.454523673659858352e-02	5.272745037699901882e-01
nan	1.642304447038530485e-02	-5.817497201014383279e-01	-1.987055924744771662e-01
nan	-7.708041856400154046e-01	-2.131973873690375054e+00	9.323190038909909272e-02
nan	-2.808990590292437250e-02	1.254479568844087956e-01	1.993981546388846615e-01
nan	7.542085533167829370e-01	4.312818627662075022e-01	3.963706536878502940e-01
nan	3.996864553020229582e-02	1.213573355919745467e+00	6.066998097819563673e-01
nan	-7.388609575703148913e-01	4.228087484596440015e-01	-2.557485000677943709e+00
nan	-1.495380066206753122e+00	1.445258320107042582e+00	-1.213938938306013515e+00
nan	-5.710181306787356359e-01	-7.607875018350347407e-01	1.732207535544344035e+00
nan	1.297043308919182403e+00	1.240662084065823123e+00	-5.716669238891691762e-03
nan	2.333206184939087269e+00	1.906336527976525419e-01	-3.380891659140738970e-02
nan	-1.380517657014431077e+00	8.094392781367181211e-01	-2.800032504947834178e-01
nan	1.232454555404113306e-01	-6.141426392061509476e-02	-1.172027605923228744e-01
nan	-4.956940321700421537e-01	1.563770595952722386e+00	-1.589103221731091642e+00
nan	-1.052403409811255797e+00	6.456436461591887888e-01	-5.373157655377652775e-01
nan	-2.486080996671904408e+00	6.435809067632933811e-01	-1.015801666185203178e-01
nan	-6.697734253449432185e-01	-9.226418089572087089e-01	-6.589088060492317434e-01
nan	-4.934427720695426789e-01	2.795215540140242871e-01	4.377924757598727901e-02
nan	-1.780866571539587495e+00	1.374746921727797666e+00	3.240883231023308775e-01
nan	6.967414058959709999e-01	2.019740141933890509e+00	-4.173938537272300353e-01
nan	1.292938986782383504e+00	3.649534861630208682e-01	-2.213547326585516561e-01
nan	1.105461415431342909e+00	-5.597539964909714616e-01	3.292857553555721406e-01
nan	1.231363474882921416e+00	-1.869207298547000295e+00	9.519195647878647693e-01
nan	8.184338150295743242e-02	4.533071224630240148e-01	-1.189504197468046198e-01
nan	2.776147105750560451e-01	1.358151144222920603e+00	4.094897545468560440e-01
nan	5.526540924464405924e-01	-4.224522389667513256e-01	1.973048258524428888e+00
nan	1.949923733578890817e+00	-4.179079018612969487e-01	-4.213121294630708946e-01
nan	-6.171133732801297178e-01	1.599216087688533516e+00	-7.629628710161120431e-01
nan	6.496026357536097695e-01	2.000965182930103392e+00	3.426795256927818722e-01
nan	5.309392253025146946e-02	3.289798766329643520e-02	-1.249673953441513552e+00
nan	-3.002456868210936491e-01	1.712880100448372633e-01	1.431809394748585484e+00
nan	9.300140239683793997e-01	-1.497551158027768059e+00	-1.297988647250807870e-01
nan	-3.130920964323675726e-01	-5.048935596784466240e-01	-2.115003030888975011e-01
nan	3.379103529364195224e-01	-7.092617728556278589e-01	-4.129340924281009184e-01
nan	-8.714156275640337901e-01	-1.508943869942179328e+00	6.305855661711727844e-01
nan	-8.051279648901723540e-01	1.455230033956264268e+00	-1.166900115011627825e+00
nan	-1.455337048604760097e+00	8.091589269440573329e-01	3.024963339874448542e-01
nan	-1.011336870909480323e+00	1.436169432181342742e+00	8.873646509272445915e-01
nan	-1.094140561193269079e+00	-2.074454908831903643e-01	1.566856881654471456e-01
nan	-7.970800250409169063e-01	8.244775231331669119e-01	3.354269623166526992e-01
nan	-3.595183171949644096e-01	9.650822975345131338e-01	1.090474489243272727e+00
nan	-5.905970584470132678e-02	3.242231658666996919e-02	9.453067278961935216e-02
nan	-2.546223870927098454e-01	4.636898332648691223e-01	1.254416558635994328e+00
nan	8.994146091512940089e-01	1.063177158422318636e+00	-9.360402769451092730e-02
nan	-1.435486039590398999e+00	2.284853027957072791e-01	7.315761216014140533e-01
nan	3.779170658331336696e-01	-1.327790240200249494e-02	5.369641236548997609e-01
nan	-4.069791096652377593e-01	1.323173708352739730e+00	-1.236364144345004357e-01
nan	1.014607953202757429e+00	-1.359618115638187019e-01	4.505051386425575899e-01
nan	2.070841029769558084e+00	1.511580594243151054e+00	2.212706757276771796e+00
nan	2.341662167153466534e-01	2.396968256607365788e+00	1.604136593163961955e+00
nan	4.152165005906827133e-01	1.687848640750037266e+00	6.013898711205480918e-01
nan	-4.974588002333719672e-01	1.159623812225099027e-01	8.308618622410650634e-01
nan	2.401403918963702089e-01	6.168650187650270844e-01	6.726956089243978365e-01
nan	6.210585494738467549e-01	7.196713386128719137e-01	-1.669557380094128129e+00
nan	1.606728218735946179e+00	3.491874508467914806e-01	6.676782163361407729e-01
nan	8.090896501701534405e-01	4.061606495656446270e-01	-2.656304903835408293e+00
nan	-8.973740353997711194e-01	6.077084326718794616e-01	8.910550549109377272e-01
nan	-9.829867947485697588e-01	2.048838031870675036e-01	1.331509326179906694e+00
nan	5.604096424293423251e-01	7.863429244707087484e-01	1.333407926374458707e+00
nan	-8.732836242162369533e-01	-1.515578350277179132e-01	1.344828344017162003e+00
nan	1.354232578780675711e+00	-1.408959437652870017e+00	1.130221146665298937e+00
nan	-1.205731466619892389e+00	1.099817303942446589e+00	-3.198606363811891673e-01
nan	1.874332930137473374e-03	3.152763741604709957e-01	-3.832722167415390513e-01
nan	2.242224779648225308e+00	3.738503630326285854e-01	-1.180795756179480044e-01
nan	3.513773048025474188e-01	8.230644912126109380e-01	1.186710867671830982e+00
nan	8.922924195207089237e-01	-4.479508089709838270e-01	-2.087651191949325691e-01
nan	-4.178006864938155207e-01	-1.561767042838232422e-01	1.043638912455538970e+00
nan	-6.561324951986730047e-01	-2.671441507773256174e-01	-1.624500620117284244e+00
nan	4.961800456209238819e-01	-9.832811884277893322e-01	-1.253968583449573515e+00
nan	-6.385596226567914480e-01	-3.607361515723410128e-01	1.746789887985164214e+00
nan	-3.890300749884142428e-01	6.513191314518238517e-01	1.277225091245857147e+00
nan	6.622219225096999118e-01	-7.771285919989120439e-01	5.561273226135146075e-01
nan	-7.085761140855721951e-01	-4.645103261960952246e-01	1.358409043741480415e+00
nan	-4.751708251027220165e-01	4.264045903470998211e-01	-7.516864281011568227e-01
nan	2.270083158019809755e+00	9.386330581610421997e-02	1.108891102148966468e+00
nan	7.698536610336834674e-01	2.279461429585963206e+00	-6.096747533383002349e-01
nan	2.659298029133411734e-01	3.390004053933028949e+00	6.712945057352025513e-01
nan	3.030121803465536168e+00	1.732470161333492520e+00	1.362533136907935205e+00
nan	2.007210684706231429e+00	1.436867974166646800e-01	1.350435437779722303e-01
nan	1.330750305087740060e+00	-1.354648925064011022e+00	-8.781481060111897552e-01
nan	-3.085292500180486508e-01	-7.028706491444191018e-01	-9.918097356645283469e-03
nan	-3.477762372287171444e-01	-1.405532905491455153e+00	5.015175522388276574e-02
nan	-1.160765360301517224e-01	-1.752888900718573062e+00	-2.033240069412504958e-01
nan	-2.145934489946107249e+00	-2.720669358596583542e-01	-9.147598441389583890e-01
nan	-5.699319090286647516e-02	3.474524482825294136e-01	-1.731872745646517442e-01
nan	5.689328047027640556e-02	9.284048167556925302e-01	9.409079744629951225e-01
nan	-2.496239578832289974e-01	-2.137331826668043444e+00	2.505704604662826185e-01
nan	-7.120441144423548252e-01	-7.837012519853192583e-02	-4.030896521861656590e-01
nan	-1.307457383176030830e-01	3.499922160463702081e-01	-1.052952424307294077e+00
nan	-4.793918690287396478e-01	2.090180731200110831e+00	5.354982867537957381e-01
nan	-5.719109881654085292e-01	1.495618525129633003e+00	1.497374296150826289e-01
nan	1.630464542363780023e+00	1.666103830894093862e+00	3.191022468580789750e-02
nan	1.858399623959537728e+00	1.437568507439654031e+00	3.528342732885413335e-01
nan	-7.882775297302968553e-03	-4.446838495115980061e-01	1.394521120873155162e+00
nan	1.740223606145211210e+00	-1.267311211705880458e+00	4.040294335731500208e-01
nan	5.876307767181623287e-01	-4.761950133366197324e-01	-2.169340636651621246e+00
nan	6.122823334260829586e-02	1.705413628797970427e+00	-5.921729534308016740e-01
nan	-4.002156870336846528e-01	-8.300240568050736290e-01	-5.017087873855881064e-01
nan	-1.417812707116993254e-01	1.111922363156842897e+00	-2.486703496151482229e-02
nan	-1.532239423573167336e-02	-1.414740760945052855e+00	-7.657787307338627114e-01
nan	-6.793165789721750114e-01	5.084320096335060990e-01	-1.951588885602832946e-01
nan	6.633959312762055527e-01	-6.516491315664374451e-01	-1.433331719319576314e-02
nan	-5.040952777912024452e-01	2.655409575766213282e-01	1.432819783513802570e+00
nan	6.952261213057023825e-01	5.952727695760332560e-01	8.603665616671115624e-01
nan	-1.692971133646619109e-01	2.349119398481543664e-01	-1.092019117720706589e+00
nan	-6.714622517949662139e-01	5.691230922781635726e-02	7.696688793104777826e-01
nan	1.991168164606889279e+00	-1.205631963196782230e+00	-3.535095379059102205e-01
nan	-5.067941680335037447e-01	-2.459306688425144938e-01	-9.679323631657710258e-01
nan	1.154164892117963692e-01	1.716980082463160473e+00	5.706151195658289987e-01
nan	-9.417053868822976570e-01	1.121282328502750003e+00	2.031493800119084092e+00
nan	1.109822671762167312e-01	1.325693862031462444e+00	-9.769607320845388188e-01
nan	7.727477150798363059e-01	-1.867810151994403034e+00	4.741643731437340525e-01
nan	-1.664322885107287542e+00	-1.037193573548487624e+00	-7.591042699478929290e-01
nan	8.255234953057333236e-02	-6.369300254091136981e-02	2.839468754258770433e-01
nan	-1.455525169672514663e-01	-3.046543139325550431e-01	-4.693640988235901756e-02
nan	5.135843113155431627e-01	-2.661129266890686074e-01	6.883760898482843560e-01
nan	-8.845661642947681980e-01	-1.268836165580861652e-01	8.239509010399255207e-01
nan	3.018769075273911584e-01	1.612662763466937044e+00	-5.705167533972995697e-01
nan	1.918927116358717377e-01	1.635350989003073074e+00	1.928056305396708137e+00
nan	6.646032925567160188e-01	5.382346868560674569e-01	3.179424011491667201e-01
nan	-1.640407332745431379e+00	-8.844807864163167777e-01	-1.212649859947097841e+00
nan	-1.152887554478825294e+00	1.156939153278696120e+00	-1.407787707481277462e+00
nan	-3.308126091544563163e-01	-1.153437270080731603e+00	-1.545734540331954454e+00
nan	-3.139666542051363862e+00	2.352517604138865681e-01	-5.268802607759477397e-01
nan	-3.029616896567857154e+00	-5.836605352276041936e-01	2.045347779719071668e-01
nan	-1.801879562717258132e+00	-4.368772104222711228e-01	-6.871784027278272922e-02
nan	-9.461699079353212971e-01	2.832759468562828786e-02	-1.451443383108441676e+00
nan	-1.641241162247297769e+00	1.119023038118689861e+00	-1.700826466633096334e-01
nan	-1.120827461251880930e+00	-3.470285083233899948e-01	6.091761935234065728e-01
nan	-5.897732414461471784e-01	-1.867461897926211978e-01	-7.015034681523239779e-02
nan	-6.375324678848635074e-01	2.030143986288735491e-01	-5.432857227872014416e-01
nan	1.188183069306915307e+00	-3.033331190340828876e-01	3.329024404898677791e-01
nan	8.407749059198723618e-01	1.289146352656118655e+00	-1.131046041227755428e+00
nan	-2.882902164100836218e-01	1.204987072957479644e+00	1.194926179826572010e+00
nan	1.197682733007335409e+00	1.193457485409395780e+00	-3.118751733246949431e-02
nan	1.692950919995867221e+00	-1.772788972943443175e-01	-6.538635521122757588e-01
nan	-8.121521719593376432e-01	1.215946879696938598e+00	2.316512896060340665e-01
nan	3.484224385559748782e-01	-1.280897827224872332e+00	8.563660970734077171e-03
nan	7.575213065956842851e-02	-2.704381909816486740e+00	-9.122108914859257123e-01
nan	-1.649238357767791596e+00	2.147621742714325155e-01	-2.259529443827865691e+00
nan	-2.415606009815272515e+00	-1.582498930457330255e+00	1.863934273966297184e+00
nan	-2.017109300125397908e+00	-8.473052093270924123e-01	9.773332897059332502e-01
nan	-1.144420543485893837e+00	-7.069578739352548880e-01	-1.889173828432090529e-02
nan	-1.815067242813332538e+00	-6.323789554537950774e-02	-1.072835970207984962e-01
nan	-9.055999143275679231e-01	8.457005722801855807e-01	3.719656164297239220e-01
nan	1.508264510344620835e+00	2.610996319462605686e-01	1.648945686677507627e+00
nan	2.039519050497387909e+00	1.966114281044470724e+00	7.941813901210785787e-01
nan	1.364564979913783560e+00	7.873371885044434526e-01	-2.963082255280300448e-01
nan	4.189893813353538499e-01	1.576074640249653047e+00	-3.145910662435816851e-01
nan	-8.739722573722753518e-01	2.007388579715990717e-01	2.213715283084655372e+00
nan	-8.032116041976672394e-01	-7.465574757133177641e-01	2.505214494391283520e-02
nan	-1.897005252973587242e+00	-1.087641627669506894e+00	1.425637197284769897e+00
nan	-7.291558161986211317e-02	-1.780688240385192023e-01	9.360233254499538136e-01
nan	-1.373271635536884361e+00	-1.625715284013306894e+00	5.338907601699574013e-01
nan	-6.595637763839578005e-01	-1.482579212114188305e+00	-3.942618751390348231e-01
nan	-5.548737506372007910e-01	8.832901472541442311e-01	5.811907882189936148e-01
nan	1.935752681881810489e-01	6.641630614397027177e-01	9.762901724276307203e-01
nan	7.657270175893586828e-01	1.835507728751670231e-01	2.153204165714807328e+00
nan	1.744210084983061293e+00	7.527257339470597719e-01	7.707795925203539955e-01
nan	6.796051797035668196e-01	-3.308399371257673138e-01	9.311403291654726244e-01
nan	1.130516019415940043e+00	1.343815194747292052e+00	1.727634140689762454e-01
nan	5.369245178718111688e-01	7.962580799663655506e-01	-1.982045842832843019e-01
nan	1.712073275901157876e+00	2.199318022073354584e+00	4.098921032804935249e-01
nan	1.223717143822427467e+00	1.896597229789255490e+00	3.002046568791663095e-01
nan	2.192397216924920400e+00	2.463739173507070168e-01	-3.758433912785377196e-01
nan	1.515856791726571728e+00	1.191730930140574962e+00	1.361839811210218687e-01
nan	2.399201694830470188e+00	2.485925176263415359e+00	-3.786815890939365659e-02
nan	-3.258050530250271581e-01	1.193323619731985641e+00	1.307662517038129302e+00
nan	2.029493766983639369e-01	1.406249192583001850e+00	1.452769680763809745e+00
nan	1.842053077435520159e+00	8.130130924502873002e-01	3.072486096383283183e+00
nan	1.910119296256893806e+00	1.896482150858020965e+00	1.035071817909341441e+00
nan	1.469126892402988105e+00	-1.882422511762185113e-01	1.325195072013591435e+00
nan	9.684844435086794601e-01	2.019698582804348441e-01	1.035430463810328661e+00
nan	6.290269985146612619e-02	7.993959341273892960e-01	1.774840776969679457e+00
nan	1.610090182751491295e+00	-2.157829858809667822e-02	3.700742364294529740e-01
nan	1.154199536469989962e+00	-4.319149133652663286e-01	-8.082807468179423194e-03
nan	5.761412389336361128e-01	8.691449416322558630e-01	-4.608832907526483336e-01
nan	2.413062885363999932e+00	9.766314227173762408e-01	6.353810359929352725e-01
nan	2.720247273043775449e-01	6.334264954993606977e-01	1.202355961480910507e+00
nan	1.052368278009505165e+00	-1.387267926267738538e+00	1.941705756444434439e+00
nan	2.051292791320624698e-02	-3.823059904918245100e-01	8.723199899819396030e-01
nan	1.435525176861091934e+00	8.133690916970551799e-01	-9.851699235912346753e-01
nan	5.453555912131622385e-01	6.985911131925359729e-01	1.376933917724076695e+00
nan	3.106110749844399166e+00	1.944568154321006492e+00	5.331880806411817275e-01
nan	2.189527823033166065e+00	3.178418757717623500e+00	1.786934364405575071e+00
nan	3.797183295960959271e+00	4.795885341030541316e-01	1.912659906129507537e+00
nan	1.200248904628821833e+00	9.068223750607028455e-01	5.269411674676036661e-01
nan	1.139266900374259706e+00	2.250633808040561346e-01	3.859570944249668401e-01
nan	3.396644876212120412e-01	-5.038013931365618037e-01	2.216032388782148699e-01
nan	-1.347512151489806076e+00	-5.304264433608861795e-01	-2.679160908383591555e-01
nan	-5.822021786053923620e-01	-8.288161134680356312e-01	-3.051084346734374009e-01
nan	-1.468805387533968165e+00	1.801187193250718410e-01	-1.972475129309419373e+00
nan	-1.460960865356681015e+00	4.790238833196663881e-02	-6.835791738411156615e-02
nan	9.303421108133963502e-02	-1.477402985713785144e+00	-7.242345480545080427e-01
nan	-2.061562390583320692e+00	1.923455680909514687e+00	1.039344449162008965e+00
nan	7.778537740476509921e-01	4.322343848852734371e-01	1.152729907606213189e+00
nan	-5.245505412359925401e-01	1.546744218136810733e+00	7.772945121066705543e-01
nan	-1.047339875205865578e+00	3.249502875966110427e-01	2.898003677612610018e-01
nan	2.866529891965140520e-01	-9.310616890339976637e-01	-1.782884704274994847e-01
nan	9.146746332140118230e-02	-9.319447195382885019e-03	-1.659914310963575668e+00
nan	-1.749017358536465006e+00	-1.229763025277437638e+00	-8.733201729576259842e-01
nan	-1.224441246905861425e+00	-4.717747364052041759e-01	-1.113677133740434311e+00
nan	-2.081664364087533414e+00	8.935886866315583266e-01	-5.677082154108689105e-01
nan	1.268645317357884217e+00	-7.589741836011687504e-03	-1.624146715562996501e+00
nan	-6.611407523799623931e-01	-4.422479222160808354e-01	-6.524744687848643698e-01
nan	-1.511984824425725460e+00	-1.412698330176563433e+00	1.779404903571888408e-01
nan	-2.632839898121055455e+00	-1.871957781098528395e+00	5.183441987001717877e-01
nan	-2.462335901166643470e+00	-3.053499717366925381e+00	4.393478138919715281e-02
nan	-1.228951360716681762e+00	-8.260136474437425047e-01	-1.768813414751631452e+00
nan	-5.051780051538138361e-01	-7.078320220840966792e-01	-2.010043875498233490e+00
nan	-1.299234041153436436e-01	-1.746957506013377515e+00	2.255083170032086137e-01
nan	3.637313989032944228e-01	-2.035282247665336719e+00	-5.654613633266886152e-01
nan	-4.002977689551537877e-01	-1.536535118532797450e-01	-6.668375380304941702e-01
nan	7.934594233606051539e-02	-1.214169307281217192e+00	-1.263278049172639861e+00
nan	1.143192766877182409e-01	1.106471320761956534e+00	-3.497441053422314927e-01
nan	-6.360877605440558025e-01	-3.405377834422389505e-01	1.382200363443349067e+00
nan	-5.609153879823987054e-01	-2.688617186078188226e-01	-5.489345210965196342e-02
nan	-1.487252960845084404e+00	1.267233795920651662e+00	-1.974970004592893624e-01
nan	1.189377216467668863e-01	1.575776754805903401e+00	9.252453891837200128e-01
nan	1.792225881703386481e+00	9.612800863223498471e-01	2.152204665848785670e+00
nan	1.463598182386494084e-01	9.979752970026205539e-01	-2.673194590658993786e-01
nan	4.856390428506760504e-01	-1.446613577870462741e+00	-1.284989961237395228e-01
nan	8.628004547900656185e-01	-2.201472140122080923e+00	-2.981137448331231954e-01
nan	-5.186448139717165784e-01	-5.907115111645375727e-01	-3.808393025672018317e-01
nan	1.879100507322098990e-01	-3.558424774370062549e-01	-4.575967256260542460e-01
nan	7.191876119375257836e-01	9.576533071738937419e-01	-7.287447798542409094e-01
nan	1.338315625273009513e+00	2.993757457077206308e-01	1.889448463293582403e+00
nan	2.468306925888928305e+00	1.517957252221982856e+00	1.147573999535239642e+00
nan	1.633538558972207344e-01	2.101666966755638466e+00	5.435982772348912917e-01
nan	2.688584647954709972e+00	4.323298743021435353e-01	1.499956741579455688e+00
nan	1.023180338367299491e+00	-1.417361153834210130e-01	-8.149878887200465716e-01
nan	3.059404092768584493e-01	9.699005193121446045e-02	-9.864033533537823750e-01
nan	-1.934560027470008103e-01	4.765976115173925498e-02	-1.761907281883768661e+00
nan	-2.727229288862076828e+00	-3.623276534130641102e-01	-1.852293579330241413e-01
nan	7.760544694955693323e-01	-4.385576529043498928e-01	1.250577305738174161e+00
nan	2.245714085093594381e+00	-1.014064976689401210e+00	1.177912301793616834e+00
nan	-1.035562029635054504e+00	1.342623819774681593e+00	1.898033674907711355e+00
nan	6.214820082008198909e-01	-1.118220041376039919e+00	2.345320634783821800e-01
nan	3.826947399858058319e-01	2.930908758048121898e-01	6.303666763936011108e-03
nan	8.755343838470083240e-01	-7.762173072919805739e-01	2.779484162377569012e-01
nan	-1.400653245898091148e+00	-1.325996280146727768e+00	-6.143601515699702309e-02
nan	2.642344443533761744e-01	-4.323584322195324625e-01	-1.220399513367547151e+00
nan	4.669178423709987591e-01	1.452883128708065463e+00	-1.654237687847881499e-01
nan	2.361469908741291146e+00	1.674975285920059065e+00	1.187421543884584985e+00
nan	2.291183178845649149e+00	6.753796692561948589e-01	2.140961307675814940e-02
nan	-5.478744735202107918e-01	4.041078536197935667e-01	-5.133909016071649400e-01
nan	1.732872353504497087e-02	4.214622583315597026e-01	6.994211576542117559e-01
nan	9.509125555666209095e-01	3.914359331934951225e-01	2.446640253114478192e-01
nan	-6.250833262586863448e-02	-1.001320313942662077e+00	-4.970142601941821558e-01
nan	-7.798933986385053752e-02	9.130926380040735868e-01	-5.448299414271355889e-01
nan	1.656098662478316719e+00	1.036872065754567585e+00	2.260422999474921146e-01
nan	2.078901796598970453e+00	1.411453460264138871e+00	-4.504681154597611759e-02
nan	1.440886065657177806e+00	1.968947853162517969e+00	-1.304241376031862187e-01
nan	8.681110441185023729e-01	1.457153914147132356e-01	3.746289965458839966e-01
nan	3.550820490999303525e-01	2.682631461214642687e+00	8.733636919461514880e-01
nan	3.345445193834422071e-01	8.366874642412395202e-01	1.742437301983330578e+00
nan	1.988912060521634828e+00	-2.900479869452882165e-01	1.313595317400591655e+00
nan	7.312915562733193209e-01	-4.690749225561430258e-02	1.485854506688178089e+00
nan	2.238344431672213419e-01	1.824069800284594756e+00	2.584362755960601388e-01
nan	2.138491353300713826e-01	-1.481108728749052084e-01	-4.416571204723174215e-01
nan	-1.276491303924939535e-01	-2.712987120645962702e-01	-1.070460704669755070e-01
nan	-5.042610257585401490e-01	9.128246131064413627e-01	1.513239785039178997e+00
nan	1.254037542005350225e+00	1.597645954799746804e+00	7.852660717224612119e-01
nan	8.441696643869737171e-01	-9.144992758784997733e-03	1.512871866314019487e+00
nan	-1.468704888605429915e-01	-6.440316572377324800e-01	7.961286030470358099e-01
nan	-7.877331280774623190e-01	-8.695006281740574883e-01	-4.168907346295031013e-01
nan	-7.953917413087732147e-01	-1.809231255026959584e+00	8.242623540207122401e-02
nan	4.698320081823348371e-01	1.813756133975010787e-01	-1.127905078300508013e+00
nan	2.635606677636633810e-01	7.690917852245240383e-01	-1.036637235474521024e+00
nan	5.620624939101206419e-01	2.157511537330654983e-01	1.691394835141896147e-02
nan	9.970002732626818132e-01	8.141419598352412912e-01	-1.338230069776436215e+00
nan	3.900741288733463041e-01	4.887710538210099931e-01	-4.069276526822444007e-01
nan	8.725607165906120732e-01	1.445113735669308230e+00	-1.830649762527355007e+00
nan	-4.409219555131249080e-01	1.156697825503851806e-01	6.459953057802086951e-01
nan	-2.422151758040618497e-01	-1.027299041559032844e+00	-3.205505227256383316e-01
nan	-4.158688360013326757e-01	-2.098204136162372391e-01	2.314777582857607818e-01
nan	3.064861567060978009e-01	-1.564541672153997309e+00	-4.232517350999611683e-01
nan	3.310716477391881796e-01	-4.712205709874099924e-01	-1.605555579642926611e-01
nan	5.610657466667348103e-01	3.810048243894615938e-01	-7.189574327085428429e-01
nan	1.221733846368699750e+00	-3.544090552291184748e-02	3.241129336112358872e-01
nan	-4.089937442377322707e-02	-4.061607647801985244e-01	7.035994232943394433e-01
nan	3.316480312297094279e-01	1.449252083990573703e-01	4.736564851165295797e-01
nan	-1.087239095832240654e+00	-1.050469218704831231e+00	1.141856121315662165e+00
nan	-3.290239337938661301e-01	-7.161523077630883583e-01	-9.148382844101866918e-02
nan	3.520050821700859700e-02	-1.026216626725054981e+00	3.291983739483361759e-01
nan	1.008323073897941624e+00	-1.104152335967540255e+00	-7.722282479912029318e-01
nan	-1.164049189367974690e-01	-3.429742548804337043e-01	-1.317976961963217786e+00
nan	-7.888866287795877064e-01	1.271446077071799685e+00	-5.039415622171639075e-01
nan	8.466466918215096449e-01	2.165162679170435922e+00	-4.620053384463939650e-01
nan	3.564062917385074636e-01	3.519061905457452344e-01	-1.629513028306689648e+00
nan	1.037636926935805670e+00	1.161749820814755196e+00	-3.282680693508958081e-01
nan	-2.996161419627723088e-01	1.135219814508259928e+00	-4.367813941849997272e-01
nan	6.669449608413409170e-01	1.357342672141716777e+00	-8.019112293914006928e-01
nan	6.095363452993615150e-01	1.393254854944530940e+00	3.799379658391067727e-01
nan	1.429493731195601747e+00	1.389999226154477352e+00	1.991242741223438584e+00
nan	9.154987574615620627e-01	1.140108816128713620e+00	1.349638406703548288e+00
nan	1.014692339258181475e+00	-1.300801091200451953e-01	1.024354152635227777e+00
nan	2.266712378922826510e+00	-6.591988986212513613e-01	8.577718356223944518e-01
nan	3.528694154073321876e-01	2.095067731637228370e+00	-5.994853983333222613e-01
nan	1.887341411470736308e+00	2.234411505800663278e+00	5.141357254528439169e-02
nan	1.153890547238583419e+00	2.379759748455131607e+00	8.822993250013273503e-01
nan	2.743580754768099261e+00	6.714143456624298567e-01	8.102519360144506688e-01
nan	1.682439646171038250e+00	2.696178120549685531e+00	-1.501448638635359267e-01
nan	1.140475228103452698e+00	1.792871724429617952e+00	-9.562689977162808219e-04
nan	9.178559932513425945e-01	6.180973221042932453e-01	2.212946401205528879e+00
nan	-5.061899273242853603e-01	1.354846634123460403e+00	1.953134768161116641e+00
nan	7.851723167816860860e-01	-5.069141469930892319e-01	6.177151023830929066e-01
nan	-7.146206005351067869e-01	7.325767872108179812e-01	-9.788189387155800114e-01
nan	-4.747025982126507060e-01	-2.077361168000088631e-02	2.887660776966690879e+00
nan	-3.300434481341255610e-01	2.743827579747510903e-01	8.410171542736356587e-01
nan	7.735318356329017320e-01	1.581268243719231803e+00	4.609109694415415293e-01
nan	1.769206463849565258e+00	-5.626448352062370928e-01	8.248059420599559433e-01
nan	-6.781686571040916878e-01	5.278366669154876956e-01	-9.917466948490597511e-01
nan	-3.045217298815486306e-01	6.517469415989818327e-01	-1.099898897264950604e+00
nan	1.706949892505868815e+00	2.701750391603293444e+00	-8.714872349015215236e-02
nan	3.053122884114156221e+00	1.282260881950703091e+00	9.678273696087523748e-01
nan	3.044307815592245170e+00	1.558527237310202374e+00	-1.824835949908304444e-01
nan	1.504135051794262212e+00	1.801782213709759883e+00	1.802979258342631563e-01
nan	2.408754708505030706e+00	1.489020428545642316e+00	7.383473353667353578e-01
nan	2.744133965085308713e+00	3.573555300107296162e-01	7.098398170377382410e-01
nan	1.089051479492199714e+00	1.689084081780233060e+00	-7.236372928525212078e-01
nan	-3.715878134450179004e-02	1.185816534617847751e+00	1.780999482653857213e-01
nan	1.102475371119278735e+00	1.024159562991993067e-01	6.281640994341877171e-01
nan	1.272838395362338781e+00	7.168399616396754492e-01	-8.327193075632522978e-01
nan	1.096654665938231910e+00	8.379248701903005969e-01	4.622436043263893762e-02
nan	3.897807202985000274e-01	1.313702593517508621e+00	1.990184368470312160e-01
nan	2.912980498138341812e+00	-4.296722473243788087e-01	5.914413585867538403e-01
nan	8.251301384651221760e-02	-9.867882775360544700e-01	6.674935236343662037e-01
nan	5.739888066840984626e-01	1.661762414512344410e-01	5.722626860597914700e-01
nan	3.706226375729130273e-01	1.824962342223642509e+00	1.118875565226744584e+00
nan	2.040640386422835295e+00	5.640425642660942263e-01	1.485587920309085375e+00
nan	-4.542737748844327683e-01	6.238801382335642520e-01	-1.902720367670142076e-01
nan	-2.521809514574486211e-01	-9.057278641011851095e-01	8.706554505017579659e-01
nan	-3.894252279028726504e-01	-2.634518244337813453e-01	-4.236984829348545145e-01
nan	6.702903545244740524e-01	8.279592335127821112e-01	7.818167048304491829e-02
nan	-6.722779160951466437e-01	-1.876560523080787468e-01	1.138985549662826280e+00
nan	-6.420310454226571539e-02	-2.919250550288992052e+00	8.896508166733532175e-01
nan	1.846733121223951279e-01	2.575951286945632468e-02	1.825512013381165310e-01
nan	-4.255582584088087317e-01	1.315733077501123116e+00	1.353821717127147439e-01
nan	-5.412922741508725544e-01	1.536106134885516283e+00	9.558914340203724658e-01
nan	7.139707501136461909e-01	4.969132119915764534e-01	3.887380144928988535e-01
nan	1.357569790121398556e+00	6.371105637125223931e-02	4.054084965714402911e-01
nan	8.107264128030087225e-01	-2.565651576647254295e-01	-4.229008827412513716e-01
nan	-1.871819919758052064e+00	-8.158792408841352151e-01	-6.539141752386472550e-01
nan	8.558185098015880232e-01	-1.276556715641643969e+00	-1.949408853823269561e-01
nan	6.241856607997997575e-01	1.556059417128971001e+00	9.203310636231004649e-02
nan	2.284037547870876761e+00	2.182202081885900036e+00	-1.803742906157175252e+00
nan	1.152346172143949854e-01	1.655647080290294060e+00	-5.098220888018931696e-01
nan	-8.107212278402979866e-01	2.065125978577595056e+00	5.236407585051100488e-02
nan	1.527565491079497795e+00	1.460540149328386272e+00	-1.693022607630011889e+00
nan	1.748415149276002722e+00	-2.893644835579336494e-01	-5.184420177657957929e-01
nan	2.169696079429034974e+00	7.149066115646505182e-01	-2.958689441366567419e+00
nan	-2.536029245016696354e+00	1.876600030501306637e+00	-7.522843280555234768e-01
nan	-1.991930005092175660e-01	-1.443450938382593307e+00	3.905421483684427542e-01
nan	-9.680066097640960265e-01	-5.691993700925284116e-01	2.115783776956325912e-01
nan	-9.906085222249070288e-01	-1.672478957038362246e+00	-5.025142865351617250e-01
nan	-2.429097817210696064e+00	-3.239485014243396188e-01	-9.590192793183174302e-01
nan	6.541043930297025799e-01	8.602093295401525008e-02	2.989692649446292205e-01
nan	3.021711873549252081e-01	8.044884731890919460e-02	-1.342366442067858046e+00
nan	-5.599295399546929675e-01	-2.421598869929474374e-01	1.993373536961730030e-01
nan	-8.886873015809115817e-01	-2.100469502441282277e+00	-1.160122654160050948e-01
nan	-2.347406329796259961e+00	-7.314281534735108670e-01	-2.031345524762732335e+00
nan	-4.717084836827614147e-01	-1.072794269329720107e+00	1.253394716037184775e+00
nan	2.178080751042796859e+00	-5.624517921380465246e-01	-1.301441948390010594e+00
nan	1.031805393952969441e+00	-8.533195323869084969e-01	-1.314261761150722796e+00
nan	1.782291132944895384e+00	3.191338804161256149e-01	-3.740393822199974960e-01
nan	1.619622084092407821e+00	8.522592362157410673e-02	-1.530234196073496422e+00
nan	9.680234051425935515e-01	-9.440755839208485600e-01	9.512967684836279858e-01
nan	5.189249091303675954e-01	1.232248838971016669e+00	-1.030781121952373813e-01
nan	9.341953676400923667e-01	-3.671566934115347847e-01	-5.986153542336207778e-01
nan	-6.807624747786054087e-01	5.770297119224216953e-01	-2.851022142262549686e+00
