nan	-8.994268682130756032e-01	-5.258830358776055425e-01	-6.342370421902007172e-01
nan	1.690486814056509912e-01	1.938167494209644515e+00	-3.365515559385890976e-01
nan	-1.161361572441700352e-01	1.060525662080519238e+00	-1.014410236259198350e-01
nan	1.391644477379507250e-01	-9.064622180036461252e-01	-9.336155508695593852e-01
nan	1.063345061750650355e+00	3.307888517508309478e-01	-1.023793051895564021e+00
nan	6.681675466733635882e-02	-1.004956127621837503e+00	-2.936629264895017632e-01
nan	-4.023082287897477016e-01	-4.491869024414226752e-01	-1.070726852964180686e+00
nan	-3.189030009412792133e-01	-2.055789148370741337e+00	-6.575617115527038203e-02
nan	8.669591108987894090e-01	1.677574735981900211e+00	-1.534843536708422107e+00
nan	2.914432109415584504e-01	9.996762969066919080e-02	1.643212530489609691e+00
nan	1.629699152435824416e+00	5.223750924869136059e-01	2.942039962724904978e-01
nan	-1.300477324480348251e+00	-3.714369265718460156e-01	1.897237161597628896e+00
nan	1.307897857778788087e+00	-2.142459980424043398e+00	1.294166827030754696e+00
nan	7.333822537312610912e-01	4.506808409903940715e-01	4.025865158778661468e-01
nan	2.467010146873210630e+00	-1.537594316773113756e-01	-4.875772084396401418e-02
nan	3.926460864828348885e-01	9.317045890022159771e-01	-8.568392354768754604e-01
nan	-7.944294905126702000e-01	2.800362972433479980e-01	-4.703358944363513761e-01
nan	-3.052387917057413635e-01	1.890116564024422185e+00	-2.102144992241101296e+00
nan	-1.556349410910954134e+00	1.713672891252701058e-01	-1.612675183594691974e+00
nan	-2.608930852252815846e+00	3.201306853476685310e-01	1.601777768296581028e+00
nan	-7.455917902289831423e-01	-1.429615475904414179e+00	1.657283757751288888e-01
nan	-1.012942354611295670e+00	-1.667630448925073727e+00	3.321864131508914242e-01
nan	2.786259170495550830e-01	1.370875618567843901e+00	-1.746121370555120178e+00
nan	4.062510131490623122e-01	9.331551783479778983e-01	-1.106151788739789366e+00
nan	-2.488646187516283081e+00	2.394669120927362671e-01	-2.502173635620583841e-02
nan	-2.041431443008241975e-01	2.047166077867318412e-01	-8.035193769161028676e-01
nan	5.982920478409124998e-01	2.756461819648633682e+00	-1.952118989582176223e+00
nan	3.585266257310959492e-01	2.002589037436678598e+00	-2.177543363471775573e-01
nan	2.276213546353319739e+00	-2.223046653278948348e-01	8.884413749715915909e-01
nan	1.560281007756699756e-01	3.117233477849974399e-01	2.049779746591088081e+00
nan	7.869307084382399786e-01	2.542805567125376420e+00	1.380280608746522475e+00
nan	3.881748152736477664e+00	-1.143736401022366067e+00	-7.803320262502251303e-01
nan	5.227409313158120074e-01	2.123610074161716099e+00	-3.550792932982276273e-01
nan	-1.136433333299995407e+00	1.844396405784453297e+00	1.868870384715959787e+00
nan	1.026961086311015681e+00	-1.037826236252147094e+00	-1.725933660307182871e+00
nan	-2.756880446864723444e-01	7.640471001518053251e-01	-6.956548436513887435e-02
nan	-7.050661188134563773e-01	-1.328566424819429104e+00	3.573772783871741465e-01
nan	-1.443013402719121263e+00	-1.329154511735843425e+00	-1.038059720798242491e+00
nan	-3.715084330267370838e+00	2.285555139939372538e-01	-3.353987283901827543e-01
nan	8.913645348660197421e-01	-3.180603178344901805e-01	4.126400302355857086e-01
nan	2.906706271846953848e-01	1.037910781538476268e+00	-2.512455786327090212e-01
nan	2.084274104555143392e+00	-1.792147773321262627e-01	1.333380117733453218e+00
nan	2.755162829867917829e+00	1.489636981519097958e-01	-1.242317662749980789e+00
nan	-2.437928525126414336e-01	8.293008070299079382e-01	4.044066408092660270e-01
nan	-2.078278644592600477e-01	-1.075577568824649388e+00	7.588464719262701941e-01
nan	-3.682765961623294393e-01	-8.429762467198778086e-01	-4.227683864061098085e-01
nan	-2.265449732785365100e+00	-9.433135919796211688e-01	3.622482236484282914e-01
nan	-3.914724075681305648e-01	-2.687326288112471318e+00	6.899576585285761565e-01
nan	-1.914020164108740651e+00	-3.321958861186137479e+00	-1.455134956493855825e+00
nan	-2.728572143100215008e+00	-1.562724303167376316e+00	-4.619476569346514516e-02
nan	-1.553921942629220787e+00	-6.056282121356125758e-01	-8.566398592830577474e-01
nan	-1.418718284624186587e+00	-2.010307521351747617e+00	-9.948552187397576851e-01
nan	-2.142091144720437157e+00	-1.135754303245630981e+00	-8.278689857210774772e-02
nan	-1.959741672364005316e+00	1.384197702904295113e+00	-3.904130924529595759e-01
nan	1.507068788973542794e+00	-3.228450690762203479e-01	9.772729339992214381e-01
nan	7.226648435902806034e-01	-6.860674418946555164e-01	-4.327917910529515133e-01
nan	-4.529168155964506393e-01	-1.174564385672767663e+00	1.509861936187505971e-01
nan	-1.346738524854589891e-01	-4.052893278841123714e-01	-2.341853515493762750e+00
nan	-1.550158216575339143e+00	1.975847205224488645e+00	-9.713780114852204051e-01
nan	-6.139019030059060522e-02	-8.256077017514058536e-01	2.148590014817330029e+00
nan	5.740192691182796070e-01	-7.183384587294541213e-01	2.047587467342625089e+00
nan	8.455235783456823695e-01	-1.695477228649161505e+00	-4.357269727673807047e-02
nan	-4.742915478463968215e-01	-6.128797328465021010e-01	-3.283455185769643681e-01
nan	-4.571573402325241897e-01	5.996100038010738764e-01	-3.458490311589563770e-01
nan	-1.382942456869373338e+00	-6.001150878464354133e-01	-1.653110936202677739e-01
nan	1.005688817671362978e-01	-3.093854429690672814e-01	1.635194821371594331e+00
nan	1.302695905084739980e+00	-7.839426800844019327e-01	6.346329640763986868e-01
nan	-1.664973356983924457e+00	-6.616522469769476889e-01	-4.646124801970512586e-01
nan	-6.882221335218685621e-01	-5.998588337300428952e-01	-1.435177042726182961e+00
nan	-6.984153470475635839e-01	1.134946237191485574e+00	2.008644818769496077e+00
nan	-5.318004399963560669e-02	-4.679406992490161565e-01	2.157128721281106110e+00
nan	4.850830919131521313e-01	1.019263241309827039e+00	-4.647595168932844301e-01
nan	2.234637235579432502e-01	-1.340844191398413154e-01	-1.926491034918650924e-01
nan	2.418816662987278931e+00	-1.188543223521233705e-01	-3.541077485898712629e-01
nan	8.156994940445712050e-01	-1.998380648978781426e-01	-3.652204124691451059e-01
nan	-1.881664145622541362e-01	-1.683076650631989413e+00	-7.365781901638408513e-01
nan	-1.680341494416445425e+00	-1.330057516502701098e+00	1.591419825769926355e-01
nan	1.564807672916102010e-01	-1.374149117431100464e+00	-5.275038629195805129e-01
nan	2.231145971834192832e+00	8.634474059131617141e-01	-5.226295277873125311e-01
nan	5.848225277309464509e-01	9.506421999500364040e-01	1.915851785403078100e+00
nan	6.629155605420535835e-01	-8.173543239566222196e-02	1.164765493819457376e+00
nan	2.029132433744095465e+00	1.054826863570741402e+00	1.417196483705601695e+00
nan	2.712314005509783854e+00	8.982676583153270666e-01	-1.341621924575934210e-01
nan	2.057012861780743052e+00	5.124487750554047594e-01	-5.461249777312073839e-01
nan	-4.214964128428599910e-01	8.473148848550114964e-01	-2.758546718114704976e-01
nan	-3.461701855093693991e-01	-1.177966618887784422e+00	-7.460208126127858552e-01
nan	-1.583165771537109245e+00	8.191068664216465400e-01	-1.208307214121344453e+00
nan	-5.096502673578012788e-01	-5.814633999720338897e-01	1.076077971219146390e+00
nan	9.802234390239686901e-01	-1.407206961523325361e+00	5.357632938772505238e-02
nan	-1.050440969596692309e+00	1.331941959568066158e+00	-5.211528230363984271e-01
nan	1.303146121249715572e-01	-3.891296215290060978e-01	2.472819644906504077e+00
nan	-6.923129022800046384e-01	-5.092329377518952649e-01	-4.740019697079385086e-01
nan	-2.097494976762995567e+00	-4.546077236194203675e-01	1.858470322933567509e-01
nan	-7.563385717899961946e-02	-4.981970776331845485e-01	-5.898487701686749851e-01
nan	-1.098312745648575506e+00	3.009729794300962658e-01	-2.692409395469692601e-01
nan	-1.351250754070772553e+00	2.216587900240252207e+00	6.654000304568187252e-01
nan	8.025334924556124516e-01	-1.513603197641379960e-01	2.223428816097582361e-01
nan	-5.156406083132050178e-01	1.405169507109751637e+00	-1.759308146832376574e+00
nan	4.611480486868104745e-01	7.350032073144765477e-01	8.167080223996356914e-01
nan	5.279044476374626926e-01	7.051545192950843255e-01	2.291194181902936222e+00
nan	2.591176986662064863e+00	1.335295335455818355e-01	2.134025110730997543e+00
nan	2.729340102570481541e+00	3.615993755241454499e-01	1.860695836360842126e+00
nan	1.097174592724619036e+00	1.020503798857593347e+00	1.089544231970717592e+00
nan	-1.384746351626318539e+00	-1.117325702346448901e+00	9.337876823770117074e-01
nan	-8.183932601167485110e-01	-7.314284867945300972e-01	-1.065914567632271437e+00
nan	-2.705148502815330591e+00	6.491999729084948489e-01	-1.247131090838311529e+00
nan	-2.141947186598286201e+00	-5.904608868698499879e-01	-1.344038153799552937e+00
nan	-1.992884021658806404e+00	-1.166164874527526152e+00	-2.107254268097151773e-01
nan	-1.327067523654308356e+00	-1.079180071716852929e+00	6.674897489640023718e-01
nan	9.671806001638383332e-01	-7.544930935707588882e-01	-2.152992441520458211e-01
nan	1.432397694966201840e+00	-9.542096370048587239e-01	2.729144060028770857e-02
nan	3.962766821798462402e-01	1.791554580311937261e+00	-7.930365801833858530e-01
nan	5.102335160821219739e-01	-2.817154884675148185e-01	1.546711166990806685e+00
nan	7.435092961759340868e-01	2.952232556777785732e-01	-9.000247846107881644e-01
nan	3.446954970723244416e-01	-1.069736483833128027e+00	-3.941756980652565412e-01
nan	-2.634343867631694813e+00	-1.025221254882944244e+00	-9.420071471369875216e-01
nan	-3.306323112697163502e+00	-1.212307702130683840e+00	4.901900339349666291e-01
nan	-8.349079793057583299e-01	-1.372571167584084595e+00	-1.968838157684423606e+00
nan	-1.676366050025823284e+00	7.015798445621852508e-01	2.650572567519324796e-01
nan	-1.187552779019848820e-01	-9.891427984162881604e-01	2.102702695453865456e+00
nan	-4.954377777991607057e-01	-8.514289307609156365e-01	4.276131679347991987e-01
nan	-6.251822128735593509e-01	-5.202678282758886885e-01	-2.836359502501385244e+00
nan	-3.140466692891430434e-02	1.616720475834849680e-01	-4.579562309365069472e-01
nan	1.299347211555137438e+00	-5.769211218791804319e-01	1.819119216941099126e-01
nan	2.495663054380059531e-01	-3.851490151412703122e-01	-1.394529185302598284e+00
nan	1.943535787297128170e+00	-5.147857918888193440e-01	-1.004941241767332682e+00
nan	-1.157854668967700507e+00	6.147227694047362467e-01	-3.937984836172236380e-01
nan	4.181835781321808776e-01	2.870562325217649313e-01	6.441093497945709068e-01
nan	-2.426921139083155210e-01	8.921640864537625504e-01	-1.457735303453530085e+00
nan	1.842688655411081289e+00	-2.117195747559819097e-02	5.152475156247388055e-01
nan	-2.976606161510726434e-01	4.344083383051788871e-01	-2.435205876415060533e-01
nan	-2.379077450712149933e+00	-4.628565393619432644e-01	7.443616453419210632e-01
nan	-1.636382439637912523e+00	-2.170982291530706210e+00	7.657449902585420354e-01
nan	-1.013254574098403360e+00	-5.554962213529940351e-01	-2.391832196770621310e-02
nan	-1.268471107931722131e+00	-1.643940807084823152e+00	-1.014438921625175904e+00
nan	-1.378992279385771402e+00	-1.452952219695163638e+00	-2.104049690108041215e+00
nan	-2.864596591064631603e+00	-1.933426789322938877e+00	-1.139639433311937067e+00
nan	2.840400041590842584e-01	-1.919674769046845864e+00	-3.558520108717742048e-01
nan	3.624681185720314280e-01	-1.128588093863235997e+00	-2.038593054992490217e-01
nan	-7.453719895103011472e-01	-1.624326501011708612e-01	-1.702834222374449258e+00
nan	6.778261340238929122e-01	-1.721269903486797981e+00	-9.011960114489121487e-01
nan	-9.997551862433466940e-01	-6.782399421559619501e-01	6.644626775632324067e-01
nan	7.149235580594132111e-02	-2.271227804669459616e+00	-9.173031550866409534e-01
nan	-1.016387969474947139e+00	-5.860061114947027194e-01	-1.129877969909883983e+00
nan	5.356581945464476968e-01	-7.425923340186229016e-01	-1.550305403132182236e-01
nan	5.142791501634198792e-02	-3.679490597819206066e-01	3.154755577639587472e-01
nan	1.311315141378275095e+00	-1.191947135611072239e-01	-1.198210722919237803e+00
nan	-2.567362003157933059e-01	-1.029457836577983842e+00	-3.051636299602909830e+00
nan	-2.953052651346804502e+00	-5.109827282547739769e-01	-7.628825302380026763e-01
nan	-8.843648351608264235e-01	-3.402667166601616167e-01	-2.760276287364191283e+00
nan	3.185557267735823483e-01	-1.443353835048728717e+00	-3.323083500228678044e+00
nan	-1.617701702761711768e+00	1.266665869868464744e+00	-3.771552180459292192e-01
nan	-7.872458486889396534e-01	-4.739012668365086972e-02	-4.902644390123341300e-01
nan	-3.671956153393001188e-01	-6.133742954170497974e-01	-6.389222962143408235e-01
nan	-1.911767067812478738e-01	-7.267432811058698316e-01	-4.853969882241786493e-01
nan	-6.036490375832478383e-01	9.124063123345377280e-02	8.912138289111104505e-02
nan	-2.828100878311874677e-02	-7.328739376555430951e-01	1.793936680582757681e+00
nan	3.032457461581384295e-01	-5.706254515099435931e-01	1.808152363828083198e+00
nan	4.418337418565736474e-01	-7.433572016396190474e-01	1.454352617970753769e+00
nan	1.118346424600591638e+00	7.108416095617937636e-01	-3.098134288968378280e-01
nan	8.732512561706123888e-02	6.431506282291932219e-02	1.140727117987323957e+00
nan	2.378573783144499465e-01	-2.733918764180077510e+00	2.007873839883790090e+00
nan	9.245176781498585239e-01	7.318132171946190034e-02	-1.010786390713871219e+00
nan	2.135883843679320382e+00	1.312816081262958345e+00	9.126821416304915502e-01
nan	6.095197374468064311e-01	2.692241474056231265e+00	1.677490706813057564e+00
nan	2.108083783601396366e+00	1.439813230836332281e+00	4.077759972022024781e-01
nan	2.103737015099195862e+00	8.998193367642308704e-01	7.866600736366313740e-01
nan	3.386757599617440384e-01	5.698036632274539048e-01	1.214494550897722736e+00
nan	9.482061809270220243e-01	1.268658758692650101e+00	7.966664384589405845e-02
nan	2.962675683482389188e-01	-1.602465721858634673e+00	4.259852511056351765e-01
nan	4.623910194797478668e-01	-7.170069485075303284e-01	-1.248956897832664614e+00
nan	-4.453932640565652079e-01	-1.003930070430681720e+00	-8.634323801922505481e-02
nan	5.431438719595699238e-02	-1.412243205292518011e+00	-2.055630344653113006e+00
nan	6.330215523292637148e-01	5.311554191346427034e-01	-1.153448181883141688e+00
nan	-1.172389420533912263e+00	2.967824688621749640e-01	-5.384544780957281063e-01
nan	-1.798675803515016991e+00	5.880374311047522617e-01	-8.365014966544026542e-01
nan	-1.502947257853473051e+00	-1.292747879771775299e+00	-2.060627582007388270e+00
nan	-2.585828359831235712e+00	7.176253010081090622e-02	-1.553733663127992548e+00
nan	-1.077610723092056855e+00	-7.304200615341164271e-01	1.738319292245432690e-01
nan	2.393645687663313315e-01	2.166210311568760316e-01	-1.172564609479773701e+00
nan	-7.566156863521484865e-01	1.848450853040818354e-01	-2.990675457741407417e-01
nan	1.793278711324625130e-02	1.157374152229204700e+00	-1.320801398389643611e+00
nan	-6.826084063900236254e-01	-2.543990498909880493e-01	6.627069308759181432e-01
nan	-7.355669956385773034e-01	5.140493954433689172e-02	3.825467324308535755e-01
nan	-1.153588856070819901e-01	-5.980309096900539023e-01	9.508385780838997103e-01
nan	1.007632102947465746e+00	-1.313152413873866164e+00	-1.538180471865512988e+00
nan	-1.305269575309209396e+00	-4.801810675962523423e-01	-4.611169534134973436e-02
nan	-2.415706615553893322e+00	-1.366100453988147834e+00	-4.662582982347284744e-01
nan	-3.161043592263324875e+00	-4.866392535385354323e-01	-1.035621373052048710e+00
nan	-1.432152537030429773e+00	-1.613990693124101039e+00	-7.140279318255260410e-01
nan	-2.463404668502468198e+00	-2.262924816320629695e+00	4.754540427636311239e-02
nan	-1.009309991755292346e+00	-1.297651666957435834e+00	-2.134580730506471014e+00
nan	-2.374226119838038773e+00	-3.632125736435387608e+00	-3.118635540479263168e-01
nan	-3.282288117471374278e+00	-1.281463609260179659e+00	-3.262646447019525109e+00
nan	-1.944377068042181023e+00	-1.257510824291133478e+00	-4.939011966370880913e-01
nan	1.030400288779497187e+00	-2.583737793101598790e+00	-1.009736059261901797e+00
nan	-2.277423338412404963e+00	-1.842846505350443920e+00	-1.875293218214498570e+00
nan	2.608086280220762720e-01	-6.873176457381150462e-01	-1.338986609570992359e+00
nan	-1.605814238430004259e+00	-5.636238992300408590e-01	-1.416451242796639143e+00
nan	-4.696320766607964270e-01	-2.127243456258669951e+00	-2.405185651183057161e-01
nan	-3.306282714547200685e-01	-6.415927434238820615e-01	-1.121124352669406576e+00
nan	-1.784946227352029458e-01	7.753392345118681472e-02	-5.432469103203907412e-01
nan	9.918899303847522608e-01	-3.894498559927767056e-01	-5.558721632269190138e-01
nan	-9.927386710988698182e-01	7.069378665802549255e-01	2.718443925928624161e-01
nan	-2.085116372416873975e+00	-1.869734580264502011e+00	2.266032726326690838e+00
nan	-1.255954313755437646e+00	-1.162630579981017487e+00	-5.237654604034043260e-01
nan	-1.437694050087131581e-01	9.559449694503114880e-01	-8.490832551041960219e-01
nan	3.785605446066186430e-01	4.317812501343409326e-01	-1.661723724330026686e+00
nan	5.196311476556525477e-01	1.038629540899683290e+00	-1.213106478973111413e+00
nan	-5.908877913266890047e-01	1.350908097964187649e+00	1.253681602609408308e-01
nan	1.067975146837185640e+00	7.833962438671844275e-01	1.336626789449257169e+00
nan	8.562967317671812406e-01	-2.338075037927113131e-01	1.988543408121863809e+00
nan	-3.106528564263782988e-01	-1.023740539549722106e+00	-3.187375810440762347e-02
nan	-2.337128872423381409e+00	-1.397530952338474020e+00	1.435521224826894482e-01
nan	-7.467104460729867554e-01	-7.762527047780348743e-01	6.943276886070287590e-02
nan	-1.684695685684763355e-01	1.618359155048033626e+00	3.797425800418504083e-01
nan	1.640542326064206247e+00	1.030647421261182028e+00	2.106191805417642726e+00
nan	2.391448282398252356e+00	6.312689226641232665e-02	1.033372569679206876e+00
nan	1.668294562485290733e+00	1.847299816066494627e+00	1.209415581965037845e+00
nan	1.114700260064946713e+00	3.093256916972954018e-01	1.629117235899411487e+00
nan	7.282012684507583877e-01	1.603464068611097360e-01	3.840192131628801242e-01
nan	9.721889289733341988e-01	-8.203437740989465432e-01	-3.556892649776792759e-01
nan	1.112962939103147253e+00	-3.042199692688861423e-02	1.458677082939935366e+00
nan	-2.059885658077142967e-02	8.481010319520199126e-01	1.591481664244392524e+00
nan	7.758063363182392536e-01	1.822052147567897240e+00	6.834068681211658003e-02
nan	1.244395640986582841e+00	1.076211317691855296e-02	-1.125913524585917092e+00
nan	1.567887716622844874e+00	1.202638177819836063e+00	-3.448505254661227148e-04
nan	3.820207616459636135e+00	2.409825903753170628e+00	1.398632027357693097e+00
nan	6.427990979606506006e-01	2.852671453294102655e+00	1.589097828004614188e-01
nan	8.966134430413541523e-02	1.034659095808462048e+00	3.182836545414052809e-01
nan	-6.918631541977701138e-01	-5.369113665165492488e-01	1.451689347417985498e+00
nan	-2.001111161635512059e-01	-6.059540969413419464e-01	1.067863064388873795e+00
nan	7.560460053698948579e-01	-1.307670959335592409e+00	-2.305355906005462696e+00
nan	-2.092621531982685745e+00	1.080701854524342753e+00	-1.453947638862238767e+00
nan	-1.608104533776833822e+00	-7.905673044724719212e-01	4.474128039525447909e-01
nan	-1.922366049998106008e-01	1.834930658571425344e+00	-1.285379722080625786e+00
nan	-1.081094962700245077e+00	-8.243384321097937395e-01	4.929286469063337561e-01
nan	-5.573654640273034699e-02	-2.256464270119381332e+00	-9.613768437195410188e-01
nan	-1.394672372714590658e+00	-1.774955476010318112e+00	6.585336245737362093e-01
nan	-7.666477530845694499e-01	-1.609800350532764490e+00	4.019500725177121980e-01
nan	2.971830830794901512e-01	-2.724729102638126510e-01	-1.206581510862763773e+00
nan	-5.316687457152632357e-01	-1.177563957068105543e-01	-6.311919716534374336e-01
nan	-1.151633128959271390e+00	-5.314799156645105827e-01	1.222916063154600108e+00
nan	-1.117900690232111138e+00	-1.127382287616012668e+00	-8.214334170151860182e-02
nan	-8.103251968685613038e-01	-7.025610142084456333e-01	-1.077125622719208309e-01
nan	-2.157850858241245451e+00	-1.087137155786848997e+00	-3.044894941443745950e-01
nan	-7.700867181883369605e-01	-2.481757626550193940e-01	-5.618931497397128272e-01
nan	7.944805527571142667e-01	-2.514482190197090961e-01	-3.569639757720281525e-01
nan	3.279477090325443323e-01	-2.588146227492494900e-01	7.162748984477896874e-01
nan	-1.641995392323606917e-01	4.498169160894614493e-01	1.592382202593422003e+00
nan	1.974028140663011133e+00	-6.171868485701501039e-02	1.117949887330844660e+00
nan	1.507836799305378950e+00	1.295050336823081016e+00	1.430880403345091700e-01
nan	-9.016303349049126226e-03	2.038166835082814154e-01	1.255884859422012223e+00
nan	9.860133499841635674e-01	4.383159935535346774e-01	2.440549855142890301e-01
nan	2.003754072683938681e+00	-5.284703744698890926e-01	-8.523240407999556068e-01
nan	-1.106682647360241578e+00	-5.244790071299068046e-01	-1.927050127540827773e-01
nan	-1.797008221525450811e+00	-5.109898051914506523e-01	4.414325030923492710e-01
nan	-4.967533792224033684e-01	-3.483978680155249030e+00	2.937260365884620805e-01
nan	-1.084176745971244360e+00	1.002954392636820069e+00	-1.902648568745713087e+00
nan	-1.521108696611778610e+00	-5.296519652033421233e-01	-1.195555631906041860e+00
nan	-1.448837570451280587e+00	-8.285622022549379295e-01	-1.051044702608175729e+00
nan	-1.336208913743936577e+00	-9.067954792306046619e-01	-5.132481053096837886e-01
nan	-1.089153423274001664e+00	-2.419596943655430543e+00	-9.749807268320404008e-01
nan	-1.511422321709951611e+00	-1.317420410258508534e-01	4.478292964314629643e-01
nan	-1.713756694935451297e-01	2.172619359930748617e-01	5.874082016092971870e-01
nan	-1.057284305875892949e+00	-5.552729287176936257e-01	-5.597370720111818354e-01
nan	-4.844958800026294421e-01	-4.388772133206758630e-01	-4.372320639796065112e-01
nan	3.518992235061585427e-02	-1.132969062290322793e+00	-9.666406762583596990e-01
nan	-1.364795041898556605e+00	-1.526050919922595339e+00	-1.469031464843935542e+00
nan	-1.186272255836661849e+00	-1.878209901819073213e+00	-1.524982319675159292e+00
nan	-1.004336340255169713e+00	-5.752885514595857952e-01	-4.781579412971324050e-01
nan	-1.138836047537501894e+00	4.618506653549254160e-01	-2.360853087784301252e+00
nan	-2.098994336345671119e+00	-2.453965374458216164e+00	-1.323100439035103548e+00
nan	-1.528969784351387862e+00	-1.703345396179916316e+00	-1.456310876745020133e+00
nan	-6.014179350811718061e-01	-6.368590293702127703e-01	9.573004432021088306e-01
nan	-8.480565172872389645e-02	-5.273921663570115825e-01	5.044008667085084774e-01
nan	1.574113825169466852e+00	-6.687441374936385630e-02	1.799289216842305139e+00
nan	1.951201975185465676e+00	2.351410077775082819e+00	1.317009356376406259e+00
nan	1.133339227915042269e+00	2.188152620633703194e+00	-9.561455882288074637e-01
nan	1.125083787137641789e-01	1.424455868838870876e-01	-3.866393306625993120e-01
nan	-1.429337119292939384e-01	-3.666445191257702296e-01	2.187234654677387535e+00
nan	-3.640976574544032562e-01	-8.323737138693839688e-01	9.417606867965859774e-01
nan	-1.276438563683051641e-01	9.327335964193683715e-02	-4.193779436866848509e-01
nan	-1.571820496336847062e-01	3.841281121258969256e-01	1.770572865770388138e-02
nan	-1.354825497539815071e+00	-1.682495385206441041e+00	5.141634687863171349e-01
nan	-9.233971067294730606e-01	2.280380380198038237e-01	2.904263858850200664e-01
nan	2.312777916536226996e+00	-1.143342865569311417e+00	-7.349852760359688597e-01
nan	-1.307801882835762042e+00	-1.430735438904240375e-02	1.248639662721346077e+00
nan	5.966151841692892699e-01	2.447092759463318945e+00	8.582839065194988182e-01
nan	1.238427920323991849e+00	9.943843775561439502e-01	1.356316565319838352e+00
nan	-1.117625674074933517e-01	-7.504644997660356864e-01	7.553630338514680798e-01
nan	4.745027300195081565e-01	-1.447887473233712141e+00	-1.148179015142958725e+00
nan	6.093293303264859517e-01	-1.532632403878136651e-01	-3.237754682524349170e-01
nan	-1.799419834875550239e-01	5.104526647015246166e-01	-3.936654293927380754e-01
nan	-7.048705982548256754e-01	1.863270212908721524e+00	1.078017895843504714e+00
nan	7.589294089567875101e-01	1.702829320302605143e-01	2.338611962703086578e-01
nan	1.043982860048242145e+00	2.053604154773724044e+00	3.345555910201750138e-01
nan	7.218632082124307736e-01	1.732635579989160179e-01	1.763890045596731682e+00
nan	1.034781085711948601e+00	-3.292390302485310727e-01	-1.896210647966221075e-01
nan	5.011018789129345619e-01	1.718883447813375431e+00	1.171259807910187967e-01
nan	6.516333677501343624e-01	-2.231320287849875017e-01	1.686192723459931209e+00
nan	1.678045174378798965e+00	-1.840975183342264676e-01	1.177676767442833450e+00
nan	-4.864182750100810582e-01	-1.796930369750975087e+00	-2.689080922931335604e-01
nan	-7.510365973908089687e-01	-1.996451096281189663e+00	-4.214078670147209937e-01
nan	-1.404363589626332676e+00	-1.329584198718673171e+00	4.316816731924812967e-01
nan	-9.372439975644335508e-01	7.651061778688867943e-01	8.804646397012433345e-01
nan	7.912515917824183287e-01	-3.476227478575010243e-01	3.740200927284031418e-01
nan	1.428515340181003568e+00	2.373511979884127265e-01	4.536760627604832230e-01
nan	-5.041260958495444866e-01	2.118201570459174565e+00	-3.355297387489653893e+00
nan	4.897483537141409382e-01	8.202568413105135736e-01	-1.429247708097480807e+00
nan	6.129579834814563588e-01	2.745866117968315478e+00	-7.867307729670887095e-01
nan	-4.249038841696604063e-01	1.124673607910385620e+00	3.873863008413611642e-01
nan	-3.865846563499161781e-01	6.720093979114063476e-01	4.476604722852867146e-01
nan	-3.861162430300013604e-01	-8.811966622449708408e-01	1.185664208400592834e+00
nan	2.833832165122640023e-01	1.628382405903260555e+00	1.266986352068715016e+00
nan	-1.417600642644930353e+00	1.004727567218552275e+00	2.389525541323133773e+00
nan	-4.798243056789779359e-01	7.790993904561587247e-01	8.990533575449838333e-01
nan	-1.750247564041977344e-01	2.427805095524825374e-01	3.757482051480631191e-01
nan	6.063094183182009544e-01	-6.288542994119767915e-01	2.191301978170761833e-01
nan	-6.551941157805823979e-01	1.659750347041336394e+00	-5.409262218653089205e-01
nan	-1.599332611877789523e+00	7.499660157666863114e-01	1.260845301452710565e+00
nan	-2.488250041310218208e+00	7.773781921330075173e-02	2.952612101174942882e+00
nan	-4.192891572530430544e-01	-7.343730047959606821e-01	1.082674870087760199e+00
nan	8.745578844885348868e-01	-9.355322019402104727e-01	4.916839419414877344e-01
nan	6.317968509023981216e-01	7.763898569237646097e-01	-1.747502397151235121e+00
nan	-4.287529134717981694e-01	9.017628679837726979e-01	-2.700503298964493371e-01
nan	-1.741171943618873008e-01	1.164385949950793364e+00	-4.765645005438348680e-02
nan	5.807117748960581860e-01	1.254048278373682823e+00	7.551145259867734216e-01
nan	1.383977649702361479e-02	9.948824837795139375e-02	-8.003299620051428365e-01
nan	-2.833132939989857935e+00	-6.560326953033408515e-01	1.075715884418733115e+00
nan	8.768354774148823250e-01	-2.530552027150471783e+00	-9.092331925854504893e-02
nan	-2.150734695938621766e+00	-6.347538894836476375e-01	6.688509589467332983e-01
nan	-2.164703769819563917e+00	-8.248134554619881431e-01	4.364646030877616933e-01
nan	-4.351949366583722223e-01	-4.808759911393003517e-01	-4.967748907085252630e-01
nan	-4.961439670096651766e-01	-2.650625911910412746e+00	6.014582517556341656e-01
nan	-1.672284279247566285e+00	-7.665165784601668530e-02	-1.270189958751568815e+00
nan	-1.908329747114076769e+00	-3.021203641369080373e+00	-2.480572666277994109e+00
nan	-5.124309158674208220e+00	-9.448702970430734593e-01	-3.273688087071654707e+00
nan	-3.014420658610140968e+00	-2.662682181016973182e+00	-1.971077041897167259e+00
nan	-8.273421820374813329e-01	-5.702602132052456696e-01	-2.162420734092119545e+00
nan	-1.075476675811644744e+00	-2.799096171139953126e-01	-4.005265974876339174e-01
nan	-4.074091833624979841e-01	-3.137379926094756577e-01	1.528591209071545887e+00
nan	8.792781891013619067e-01	7.419199806793292939e-01	1.565724001515729213e+00
nan	2.810285425290574679e+00	-2.358771889168450597e-01	9.720439072378973533e-01
nan	1.617752355692628985e+00	7.097407045580225171e-01	1.099279544290264976e+00
nan	1.080704846726857404e+00	-1.503205638985801729e+00	-8.743230510865499516e-01
nan	-5.619784952721513793e-01	-2.643216188413550771e-01	-1.148534334333384033e+00
nan	-1.835071343113792164e+00	-2.212268298336273753e-01	-2.155366194368779187e+00
nan	-9.849971601972633550e-01	-5.947549570655507045e-01	3.806759083556886525e-01
nan	6.462048680462639805e-01	1.167212587898444065e+00	-1.035309183307179026e+00
nan	1.218824275975952665e+00	-8.278890901418145543e-01	6.027760899284484442e-01
nan	-1.490562490273114271e+00	4.353186741143363347e-01	1.743487706663839676e+00
nan	3.597951503322495692e-01	1.837391093665638464e-01	9.220363329685278275e-01
nan	-3.227986202862084819e-01	7.609901555142239982e-01	-6.350643641678116458e-02
nan	-1.480772754314711781e+00	-1.427225085362276102e+00	2.577645811038931090e-01
nan	-1.698525930020407859e+00	5.996065815048923220e-02	-1.386494626801395569e+00
nan	-7.522327888192410494e-01	1.023464642376254119e+00	-1.620561295355006370e+00
nan	1.017436251028759342e-01	7.948846062012264457e-02	-1.163570221153416240e+00
nan	-1.627734694854045205e+00	-1.013214145048211057e+00	-5.782226200516402681e-01
nan	1.257842345229787107e-02	-1.393605334390092709e+00	-3.986208566496116656e-01
nan	3.529827185490767016e-01	-1.245150588622656596e+00	-6.066741709107514868e-02
nan	-2.090960095920255668e+00	-6.172355186892364287e-02	-2.073761584854461937e+00
nan	1.875861269179499580e-01	-1.822230417760090759e+00	-2.059121658106538355e+00
nan	-1.962410126620071749e+00	-1.438865409809269025e-01	5.317928276566352697e-01
nan	-2.019897026813948671e+00	3.953572532427028774e-01	3.607789818352710398e+00
nan	3.785556121349815117e-01	-1.022976630618389837e+00	9.677850086496521120e-01
nan	-1.411238994528960289e+00	-1.996287622918273552e-01	-1.240184185488450108e+00
nan	3.733377657048940756e-01	-9.586832824155744337e-01	-8.377163255113824203e-01
nan	-1.800138412289626899e+00	-1.102000340248798560e+00	3.139047817480686842e-01
nan	-1.376170058973156252e+00	-2.881631369980622859e-01	-9.543572164452991391e-01
nan	-1.156062876152916807e+00	-1.921030074122903164e+00	-1.477627923218591155e+00
nan	1.300060937553922491e+00	-1.601556459690647749e+00	-1.082219499649957672e+00
nan	6.131810202592620218e-01	2.995097916764218882e-01	-1.652991661612521312e+00
nan	1.110175887591838551e-01	1.710606083006170230e+00	8.294195655106864074e-01
nan	7.571111210800797187e-01	6.265791098431402473e-01	1.564749646047220999e+00
nan	2.646820058271015963e+00	3.223055099610133700e-02	1.176163103470897475e+00
nan	-1.291534086781583435e+00	7.824155925074138818e-01	-1.093938644633575707e+00
nan	9.393569303921120994e-01	5.282724368520943514e-01	-5.094227593894844475e-01
nan	7.577456716674106918e-01	-1.434680969425541353e+00	-1.007747469784074479e+00
nan	-1.557395634673514051e+00	3.211143382593673046e-01	-1.694686508750066656e+00
nan	-9.319384242753195879e-01	5.170421070355268878e-01	3.968805859483000020e-01
nan	5.324385791189272243e-01	-7.746250943877381889e-01	-1.492834537172900822e+00
nan	1.918537711840612170e-01	-9.387501064328140910e-01	-1.088773277508261472e-01
nan	2.070548975752746657e+00	-1.166491548851170679e+00	6.258979204305188393e-01
nan	-4.619556186904011374e-02	1.118501733579990998e-01	1.943503248213874490e-01
nan	6.998871540451923057e-01	3.060363970685579527e-01	-1.189707115679314198e+00
nan	4.938546202393374607e-01	1.313251473887612431e+00	-1.313333822679864538e+00
nan	-1.872162372368125771e-01	1.847661915989396109e+00	-1.875161021107029757e+00
nan	-5.303017708346745573e-01	-3.272359786667669024e-01	-1.089830560390080194e+00
nan	-5.762444289072909953e-02	-1.839377438055877390e+00	-1.815240758633080709e-01
nan	-1.303931958658626655e+00	-7.348084114917441401e-01	8.976339543612846805e-01
nan	3.488589509847692671e-01	1.171820875602210377e+00	-1.650517612041779714e-01
nan	-1.107589658082169137e+00	1.418114634989829259e+00	2.642364127808591312e-01
nan	6.141276802193326168e-01	7.531925204424632092e-01	4.958538979760746535e-01
nan	1.873891828962917616e+00	-4.053553220388796952e-01	-3.808564194805275638e-01
nan	2.797120621443066057e-01	2.640441680432379368e+00	-4.693643550028059330e-01
nan	8.280608670862084075e-01	1.253651646353456828e+00	1.718219299101698683e-01
nan	-1.111925359243588041e+00	1.252117417018516532e+00	1.308269571956517385e+00
nan	2.030499841968256280e+00	-4.029209746243759271e-01	1.560235817675649006e+00
nan	1.377042702834615717e+00	7.355662363547355032e-01	3.168820251676042754e-01
nan	1.485108034054889004e+00	2.130369847723869725e+00	1.467618669217220839e+00
nan	1.420254759192056238e+00	-4.601728906939925867e-01	1.226241930569027305e+00
nan	6.645791685160928886e-02	7.129733405967659809e-01	-6.797110815487663604e-01
nan	-2.776400326208535718e-01	5.993148961044103551e-02	-1.204561890981486805e+00
nan	-6.958704822343846352e-01	-4.970790073452763802e-01	-2.021785361483723065e-01
nan	-9.445699125682250896e-01	-1.061038622998224490e+00	-1.535895327618696404e+00
nan	-1.349288821275929973e+00	5.591268309828489880e-02	-2.209318990523377879e-01
nan	-7.142374274870135764e-01	-3.528708771105900643e-01	-6.859654970947530739e-01
nan	-2.740989389381860875e+00	-5.322346549780574421e-01	-1.964227264009503982e+00
nan	-2.765345270210415762e+00	5.983242016765807358e-01	-2.745277840908083355e+00
nan	-2.928132947405106545e-01	2.739757905608097843e-02	3.480437544578043330e-01
nan	1.407791410107421148e+00	5.094838144689556314e-01	-3.469828905684889664e-01
nan	1.535635052412108736e-01	1.058812267548062680e+00	-5.732327905373720833e-01
nan	-2.542203478581482323e-01	1.639886571053584818e+00	4.862441942700237996e-01
nan	1.629299234224386828e+00	-7.775976462076887863e-01	8.337928665317571042e-01
nan	-7.594032709115412505e-01	3.548533629703656267e-01	-1.663624834433132582e+00
nan	-3.237541873824778094e+00	-1.335396454275862510e+00	-9.513309318812741555e-01
nan	-2.795858760807781174e+00	-8.745693128201620370e-01	-6.737293628110651023e-01
nan	-3.889551355061783289e-01	1.002096296994359204e-01	5.389049604577393904e-01
nan	8.537989103509797673e-01	-1.236249847325434637e+00	7.573400075446214963e-01
nan	-7.204560727013222809e-01	9.841117893113322801e-02	5.509512167270942395e-01
nan	-4.100797644553448307e-01	-1.547458743551770599e+00	2.915818950018289057e-01
nan	3.341524854735655747e-01	4.136070337936793573e-01	1.985645032411289312e+00
nan	-1.214377836626131968e+00	-2.158976265526823257e-01	9.753790909851245416e-01
nan	-5.012654921000362362e-01	-4.196043588162298721e-01	2.121254780437884513e+00
nan	1.750183876778832470e+00	4.780942202576374811e-01	4.612796320581666332e-01
nan	9.164645861788578429e-01	-1.509333717811921050e+00	3.480726418388238042e-01
nan	9.151830425187346130e-01	-5.221400639192582682e-01	-1.318398841862452597e-01
nan	-1.739762219185730929e-02	-1.961950755187731876e-01	4.040237260023921140e-01
nan	1.288590256492627706e+00	9.031019567977862650e-01	-4.102452851447684345e-01
nan	1.746219780582465853e-01	1.490802005350726045e+00	-3.534122193707533999e-01
nan	1.545262915431931505e+00	6.722367172681471548e-01	1.704914171424134706e+00
nan	-3.554351274357814283e-01	5.023438617818491991e-01	1.842348891934235233e+00
nan	2.371196488876818442e+00	-1.106456464849165489e+00	1.874655216330232799e+00
nan	1.767423913112503353e+00	-1.256337566677224515e+00	-7.849719176971906576e-01
nan	-1.334065753856089331e-01	4.564360840211157955e-01	-3.657021055461507908e-01
nan	3.687287714113557935e-01	4.148142929452178218e-01	-5.215235055460637481e-01
nan	9.416490173182433532e-01	-4.370545080944763239e-01	5.036105702827960995e-01
nan	1.769363449394069532e+00	5.361434526926840416e-01	2.434497769666725819e+00
nan	1.239170366640547361e+00	-2.370227139610336931e-02	2.406204244797743197e+00
nan	4.609188097674876694e-02	4.066697383536146959e-01	1.361218872891054588e+00
nan	1.755160033699267430e+00	1.274873163947122690e+00	-2.739691158749049116e-01
nan	1.319441021170117523e+00	-1.651070429294385633e+00	-2.785025505145000690e-01
nan	-1.319104939231060314e+00	-4.014067633566772986e-01	-7.742427996290789372e-01
nan	-2.226436174172948590e+00	8.282080023072722064e-01	-4.655978432393724775e-01
nan	1.349981048506119663e+00	-1.875995363128939164e-01	1.053106256858543643e-02
nan	2.660799750360082760e-01	1.891372239777149300e+00	-6.887177852757668806e-01
nan	-3.653105421904994099e-01	1.269645097289099578e+00	-2.091172935739515903e-01
nan	-5.483966957299422074e-01	1.604772822227767959e+00	7.889869131489415377e-01
nan	8.140822279675543616e-01	-1.786624673314054501e-01	3.379456918666349230e-01
nan	-2.280557196996072511e-01	1.078500629409773648e+00	-8.602077867016344470e-02
nan	-1.598081757168259065e+00	2.560763050878526847e+00	9.300861616716811220e-01
nan	1.805446580917368093e-01	-6.574823235137383648e-01	9.462062471536496489e-01
nan	5.087254178767320889e-01	4.559372717609847525e-01	-2.434917965745858615e-01
nan	2.964642705477414375e-01	9.519141819018906991e-01	3.867927333998857353e-01
nan	-1.662785005326364862e-01	7.166792114373075062e-01	-4.463456743552492445e-01
nan	-9.742428499236621686e-01	1.640250574963963426e-01	-2.571928846388081835e-01
nan	1.375526462307778308e+00	-1.301385274993545504e+00	7.454854201607448161e-01
nan	5.551520830810285911e-01	-8.935241222554534124e-01	-1.569165256503757488e+00
nan	-5.041496385161473581e-01	-2.753961576519615151e-01	-2.212305062713237902e-02
nan	-1.287738127697611312e-01	1.701415229770006365e-02	-6.190833188004639664e-01
nan	4.658036328442083374e-01	9.227274587614583967e-02	2.958604586036633899e-01
nan	7.439832640394536956e-01	1.009378502237379793e+00	-6.398256938433725116e-01
nan	9.234285700841066147e-01	3.697208085990683069e-01	7.214661090488454498e-01
nan	1.189147631480192757e+00	2.666788263966908823e-01	2.474489004034917117e-01
nan	7.933848437404649179e-01	8.673501482685571640e-01	-1.910483303512557685e+00
nan	1.370023246726815025e-01	1.156608223418573944e+00	-1.349772358686887497e+00
nan	-1.211574404357834478e+00	-4.179346353096689559e-01	3.025894336431649845e-01
nan	-7.805207745016558007e-01	9.028713425842871398e-01	-1.176660197618127679e+00
nan	-2.907405948382481675e+00	-3.164180021375891383e-01	4.341512653221877294e-01
nan	-1.376018106898883042e+00	-2.097940274829270813e+00	-4.172383131127913036e-01
nan	-1.613531057947495073e+00	-1.405068166207508629e+00	2.355320349622306297e-01
nan	-1.390770428320011298e+00	-1.258342298257998815e+00	1.813874787136854350e-02
nan	-1.083413429069097988e+00	-1.777498004635431172e+00	-9.958219720679701847e-01
nan	-8.989446890866263917e-01	3.618649224301662137e-02	-7.101290720185863270e-01
nan	6.231378556851083772e-01	3.819455043068660238e-01	1.122588542553743629e+00
nan	-7.413470467331231273e-01	1.548209564800960614e+00	-3.360231583118930554e-01
nan	-1.282795265235841198e+00	1.344935540734306434e+00	-5.202343060007796893e-01
nan	-5.672022274617956050e-01	-5.304653342255887249e-01	1.053836412063409611e+00
nan	-2.752184184557391333e-01	-1.664325885911192682e+00	-1.027053844897010348e+00
nan	-7.968681556887349249e-01	2.363267552045317244e-01	-2.272373831565232205e+00
nan	-2.443219524235500817e+00	2.930805349510599567e-01	-9.247442748664493894e-01
nan	-1.211814499857860827e+00	6.798982535614850331e-02	1.814363890622273878e+00
nan	3.409473862452906401e-01	1.960113692788673090e+00	-8.701876370145086304e-01
nan	-2.066356419155962465e-01	-1.473206905997161975e-01	1.478314314923448336e+00
nan	9.972084219951932171e-01	4.954803551925167360e-02	2.073575322526073350e+00
nan	-6.736154305059360858e-03	1.553979388949966678e+00	2.011920350385262957e+00
nan	6.085225839837158368e-01	-1.658358702391815598e-01	9.500268867932216699e-01
nan	2.315495775083629137e+00	-8.666180122380644502e-01	7.855731680595903210e-01
nan	4.430532054414328957e-01	4.616997407554560562e-01	-6.126628888046320442e-01
nan	-9.744026749273654309e-01	1.514827908923308541e+00	1.658720891374677320e-01
nan	5.688524966737177335e-01	-9.565703811205888973e-01	1.042537053463244101e+00
nan	6.120406569621438253e-01	-5.294693504011704910e-01	2.271492215045936902e+00
nan	2.102198509948624228e+00	-1.384274516237362640e+00	6.224359151477305563e-01
nan	9.438970949320847348e-01	1.534355957465949327e-01	8.405275634176978539e-01
nan	2.018775102945029154e+00	6.806174961084996422e-01	1.920239940461882511e-01
nan	4.132818085507183881e-02	1.143969129294095666e+00	-8.760712797856526901e-01
nan	5.797264520701742585e-01	1.199539955610013475e+00	-6.283602666145743365e-02
nan	-7.733778802203660208e-01	-1.278321170784090022e+00	-5.585315435494052627e-01
nan	-8.956373238320265440e-01	-1.047222889839792836e-01	-1.252549102212979326e+00
nan	-4.320072635271369754e-01	-1.470253888923950480e+00	-1.718671504522184090e+00
nan	-1.743808117512412492e+00	-8.947631307422866387e-01	1.102001275281994319e+00
nan	-1.058387356324673956e+00	-2.044483168457429390e+00	-9.129735452566152265e-01
nan	-5.559991432221061958e-01	-1.625055849472098579e+00	-1.613460825032574597e+00
nan	-3.992981708383847028e-01	1.245262705819749627e-01	-1.989927981804886503e+00
nan	-1.516336565743303666e-01	5.181455630008137136e-01	-7.328908849111188673e-01
nan	5.900320520825144133e-01	1.026870100870650171e-01	7.882929723542229095e-01
nan	1.957482446290805145e+00	1.181583559518535109e+00	6.262106866256433868e-01
nan	1.818446588872632885e+00	2.818995140230232010e+00	7.585249490634804470e-01
nan	2.950323678152002582e+00	1.879982008987371334e+00	-2.081262429139483228e-01
nan	2.572156078017190151e+00	3.222909500248738901e+00	1.082785757837512186e+00
nan	1.952668631973250690e+00	2.561499392956039678e+00	6.620020208481867119e-01
nan	1.115803793695687940e+00	1.270062539229575016e+00	2.530466798605697676e+00
nan	1.405678971839896541e+00	2.010049211143567049e+00	2.701636930944909532e-01
nan	3.328011595389821498e-01	2.886300422270224431e+00	9.421939595644248655e-01
nan	5.962417728386142368e-01	3.216912011082172507e-01	-1.279979037474903825e+00
nan	2.434134463433139217e+00	1.346212089792112376e+00	4.044399479176138401e-01
nan	7.577421428471614595e-01	1.322606393383144896e+00	1.061557433206803847e+00
nan	2.129447003966076668e+00	3.929309580078691466e-01	7.407810115567481368e-02
nan	2.034497157458134531e+00	1.223866985164478560e+00	-6.226393518828823304e-01
nan	1.366047352093492373e+00	2.870545182929073569e+00	4.491625599554779913e-02
nan	2.310054395663868387e+00	2.695674416194999701e-01	3.314941709069590736e+00
nan	1.801705026567233636e+00	1.544174227173502389e+00	1.762281959521459385e+00
nan	1.357333849024828565e+00	2.030705690142003306e+00	1.186228706242294706e+00
nan	1.200279898284440705e+00	4.233042768599150074e-01	1.045553296382750963e+00
nan	-1.447295512393682593e+00	8.281652755419328660e-01	3.842375968277181308e-01
nan	-2.144770669906906679e+00	-1.781290447301429047e+00	1.274210401264941561e+00
nan	-8.859185276193215497e-02	-1.901081454996604414e+00	-2.428177846501813342e-01
nan	-1.302184955062974936e+00	-2.165970759908705023e+00	-5.267741526253238993e-01
nan	-2.067918169994029221e+00	8.012363800983166584e-01	-1.388972314253334783e+00
nan	-3.978380423613645522e-01	-4.213518881631469482e-01	-4.903216227490003742e-01
nan	-2.492728285117193077e-01	-1.160872782634600364e+00	-1.717097236758490464e+00
nan	-6.298114351768435704e-02	4.863652722699620679e-01	1.331086050691992817e+00
nan	7.358597405112354828e-01	3.673327952812012187e-01	-5.085144883557590756e-02
nan	2.975585513559416695e-01	1.847891095099676084e+00	7.737728526404450413e-01
nan	4.276881422874599936e-01	5.077342887942233318e-01	-4.876720388344369939e-01
nan	-7.135338497119306234e-02	1.041395440185718169e+00	-6.772158374382164503e-01
nan	1.292491294964264181e+00	2.625772226591641112e-01	1.338819625055261975e+00
nan	9.514585145331834193e-01	1.742185036809031251e+00	7.285719028636572503e-01
nan	-1.122380749875600658e+00	9.347330630278640751e-01	1.884137943704617069e+00
nan	-4.900672832681979285e-01	3.094067884673157298e-01	1.760704439287343881e-01
nan	3.910350406332961382e-01	-1.015461268554739060e+00	3.916570671749057819e-01
nan	1.251519500451669265e+00	-4.092455473032830526e-01	8.288284986330471948e-01
nan	1.472337184613647043e+00	2.709564873659310091e+00	-2.339740964200287821e-01
nan	1.327662594486115344e+00	9.659922281856905268e-01	-6.251564725647049681e-01
nan	7.595398969551343527e-01	2.059984881471729423e+00	8.470074145557759948e-01
nan	1.714841992661103154e+00	1.382620996592234475e+00	1.953494632028609512e+00
nan	-1.094312260712717588e-01	-4.558028970950900316e-01	7.873808166504123740e-01
nan	-6.452594752951416046e-01	1.557831985822002885e+00	1.922078371556676712e+00
nan	1.929263519050725018e+00	1.126633514395156410e-01	3.620291926352494638e-01
nan	8.700758321046629939e-01	5.816543972866418111e-01	9.855236488724272714e-01
nan	1.795909462712203197e+00	9.307308491045033216e-01	9.138403073761531825e-01
nan	3.524119322651486641e-02	6.433860183387526410e-01	-9.372709040998590257e-01
nan	-3.909039529383527833e-01	2.085543312593521659e+00	6.680311285643988350e-01
nan	1.110667502102932414e+00	2.230015226492867431e+00	3.359451171678521142e+00
nan	1.971208206528738405e+00	1.672750447832374698e+00	1.348744091761336916e+00
nan	2.301776905373073667e+00	4.015868769296039309e-01	1.829353951616751850e+00
nan	3.030472513074427887e+00	1.855332314771371616e+00	1.057963045354539888e+00
nan	2.368964317373867701e+00	1.366107717799626142e+00	9.765270272617356806e-01
nan	3.239087788621664021e+00	2.157850552845289593e-01	-4.188095267024021240e-01
nan	1.217238614193234536e+00	1.363886743933618417e+00	1.818479680405208077e-01
nan	3.227199985010089645e-01	3.179652628850056506e-01	-2.718009304762042944e-01
nan	3.914211956069743592e-01	1.043381385402642580e+00	-5.228196512846107202e-01
nan	1.160224137210248863e+00	1.355588264052946190e+00	-7.919868699382655031e-01
nan	7.231849465212750738e-01	2.960965775511503750e+00	-4.234219071572760118e-01
nan	1.168833676650471887e+00	-1.111800316607039374e+00	1.365280575807700680e+00
nan	1.293494573955805471e+00	1.746614749134932365e-02	-3.371177368063971169e-02
nan	2.577555513181977176e+00	8.296940797639192899e-01	7.387170111972267694e-01
nan	2.447321730651442984e+00	9.553026716437317267e-01	2.965086456730166020e-01
nan	-4.916855085691609339e-01	3.644555276700155444e-01	-1.090081698098635532e-01
nan	1.133383930971666231e+00	2.981165716181750081e-01	-1.079878738555768880e+00
nan	2.510338033122235801e-01	-5.462441848226532448e-01	1.075940727313189793e+00
nan	-4.610577505152311240e-01	1.377814821864920269e-01	-8.555932437604302221e-02
nan	-7.637786008593172582e-02	1.638693037080536652e-01	1.009149229755332167e+00
nan	-6.509145249326033777e-01	-8.726588887172812004e-02	2.105263158620104047e+00
nan	1.769435887082054126e+00	1.617295855836465290e-01	2.021083693163271633e+00
nan	1.340293955321068875e+00	2.255841739674742108e-01	1.070265418381001199e-01
nan	6.644811336345409769e-01	-2.782349717222709073e-01	-7.755104977903517494e-01
nan	-5.902502291627840236e-01	8.780863163051683129e-01	5.003476433727218620e-01
nan	-7.538308568799675369e-01	1.033281827511145723e+00	2.093375475075232028e+00
nan	5.776668243388453083e-01	4.122879715539036205e-01	5.325878483424186793e-01
nan	1.034791623722334686e+00	4.544467194086040385e-01	7.890235301147139335e-01
nan	-4.880793989100448149e-01	-3.584589255516467121e-01	1.369892265495450401e+00
nan	4.031159876816852172e-01	-1.054493858352519631e+00	-2.351815533361431010e-01
nan	-1.616434917660437343e+00	1.277867828809201300e-01	9.932304908844307167e-01
nan	7.946014265492246098e-01	-2.516507563463532549e+00	-1.334789955800948391e+00
nan	-6.993088274480809829e-01	1.274226437853670735e+00	3.345121155948338476e-01
nan	3.850511976389496271e-01	3.299358654593120832e-01	4.504518951225973122e-01
nan	8.014019593085708326e-01	2.668086028223403128e-01	1.146495788334738419e+00
nan	7.863372573069183913e-01	1.461808671904837098e+00	-1.549038722678561797e-01
nan	-5.649375973565731179e-01	-6.462156770377136539e-02	1.835823284479782824e-01
nan	-1.389312559876608066e+00	-1.082533066329034011e+00	-8.674146180304610487e-01
nan	-1.012964585330994316e+00	-2.959131135037212368e-01	-7.956433633372463898e-01
nan	-5.976999507412814605e-01	-4.346192599031256099e-01	-1.126838250012035303e+00
nan	-1.901252469204401940e+00	1.992296119298892498e-01	1.366029838755637993e+00
nan	1.479800490629882503e+00	8.976125868129222196e-01	2.884940028640148313e-03
nan	2.139849031549697633e-01	9.719951928076833170e-01	-6.775155778633934478e-01
nan	-3.697165030129834773e-01	-6.009711634512657774e-01	-1.055940193947962236e+00
nan	1.051879984830713655e-01	5.193424355745488441e-01	-1.154204853333215874e+00
nan	-1.471888181813228558e+00	1.585848266528266659e-01	-6.632173357442241457e-01
nan	-1.572883602890450039e+00	-3.156624660455110143e-01	-6.347075516537092899e-01
nan	-3.452733520003614665e-02	-2.620624788039642161e-01	-1.523585702631587990e+00
nan	1.008178305538106390e+00	-6.173497236035759839e-01	-9.666634757659533506e-01
nan	-1.364830098059326424e+00	1.243474870566209756e+00	-1.531236624029400861e+00
nan	-2.643303241510707391e+00	6.296877498954144281e-01	-3.432391965418947755e-01
nan	1.889578794284505925e+00	-6.126420049042780036e-01	2.705237864204749765e-01
nan	-4.928661606654760607e-02	-1.032384656227489206e+00	-1.108172133730043196e+00
nan	-5.600072909248812181e-01	3.868308861804548582e-01	-2.647243165045768398e-01
nan	-8.945900839578407870e-01	-3.625962910126137029e-01	6.938603010416063421e-01
nan	8.877486344911588168e-01	-2.910949878760844989e+00	1.152014119444846107e+00
nan	-1.068397541521872052e+00	-1.458583884435006084e+00	-1.959436835346588746e+00
nan	-1.192392062954743537e-01	-7.379388487838511868e-01	-1.540731414162779700e+00
nan	-1.361442079567003471e+00	6.348300924487232377e-02	-4.654976287011878266e-01
nan	-6.796874508727557274e-02	-2.788396790649664836e-01	-1.285798499429665620e+00
nan	-1.776816228327734448e-01	-5.216546208251984229e-01	-1.802408343733574725e-03
nan	6.250677726987908800e-01	8.161010137695062783e-02	-2.537099817208906538e-01
nan	3.053863167749851559e+00	5.032088265379180969e-03	-6.908535804782799383e-01
nan	6.854704368362364297e-01	3.963805262735282664e-01	-4.855379088045405633e-02
nan	-8.175883262580228017e-01	-1.345988434598827332e+00	-2.158295177279719868e-01
nan	-9.634407629422286901e-01	-1.997311159914205714e-02	-1.014916106013820096e+00
nan	1.858321809301846095e+00	1.489185604742562230e-01	1.571141407915911392e-01
nan	1.918648732224065290e-01	3.257307240983097874e+00	1.141900872210708240e+00
nan	1.156471598358046249e+00	1.061658798059745834e+00	6.063344390524729732e-01
nan	-1.469407517383058970e-01	-2.557710065983294090e-01	-7.779979595007355808e-01
nan	-5.199236325304753548e-01	-1.254918907676297213e+00	1.207996097492008758e+00
nan	-4.781588101049061290e-03	-1.292169527782193406e+00	-1.064640664065644948e+00
nan	-1.548098359774992216e+00	-1.153197748400389244e+00	-2.796530288205876680e+00
nan	-1.995630626680971353e+00	-7.797171773413693607e-01	-1.240482127654930489e+00
nan	-3.317627770483289051e-01	2.725477766146714442e-01	-1.950020076049772788e+00
nan	2.174343196954618973e-01	-2.608241377207856093e+00	-6.297212713601447742e-01
nan	-4.886208619104498996e-01	5.244649663835252440e-01	5.013914233130623010e-02
nan	1.676375067012955355e+00	-4.510018736067047951e-01	2.472302818496644461e-01
nan	7.320857980678341370e-01	-1.173785228277874348e-01	-3.328725826716658065e-01
nan	4.042874038849936791e-01	-1.414516873530505592e+00	6.288519423984864631e-02
nan	1.643305376481348778e-01	2.361527464274172927e-01	-1.200410134869194900e+00
nan	1.291080619881033398e+00	-1.293535082254062329e+00	1.078332900635655234e+00
nan	-4.219845323228237355e-01	-4.582876309181065366e-01	8.018720374080828828e-03
nan	1.297421557966478955e+00	-8.490184621539875742e-01	4.843559024694129578e-01
nan	-4.958142994917717483e-01	-1.370883248248198072e+00	1.227879850186440081e+00
nan	-8.696459604897750495e-01	6.187449866017524780e-01	-8.830646322592937691e-01
nan	-1.235630910887015821e+00	1.325024177749761334e+00	-9.604743186815873912e-01
nan	-6.856297620468632115e-01	-2.481501448223486228e-01	-1.737707315457754476e+00
nan	-5.453874801879348144e-01	7.785758408798322261e-01	-5.453429827358133863e-01
nan	-1.660309085451977529e-01	1.057266439395058155e+00	6.189212952565452674e-01
nan	-7.741904646640267451e-01	-1.663911237914950103e-01	6.617080333647599177e-01
nan	-1.396732969049601536e+00	5.648488354526610689e-01	-7.466698363554111761e-01
nan	-3.958690563528567408e-01	1.113154683011000623e+00	-3.892682253176572571e-01
nan	9.007119562887857533e-01	1.277268022231377032e+00	1.239664264320679443e+00
nan	3.090915750930798289e+00	1.503897035534299320e+00	-1.836390176057809409e+00
nan	7.427139331706766878e-01	1.947600404129625984e+00	-2.166286813832682401e-02
nan	9.817978956020947390e-01	-6.125860780655919546e-01	1.762652800200760428e+00
nan	2.550643371843726581e-01	5.647635319288173139e-02	1.427589933652517518e+00
nan	1.034649427952282430e+00	-1.867688409906379521e-01	1.851200814602057765e+00
nan	1.646940573428474330e+00	-1.569663263386569918e+00	-7.214714983354302280e-01
nan	-9.805626993986869822e-02	1.765243937134396424e+00	-1.795380866530043029e-01
nan	4.211765717705428513e-01	2.215735656809535659e+00	1.973938574714555250e+00
nan	1.828357482020429581e+00	1.850524502995740228e+00	1.234924558917207538e-01
nan	1.238071930006285237e+00	1.745973908919293827e+00	8.914932487451578957e-01
nan	1.882934458842914882e+00	6.977426627591585273e-01	-9.417213794824634832e-01
nan	1.293649661080470414e-01	-1.906332844036536134e+00	-1.244452356295280060e+00
nan	-3.570645713328822524e+00	-1.029891966896189004e+00	-1.898995167690842312e+00
nan	-4.229799323968760127e+00	-2.623780547937222263e-01	-6.836777790810955047e-01
nan	-3.413750650630128725e+00	-2.696966182489178188e+00	-1.137108017642689761e+00
nan	-1.433585031031642920e+00	-2.437547752542796431e+00	-1.003419085547626377e+00
nan	1.142910513944785933e-01	-2.176677953509700281e+00	-1.147788369693105714e-01
nan	-1.018836188964881595e+00	2.820248485858010135e-01	8.236218349784667492e-01
nan	9.014655859427687101e-01	-1.862546874043005118e-01	-2.553427768350344240e-01
nan	-4.580648908322582091e-02	2.658459683023489895e+00	4.156279345428706140e-01
nan	2.965735630330353922e-01	8.474674078506869712e-01	7.750978121176677060e-01
nan	1.252504911144453059e+00	9.721414386314644052e-01	-2.654714829331488724e-01
nan	7.825477412072598948e-01	4.129819134707611639e+00	-1.071714739072836098e+00
nan	-2.471005049270149634e-01	1.151640538386462520e+00	1.529488800875088428e-01
nan	2.099300108747023330e+00	5.181737450546386459e-01	-5.744646395924115634e-01
nan	1.344285652030110967e+00	-1.294803668436125266e-01	-4.606527397945286428e-01
nan	8.143416136469264766e-01	3.960135837551608806e-01	-1.977239563023713564e-01
nan	-1.178515411448036510e+00	-1.258911298609068474e+00	8.057721490208425985e-01
nan	-9.708941736190569438e-01	1.008109345638940280e+00	4.846340952665673107e-03
nan	4.986102820820427217e-01	8.837683239484717124e-01	-4.780375062605631831e-01
nan	-2.162358402061660412e-01	-1.295637844237572667e-01	-6.396107955044423310e-01
nan	-1.304877300312098809e+00	-1.375529976077382921e+00	-6.791867966167328685e-01
nan	-1.510311469437115584e+00	-2.087074680884757338e+00	-1.234264760684338658e+00
nan	-2.286817897546788103e+00	-2.264580765204345703e+00	-8.648533441072637773e-01
nan	-5.367908697089089909e-01	-1.315775643150469687e-01	-1.706747739738377678e+00
nan	6.964403029528343225e-01	1.219226534984602650e-01	-6.178662563636647675e-01
nan	7.408071949332653006e-01	9.890033633975409133e-01	9.495563695534350868e-02
nan	8.730857000168530391e-01	-9.011314125471577841e-01	1.724135389413435693e+00
nan	9.148378858313114259e-01	6.419080551408361535e-01	-2.737751741329249588e-01
nan	-3.401352563833705211e+00	8.385671629806902283e-01	9.696132023098191777e-01
nan	1.264321695842606230e-01	-1.023524621533467460e+00	6.468497008408835569e-01
nan	6.653672228177538450e-01	-4.911155675828845490e-01	-2.261552936768296718e+00
nan	-8.556569953105703785e-01	-2.132843890982570656e+00	6.854527549154203481e-01
nan	-5.564734130575834659e-01	-1.321303310206406012e+00	-1.868452925621812977e+00
nan	-1.622703538193415396e+00	3.580511223201335858e-01	-8.435149236983885412e-01
nan	-2.278060348131381030e-01	-7.964793578688469378e-01	-1.472285683098469855e+00
nan	-2.218471857534682012e+00	-2.947826328075196511e-01	2.299418813207185774e-01
nan	-1.461195431950227608e+00	-7.245163248886790086e-01	1.108190617050637927e+00
nan	-7.926630731273371921e-01	1.368960346777113868e-01	5.856607371032408471e-01
nan	9.557684751598577444e-01	2.011526028019958279e+00	1.333717463098351153e-01
nan	1.806824640140332949e+00	6.904776874360107897e-02	6.560280618180848178e-01
nan	-6.015778262984522451e-01	1.110470746181316581e+00	9.382674360695651972e-01
nan	-2.202641233405788213e-01	8.534008368948192702e-01	-5.344387958853745735e-01
nan	4.071992152683724941e-01	-8.766908153398591530e-01	1.277372957460560565e+00
nan	8.599501018506892080e-01	9.360527867306743799e-01	-1.035386406977407914e+00
nan	-2.929738297111226797e-01	7.140763143235480115e-01	9.142549765112629734e-01
nan	1.745945001697708499e-01	1.578295815740006214e-01	-7.294515889000827702e-01
nan	5.950692468950952163e-01	6.476063060526894288e-01	-3.379670134317845354e-01
nan	-1.432209346846395892e+00	6.440465839669180514e-01	2.488772868036516484e-02
nan	1.204736505412250747e+00	-4.635418229655969835e-01	-1.971183223398268902e+00
nan	-2.154098892874655724e-01	-2.535260112568302748e-01	-1.670072911171850638e+00
nan	-2.970261220302669591e-01	-2.235887080986206144e+00	-4.886314914666045617e-01
nan	-1.184612516535884286e+00	-1.510602429501568755e+00	-6.381460652335251282e-01
nan	-1.834080552452413304e+00	-1.530123463001210826e+00	-1.596335875830228179e+00
nan	-2.301711422239168137e+00	-1.101285128874463837e+00	4.457044028694637783e-01
nan	4.553152161342666204e-01	-5.692426623630343352e-01	3.987277816468720593e-01
nan	-8.546850915010451022e-02	-1.503731167047950568e-01	-1.396002696019019051e+00
nan	-3.057899412268725303e-01	1.016429606229242610e+00	-1.283830682960201530e+00
nan	-1.205527747465433563e+00	2.424559942846026550e-01	2.192972632336552818e-01
nan	1.064159387596060657e+00	9.057877104865812434e-01	1.687987686328183745e+00
nan	1.738788610656499145e+00	2.162167805025212886e+00	4.478898485741482083e-01
nan	6.647824889511066981e-01	1.581952637823082597e+00	1.198199706599279546e+00
nan	1.928757736565752001e+00	6.646000772270737045e-01	9.533309433564771673e-01
nan	1.925275788975752356e+00	5.314413259640595744e-01	-4.200640551308804094e-02
nan	1.372604061024860211e-01	1.136124022072549922e-01	-5.966440941184537605e-01
nan	-1.641813027669837555e-01	-8.344590342530705529e-01	-2.737098192981326505e-01
nan	-7.914890738183573138e-01	1.566486228709156103e+00	-1.479402176554464599e-01
nan	1.401833063214059205e+00	1.802638064009380037e-01	-1.186479718479923839e+00
nan	1.550570970156551986e+00	-9.826309703832796227e-01	3.835520609397504166e-01
nan	1.381158846432290144e+00	-1.305048848971611664e+00	9.177807802357931255e-01
nan	3.320856155190344272e-01	1.268716602494301959e+00	9.639037143014055342e-01
nan	1.252906376646127029e+00	2.228401455405440323e+00	1.043908824203357177e+00
nan	1.870790779651340330e+00	7.263304502060116130e-01	2.613647042073486748e+00
nan	2.200559852674347283e+00	2.025220857581514489e-01	6.226640064636934646e-01
nan	1.712212027052077090e+00	1.303089714853458148e+00	-7.977889880929867061e-01
nan	-1.385835881194558361e+00	6.333668184628193920e-01	1.495278406437434926e+00
nan	-1.312320947628979884e+00	-1.474824203346573048e+00	8.801124661660546522e-01
nan	-4.754901839565537358e-01	4.974037494661641690e-01	-2.097336663152627345e+00
nan	-3.168863183369433401e+00	-1.257565867280975580e-01	-2.448202953517934599e+00
nan	-1.139922445354603076e+00	-7.529546369110664550e-01	-1.095470024853159252e+00
nan	3.339060073647737159e-01	-1.497401148637361179e-01	-1.572392508187983484e+00
nan	-5.477093620439665855e-02	-1.622826042967537852e+00	-4.465509634255016014e-01
nan	-7.892804987672104033e-01	-2.985851066316522306e+00	-5.050959979258717869e-02
nan	-2.003428769243780661e+00	-3.280790417441258322e-01	-2.784819581374483599e-01
nan	-2.105963452982358763e+00	-1.585864250210343940e+00	-5.008339832516316426e-01
nan	1.614735531883317865e-01	2.224406928875533040e-02	-1.937874758550548027e+00
nan	-1.253078118425811738e+00	1.616658536685311676e+00	-6.804834312624067350e-01
nan	-1.927069812128133774e-01	-1.174882023113016372e+00	1.177537881166897948e+00
nan	-1.713786841727659160e+00	-1.367857820495747889e+00	1.917315456424263376e+00
nan	-1.598073351559854416e+00	-2.515246923151900127e+00	6.115937067109827874e-02
nan	-2.407332671578801264e+00	-1.764830392919319646e+00	3.399426923068681328e-01
nan	-5.513342159681376975e-01	-1.165809725573990541e+00	1.974217415283169852e-01
nan	-1.803565956269067572e+00	3.611508353127175219e-01	2.044570406376811089e-01
nan	-2.164622768849855827e+00	-2.752152554432875098e-01	-1.906898448616878738e+00
nan	-8.283955188940138603e-01	-1.167826532450567001e+00	-6.845916642315144074e-01
nan	3.504387981924594886e-02	-3.061139850060525247e-01	-1.419459057941066416e+00
nan	-1.325647785992038141e+00	-7.327086017709192323e-01	-6.273385670337849884e-01
nan	-1.001772498556874558e+00	-2.736536697866597478e+00	-1.194536640970045749e+00
nan	4.136552925369694211e-01	-1.522072456094441417e+00	-7.241011942902475518e-01
nan	-1.452526542364512840e+00	-8.482875243625640493e-01	-1.751369975581725136e+00
nan	-7.208231393558152122e-01	4.135327715649672609e-02	-2.000984166807863396e+00
nan	-1.243676542377402772e+00	2.021594830431692469e-01	4.573738293527781495e-01
nan	5.697347961604806721e-02	-1.448063665029471370e+00	8.342943712528938516e-01
nan	8.356125383245909255e-01	-3.711491136653023437e-01	-8.422822554547908513e-01
nan	-1.699444632032775238e-01	-1.424238982974386891e+00	6.299728974327212239e-01
nan	2.849717665479147288e-01	-1.189772682410970006e+00	-4.231100761204286131e-01
nan	-6.714186168989801917e-01	-1.129457974350474903e+00	-1.423572135156043195e-01
nan	1.409900854763928235e+00	-2.084062209447105740e+00	-5.213197495429089390e-01
nan	1.822250046045974514e+00	1.237146880102389490e+00	-1.104100589828930445e+00
nan	4.516757362151411215e-01	1.199362474962589076e+00	2.003288108206635165e+00
nan	-2.039041243649175605e-02	4.786929901408859545e-02	1.162258156880087157e+00
nan	3.332341252052690717e+00	1.734776252056136614e-01	1.928903189867572365e+00
nan	1.222273595736330432e+00	4.978391550791952946e-01	1.474682638990179484e+00
nan	6.366889418899801534e-01	-8.417101054606692667e-01	1.686971550490349081e+00
nan	1.090972968083278927e+00	-2.803319537540338580e-01	-2.902615536447848421e-01
nan	9.341293938924057905e-01	-5.939292274324586840e-02	-1.488037587498917347e+00
nan	-3.822005059603150734e-02	-3.996800368510361468e-02	-1.449866368623325963e+00
nan	-6.877313355599505851e-01	-1.488043354779492899e+00	-1.738322977810559777e+00
nan	-1.435051806308624833e+00	-1.505381839012367662e+00	-1.309522619371521035e+00
nan	-2.252529299826569797e+00	-1.085448409817368010e+00	-1.316742226617239941e+00
nan	-9.318587521388811412e-01	3.810575406763871964e-01	-1.193744232126205285e+00
nan	-1.076940035949457641e+00	2.827625051796797129e-01	-3.173436515974525918e-01
nan	-1.714293163759495142e+00	-1.801485563545661028e+00	-8.406523818138427195e-01
nan	-2.015690413063337516e+00	-1.134884798488424273e+00	6.364208280293138786e-01
nan	-5.756567607363766159e-01	-1.294312786520962266e+00	1.098755978449392545e+00
nan	-2.166258810918365862e-01	-5.388442288305651529e-01	-6.892867129421674788e-01
nan	-7.072931398795989644e-01	-3.740621050762025224e-01	3.909758187086445069e-01
nan	-5.341247390915851989e-01	-1.958299714133365788e+00	1.889954028888941040e-01
nan	-2.705336242268187030e-01	-7.402914136895645258e-01	1.160761634954172727e-01
nan	-3.151775754933940910e-01	-3.095986719638318951e-01	4.398317857356138227e-01
nan	1.270558312964772618e+00	-4.188329736858362740e-01	1.382910016237026349e-02
nan	4.923190101514577366e-01	-5.400341480483900058e-02	-2.127235976146924390e+00
nan	7.277964435757343642e-01	4.449841596805113042e-01	-5.319008166144610916e-01
nan	-2.482654532951076298e+00	1.143632748463657034e+00	4.559461397159283447e-01
nan	8.033855267887608509e-01	-3.588693504790304578e-01	5.639789642994152974e-01
nan	1.810818343084491078e+00	4.005454831155863538e-01	2.810308732334719783e-01
nan	1.560328238465720663e+00	1.511437992191988489e-01	3.714669744135482565e-01
nan	4.970305575327800818e-01	1.044417324032841377e-01	9.657007689874432810e-01
nan	-1.859177618346806171e-01	1.280785773064965882e+00	4.897202612199478278e-01
nan	6.066922705997203069e-01	1.687209847266103457e-01	1.969134949570110482e+00
nan	9.363546169749445980e-01	1.069536580225499911e+00	1.374527356968422653e+00
nan	1.986491213884128193e+00	1.408390320732815448e+00	-1.467994741247815371e+00
nan	2.603489586410892564e-01	9.543584310180518449e-01	7.883446493743279104e-01
nan	-2.409160952139836054e-01	-2.922499262984509794e-01	1.659051970269471932e+00
nan	-1.239523075104998373e+00	-1.438295874453521250e+00	4.676626188371699744e-01
nan	-1.425764099439442711e+00	-1.951580617079161861e+00	4.179725025378334125e-01
nan	-7.997977846372528177e-02	-1.085461932252742123e+00	1.835393427994151061e+00
nan	1.237427225772662842e+00	2.775121506988337261e-02	5.041064476571721631e-01
nan	-6.883623348606620063e-01	-3.069428601323838657e-01	1.820283447024701462e-01
nan	5.347762553863544266e-01	8.368491444268637558e-01	1.310652913741274517e-01
nan	-1.839518883804845406e-01	1.407474459386596655e+00	3.342349714033389652e-01
nan	6.482237714734861989e-01	-4.183179169498027483e-01	-3.454987178825414951e-01
nan	-2.655561190689882389e-01	-1.380545994017447820e+00	8.836048103643904250e-01
nan	4.167268167926304612e-01	-1.287146225770223085e+00	7.789312831293806472e-01
nan	-3.762053019974574419e-01	3.140642565080459248e-02	-2.638652896544893434e+00
nan	1.075776734832292192e+00	4.441124714472285406e-01	1.418651139336266631e+00
nan	-5.112675908818148374e-01	1.122342462870997259e+00	-1.531697454338321052e-01
nan	-5.341850074841729690e-01	1.031046189972097293e+00	7.932353686890727396e-01
nan	1.280251141271936843e+00	-6.292457297064307786e-01	1.247715293963332250e+00
nan	6.749602805432675101e-01	4.457950770810245600e-01	2.689899363642790586e+00
nan	1.353872005684534585e+00	6.788815612778487107e-01	1.027052552049654732e+00
nan	6.057720657910520279e-01	2.402462252927147546e+00	7.223678299248859069e-03
nan	1.777196363746646579e+00	1.684978105942796400e+00	-3.435969886632117554e-02
nan	1.152014296584302544e+00	3.076045298352980684e-01	-9.328974901455014956e-01
nan	2.259604306709412647e-01	2.760087060461084985e-01	-1.544320239740784695e+00
nan	2.056510302924579481e+00	1.907961152445316888e-01	2.347284307403496584e-04
nan	7.631108624313415190e-01	8.450127330848991036e-01	-4.167366117858752883e-01
nan	1.245718041351465466e+00	6.289593129247926795e-01	8.071703195106154638e-01
nan	2.832373733046653630e-01	2.121999649615180061e+00	-4.764417486908498756e-01
nan	8.168407990087084292e-01	5.286035647259521575e-01	8.204855158687751615e-01
nan	-2.307387482491314312e-01	1.663867366890687371e+00	-3.685473504922062160e-01
nan	-5.135853113017457838e-02	-1.464378400617365461e-01	5.030831964293335234e-01
nan	-6.864778002478189034e-01	1.398680487474372125e+00	3.734273703223157659e-01
nan	-3.847916781670757125e-02	-2.921891416703903954e-01	1.838026241885156731e-01
nan	-1.002940168911422125e+00	6.557104956326230694e-01	-1.954053277106294395e+00
nan	-4.883142088741447284e-01	-1.134231227358813321e+00	1.705797518986818861e+00
nan	5.291619391674524664e-01	6.005065759354920596e-01	-3.151316518522602195e-01
nan	-3.990416142589428561e-02	4.951494900550054146e-01	-2.785877740576963024e+00
nan	6.874029501818824661e-01	5.922719577587594042e-01	-1.098865603785709411e+00
nan	-5.267740807808878323e-01	1.378151419947975242e-01	7.355783280890767495e-01
nan	8.815653184656265795e-01	-1.299680605429592184e+00	2.395730982000874310e-01
nan	-1.126906693650065572e+00	-2.773997120370040870e-01	4.688362637840309266e-01
nan	-1.259265691987556002e+00	-1.023563561884712758e+00	-1.314092351063042896e+00
nan	-6.828855744022830354e-01	-4.078808599644406785e-01	2.853725665207292872e-01
nan	-9.867794759126045090e-01	-1.859046342909353111e+00	-1.677282954427812944e+00
nan	-2.973346833459586946e-01	-1.324666861198554590e-01	-1.326884402923349526e+00
nan	-1.935955187106097153e+00	8.033692489238088985e-01	5.232515899185007369e-01
nan	-1.308883771187178580e+00	-1.765932644692880027e+00	-1.052603750907014080e-01
nan	-1.456220524252326953e+00	4.487694255324281567e-02	-1.898448094167623501e-01
nan	2.458157730103002758e-01	1.519779886193658669e+00	6.187538893647573923e-01
nan	8.721077184795718029e-01	4.272233221832797412e-01	1.419470660233042025e+00
nan	1.046102616204041880e+00	2.211495054426659002e-01	1.111819178984162715e+00
nan	1.377729623599101894e+00	2.326741745868314559e-01	1.167657661168822969e+00
nan	1.535687525528208530e+00	-1.850345550346049750e-02	8.125859606289449477e-01
nan	5.776219094720069780e-02	3.464094990555486309e-01	5.766795650934637418e-01
nan	-5.662831633155553934e-01	6.430966089577483391e-01	1.516728536276578332e+00
nan	4.804414001569541348e-01	6.574244887261813108e-01	2.142817778835088838e+00
nan	9.351315183361981198e-01	-5.136955642841737335e-01	8.635997987856185443e-01
nan	1.551877313525611424e+00	-1.332644912107718016e-01	7.947647624921254650e-01
nan	-3.486597049851738461e-01	4.473466399126524440e-02	-1.899384447394069309e+00
nan	7.402975536404833301e-01	-3.633163147852937203e-02	-1.119757544411285721e+00
nan	-4.560920029772377315e-01	1.094555644126793847e+00	4.433798461132949509e-01
nan	1.995086981540966642e+00	3.827511038455941872e-01	-2.404080014004711385e-01
nan	1.686304110429871495e-01	1.041029162108035422e+00	-5.774579113256350649e-01
nan	9.111778658666020991e-01	2.928906414223024224e-01	-2.247691578843039828e+00
nan	2.004045231947373384e-01	-7.271455574435532476e-01	8.840408169526009496e-01
nan	2.963083772277245731e-01	3.262390377093898897e-01	-4.078811402059166480e-01
nan	2.836667368495878749e-01	9.655603522527578253e-01	6.071662351763295051e-01
nan	5.932518208032022677e-02	1.281448624906646572e+00	2.144996454838107525e+00
nan	3.783626270109510248e-01	-1.566114911354355765e+00	1.093413717830427512e+00
nan	-9.990558972095751056e-01	-8.348266430359252421e-02	7.742693883837592495e-01
nan	3.207724596611592482e-01	-7.874800864065384376e-02	3.446972369287791826e-01
nan	1.370468021432856398e+00	1.182605904059340629e+00	-3.504661750900824324e-01
nan	1.376075495119996273e+00	2.171348980565526610e+00	5.950099975937162000e-02
nan	8.305233126714068881e-01	1.269203757685159140e+00	-6.638880614061979379e-01
nan	8.082986394466951108e-02	-1.492166982363435368e-01	8.841612804197065412e-01
nan	5.641761944849850163e-01	-4.486086863326173568e-01	1.621780340835242917e+00
nan	9.672793898538731838e-01	-4.891102497645697378e-01	-6.169090669798666937e-01
nan	6.390065566493633442e-01	1.083717497401884833e+00	7.356902109623266739e-01
nan	1.262210461234916314e+00	-1.621716080970226681e+00	4.375600648688528493e-01
nan	7.442294353985604571e-01	-9.636578238735661328e-01	-1.439826398567071841e+00
nan	-1.729415252765230449e+00	-7.912852396628109464e-01	-4.610700253607505905e-01
nan	-1.072381869424382739e+00	-1.123373008135518436e+00	-2.074271182222971466e-01
nan	-1.498705992884619587e+00	-4.853871016431791086e-01	-8.828182841124940783e-01
nan	2.851043977325566914e-01	-1.966945873322623939e+00	1.605901200541075102e+00
nan	-1.569463188925619868e+00	7.094589526599835994e-01	-1.225161988453017159e+00
nan	-1.014905074620055858e+00	-5.185219058374285206e-01	-7.127144029258725144e-01
nan	-2.255979432991342293e+00	-1.234572833090855859e+00	-1.562096335804500635e-01
nan	-2.386334430877732338e+00	-6.359318831990801169e-02	-1.407724262742647836e-01
nan	3.614838792717176563e-01	-1.044793512168328498e+00	1.984217730473860630e+00
nan	-1.878591771317192238e+00	-6.608047078442397249e-01	-2.389910513200558806e-01
nan	-8.167552957104762257e-01	-4.495477780032225978e-01	-2.332954485957119406e-01
nan	-7.506494902161298111e-01	-2.125190644636049953e-01	2.299888994067427195e+00
nan	1.112608598036078256e+00	-2.000076601343829807e+00	7.015179096864980757e-01
nan	-4.836886478810122347e-01	-1.645571230053762601e+00	1.238875163511533373e+00
nan	6.979564508053837102e-01	-1.420073953481799656e-01	-9.105218123628493199e-02
nan	9.050123481255015756e-01	-2.392883762107717027e-02	8.720965027010794124e-01
nan	1.929958476263231582e+00	-1.265845606082573349e+00	4.453470859791668346e-01
nan	8.454982997063142935e-02	-3.528064781187284504e-01	5.235471412138500424e-01
nan	-6.314368209295598278e-02	-3.047384224990641322e-01	-1.217944929507476681e+00
nan	1.868357210024827353e+00	1.394041415071001766e-01	-1.882016496086227342e+00
nan	-3.073925187116288704e-01	1.536145101143889802e-01	-1.261942074564067706e+00
nan	1.272432884771205419e+00	-5.422682750594431944e-01	-1.106106329989962056e+00
nan	8.244805279130301701e-01	-1.016009821321322448e+00	-5.208422766443303598e-01
nan	3.871158689549037968e-01	-4.887596798381818597e-01	-3.388028151741003136e+00
nan	-2.786092693435656908e+00	6.621569935554495467e-01	-6.053914527890590369e-01
nan	-6.437183960126823257e-01	-7.649800750186702691e-01	4.868133546730825378e-02
nan	-1.360034220646554548e+00	-3.127009655091286255e-01	-8.910522725215444528e-02
nan	3.502731580643385634e-01	-1.598131858916521431e+00	-5.653069480281504022e-01
nan	1.827389968283008592e+00	-1.166966252521990821e+00	-1.203894145880254563e+00
nan	1.517856976835383898e-01	-1.177159868592647651e+00	-1.342293848027229064e+00
nan	-1.284184133126315963e+00	-8.049668557414414449e-01	-1.457324693786122394e+00
nan	-6.061420685684490994e-01	-6.126600847503560487e-02	-2.784241020014399659e-02
nan	-4.808566778828943789e-01	-7.257584638941085853e-01	-6.707272182892543011e-01
nan	-2.272848018962879912e+00	-1.813964906230712160e+00	9.753495485956653610e-01
nan	2.837676753554945197e-01	-2.368277616939636676e+00	-1.604462642038599895e+00
nan	-2.131124627823988149e+00	-1.131653502562606217e+00	-1.445770267447397117e+00
nan	-7.287776446494176330e-01	-2.083242462291599040e+00	3.891603226314190866e-01
nan	-1.561082668709314003e+00	-2.085895340127815523e+00	-3.827921354191814451e-01
nan	1.114229216776418951e-02	-2.262830050080256949e+00	-2.744885439613936828e+00
nan	-3.171524893054585625e+00	-4.484795154024602271e-01	-1.560967105111991549e+00
nan	-1.885284093839611153e+00	-2.494596607249233600e+00	-4.790368894837518932e-01
nan	-1.178866502129476190e+00	-9.587067250905211280e-01	-2.999425490872719369e+00
nan	-1.932766021418188540e+00	-6.642693095729710340e-01	-1.247029595778385902e+00
nan	-7.523860477559023430e-01	-1.116913266038537245e-01	-7.732050095281954860e-01
nan	2.127559644418867357e+00	-1.282319625340899050e+00	-1.565059641834987803e+00
nan	-7.837746246112259341e-02	-5.624348036350501623e-02	-1.326181327050336867e+00
nan	-3.884828652566753027e-01	1.580949734704496734e+00	-4.346067519565824933e-01
nan	1.287771505217252699e+00	5.604195607603363882e-01	-1.132392881969378706e+00
nan	5.627709062687447084e-01	1.013077211416838708e+00	-1.185790414447827623e-01
nan	5.195034578946680082e-01	1.894671136371952169e+00	1.371318527655053465e+00
nan	1.273861100616872744e+00	8.903627411017123183e-01	-3.411854940847645068e-01
nan	6.589793536326911116e-01	-7.528331265406906780e-02	5.314876460564427196e-01
nan	3.491564134851261603e-01	-7.483543360621434104e-01	-5.643884608873896980e-01
nan	-2.678609057423624318e+00	-8.625349237228703281e-01	1.909805507249091594e-01
nan	-8.114283442308273253e-01	-2.628965535269643938e-01	-5.845424749371095352e-01
nan	-5.738988076192245158e-01	-9.075354415807200814e-01	8.584924843823357188e-01
nan	1.463091740371733618e+00	-3.419387264144855720e+00	-1.019168695226705834e+00
nan	-3.659549842162883593e-01	-1.718393532569181481e+00	-2.605040979230426768e+00
nan	-1.469059481512366094e+00	-1.223491486246509830e+00	-1.347678528319862012e+00
nan	-1.523209318979511506e+00	-1.002363858620221482e+00	-1.028650233316062979e-01
nan	-4.643349371046351370e-01	-7.729278054358779126e-01	-4.593705161391083980e-01
nan	-1.393898886353916122e+00	-6.048624444185378701e-01	1.222874909707972524e+00
nan	1.792475558441762207e+00	5.303573749542347393e-01	-7.472083034315497585e-01
nan	-6.283274659252952032e-02	5.568784593566056262e-02	9.872688921334734635e-01
nan	1.155445551656292036e+00	-1.320449615942933808e-01	8.803838608548137934e-01
nan	-1.561727375808422691e-01	1.031609514855399423e+00	-4.639655761411157764e-01
nan	-8.430707915638550876e-02	-1.331740270451658326e+00	2.465480315843548986e-01
nan	3.407629768805143233e-01	-2.118091278548130119e-01	-1.860239034806938363e-01
nan	1.981024662832716887e-01	7.834830786158564209e-01	-7.118615960877241466e-01
nan	9.794778398877366232e-01	-1.227976196198184766e+00	-6.853174194584742418e-01
nan	6.571167199735308273e-01	4.676085600224063610e-01	-9.835562641851215426e-01
nan	-1.117661632661241522e-01	6.327424859889452247e-01	-2.615879459513980598e-01
nan	2.606186536887804550e-01	9.067289187178312337e-01	-1.119730469968932773e+00
nan	2.051686366975839171e+00	7.144447879730236872e-02	-6.931674255337217927e-01
nan	1.964597503318942673e+00	1.685008617128006758e+00	-1.089651235577190125e+00
nan	1.605671319353493054e+00	2.086690962355972623e+00	-9.503088299056728916e-01
nan	1.122555941210511055e+00	3.392114306371005306e+00	3.043745606930975955e-01
nan	2.337942662247671777e+00	1.822949444766902793e+00	1.668890834264664225e+00
nan	3.069868062397280717e+00	2.218236380821711595e+00	1.626479740882427638e+00
nan	2.179564667368886433e+00	2.288601512346007283e+00	2.527863560766986595e+00
nan	2.358500304342598941e+00	1.723500135993404792e+00	7.795087849250185164e-01
nan	2.199604614169911709e+00	2.545288130776115487e+00	2.718580212063800294e-01
nan	2.177943888245124970e+00	2.581872070127564367e-01	9.534948163052259229e-02
nan	1.831258196701357255e+00	3.150783297378860759e+00	1.585147351723456000e+00
nan	2.232261417427743755e+00	1.728146714650599325e+00	3.200465487539346121e+00
nan	2.771593266321800364e+00	-5.320105685297837894e-02	4.882710495711780618e-01
nan	1.120943813713546788e+00	-6.843181380655584123e-01	7.270314705857880977e-01
nan	1.902719476409604260e+00	1.083946308304548189e+00	-5.793383200613221318e-01
nan	2.201439793943106293e-01	1.848761275747549782e+00	4.231703252731038312e-01
nan	3.286063159145041768e-01	2.482287356041581905e+00	2.164177085026941505e-02
nan	1.116280640039025052e+00	2.601375837165187832e+00	5.141248070883288612e-01
nan	1.937718578941314718e+00	2.271801437378571098e-01	8.921093900799276222e-01
nan	1.818034190687511042e+00	1.423875357542258469e+00	-2.827107921687121994e-01
nan	2.192747395036847458e+00	1.355034964397066943e+00	2.015337767991104201e+00
nan	1.423576217841246327e+00	1.442619834319278205e+00	8.553504922194090643e-01
nan	7.621860638830522117e-01	3.743540946999018293e-01	6.240542875310146620e-01
nan	4.626595493989309471e-01	1.956139315651153066e+00	-1.336446673995342671e+00
nan	-1.680926246194297757e+00	-3.049607989666529573e-01	-1.143570381844072337e+00
nan	-4.062190158488344638e-01	5.740404876092578546e-01	1.660620397569513518e+00
nan	1.071712273406660199e+00	1.063642014143750592e+00	1.442606479631389771e+00
nan	2.084982850795594977e+00	3.526349904361708032e-01	-9.316427036742117584e-01
nan	4.841213417900988580e-01	6.729080278455985553e-01	-1.123306404917813611e-01
nan	-1.657695302222935152e-01	6.292282999473046701e-01	1.762883100960745963e+00
nan	-1.173675626990379195e-01	6.773273606714274031e-01	3.654980659072076254e-01
nan	-7.379498990230359823e-02	-7.171820724591467799e-01	1.617635724796436802e+00
nan	9.224266381255270542e-01	1.562398305660244735e-01	1.302456039337972271e+00
nan	8.160077680167023839e-01	-5.804645669778492056e-01	-1.190729302119224009e+00
nan	-9.409525633263281508e-01	1.475651758445061690e+00	-6.435667015240558175e-01
nan	1.961068726416566599e-01	4.580181589817912680e-01	-3.232769104016312012e-01
nan	7.105227205098827437e-01	4.523902072538210639e-02	-5.918198450149156908e-01
nan	-8.917189603126584041e-01	-2.134649255838042325e+00	-5.899506930800809679e-01
nan	-2.073249189886626542e+00	-9.434907804774088635e-01	-2.650487580622368444e+00
nan	-1.103864350865929600e+00	-1.360309011041992866e+00	-1.809288606996256599e+00
nan	-2.021794374072235723e+00	-3.778890287081937416e-02	1.359495181525506080e+00
nan	1.212264533143473655e-01	-4.756107939090761239e-01	1.033790093532264809e+00
nan	-1.383219279365353049e+00	1.987534018800891922e-02	-1.391153564109270102e-01
nan	1.853660219004748422e+00	-2.527987519284305318e+00	-7.326661261230114075e-01
nan	2.687312025494623113e-01	1.597581260799538772e-01	-1.048255043713069323e+00
nan	4.084747232917754212e-02	-3.235542716766350857e-01	-1.604721168655911523e-01
nan	-3.160903247327656596e-01	6.541717985318049045e-02	1.647902608876347097e+00
nan	2.196370386627426174e-01	2.369032743527585083e+00	-2.171375856043018082e+00
nan	1.999290216716647084e-01	3.194297441488387346e-01	2.949775797146650946e-01
nan	-1.912796807041665881e+00	6.171207245661459728e-01	2.999801835089423996e-01
nan	-2.812553038658192506e+00	-1.821165571684120188e+00	6.968795913259354657e-01
nan	-1.004178394349547476e+00	-7.062002338441754068e-01	-2.089727326787421902e+00
nan	-5.674969540803858070e-01	-1.107520886779916669e+00	-1.808975233323337317e+00
nan	-2.135156994990754065e+00	-1.211123450142615798e+00	-3.093215135514864045e-01
nan	-1.045521362857069647e+00	-1.689105796360590883e+00	-2.045191960639600293e+00
nan	-1.931627155928384632e+00	-2.075438993905178720e+00	-3.574765416958430864e-01
nan	-1.317908106720421468e+00	-3.739308111060380968e-01	-6.043332100003715457e-01
nan	9.333929412557463445e-01	-1.591021070868506415e+00	-9.755295443812126432e-01
nan	-1.321130654135356242e+00	-7.066158011718012277e-01	1.169712980891249643e+00
nan	-9.532040331815754275e-01	-1.170398683872130530e+00	5.959669981419684071e-01
nan	-8.791065309079755252e-01	4.236417634805356158e-02	-2.105878780743293710e+00
nan	-2.537729466779648835e+00	-4.918557330308452880e-01	2.842120296168019200e-01
nan	-1.919222521378816104e+00	-4.103966718104872236e-01	-8.972643886968162397e-01
nan	-8.895741772596174046e-01	-1.081695074936185552e+00	-1.551138520532826304e+00
nan	-2.921615304025056981e-01	-3.662796991166700211e-01	-1.760673420411085210e-01
nan	7.053135347028710589e-02	1.251851584482559732e+00	1.654816720558135446e+00
nan	2.200005724275906793e+00	-2.831783455628557600e-01	1.634112083575088192e+00
nan	2.161015576358318313e-01	4.648811140909871464e-01	-5.978906772598602259e-01
nan	-6.068171150779245737e-01	9.620184710538299822e-01	-3.362677958939377931e-01
nan	1.372814203241961239e+00	-7.639028316759326476e-01	3.489450495704119470e-01
nan	2.322993069255521181e-01	-5.597986117441176024e-01	5.952528955473511685e-01
nan	2.263355022672798089e+00	-1.508996262502503738e+00	8.551716928336172696e-01
nan	1.000690040464737862e+00	2.768363937045813294e+00	-1.653215588596813335e-01
nan	1.187036721111867976e+00	9.893387973467946406e-01	-3.648212177759386776e-01
nan	2.309234569030881312e-01	7.822198781998104256e-01	7.138459487384794799e-02
nan	-1.933607422003537524e+00	-1.891992767960015698e-02	1.477417326367709505e+00
nan	-1.088031262505136487e+00	1.398835551297117341e-01	1.690393446031996039e+00
nan	1.267089319062326025e+00	-1.867074654124430522e+00	1.996245253896695271e+00
nan	8.217491331672057697e-01	-5.054030327864309502e-01	7.829326146784875151e-01
nan	1.676386843869601906e+00	-2.411342966013446665e-03	-8.971617542142196200e-01
nan	4.741698361466387124e-01	7.902903195860080388e-01	1.464776484246135713e+00
nan	-1.827343683203044966e+00	9.865525725582384720e-01	9.866711891998044548e-01
nan	1.169510990411693152e+00	4.452999811320429435e-02	-8.371315908792620331e-02
nan	1.050446862102704548e+00	5.257801094043415002e-01	1.657554835859925690e+00
nan	1.380235950794423960e+00	-3.101172679965698564e-01	1.477055531180099468e+00
nan	1.632634372123368038e+00	-1.740009484283411290e-01	2.028953910707434805e+00
nan	2.595042111259936446e-01	1.921443858766912705e+00	-1.343541265406096974e+00
nan	-6.073737672952514988e-01	1.366927336535766813e+00	1.165922153348011303e-01
nan	-7.777065016348903015e-01	-1.597307041761178326e+00	1.690093345771637612e+00
nan	-5.302257315806739868e-01	1.442270279560970980e+00	-1.032381291277851165e+00
nan	5.403828452794084969e-02	6.050433498074164751e-02	-9.524241467294509988e-02
nan	5.453307051920739390e-01	-1.595695651485905975e+00	-9.983825142907594152e-01
nan	-7.427198935707218785e-01	-3.705823919706769387e-01	-1.998447931083186413e+00
nan	-2.538394919707898989e+00	8.324901508195702293e-01	-1.671759174938953318e+00
nan	7.345773350082005493e-01	-7.544828107459461419e-01	-1.205684820186956774e+00
nan	-3.309181948945408847e-01	1.236341073786690226e+00	-1.086274832410670577e+00
nan	-3.357419319302789029e-01	1.571878132929390048e+00	-3.204390005719765511e-01
nan	2.159074495094094992e+00	3.082938967453539569e-01	-2.359284355852445114e-01
nan	-2.251802107083641591e+00	8.721781712390537233e-01	2.388308809396656240e+00
nan	5.477363243705420937e-01	-6.683338078866203347e-01	1.575796076824410363e+00
nan	9.160227986304542158e-01	-6.884603182138128163e-01	4.361492090470923677e-01
nan	-1.890997454744061668e-02	1.230133011948517430e+00	-5.569999937033610626e-01
nan	-1.506764743030085951e-01	-3.143993496093325790e-01	-4.514484195615547923e-02
nan	7.746386891461110036e-02	-2.680799171383215773e-01	-1.436666319225424482e-01
nan	1.079436573794947618e+00	-1.780489853304102921e+00	-6.903547697034237984e-01
nan	1.155016232610286853e+00	-3.086728982801760779e-01	-8.674183905818787510e-01
nan	-4.823716367871684896e-01	6.980050101693688891e-01	9.976195844324520223e-05
nan	-5.753390182969493338e-01	1.057817692994627468e+00	-1.168764389520360103e+00
nan	5.147933253725146541e-01	1.998795295416833095e+00	-7.328320895601259100e-01
nan	4.102339060067037302e-01	4.557616747660439005e-01	-3.223639420499918584e-01
nan	-3.349526526589015618e-01	4.829996325986873340e-01	-1.998389973486585092e+00
nan	1.419245084930813139e+00	-3.143396531881092471e-01	6.646086596381417522e-02
nan	-2.515268139676118953e-03	3.222457846591221031e+00	3.777114431941117068e-01
nan	2.344652014947276264e+00	1.996356475370995920e+00	6.981308880395766803e-01
nan	4.991334536764613361e-01	1.280108443383161321e+00	7.358139937126439989e-02
nan	7.830972713128564466e-02	-6.312514680972292069e-01	-3.862433627567770644e-01
nan	-6.952474330656271961e-01	-5.701886248871569363e-01	-4.868476319499986937e-01
nan	-1.896755723289275108e+00	2.095466265391670579e-01	1.277160667910439695e-01
nan	1.586116974303857785e-01	-1.252303812145132644e+00	-2.223112874258815985e+00
nan	1.778471882695677131e+00	5.187531728875429682e-01	-1.873153345899187805e-01
nan	-4.233866581756510206e-01	1.814214931642420536e+00	8.208870411137847434e-01
nan	3.736071112391715632e-01	1.905485872055097563e+00	3.777831420614127023e+00
nan	1.915217984015598063e+00	1.207822793254410332e+00	1.593326471178684534e+00
nan	2.204370833473762836e+00	-6.187257032299482429e-01	3.320807384941180107e-01
nan	8.672694820230457680e-01	1.900091569987437223e+00	-1.709521256890951524e-01
nan	5.160127710054529526e-01	-1.090509497824225793e+00	9.002418970705343693e-01
nan	-1.418382073104837326e+00	-7.864797957791049843e-01	-4.479611839534203277e-01
nan	-1.636516660392295597e+00	-2.527329334865655586e+00	-2.903120455399379463e-01
