nan	-5.648263648589101765e-02	6.281136996088005908e-01	-1.169822990190632073e+00
nan	-5.865100721564091568e-01	3.436750663226212366e-01	8.525152350781225463e-01
nan	-4.042980158795832502e-01	-1.611452723155695876e+00	1.945476367568305331e+00
nan	2.330239602478986427e+00	-2.598857262163983606e+00	-5.346579309585675066e-01
nan	-1.252382182845437786e+00	1.564491616910721694e+00	-1.940296390482030731e+00
nan	5.613809306046328995e-01	7.712978075603134087e-01	-1.196901653037280244e+00
nan	-3.254121869180986448e-01	-4.405015636935741830e-01	1.280110344877399386e+00
nan	-1.028951665210366739e+00	-1.206522906370257830e+00	1.222801426818930004e+00
nan	2.805885031767232918e-01	-1.866040255602190445e-01	1.210266412897865740e+00
nan	-7.401598583908917117e-01	5.550822924561958915e-01	5.020730140907326833e-01
nan	2.548315447521708466e-01	7.168023926974456117e-01	-2.253423368412957872e-01
nan	1.937903482402869582e-02	2.143827891914872608e-01	4.591915375830512014e-01
nan	9.322093525901098410e-01	-1.224893181638907202e-01	-6.190520194629436368e-01
nan	4.938470375727069261e-02	1.643980686905646416e-01	1.179817089232493954e+00
nan	1.905307165706061900e-01	-1.070116724695833854e+00	1.065760437268103988e+00
nan	-1.267707610328273837e+00	3.825597215555771036e-01	-6.496561769476222326e-01
nan	-1.422178914876955247e+00	4.752015393141959532e-01	-1.999776836755050580e-01
nan	1.081423393257239685e+00	-1.490065160849969095e+00	6.060271386706168606e-01
nan	5.475803086249415585e-01	8.339688903262285624e-01	1.326118870673323791e+00
nan	2.204248264871975227e-01	-1.184693890952408291e+00	-9.143536698662730888e-01
nan	1.722565522431900309e-01	-7.116336787743429704e-02	-1.763184166013034737e+00
nan	3.682467357832298060e-01	4.519197405212316276e-01	-6.619681899018383664e-01
nan	-3.219392524549739565e-01	-1.140697589306804982e+00	1.350400589314129762e+00
nan	3.176923923588391485e+00	-1.675909581288856254e+00	-1.319411357322095357e+00
nan	1.663319309035411253e+00	6.706882140232954814e-01	1.593706569285203711e-01
nan	8.158427770688856384e-01	1.842399494168487362e+00	-2.567634053443089148e-01
nan	9.882490793316944799e-01	2.003735173439972428e+00	-1.432833736655638179e-01
nan	7.631961396885322824e-02	1.876102006954142531e+00	1.096788846599565881e+00
nan	2.268639710733762804e+00	1.334340783607569580e+00	2.589107152905915310e+00
nan	2.163014817688746927e+00	1.906364661084364309e+00	3.313447891543450652e+00
nan	9.760336941115188569e-01	1.290871522688511686e+00	1.020591860649383786e+00
nan	1.432362024839819004e+00	1.802725858803317038e+00	-2.329703701951132411e-01
nan	1.098853028524597875e+00	-6.564722016229511681e-01	1.459973026140524377e+00
nan	-3.687028854690566071e-01	-4.457909159827860845e-01	-2.211412193704805684e+00
nan	-1.205325333744065919e+00	1.904057654219401874e+00	-1.424377006723293926e+00
nan	-4.343839361738788263e-01	-2.124148128188149687e-02	6.676124760192259089e-01
nan	-5.888994564181991853e-01	2.260250419700682745e+00	1.387746980640651051e+00
nan	1.365411048736742128e-02	6.116509070188483888e-01	6.486329663997171258e-01
nan	-1.587747992806767705e+00	1.717114646331264094e+00	6.426391242130413683e-01
nan	2.301825102250306398e-01	4.905007487074928285e-01	-6.537970080513673121e-01
nan	1.972876197913402629e+00	1.464990255031416444e+00	-3.366251826989792306e-01
nan	2.210731924676974547e+00	3.537267407006722042e+00	1.010328960452979929e+00
nan	2.105985273122722212e+00	1.862166082725543514e+00	1.647286706492369746e+00
nan	2.454499761491415910e+00	8.820295746869566411e-01	-2.700890279549490458e-01
nan	3.269966883017551673e+00	1.019556649669399961e+00	7.087633719961188294e-01
nan	-1.132399591765194780e+00	2.703478600509502616e+00	2.000514890752144392e+00
nan	1.601660684465797235e+00	-4.438223051783206641e-01	8.825428789072572444e-01
nan	-5.678496717874053079e-01	-1.164281365378729394e+00	4.020969925040867032e-01
nan	2.291908045594694965e+00	7.752443267391776471e-01	-6.610125527644147292e-01
nan	2.434003828389491586e-01	1.776534180205398883e+00	-7.185534897333062387e-02
nan	-1.589308962100901557e-01	-7.378343571379312182e-01	-1.807155051966654824e+00
nan	-1.861905141083159965e-01	-9.392586007695920003e-01	6.752259156207763846e-01
nan	8.735406828937422041e-01	-3.693963536330465702e-01	1.580558876191266782e+00
nan	1.296333987046173419e+00	2.252572193730702832e+00	-1.518182122268896261e-01
nan	3.895303807729790790e-01	-5.261921308447594647e-01	8.164408641590648052e-02
nan	-9.713676814584486507e-01	1.476296018239616314e+00	-3.378744391050777507e-01
nan	-1.266629394259748631e+00	1.461382680971683889e+00	-3.471855310066273570e-01
nan	-7.192149329750978648e-01	-2.851000109734269650e-01	5.278975311624416467e-01
nan	-3.096730811902920211e-01	7.418998259593623246e-01	-3.881915498432446099e-01
nan	-2.741281166342008468e+00	-1.471210955454984592e-01	-2.585193812491909382e-01
nan	-5.048107561294368217e-01	3.836570122170718244e-01	1.126623573539402345e+00
nan	-5.277292402176629871e-01	9.393264559261654822e-01	1.875221888086196387e+00
nan	1.516692545082291232e+00	1.020979577564863128e+00	1.598522566476210383e+00
nan	1.597961602393067837e+00	7.670988210408702379e-01	1.260024267338989645e+00
nan	8.254274686640918901e-01	4.158543658080631755e-01	1.800593371259506803e-02
nan	-2.073761075327190895e+00	8.625677622322573956e-01	1.287399607574048588e+00
nan	-7.606672491903988531e-01	-3.755357806093324591e-01	-6.048805915162805968e-01
nan	6.546024620256662985e-03	-1.881151984664071630e+00	6.389060697184565374e-01
nan	2.988076206063868256e-01	1.540349895384807155e-02	1.290949658404089706e-01
nan	-3.105544999191733879e-01	-3.308718771499268296e-01	-4.420067201213092045e-01
nan	-8.911065484092138833e-01	-3.229813786768938599e-01	-2.888225748830354767e-01
nan	-1.290923480907192555e+00	-1.637900061235861182e+00	-1.028022103000225229e+00
nan	-1.364389997365020868e+00	-1.901382789130318995e+00	-5.790518132784149286e-01
nan	-8.640433630473033366e-01	1.397639115948855260e+00	-3.450477016758076720e-01
nan	1.742271583119234579e+00	-5.925778986705118601e-02	1.746680213703637741e-01
nan	1.802532175031095196e+00	-1.330583678037996709e+00	-6.477075709319321528e-02
nan	-7.087324354151540440e-02	-1.176491589631507795e+00	-3.194212855800514506e-01
nan	-9.112063066681428403e-01	3.251185109025491737e-01	-2.242221354320571347e+00
nan	-1.603563067633168693e+00	4.969501988735177678e-01	-1.370798306579109838e+00
nan	-1.406256364886673715e+00	9.226674911323728967e-03	9.793943798013793334e-02
nan	-9.854693525002150567e-02	3.039232348263072869e-01	1.190976161818484869e+00
nan	-4.772971118166283166e-01	3.891083400245436974e-01	4.672969990424412079e-01
nan	-6.731311927791290284e-01	9.384550786677859913e-01	2.532847180832836775e-01
nan	3.475366042972753422e-01	2.464427587621168758e+00	1.816631566254276187e-01
nan	1.572707356979716753e+00	1.090704954325053988e+00	8.803023016279469815e-01
nan	1.545304290189657426e-01	1.047723488712542839e+00	1.972003083119301392e-01
nan	3.661874568532214047e-02	-5.503747241434882032e-01	-7.031210664411067235e-01
nan	3.173902981851277616e-01	-6.831229828221788702e-01	-4.960909883044520297e-01
nan	-7.859233910522021027e-01	1.067906677863298848e+00	-8.292737742008111645e-01
nan	-3.653583298304616256e-01	-1.021014071699702930e+00	1.053184375117931060e+00
nan	5.338354321599494412e-01	1.560501369890126000e+00	-4.224338443069837190e-01
nan	8.188684080583824576e-02	2.379747952123369426e-01	1.272010700362416147e+00
nan	-8.055409396438629743e-01	2.083051889890379094e-02	1.567474858967965901e+00
nan	-3.977432199623651687e-01	8.990303671075916547e-01	-2.616221932823027951e-01
nan	-8.252012985985969218e-01	-6.578129417537312840e-01	1.342970999652360220e+00
nan	-8.932726299211143361e-01	7.898716838288142306e-01	-1.668909994033771216e-01
nan	-6.842096462129584333e-01	8.712070761275412245e-01	-2.757079013138167278e-01
nan	-5.021025562354707317e-01	2.785686612684162844e-01	-6.146824001943804183e-02
nan	-9.840681036848411556e-02	1.081757922986848364e+00	4.876755401261955725e-01
nan	7.930087686722500084e-01	4.753389177312481451e-01	1.550202901178168613e+00
nan	1.230397462750705717e+00	4.842251856385054731e-02	1.580297575264238308e+00
nan	9.798042667600446176e-01	4.675422386716251433e-01	-3.889104434226280382e-01
nan	-6.276422604156437490e-01	2.076153510180238637e-01	5.983418244132155950e-01
nan	-2.743437052051928005e-01	6.630798057582484306e-01	7.032625837292261206e-01
nan	2.639892820777708926e-01	9.341043981569756571e-01	1.181588041098314279e-01
nan	-2.104026798034229540e+00	2.260508655567900482e-01	5.967391359608953394e-01
nan	-1.587051858417430239e+00	-7.510185010013792350e-02	-9.571562917481574173e-02
nan	1.024780835792911127e-01	-9.377905868193979755e-01	-3.658948678624600603e-01
nan	-2.938128993392499666e+00	-3.287322539681681866e-01	2.313839451685183235e+00
nan	4.240164636201980697e-01	-1.222074963236014167e+00	1.477207170917097745e+00
nan	1.393352762737653849e+00	-8.310292717020683062e-01	2.086301231387338362e+00
nan	5.063066882408164826e-01	9.531027563719741691e-01	1.575952225761551917e+00
nan	1.805190742295353257e+00	1.661788999603977413e+00	7.735040224880098680e-01
nan	2.346797912429837485e+00	6.803897421839775195e-01	1.832779918147871445e+00
nan	8.089006722949889649e-01	-7.005960843241626490e-01	1.530712369004857631e+00
nan	-7.785953294122867074e-01	-4.624783909337832483e-02	1.610180637005806048e+00
nan	6.153747990227431686e-01	-2.690466885973465505e+00	5.815495408018396262e-01
nan	8.730025488154641300e-02	-9.021781460955983212e-01	-1.429327437812454971e+00
nan	-3.288308056022350434e-01	5.429373507191400661e-01	-2.377194967976209661e+00
nan	-1.698205148062552183e+00	5.322952530994647935e-01	-9.231405538937971222e-01
nan	-3.290528661638917884e-01	-7.225073509247681436e-01	-1.111316481970912928e+00
nan	-3.155241919297780973e-01	-9.030078403047742119e-01	-3.706412582856403737e-01
nan	2.531475351475167002e-01	-1.690347971285398376e+00	-7.725637555955122693e-01
nan	-3.732697401760411982e-01	1.370042090469894891e+00	-1.102141961262348424e+00
nan	6.431263737862358276e-01	-8.032056422538818019e-01	3.275084153336601522e-01
nan	3.107582280491261173e-01	3.571106337932936636e-01	-1.076051882157281980e+00
nan	-9.683535103999371674e-03	4.595169470094752073e-01	-4.101299962670008625e-01
nan	-5.944465462139172374e-01	-1.295959918178727632e-01	-1.761831064811022474e+00
nan	3.454643288676201296e-01	4.135265741500407377e-01	7.813761516950024077e-02
nan	2.124004661707668551e-01	3.716014898213231277e-01	3.291842045535405825e-01
nan	1.511761913329149332e+00	3.817836888748676882e-03	2.411357095883511104e+00
nan	1.212282374635373694e+00	1.038180912953985180e+00	5.968639446481570632e-01
nan	2.809473537577225954e+00	-1.212479044566900921e+00	1.084192130617839034e+00
nan	-8.134090559952298349e-01	1.585038033268615809e+00	1.499255730699823985e+00
nan	1.448583386516945737e+00	3.906058063286605986e-01	1.552138884968552901e+00
nan	1.417279127533161986e+00	7.031706143692123545e-01	4.711829537881079277e-01
nan	4.724918768246421097e-01	6.574396734291765299e-02	-1.871052566603416789e+00
nan	7.446794091062902687e-01	-1.112786770428789929e+00	-1.525532639299561399e+00
nan	-2.057380630316563153e+00	6.893009226008632861e-01	-7.788323223015607422e-01
nan	-1.262440473545607400e+00	-3.311291921844179420e-01	1.763705481006728304e+00
nan	3.579848681889531981e-01	-1.171833855608881980e-01	9.654735039101741689e-01
nan	-6.233628446496097819e-02	1.761053970861147011e+00	4.014059774630526767e-01
nan	-1.788579326062139652e-01	-2.372890572526568098e-01	1.398272140414019482e+00
nan	-3.562636835886948683e-01	9.449938010735049743e-02	2.462872214973484297e+00
nan	-5.513489921278047490e-02	6.792361226424042941e-01	1.394326326955609430e+00
nan	8.291545561230951877e-01	1.997705192303266708e+00	8.992251068169954120e-01
nan	1.661041682236549022e+00	-2.451122425883309752e-01	3.595423813725567852e-01
nan	-1.033414921620872340e+00	1.379602617157167366e+00	-2.920918930541820946e-01
nan	1.031521300502889371e+00	2.158927378496318661e-01	1.585776803792749989e-01
nan	-1.242116858637752674e+00	-2.196920570321206911e-01	2.497831078739745636e-01
nan	1.061920966409018785e+00	-5.286581095732644231e-01	1.020549757126543833e+00
nan	2.646393431142951558e-01	1.578493764329801818e+00	-5.842432783628664916e-02
nan	1.002734131294213515e+00	1.117755069798065826e+00	1.146548132009147070e+00
nan	1.966604347909756134e-01	-3.699560396187462352e-03	6.069113926280755855e-02
nan	-8.406546144004020116e-01	5.226557503410923511e-01	-1.649058208887568933e+00
nan	-1.480721549034785256e-01	1.139762037308801323e-01	-1.918041192095002900e+00
nan	-6.987784206210556626e-02	-9.324433132187823769e-01	-1.711218497053305754e+00
nan	-1.541930035115002262e-02	2.138104926478889833e-01	1.095234811139448761e+00
nan	2.238073707417223279e-01	-2.902746975392904161e-01	-4.832820423548838118e-01
nan	1.208968404322570134e-01	4.475329805927142357e-01	5.621415872760646137e-02
nan	-1.686003789931501684e-01	7.441506835921022356e-01	-1.325727907351684332e+00
nan	1.916581474899355930e+00	4.305073457461225939e-01	-4.801075452099727303e-01
nan	2.276155552318185116e+00	8.352143807165441913e-01	8.333337201475798928e-02
nan	-9.825275184899955327e-01	9.746683617585889525e-01	7.257401471388116865e-02
nan	2.363671437159557409e-01	-3.853964397079936433e-01	7.295359852970006997e-01
nan	1.346739094615513554e+00	4.692986489828797070e-01	8.689379588038473878e-01
nan	2.073218819701120985e+00	1.372011206769752967e+00	3.285024363007003068e-01
nan	1.567978105994749516e+00	2.865372711752056656e-01	-2.006801297658514782e-01
nan	2.716471929845315492e-01	-6.829854757447276770e-01	1.921528871530614024e+00
nan	-1.309508360828116169e+00	-1.736733887569091028e-01	2.230738504635628727e-01
nan	-1.882049378719840294e-01	-1.028216042318366163e+00	8.799765238619040586e-01
nan	-3.991797956673031056e-01	-1.115952800869360884e-01	-1.345787557592633965e-01
nan	5.169230691944021183e-02	8.265207580177048596e-01	1.492678529068913740e+00
nan	5.076418492022140017e-01	1.683861500756005602e+00	4.099323752417329270e-01
nan	2.014564151204186970e+00	-1.782188605868744169e+00	2.597435537570687014e+00
nan	1.447932336899886874e+00	6.136355475428800776e-01	1.885752287503703162e+00
nan	9.083405974112747083e-01	2.981545047254221537e+00	1.583503511950195897e+00
nan	3.672489817552943236e+00	1.907477981127165378e+00	1.138291114073286758e+00
nan	1.643590890247524250e+00	2.306002433802734952e+00	-7.922638622005145903e-01
nan	1.809676151322351600e+00	1.468108060266675841e+00	1.437809049861860977e+00
nan	9.067857351052549530e-01	8.660739905664338600e-01	-1.203029158168120727e-01
nan	1.292844367279541329e+00	-4.926058587358601581e-01	1.076562644827246729e+00
nan	3.895806018223502143e-02	2.510756510212713288e-01	6.793251825766568608e-01
nan	-2.883199877056372151e-01	-1.538362107839155390e+00	2.520829833811826681e+00
nan	8.902013490114817351e-01	-7.155991852327961977e-01	-7.078072594179989352e-01
nan	-6.292020447070520994e-01	-9.038796612008148657e-02	-6.369676446198950792e-01
nan	-1.027924690002797181e+00	-7.935384535749272494e-01	6.131132750401635523e-01
nan	2.047720773017557061e+00	1.811351249919918693e+00	4.599909700184686701e-01
nan	7.420228542894633517e-01	1.608342302735767948e+00	5.421563616824265353e-02
nan	9.805987328445289197e-01	8.918693482814097351e-01	7.500860032931411236e-01
nan	8.943027548041148078e-01	1.406430380640598221e+00	2.661420945956782802e-03
nan	1.168905555803431584e+00	-5.209584028810022582e-01	6.282345011949943547e-01
nan	1.179821139417756903e+00	1.531697557199898085e-01	-9.719886767786140025e-01
nan	-1.362747417478602285e+00	-1.387915599082404361e-01	-8.830328517122081333e-01
nan	-7.482946808564150398e-01	1.982473237421636392e-01	1.226854510442838997e+00
nan	8.694322270881300607e-01	-1.246515322711685414e+00	1.155668921149019202e+00
nan	3.743609088777408722e-01	-3.365438715158136085e-01	8.581884826268648681e-01
nan	1.218500343042793865e+00	-4.968846176406602200e-02	1.874123311996992225e+00
nan	-1.745055452938404361e-01	-1.259253217852931428e+00	4.815613542291425908e-01
nan	1.758217694839313783e+00	-9.257707952924625339e-01	-4.069611992519763799e-01
nan	-2.093578168300674891e-01	-5.277376056663688475e-01	4.649388038186463845e-02
nan	8.743864129263582141e-01	-6.508670350727436826e-01	-8.512755691980775641e-01
nan	-1.319502506403856135e+00	-2.003006312998408589e+00	1.231850059384767437e+00
nan	-1.369026530422785770e+00	2.621853298688358036e-01	-3.668872652299517423e-01
nan	5.037394083550699175e-01	4.860756275699896767e-01	-3.069314603031894073e-01
nan	1.330691202047184829e+00	3.051983974368277952e+00	8.775083497387891063e-01
nan	8.465479577347947426e-01	2.748632163172721299e+00	3.059179858839346622e+00
nan	3.831161403538613897e+00	1.944052908254113810e+00	2.212076828594024658e+00
nan	2.984088589519947821e+00	3.343921758401440680e+00	2.960886573266880539e+00
nan	4.544474728232096084e+00	1.028162806217738368e+00	2.200823626684853984e+00
nan	2.594114197944943356e-01	3.113475944072555457e+00	2.056569363665411654e+00
nan	2.748255178606471727e+00	3.217498101986558945e-01	-9.595922231447306938e-01
nan	1.787734757745922831e+00	-5.470929416095360320e-02	-4.022641071147262104e-01
nan	1.248799721927811079e+00	1.179573296808434701e+00	4.397510289862379684e-01
nan	7.953039935251030590e-01	2.062593153080473307e+00	1.413461268307474095e+00
nan	2.050578736032572458e+00	-1.395572685299067972e-01	1.054389819895709346e+00
nan	-2.414596440755005791e-01	-1.409246824506317219e+00	4.315466764740710226e-01
nan	3.707435432697434030e-01	-1.767409264261190049e+00	3.440386574006564779e-01
nan	1.856072941721125247e-01	1.210867560627705508e+00	-1.195627626863703608e+00
nan	-4.740353438742681558e-01	-4.565784015319640510e-02	-1.736635996178915287e+00
nan	-7.532347680365805154e-01	1.163422918712534448e+00	-9.717379660776064298e-01
nan	5.713018995714576054e-01	4.307683944056305281e-01	-6.957988832533988921e-01
nan	-1.095987160785271808e+00	3.135849451161391022e-01	-5.668217699308267798e-01
nan	1.513594455191416555e-01	-5.381490860701318990e-01	1.350388881791783735e+00
nan	-1.300736267071745056e+00	9.678456443558894895e-01	5.273889284078994155e-01
nan	-8.796566569248969181e-01	-2.605836259029646884e-01	-7.498107442892137930e-02
nan	4.517343473276186905e-01	-8.286741689241368114e-01	3.916007205928203616e-01
nan	2.104838952033563082e+00	-4.907083494410677815e-01	-2.817645176529350870e-01
nan	2.937937889170098571e-01	8.403093789127600299e-01	1.483600959249816720e+00
nan	-7.200345801070043850e-01	-3.225100285039972370e-02	3.296045130162876369e+00
nan	6.444248321637816579e-01	-2.636079900915897056e+00	1.684784916781350450e+00
nan	6.934076470870365050e-01	9.893201654544758750e-01	-1.026064723440637927e+00
nan	1.661868712115768920e+00	1.321602691664502505e+00	-7.093443215741071332e-03
nan	1.291805592644345024e+00	-7.457702430167600927e-01	-2.492027836527389795e+00
nan	1.458421274850150162e-01	7.112776335693417051e-01	4.640933467514027910e-01
nan	1.095171217008270581e+00	-1.563561574842237789e+00	-6.871787963951661027e-01
nan	-9.331378934430583083e-01	1.257409123774595461e+00	-2.868330912951011502e-02
nan	3.450595030293026610e-01	-3.993513081739646919e-03	1.144861425768077146e+00
nan	-1.932796409917697744e+00	-4.863974754266156553e-01	-4.990570797719804386e-01
nan	-1.383394121896682538e+00	6.458349177492849202e-01	1.773185447902186906e-02
nan	6.619670648365338916e-01	-1.398499116031801659e+00	8.332545870861663984e-01
nan	-1.955522975529786267e+00	-1.132046036678052925e+00	-1.110279515710113740e+00
nan	-7.531511949658398208e-03	-2.042689957664684641e+00	-4.283194371651635191e-01
nan	9.357859331158113747e-01	-3.274821076095634886e+00	-1.849530975391540544e+00
nan	4.497512939633774298e-01	-1.165468916334785110e+00	-9.545268898080975228e-01
nan	-1.072870316170760452e+00	-1.319476269267950030e+00	1.824651959561163217e-03
nan	-3.596550343566146113e-01	9.398387191300036081e-01	-1.888306958859583995e+00
nan	-8.411413073363949167e-01	5.341365123096374345e-01	1.052250842775027451e+00
nan	2.319611910188152493e+00	-4.053905747253859770e-01	3.226681960888069800e-01
nan	1.911991728277372626e+00	9.511523732404774112e-01	-7.196155692448149566e-01
nan	5.276345007937790488e-01	6.561023385874902303e-01	8.224055571631647688e-01
nan	1.030543437668433704e+00	4.386939742070317672e-01	1.376983696508429889e+00
nan	-4.036865091054457899e-01	7.577715838729286446e-01	1.129654593574055177e+00
nan	4.787726434855736346e-01	-2.038366497567518643e-01	1.805414117128545382e-02
nan	5.057087764949068642e-01	1.368968901848464759e+00	9.106047874184854951e-01
nan	8.103681442756305309e-01	8.176966002950836199e-01	1.807541963970143994e-01
nan	1.277529775784297161e+00	1.245632224820060197e+00	7.712156618998557978e-01
nan	2.305674080787248226e+00	1.498334820365059272e+00	4.843611312043476502e-01
nan	1.320765014730560516e+00	2.076532292735296714e+00	5.634026530349833806e-02
nan	9.486919265813134050e-01	-5.512028180080763562e-01	9.435548291798706577e-01
nan	-4.759685796085469933e-01	-5.353503743624929978e-01	6.383357828784952392e-02
nan	-9.734531871590574870e-01	9.368240982332581845e-02	-2.215925337102230830e-01
nan	-2.442769695586594292e+00	5.510524454658383142e-01	-1.793704377041916764e+00
nan	-1.874106688506933294e+00	-1.670610706738960283e-01	-1.053980577671884244e+00
nan	5.323634493413883506e-01	-6.664219979024623708e-01	-6.489656730914242777e-01
nan	-5.310797835309790660e-01	-7.103478547066931492e-01	1.034810518615817632e+00
nan	1.502255748813228653e+00	-2.655171937764330803e+00	9.045400742059879207e-01
nan	-1.743302776922069475e+00	-1.212201400530020123e+00	-4.192553114092039124e-01
nan	-3.469782262859506083e+00	-1.176583969407939412e-01	-1.553353431160273024e+00
nan	-9.962391390065487018e-01	-1.404443768177410679e+00	-9.488436587074726702e-01
nan	1.252645486916570405e-01	-2.195618137403319015e-01	-1.137835027894373408e+00
nan	7.356815870110307021e-01	-7.440208061817675800e-01	-2.043146516053133688e-01
nan	7.115428570075269521e-01	-1.769428845359887204e-01	1.960055381327858171e-01
nan	7.327607673189825421e-01	2.373959386568780250e-01	-3.652737640507360273e-01
nan	1.570990173290589320e+00	-1.220965928709829562e-01	6.748757879931641668e-01
nan	3.298671008373790681e+00	1.223973549904022740e+00	7.136917809799050438e-01
nan	1.017233638969423204e+00	4.378776631025708133e-01	5.778683777245552378e-02
nan	6.099794505997035987e-01	1.282716312534878611e+00	-1.750942130146366515e-01
nan	-9.466971279763148894e-01	1.099491384321462872e+00	-4.685171240927105130e-01
nan	-2.539893675708606580e+00	9.999298976995034671e-01	2.343307326673251367e+00
nan	-1.308162089660966920e+00	-1.782065957600933004e+00	5.231778612226475333e-01
nan	-1.648748516761921357e+00	-1.400616054254240739e+00	-2.573874427966910128e-01
nan	-2.323371424048207956e+00	-8.623202886983253324e-01	-2.562221027743147417e+00
nan	-2.364025403043757745e+00	-4.061257669913820312e-01	-1.042722278483368292e+00
nan	-8.378648417524039438e-01	-3.887154589308501884e-01	-1.472233129120448236e+00
nan	-5.253827675194899793e-01	8.147072120768010794e-01	-6.933229416354778074e-01
nan	6.842933352820937953e-01	-9.128686337289459996e-01	5.706999490570604516e-01
nan	-9.467310176140318889e-01	9.384879989709802306e-01	2.262254967983484688e-01
nan	1.084000032804871338e+00	2.614461138372194404e-01	2.201122684052292833e+00
nan	2.163510217795575841e+00	-9.444097883626569878e-01	-2.405578862352975023e-02
nan	5.662088957769164654e-01	-2.211893596337432211e+00	-4.069545829419569660e-01
nan	6.261334994140087540e-01	-7.570548196055837398e-01	-1.781876230177552145e+00
nan	-1.304691922822688310e+00	1.632933367344697462e-01	-6.426886173299309890e-01
nan	4.322057435370502132e-01	1.307803898784112850e-01	-2.621286674925223936e-01
nan	-2.420660685801115264e+00	-6.556906033753807650e-01	-3.402096472108305514e-02
nan	-8.726183708469172906e-01	-3.925872321175042368e-01	9.130518521881915150e-01
nan	-1.045393523398622015e+00	-4.733956438978905723e-01	1.062924027746353195e+00
nan	-1.955307824755162516e+00	-2.334263451238935416e-01	-2.646347462930113137e-01
nan	3.583552989026681512e-01	1.181385514849317975e+00	-2.326884868197543810e+00
nan	3.226643352071020265e-01	-2.037391720545401186e-01	1.802733571746818253e+00
nan	1.344457406091241314e+00	-1.037427544426596349e+00	-3.342316024912639350e-02
nan	-4.010060248498911184e-01	-1.042844697983946078e+00	-1.886864098098003650e-01
nan	2.694685864471108028e-01	-3.792491410412887065e-01	8.194857559207084918e-01
nan	-2.294993263770900294e-01	6.451084175355521477e-01	1.135918931842827995e+00
nan	1.220457364215787655e+00	-1.350006044508238245e+00	-1.602365559225358282e+00
nan	8.424900621695396996e-01	3.056349006568379600e-01	-1.003792332270297960e+00
nan	-4.640860238736806420e-01	-1.034510682945190441e+00	-1.690590362492817578e+00
nan	-2.604827325786726711e+00	1.925764260925723059e-01	-2.469127891404312880e+00
nan	-4.042961376975686250e+00	-1.507403154247661581e+00	-6.808262521575761950e-01
nan	-1.622549101757615464e-01	-4.795855053863853357e-01	-6.511481229244832081e-01
nan	4.656751139756441504e-01	-1.171946112318836386e+00	-1.433668330260450485e+00
nan	5.297570577599309827e-01	2.504250744923482985e-01	-2.614587600945315504e+00
nan	-6.112705720044869784e-01	5.384959936784525780e-01	-1.891253644207492091e+00
nan	4.543419859094337543e-01	-6.154278350139864573e-01	-9.786319126667167856e-01
nan	7.621295962735147311e-01	4.249581103513907498e-01	-2.284876459499816104e-01
nan	2.899721928775452762e-01	2.573528660281881209e+00	1.083876131762889772e-02
nan	2.477165212221544843e-01	1.214841231383075648e+00	-9.597663586730944552e-01
nan	1.033255869277801775e+00	8.627542499033635792e-01	1.128418977781427746e+00
nan	6.996163919959363930e-02	2.847115225589471610e-01	-2.468624570409032604e-01
nan	1.309592938427423636e+00	1.674890387339477149e-01	-1.548616942681855457e+00
nan	-8.902850552947894069e-02	8.287286315212477605e-02	-1.548793989346735511e+00
nan	-7.490597612167210206e-01	-2.480911456995016362e-01	1.193377878481276966e+00
nan	2.430611593816516258e-01	7.531983750954749368e-01	-6.663114703326129540e-01
nan	-9.789641078300675980e-01	-4.836086190014801667e-01	-1.155913424656982658e+00
nan	-2.171375736445950722e+00	-5.797937854712822414e-01	-5.048643830868813076e-01
nan	-5.036393545715966980e-01	-5.348456945619899372e-01	-3.252649716170041283e-01
nan	7.432650320440847835e-01	-2.672406393241446576e-01	-5.003287457498729607e-01
nan	5.143817188475169333e-01	6.595675237383931133e-01	-6.384853004333082005e-01
nan	1.688658450732101191e+00	2.088846481298217705e-01	9.209367256062975793e-01
nan	8.289874005573346638e-01	4.116464502443360485e-01	-1.385284255772744944e+00
nan	3.440699828049122999e-01	-4.479211983780546080e-01	-1.286797135270338011e+00
nan	-7.052203935218075426e-01	-1.849100874449937981e+00	-1.051539833430913173e+00
nan	-1.232634188614927684e+00	-2.124959515098291174e+00	-4.841817618210754182e-01
nan	5.926101196089337275e-01	-7.181674443443105682e-01	-1.880558363815587608e-01
nan	-9.336853649779733311e-02	2.454644282072368178e+00	3.430415033863424279e-01
nan	1.698915995132522339e+00	9.229192626657694021e-01	-2.112907185315239245e-01
nan	-3.542358058069121629e-01	5.170668785558751868e-01	-6.017550344836739007e-02
nan	3.658681791828012897e-01	-1.669740132982774794e+00	1.992107770255194588e+00
nan	4.308237067413563937e-01	6.895575791603978377e-01	1.467901035391109277e+00
nan	1.343052576491037930e+00	-6.254069189540245599e-03	1.096124398953748358e+00
nan	-2.964172766532826575e-01	-1.583419318386581898e-01	-1.297417542184956973e+00
nan	-1.413293454108976444e-01	-4.450427207744849234e-01	8.377004362331494924e-01
nan	-1.485581589601967289e+00	-7.289468555665798988e-01	1.021436035668060294e+00
nan	-4.576548040914798499e-01	1.109081171356899542e+00	6.736100013041081969e-01
nan	1.794838351528333931e+00	8.554824288392613996e-01	4.482910740398418081e-01
nan	1.528790983582026364e+00	6.298030656628429425e-01	-1.867733848848353251e+00
nan	8.505860979670493149e-01	-9.645780942665096447e-01	-4.831499186436346016e-01
nan	-1.802094045255592025e+00	-2.861921445356737648e-01	-2.596946485469633359e+00
nan	-2.669050515751861585e+00	1.078733425383797906e+00	-1.530311110343215431e-01
nan	-9.094708109312699129e-02	6.583559672397423235e-01	6.111638337871723170e-01
nan	9.240752429580796345e-01	1.215262626297317183e+00	-4.481318271959979782e-01
nan	2.389007348295876798e-01	1.266681267080584483e+00	-9.602523274798987485e-01
nan	3.339923500414828106e-01	1.592303639565020967e+00	5.157428845155715563e-02
nan	1.246493908626339575e+00	-9.247557034058456749e-01	2.390576889670474880e+00
nan	1.004822611768852125e+00	-7.360631492963605194e-01	-8.486241442876041319e-01
nan	-2.211404899518953027e+00	-5.060093155379983276e-01	-8.347829693484207780e-01
nan	-1.542213918361333036e+00	-2.030482087725739682e+00	-3.443227878021072885e-01
nan	-6.597334024056082935e-01	-7.979941577231866034e-01	8.273350275172256518e-01
nan	-2.648713694666431806e+00	-3.511136213408855844e-01	1.331856891177730651e+00
nan	1.127896943832867205e+00	-1.468812846327857136e-01	5.568021767767469266e-01
nan	-7.986135358413677388e-01	3.373503693355497379e-01	-3.253582250993837799e-01
nan	-1.024781040034459911e+00	-1.486111939431157714e+00	5.843579520026986190e-02
nan	1.182044849057522828e+00	-1.030130174178899072e+00	-7.911730388282085524e-01
nan	2.143062087811593019e-01	-1.649730246313061421e-01	5.869010256265707604e-01
nan	1.504158598586772699e+00	3.612348058387712668e-01	-6.730166531529281349e-01
nan	1.448396655305710823e+00	1.259693421643155009e+00	5.669801911507552639e-01
nan	1.342427156666690546e+00	8.727759545484555792e-01	2.182892599666589106e+00
nan	4.039829147613318572e-01	1.920919470515142224e-01	1.233699962711144460e+00
nan	-1.932179184354585466e+00	1.921510145286540738e-01	1.203125062092823994e+00
nan	-8.204413462375208521e-01	1.633457695551751021e-01	-8.971331871358187993e-01
nan	-5.597773637716599859e-01	-1.910783562768795463e+00	1.133268965875362078e+00
nan	-4.576036756413824347e-01	-1.239867246545811597e+00	-1.257719655163083594e+00
nan	-3.264017819440126367e+00	-3.514557496431117700e-01	-8.602982808584824781e-02
nan	1.363453177922224757e+00	9.878220904669610114e-02	-5.280109600551329274e-01
nan	3.647286132999180697e-02	9.382761246798614341e-01	1.270654949325108030e+00
nan	2.030752800750482479e+00	-1.352812768312036118e+00	1.976119642930776354e+00
nan	4.849920079129964590e-01	1.032855200757287539e+00	-4.632495590100413896e-01
nan	-2.760326869598540012e-01	7.532529505060117092e-01	-3.108089571868528633e-01
nan	-1.059595341782687994e+00	-1.050797335642129904e-01	2.137105887109938873e+00
nan	9.781196084800185542e-01	2.638218824494266701e-01	-5.643605341745132620e-01
nan	-1.138698157455605153e-01	9.152788075349611585e-01	-4.124665007737903233e-01
nan	-4.234218505330952231e-01	2.369739044912614112e+00	5.362392425857397393e-01
nan	1.359520263166565268e+00	3.698750608187283406e-01	5.036766176034188636e-01
nan	1.287958530622926645e+00	1.194827706875572604e+00	-3.792625422473827612e-01
nan	4.728243234033635556e-01	1.704491283452456152e+00	1.377306132572555297e+00
nan	-2.900564903288025409e-01	-1.495488313420365589e+00	4.393278546892422920e-01
nan	-4.209202871859866191e-01	-5.382438556442185051e-01	1.908276363282631061e-01
nan	-4.486536731868725481e-01	-1.003801830973777953e+00	3.610825504315101075e-01
nan	2.741315289642373143e-01	-9.583678146666224640e-02	5.457262233633637383e-01
nan	1.193821536701110020e+00	-1.905162134832948162e+00	1.912046276384850696e+00
nan	1.767555231327766707e+00	-3.517601271119717987e-01	1.126049067352293820e+00
nan	-1.514336030221228313e-01	-1.204997139709006904e+00	2.202793060081689736e-02
nan	1.970275561252227137e-01	1.604817886845477659e+00	2.867429917743491985e-01
nan	-2.162216033531491277e+00	3.711616975168533505e-01	-6.724403389284658861e-01
nan	-2.782972868573116543e+00	-1.467432793797010859e+00	1.182174311077343054e+00
nan	-2.914369532768821269e+00	-1.063115917920201658e+00	2.634076822927411410e-01
nan	-1.329240396585799955e+00	-2.217325702445313684e+00	-3.903786532246599217e-01
nan	-6.697533494810765653e-01	-1.338099384258873981e+00	-2.615069210139699951e+00
nan	-4.882297777564968300e+00	-1.712973447886000811e+00	-1.154672352614089847e+00
nan	-1.814161829087280520e+00	-2.219884528661346224e+00	-8.445308412925698338e-01
nan	-2.244572211733118827e+00	-2.106975649378183046e+00	-1.188956201260803036e+00
nan	-1.742937770318968793e+00	-9.679592366800955361e-01	-8.084362442254846570e-01
nan	-2.010543547082124238e+00	1.516340171191994379e-01	-1.739322957467143382e+00
nan	-1.365876509067951883e+00	-4.458168868353512559e-01	-4.853904189114282008e-01
nan	-8.007146515072756099e-01	-1.309577128979950045e+00	-1.623124570277748147e+00
nan	-4.852866217097182577e-01	-1.666964134258042129e+00	-3.387237013094592797e+00
nan	2.470398696297129160e-01	-5.762504642652620523e-01	-1.050168602103886073e+00
nan	-1.288425146801554622e+00	-6.023831842384527180e-01	1.275971590708647962e+00
nan	-8.431616729562643187e-01	7.157800290459166437e-01	-1.089265961835425456e+00
nan	-1.146040980181969759e+00	9.402204939568814535e-01	-2.316433088824858544e+00
nan	-1.309391698888086708e+00	-4.076656887649520167e-01	-1.718259099482228880e+00
nan	-1.576841403478032255e+00	-1.631345149232344416e-01	-1.114347919887649141e+00
nan	-1.489472689861994770e+00	-9.586763855593195549e-01	-1.236366712412218627e+00
nan	-1.155000275044359315e+00	-6.156646467340464168e-01	-1.042556074426088442e+00
nan	-2.687767993238192155e+00	-1.119365384559714016e+00	9.025390370948010998e-01
nan	-2.468780138024140314e+00	-1.702883955356178980e+00	-1.217011821812711281e+00
nan	-2.912708432537246761e+00	-8.410343952773233767e-01	-8.544117232347219204e-01
nan	-5.408756347740831805e-01	-5.937756062283329195e-01	-1.488474821650123125e+00
nan	-5.882035889511748605e-01	4.070069949447479019e-01	1.167351340675448323e+00
nan	3.074288886382674502e-01	-8.638087543741190810e-01	1.416930817886453253e+00
nan	1.835937959766126948e+00	-1.357912520078842666e+00	3.701859399138786588e-01
nan	5.117704385151324864e-01	3.833598151078385641e-01	-5.991537099907664476e-01
nan	-1.171066985268340854e+00	-2.947112596622295522e-01	-1.093897755019457990e-01
nan	1.821643973068470146e+00	-2.040476966410601278e+00	4.702517292724095466e-01
nan	-1.694107022440245691e+00	-6.017262166395848100e-01	-2.596732883667345337e+00
nan	-4.567345231930597382e-01	-1.205152293742531855e+00	-8.581128137643216913e-01
nan	-6.394265754101627897e-01	-2.116690102399416129e-01	1.210466175429003588e-01
nan	7.258395096395602319e-01	-8.544214830915171088e-01	-2.062792567850535094e-02
nan	-5.449431704153475664e-01	1.496278112450228903e+00	2.497977382256186263e-01
nan	-1.916189168160788991e+00	-1.452415148913046017e-01	4.495190795730038547e-01
nan	-1.092313769500502518e+00	-1.098457358797957362e-01	-9.780870058068091843e-01
nan	4.198193849769826791e-03	-6.024061387536667755e-01	-3.756938623940991873e-01
nan	-3.071178067106180576e-01	-9.287874396399180554e-01	-8.840422213824392084e-02
nan	-1.355414085540232128e+00	6.216238970378703543e-01	3.150129875772839094e-02
nan	-6.328613619083969244e-01	-2.660905477301251376e-01	1.210486939866173145e-01
nan	-1.517717049414671671e+00	-5.136513492411822757e-01	1.281299169964156964e-02
nan	-6.492604928237255546e-01	6.971810899962819219e-01	-3.054320390903669802e-03
nan	-1.092027688296661331e-01	3.877995367347091826e-01	6.851935606243260146e-01
nan	-1.279395924248170058e+00	3.527312079757408680e-01	-3.587031182565377785e-01
nan	-2.698339111490042797e+00	-1.332613027621418200e-01	9.918745542931921566e-01
nan	-2.693551547393165713e+00	6.153088824060426454e-01	-5.848101613676293109e-01
nan	-1.336163124543043867e+00	1.733421683481222164e-01	-4.712847909304204164e-01
nan	-1.182381406545667257e+00	2.442461245748139831e-02	1.270365616133852127e+00
nan	1.355621410831442608e+00	-1.703390720195759656e+00	1.062750908370171832e+00
nan	3.575200024528031872e-01	3.755592906209029858e-01	-6.770118603113012279e-01
nan	1.871832490209391076e-01	-4.277896288574805084e-01	9.988964742169139654e-01
nan	7.451658827119607142e-01	-1.382754361638367069e+00	-3.678391219848813343e-01
nan	-2.713243557898564196e-01	-1.206520355948137890e+00	1.693723896434535359e+00
nan	-5.380032922079632796e-01	-2.343987535512292109e+00	-1.713295987214489946e+00
nan	-2.324099228392673133e+00	-1.719863093474376825e+00	-3.799639269066837910e-01
nan	-1.011752337533323276e+00	-1.347108107198564664e+00	1.286388556301809150e+00
nan	-2.305548021972398054e+00	3.506885237410851675e-01	1.601635582556625303e-01
nan	-9.109840728620500760e-01	1.387340227790642144e-01	-8.280417932312530982e-02
nan	1.440820691986235413e-01	-1.243239924910563676e+00	-1.249243751107408817e+00
nan	9.619936437976472909e-01	-1.032056653874947882e-01	-1.961042632233779059e+00
nan	9.059769093659808537e-02	-1.346916433860797735e+00	-1.484633644223252613e+00
nan	-1.082375258861101308e-01	-1.690907990266925953e+00	-1.919112265738787126e+00
nan	-1.027976464331280315e+00	-7.429874463847182531e-01	-6.095674091493941127e-02
nan	-4.015619285650895431e-02	-9.038203489044989158e-01	-7.830542129817132935e-01
nan	-2.428203544215215004e+00	1.397552294962800978e+00	1.301175091540581974e+00
nan	-1.069099922143440295e+00	2.225114284567476508e-01	7.582326667195647962e-01
nan	1.782474538726819269e-01	-8.039628606622550855e-03	3.196402993906158674e+00
nan	3.761141216202655846e-01	9.498725179603249025e-01	1.024422782997485237e+00
nan	1.820739832464959518e+00	1.541564090220480243e-01	8.505090952429231743e-01
nan	2.113736781291310152e+00	-2.641926382877695101e-01	5.671886875037033260e-01
nan	2.260535556580878236e+00	-4.895091192167230210e-01	5.539078033201078055e-01
nan	-4.217067898274613480e-01	-6.237309924109590842e-02	1.242211162168259664e+00
nan	2.046151107033262750e+00	1.739819461981711113e+00	2.185246347940025036e+00
nan	2.311226939389416479e+00	1.091707265752848821e+00	-2.928023432925472846e-01
nan	1.872235315827698754e+00	9.668500386283221948e-01	1.650265705939424343e-01
nan	1.494641486112816109e+00	6.960625540409179912e-01	-1.285924115567252723e+00
nan	-7.787046886681983082e-01	-1.185078426164296372e+00	-2.890258465636619811e-01
nan	1.501682701370395723e+00	8.862781203296495880e-01	-4.072298520819867540e-01
nan	2.899858993614878866e-01	2.308073189167079708e-01	8.823546566567354310e-02
nan	1.208917565542574624e-01	-1.703582793389831207e-01	-1.631179803671414519e-01
nan	-2.193977090973771471e+00	6.650388800326094696e-01	-2.410558966852291984e-01
nan	-1.696503113178971844e+00	-9.482129341448726212e-01	-2.883616554219450290e-01
nan	-1.218778378369022253e+00	4.452506491140444389e-01	-1.070638759982882604e+00
nan	-2.930875645578061572e-01	-2.557499683250033518e-01	-1.759307938904425272e+00
nan	-1.802144043724077882e+00	6.897153946289682480e-01	-3.437562648861554049e-01
nan	-1.395830565664648804e+00	-5.728005225953864965e-01	5.373446870327986957e-01
nan	2.522745406246978406e-01	3.523161053814415355e-01	1.866776903603613480e+00
nan	6.072495244180522445e-01	1.938326456425736088e+00	7.472183042064162173e-02
nan	4.479358982442713799e-01	6.335344867448609030e-01	7.196602705438100989e-01
nan	5.557638078901194767e-01	1.211716774380266815e+00	3.352202865283592237e-01
nan	6.887646189312863765e-01	7.209656317294359518e-01	-1.299558116344040837e+00
nan	7.043335624911863935e-01	8.614475929935416776e-01	1.392194635565072447e-01
nan	-9.294900866135812345e-01	2.895399623429084635e-02	-4.895020793595240560e-01
nan	1.471886607227598898e+00	6.081583874575010595e-01	1.024594915612895507e+00
nan	1.152136368871586214e+00	-2.345571329260929261e-01	8.859554136960183790e-01
nan	1.195158484283546318e+00	-5.052920220867480605e-01	4.935161760151622889e-01
nan	7.781382374859271422e-01	-1.640952171466898701e-01	-1.276056924065205767e+00
nan	-9.732865080463327934e-02	4.361733789813942996e-01	-2.696057824934113611e+00
nan	-1.081234110346665389e+00	2.946352053645457936e-01	-2.868325069072945599e-01
nan	-1.293873212858987376e+00	-1.442670318913510830e+00	-5.486906054927254139e-01
nan	-1.088424038909857838e+00	-6.883461682629326006e-01	-1.897729096921349612e+00
nan	-1.919298101070444629e-01	1.369722986799966069e+00	-1.067335309531488585e-01
nan	1.226983597929536707e+00	1.315860149766274190e-01	4.563223954813687699e-01
nan	7.937778220980216126e-01	-2.240562526562216994e-01	1.027251034358198645e+00
nan	-9.198001163553655157e-01	1.585363539016318435e-01	-3.414808823528081572e-02
nan	-1.715170225531211123e+00	1.853877628736747996e+00	-7.880017317034701541e-02
nan	-3.830092488730194589e-01	-1.365405384607786043e+00	-3.046047604366379780e-01
nan	-1.328673920111294926e+00	9.717279283944509904e-01	-7.504097478182258918e-02
nan	-1.420504528015276990e-01	-2.595559618815990177e-01	5.011319777048527380e-01
nan	1.056621471196365070e+00	1.943477269133175644e+00	5.873932170335230962e-01
nan	1.775953875914501268e+00	8.024095844618492901e-01	1.825822380274405132e+00
nan	8.849417920751322386e-01	-1.183904080371109835e+00	1.002397778121298932e+00
nan	2.366570339590094996e+00	3.855864495026880001e-01	2.258279453032019379e-01
nan	8.447534379101381274e-01	1.163682129177566082e+00	9.198019286046656973e-01
nan	5.519327147256347654e-01	2.377644884302253736e+00	-1.477241680453156292e-04
nan	2.000885584863719480e+00	5.928333238470411271e-01	-1.201469682545490247e+00
nan	1.635232784261341443e+00	2.174514918236390981e-01	2.314497422274645055e-01
nan	1.355598396970179476e+00	1.971349137047262889e+00	9.488721070341965547e-01
nan	8.800440597505221341e-01	1.521712231080496469e+00	4.694870402042822244e-01
nan	1.851580544830210062e+00	6.427512892464304350e-01	-5.615897449488652660e-01
nan	-4.035536447945989869e-01	1.007569286287066213e+00	2.071120011021293505e-01
nan	-1.004187302847272090e+00	-1.010175337844536836e+00	1.114644175417735639e+00
nan	-7.988201645716854760e-01	1.493715916367155394e-02	-4.851954683367557530e-01
nan	-3.779188469137299000e-01	4.389434817868526628e-01	4.951828304718070006e-01
nan	4.089256308462064782e-01	2.212137068333329459e+00	-1.400456149783285031e+00
nan	1.842070830337245446e-01	9.672846342366907546e-01	-1.258256370965174842e+00
nan	7.202279256751532854e-02	8.289449576062737357e-01	6.632931865382213354e-02
nan	-7.361644087852134977e-01	5.152940324247690107e-01	5.608779151390301809e-01
nan	3.776281497914564245e-01	7.813395381339164336e-01	-1.547212725007140133e+00
nan	-5.354519745534414010e-01	4.498807987374468520e-01	-7.586276538214977716e-01
nan	-2.209139934028667263e+00	2.968051742637178858e-01	1.411279138877696404e+00
nan	5.306394981639166453e-01	9.623736852751996196e-02	-1.173125683018537702e-01
nan	3.015943617362930596e-01	1.304547469953270200e+00	5.928875074844781878e-02
nan	3.008368256987625777e-02	2.295653254825557710e+00	3.134472679251668614e-01
nan	1.623546737221321923e-01	1.243596071107707868e+00	1.451368680279553791e+00
nan	-3.794259340253713919e-01	8.313667294244858619e-01	-9.071831312215572485e-02
nan	-5.293070674260064168e-01	-3.663662147737767882e-01	6.897297264432855624e-01
nan	7.667738342808991248e-02	-1.556705458484301530e-01	1.258171342651759561e+00
nan	1.442226132916568870e+00	4.017108981576179016e-01	-1.881978231885770514e+00
nan	-1.382800049608337467e+00	1.747069774023737976e+00	1.218900426141732440e+00
nan	-1.217351793506541213e+00	6.698867243964466978e-01	4.090557084656386566e-01
nan	-1.395934762336755508e+00	-2.238947292298180125e-01	3.412841955337060917e-01
nan	-2.088154676401704268e+00	1.099933956289184556e+00	4.365320359777003639e-02
nan	6.961876034306573313e-01	-4.508151334420511525e-01	7.576894542881490446e-01
nan	5.131071286036632539e-01	5.186044325919489939e-01	1.857275740788037144e+00
nan	-1.337403570067696723e-01	3.092638622397763104e+00	5.526420585286212495e-01
nan	1.391685116963752300e+00	7.703000491841532904e-01	-1.734372252634701628e-01
nan	2.682528443906263549e-01	7.293766936758582231e-01	-4.027216080247253416e-01
nan	8.690324217423650577e-01	1.164621425608427518e+00	1.266786269215915417e-01
nan	1.875284146865284995e+00	-9.181275030602104037e-01	-5.430360320807696706e-01
nan	-7.390435442195516513e-01	9.231383783967737067e-01	-1.682943867501900170e+00
nan	2.883901430679212119e-01	2.286246809173828609e+00	-7.113278423167505027e-01
nan	1.524847989791400238e-02	7.779496218686697828e-01	8.124604821224029605e-02
nan	4.508239887739493024e-02	1.227771405170878793e+00	6.734121748446867395e-01
nan	1.605163171673148925e+00	1.899468666038871545e-01	-5.268509533970666681e-01
nan	1.851833319660641131e+00	2.927739436280992757e-01	-2.895691802579473340e+00
nan	-3.328703648382858038e-01	2.652273236992301886e-01	-9.691663771999037280e-02
nan	6.397259618218653632e-02	-2.269769057647913757e-01	-2.850885283487512023e-01
nan	9.695944433016273623e-03	-3.825691546693791856e-01	8.492680139375566317e-02
nan	1.236893288395268575e+00	4.158597144255208322e-01	-1.155848724649852333e+00
nan	2.481465983876621095e+00	8.132068947006642068e-01	-1.532785749819969512e+00
nan	5.072425728588769722e-02	-1.102895757610750094e-01	8.587612748344138902e-01
nan	3.168141329572363163e-01	-6.797195151689272921e-03	-1.509938884660335434e+00
nan	2.540587861244190115e-01	-4.152055239747394766e-01	-1.244174352102497272e+00
nan	-5.311599528487640498e-01	1.012035314355671733e+00	-5.029697033892142066e-01
nan	1.159035854971349755e+00	1.078866801341487491e+00	-9.888815675074299483e-01
nan	5.495578903482331024e-01	1.496735420626605695e+00	1.171095417794112414e+00
nan	6.015634022387394975e-02	7.488175896523681097e-01	3.963608017461596744e-01
nan	-1.298088247843282694e+00	6.421683978306886864e-01	1.526564422183667169e+00
nan	9.157053127314338514e-01	-1.247785339183320685e+00	1.867229765313110246e+00
nan	7.293097355823896510e-03	1.244159226888062797e+00	4.000340605068547495e-01
nan	2.021384444108819678e-01	1.019715475328699883e+00	-8.470074477292310888e-03
nan	1.655522008295559733e+00	-1.305448091642593900e+00	-1.299985247888141293e+00
nan	3.611080266080960444e-01	-1.319303999633870961e-01	-9.375018683191693736e-01
nan	1.185095762733275881e-01	-1.819876453245161674e+00	-5.691385428694235582e-01
nan	3.802310464745937146e-01	6.558877915575753725e-01	-3.842190766472787788e-01
nan	7.599275931321037847e-01	3.072259228231049466e+00	-8.636295045494288836e-01
nan	3.599811632792373484e-01	1.449857896141650837e+00	3.624730488495553349e-01
nan	1.036436050844586676e+00	-2.976110803431200047e-01	-2.730151661172988131e-01
nan	1.444968874207622989e+00	-7.712375226727689048e-01	5.307914688891191002e-02
nan	1.649904816855882528e+00	7.023442075325794232e-01	2.562278348841737774e-01
nan	-2.199825346121797587e-01	-1.416397760321208565e-02	5.724035607014962279e-01
nan	-1.253449379446579748e+00	3.840553354241561523e-01	4.986755638585900763e-01
nan	4.103001292499109942e-01	4.134612583144510189e-01	6.897799403896814896e-01
nan	1.309906766759508123e+00	-8.183706144217723910e-01	-4.791370800680891939e-01
nan	6.150856944539626614e-01	-1.277102416313009359e+00	-8.008310627599339870e-01
nan	1.304191136594025746e+00	-2.036013738303016352e-02	-1.642206775507726313e-02
nan	4.368658802748093262e-01	5.436511256988900698e-01	-6.850044306910654246e-01
nan	-1.146401078002153184e+00	1.282074327748181863e+00	9.990118562525779344e-01
nan	-8.346583413389234707e-01	-4.834960872925131992e-01	9.123936679062305544e-01
nan	9.495220170936606863e-01	4.046792229500605353e-01	6.846068989740292654e-01
nan	6.486450984144516152e-01	1.202668139025994343e+00	9.095342914084022512e-01
nan	2.856508111970250674e-01	5.380611475973197111e-01	1.595156553778841246e+00
nan	1.714403380934158783e+00	5.048252316070783730e-01	3.654571167898214012e-01
nan	3.677368438599633027e-01	-1.436531254378733857e+00	-5.579897331193861554e-01
nan	-2.019745583497507102e+00	-2.414578595941893724e+00	-1.817607218979122585e-02
nan	-1.842457169271639827e+00	-8.251719386714655435e-01	-1.205362554958909982e+00
nan	-1.102622848829517554e+00	-2.024453446007499657e+00	4.284936885321284361e-01
nan	-1.085456699378305467e-01	4.991445382440085066e-02	1.325077165128909495e+00
nan	2.080840241447493300e-01	-1.007551005695911162e+00	1.518933210866588168e-01
nan	-1.416317307817213544e+00	-2.192430000322621031e-01	6.846770433461044636e-01
nan	-9.983465433241131559e-02	-7.240425724453424250e-01	-6.258472433819420866e-01
nan	2.147206887804444242e-01	-2.867983532882424913e-01	-2.358064477147599369e+00
nan	-4.738759745741605300e-01	-1.470587776865432073e+00	-2.573287770937878749e-01
nan	-1.253042021591775690e+00	-1.810349632484173465e+00	8.426556428430992396e-01
nan	-4.285324528568311142e-01	1.031151529636308517e+00	1.101959395363039107e-01
nan	8.597056469088948383e-01	2.465895015653819244e-01	-8.280620230714758057e-02
nan	-1.423804863350811134e+00	-5.512752764347909062e-01	-1.240056025081268887e+00
nan	-2.069119829410000388e+00	-2.887317786460458224e-01	7.121296347457136688e-01
nan	-4.917192545421696370e-01	-1.233635055333936803e+00	-1.231479972511638765e+00
nan	2.597874705332556822e-01	7.227846209711042968e-01	4.671696410365722141e-02
nan	1.994784292551281979e+00	2.181238094537734928e-01	-1.625961112138688824e-01
nan	7.330707878957557488e-01	1.444784798157511263e-01	2.149432874060155929e-01
nan	1.365624805845715439e+00	3.595623661641380586e-01	-1.119176014575753442e-01
nan	1.211248252614370191e+00	1.317728805069922071e+00	-3.080168786863493047e-01
nan	5.567985170727761668e-01	1.256117027940223174e+00	-8.478629605131706715e-01
nan	1.194515927024484281e-01	1.634322355254454795e+00	1.012579776875589754e+00
nan	-9.359063469282488112e-01	3.474664129893491604e-01	3.070242837802606983e-01
nan	-1.233510556229149735e+00	6.177918677178100282e-01	-7.322956472439503539e-01
nan	-4.778108392016571226e-01	2.136207095126996247e-02	1.049593979461801663e+00
nan	-2.649637577525364440e-01	-2.895080216408102980e-01	-8.483035113924488613e-01
nan	-7.274376885624407318e-01	1.359104132153275135e-01	-2.564492200209395056e-01
nan	-1.190918360727480030e+00	1.129877372765416832e-01	2.037410310299161420e+00
nan	1.624225313454358499e+00	-1.808685550963955668e+00	3.734451149234387368e-01
nan	9.328862659516059530e-01	-7.846965873784206291e-01	-1.815943676108881855e+00
nan	-7.449155209757128970e-01	1.927118208928025878e+00	1.193507668663286392e+00
nan	-7.818590733606753940e-01	3.318605546773663928e+00	5.732283048899053934e-01
nan	1.751970947855003846e+00	3.331575347102513907e-01	1.828693055760048036e+00
nan	3.158312418613064665e+00	-9.619495525195286278e-01	7.191227971849927236e-01
nan	1.226615170669089538e+00	1.041517318074564713e+00	-6.655710669646878186e-01
nan	-5.629410989094766338e-01	2.123525780605217239e+00	1.348714935751875732e+00
nan	7.782563817470811163e-02	1.250132056721264373e+00	1.403939087024552723e+00
nan	4.010812099478103798e-01	8.469386184565554920e-01	6.592150527684416117e-01
nan	6.665385213749888127e-01	2.342475936052450969e+00	-1.033136994342846449e-01
nan	2.009284904329081023e+00	5.761690044222456120e-01	4.974941128000250901e-01
nan	2.666214992005714102e+00	4.133018523942283973e-01	7.438732099733251779e-01
nan	1.382400238818934479e+00	-1.219968589258831226e+00	1.692778216240483413e+00
nan	-8.683601667555043147e-01	-8.338476772399752157e-01	-1.253210515732224639e+00
nan	-1.317980020724798917e+00	-5.319972921563367318e-01	-1.491080498822286771e+00
nan	-1.182359912063147389e+00	-5.342007271968672866e-01	-1.997177726139345744e+00
nan	-2.327407938191390357e+00	-4.806180944157431023e-01	-1.749310990086351492e+00
nan	-1.360759982537644630e+00	-8.464927238287083266e-01	-1.184807040848353754e+00
nan	-1.556256561677169525e+00	-4.094253828210606128e-01	2.047366227839948483e-01
nan	-1.791223225902827676e-01	-4.974734421475748847e-01	-3.771839906393598119e-01
nan	5.545970204937086256e-01	-3.059320984059801241e-01	-1.381320507748729609e+00
nan	1.660755778864022036e-01	9.721113652133675509e-02	-1.777341394583273892e-01
nan	-3.517622429648424864e-01	-8.643692621900496142e-01	1.256248314341535055e+00
nan	1.188278480386420588e+00	5.424717629527362472e-01	8.084782162527787142e-01
nan	7.606405408798500023e-02	1.498961996744306635e+00	5.855421061142871419e-01
nan	-1.777557182244380307e-01	2.087674012867311579e-01	1.687838383286292210e+00
nan	1.148946335786445783e+00	-1.161907656771098557e-01	-2.265509663995529666e-01
nan	-1.626119052336104098e-01	6.378956058435161225e-01	-6.238370788292180169e-01
nan	-8.764059467885841892e-01	-1.182613100078234170e-01	-6.859987893074820375e-01
nan	-1.702887597106806372e-01	3.605410566542432416e-01	1.465037895595333373e+00
nan	-1.733511704502266326e-02	1.885218900143132148e-01	1.739046336194878473e+00
nan	1.367507784455666009e+00	3.078433086815263522e-02	-5.655687208695019397e-01
nan	3.899557967777637635e-01	-1.140377991597765650e+00	-1.378077409072063109e+00
nan	9.308796602154056909e-02	-1.111300632969272950e+00	-2.949729710160714502e-01
nan	3.100628906466615375e-01	-9.371366680247360526e-01	-8.840592419268813451e-01
nan	-8.061521880655166949e-01	2.107713816826271014e+00	-1.468109443330984032e+00
nan	-2.372571442129572106e-01	1.806597810170465834e+00	1.135143277514014892e+00
nan	1.392190836767724704e+00	3.287981402929083252e-01	7.676190103536120191e-01
nan	1.761034388999117795e+00	6.015807573496623206e-01	-1.174883228388287071e-01
nan	1.171064286954285549e+00	5.443480773364832714e-01	-4.246658669581576673e-01
nan	8.304022955985753685e-01	1.110272195107251170e+00	8.083258795278184250e-01
nan	1.516453627220863076e+00	1.257988608991474466e+00	1.031147320853842864e+00
nan	2.907510012331451232e+00	2.044882597792967438e+00	1.095755025930401860e+00
nan	2.461543016459161848e+00	2.122973243319376202e+00	9.369695126441068833e-01
nan	3.664584188778941432e+00	2.763777114746026164e+00	2.735560912769490649e+00
nan	4.493290701579427449e+00	2.318292287538557872e+00	2.392863724147034965e+00
nan	2.516908328864886357e+00	1.935908587741736353e+00	1.067047456658853921e+00
nan	2.529054289651655019e+00	2.225724499654497368e+00	7.991694922616561225e-01
nan	6.866779875752024864e-01	1.206876773872110231e+00	1.563208080820733148e+00
nan	2.366788318707168104e-01	1.320831149481379585e-01	3.200584633831329295e-01
nan	7.536678405828095562e-02	5.535695558049724685e-01	-1.937178633608048539e+00
nan	1.687107520811282679e+00	4.985831125347719439e-01	1.179647863297145216e-01
nan	7.459912616736597002e-02	3.003692202617782026e-01	5.229576199712540063e-01
nan	1.283278571768664278e-01	7.080192231097898192e-01	3.123878234187624225e-01
nan	-7.512750263925225269e-01	1.265657972989976177e+00	1.061734918720363963e+00
nan	1.593083237809264752e+00	-3.663283642428957210e-01	7.623447605656430426e-02
nan	-1.059398121652709746e+00	-1.102158322381646238e+00	6.048818083843622295e-01
nan	-1.459747655803133259e+00	-1.155952824029810921e+00	2.864056064192244122e-01
nan	-2.314678060900904111e+00	-1.026727297216954105e+00	2.236874600994505080e-01
nan	-3.050271172715245394e-01	-7.492460177280594325e-01	-2.058491861227179642e-02
nan	3.933123688218062020e-01	-2.181403045142991548e+00	-2.232587369381022757e+00
nan	-1.686586448690606588e+00	-1.836928179280023166e+00	-1.436018825717849667e+00
nan	-3.324749018375143805e-01	-4.450343219504354630e-01	-1.048730789089546978e+00
nan	2.004406539259310227e-01	-3.550830100473202355e-01	-1.190844454041538381e+00
nan	-1.506814214654109696e+00	-5.230542893854244202e-01	-3.576044156755950887e-01
nan	7.397940439777802579e-01	-2.013152810684055716e+00	-1.120910350645427433e+00
nan	-1.385497815251577336e+00	-1.843753758805068976e+00	-3.914937035689236122e+00
nan	-2.424640875141705010e+00	-8.668622348432152291e-01	-2.204238684340977805e-01
nan	-8.750556045207380507e-01	-1.077234377448159197e+00	-1.346067875447586548e+00
nan	9.874724828094381124e-01	-1.122762744751011343e+00	-9.307038967100225157e-01
nan	-1.208366655773557952e+00	2.229111742370006866e-01	-1.298953428011385025e+00
nan	7.831105909139914889e-01	1.239537441335358814e+00	-1.932695321735796723e+00
nan	1.195857050701198299e+00	1.692938673367695657e+00	-2.007608910555697346e+00
nan	-1.980475827077829987e+00	-5.315444556684459920e-01	-9.173778766773830196e-01
nan	-5.433872987930458143e-01	-2.446673277940674129e-01	2.029086032358408120e-01
nan	-4.463251581771949805e-01	3.913506624877129969e-01	2.373012365330065876e+00
nan	2.818682081695476516e+00	-1.725993920200145526e+00	5.683627000858071376e-01
nan	4.503445722838148035e-01	1.517388163298297066e+00	7.689245187551039251e-01
nan	8.697280655048855724e-02	3.620757521408238810e-01	1.701999104343915992e+00
nan	1.312260635228542416e+00	1.682481466020339322e+00	-1.718265409152730516e-02
nan	1.735739425835403082e+00	5.062939457859808590e-01	3.469651116021686965e-01
nan	2.540506796943525769e-01	-1.032710640808111036e-01	1.125581889738134445e+00
nan	1.593744675614247874e-01	-6.522740413335187393e-01	6.707911979105068978e-01
nan	7.002898179721562810e-01	6.779555087980155825e-01	-2.552735664367365764e+00
nan	-6.245186009365799595e-01	-3.844155571463298005e-01	-5.950442775681861196e-01
nan	-8.706932692939214347e-01	-5.608701157973879914e-01	6.917202030875270191e-01
nan	4.436773679170203932e-01	3.534174216796881485e-01	-3.658705303383688046e-01
nan	-7.348525119836407660e-01	2.731192446754142189e+00	-4.186130549873403051e-01
nan	-5.232441662306852592e-03	-6.698701923837135919e-02	1.776980576738631523e+00
nan	-1.460084727615418743e+00	5.815374257047243312e-01	1.084283387695228917e+00
nan	1.511929333154365729e+00	-8.369043273856939802e-01	9.231390755168047413e-01
nan	1.250377374311688605e+00	8.784408316264294414e-02	-2.797290486526160525e-03
nan	-1.769800120487497463e-01	9.125329773234180930e-02	7.240147525788876992e-01
nan	-1.150944679041402852e+00	-1.193661394974820489e+00	1.589422646342487422e+00
nan	-6.423864466567245080e-01	-9.292266590237319157e-02	4.047715962241213994e-01
nan	-4.915576358433448312e-01	7.301135311367836778e-01	1.443752800522617230e+00
nan	1.276692841345898000e+00	1.169755479650419927e+00	5.394350787528645608e-01
nan	1.512938934826525417e+00	-1.982146491013804246e-01	3.295370259647046884e-01
nan	-2.323590371061798887e-01	1.025037060450255444e+00	1.270947174548385128e+00
nan	6.013041093916595692e-01	1.699888741852793705e+00	3.066808219291715099e-01
nan	1.004007800615094315e+00	1.942959396091943791e+00	-5.626271347560706237e-01
nan	-2.766097795331923237e-01	3.697425283024814435e-01	7.986986410350240817e-01
nan	-1.865179133699320646e+00	-1.924089950114185488e+00	6.776786795559711640e-01
nan	-3.399880527447611822e+00	-4.104712543354294141e-02	-2.110440136423438862e+00
nan	-2.678495676263430436e+00	-2.154915646444425903e+00	-1.541952771352379292e+00
nan	-1.567431849385302556e+00	-1.048313553740422899e+00	2.668985118045534843e-01
nan	-2.154346598775205290e-01	-1.186138192791081458e+00	-2.059472224228454884e+00
nan	-1.345533952138072031e+00	-1.260209101265290066e+00	-9.755380632658042783e-01
nan	-1.693272755360625492e+00	-4.061557151822335898e-01	2.257294574985048152e-01
nan	-2.199378752481544907e+00	-5.348481817922456916e-01	-1.267339978404024459e+00
nan	4.775782956695975301e-01	-1.540809368600811968e+00	1.772012791250994201e-01
nan	-2.291018238603919344e-01	5.301529632102326417e-01	2.389650758371208439e-01
nan	-6.992007243103641745e-01	-8.665692752826834599e-01	-1.833579046513500455e-02
nan	1.585927794749643072e-01	-3.870864238816640324e-01	-1.688466901795919073e+00
nan	-5.911527504195529525e-01	-2.978282597584302333e-02	-1.050968614578453586e-01
nan	-3.105234798713329969e-01	8.826618485373329825e-01	7.025900358275413149e-01
nan	5.551691850053503963e-01	-6.286260567302863755e-01	1.841860314487085426e-01
nan	-3.863635596690999097e-01	7.246209663889418007e-01	-5.211089814338349946e-01
nan	1.260272708025203192e+00	7.432665767087956454e-02	2.071774189889701023e-01
nan	1.765698078884247124e+00	1.178031119532596094e+00	-5.903873183182330175e-02
nan	5.501976281471276931e-02	1.224281572905584925e+00	1.065257163180063138e+00
nan	3.703030179075434414e-01	-6.548138144663242510e-01	-7.897580168348947716e-01
nan	-2.218113090898544693e-01	-1.916168812296376478e+00	9.806120531427312548e-01
nan	-5.913366322183636337e-01	-5.700392568632396406e-01	6.555792610777012586e-01
nan	9.344214657230622834e-01	-1.663338558640389042e+00	-1.296422342613566536e-01
nan	1.514092667429248529e+00	-2.424192703013408334e-01	7.453451062103932934e-03
nan	1.034959560651115495e+00	7.525607343427118678e-01	-1.278549333764562812e+00
nan	-3.966129179347467892e-01	-4.941721095265068087e-01	1.288639518898341496e+00
nan	-2.737661696620120599e-01	-3.721195895803982578e-01	2.265047018563215164e-01
nan	-2.355137492361300655e+00	-4.409296897272392268e-01	-7.639103867144243498e-01
nan	-1.189721740996178667e+00	-1.837723494950613823e+00	-1.540607347449531872e+00
nan	-8.445533533160942685e-01	-1.087613150838693032e+00	-1.422240537710949937e+00
nan	-1.091613799107510996e+00	-4.996639439146336459e-01	-2.546823882875274947e+00
nan	-1.944921970068510086e+00	7.729043403445388094e-01	7.284248478694022033e-02
nan	6.663421432010743217e-01	1.000668156660331043e+00	-7.508969733127036639e-01
nan	-4.386558847979423748e-01	1.485118754893636428e+00	7.500963897194027341e-01
nan	-2.197330217209008119e-01	1.556850965082032356e+00	1.257028726748823599e+00
nan	-2.845715157787742644e-01	-7.124331328180204537e-01	1.457718454664458818e+00
nan	8.778803596118855967e-01	-8.807292978619616353e-01	1.537530021979358175e+00
nan	6.859177575885151423e-01	-4.579484114080010770e-01	4.228583078586840571e-01
nan	7.701283416722999320e-01	-7.029788273827389244e-02	1.366490180788395570e+00
nan	1.281736304422333328e+00	-2.023084094695336288e-01	9.599294006744145680e-01
nan	6.743964114255337483e-01	2.578322191629689453e+00	-2.257265059028267795e-01
nan	7.733403976594686036e-01	2.821115092867208851e+00	-2.004649742974879523e+00
nan	1.324902419990191538e-01	4.698984932565530848e-02	1.060607551873467447e+00
nan	8.825391045091625086e-01	9.667347786510839258e-01	-2.396920973696523016e-01
nan	-1.940616900917901955e-02	2.137110818627608211e+00	-1.062391524580183766e-01
nan	2.096994569762820615e-01	1.590128023893558340e-01	-9.407178229424428828e-01
nan	2.231820599640518932e+00	3.530295349113896641e-01	8.671359266517696396e-01
nan	-4.137939723659211921e-02	2.832501273188741564e+00	-7.047988062833523415e-01
nan	-3.660373110188643864e-01	6.553269630889957398e-01	2.079691350080890011e+00
nan	1.945816852305690015e+00	-5.923334516524082494e-01	1.481859250118291005e+00
nan	7.028994224688976944e-01	2.839053062885074086e-01	1.354343021622882670e+00
nan	1.324761207256697215e+00	2.111362541707795248e+00	-5.656331646212133801e-01
nan	1.152206433196218516e+00	1.126482102946611885e+00	4.122201874990972792e-01
nan	8.351983040216004461e-01	-1.543521063606260180e-01	1.201487801624323115e+00
nan	2.930556168509787174e+00	2.730501065790518211e+00	-6.627785235174314948e-01
nan	-8.270416483488762793e-02	1.914485241387977599e+00	2.623590943947353704e+00
nan	1.168164225975970139e+00	5.411826525659927389e-01	2.840405560039890531e+00
nan	5.670724350427001070e-01	4.767274813269806177e-01	1.938139115182064387e+00
nan	9.564415965602077740e-01	-6.673659525818347316e-01	-4.615026645744668699e-01
nan	-4.595117833669669638e-01	4.840825991396293104e-01	1.104194364973729803e+00
nan	6.203709677107088760e-02	-1.203912113128116301e+00	5.849179463760615372e-01
nan	-1.927118470857291266e+00	-4.301212225685636104e-01	-1.696119415979336353e-01
nan	6.975357475396440909e-01	-7.320549342885451782e-01	-7.557250884517149325e-01
nan	1.471074015147249447e+00	-8.093625897975791350e-01	-1.542738723356623431e+00
nan	-5.299339590237364117e-01	1.709607446710704526e+00	1.142665595824868818e+00
nan	4.153248634607509260e-01	-8.687517915188502915e-01	2.279587095305380728e+00
nan	-1.106999148345808148e+00	-3.159086853392255589e-01	1.809710698839360976e+00
nan	2.104189197531725952e+00	3.853803914825104648e-02	-1.593672078096086686e-01
nan	1.090695693298902924e+00	-2.529822673388834042e-01	1.360103316368451443e-01
nan	-5.112815761611777532e-01	1.300815679202334652e+00	-3.948191252079192304e-01
nan	-4.658924925693070374e-01	-5.255265766266039584e-01	2.259443891896985690e+00
nan	-1.852817535053345122e+00	-3.522690963010710608e-01	1.117870748704946404e+00
nan	-1.499139840483864505e+00	-6.521220278457146025e-01	9.357131287402189468e-01
nan	6.696165052470726131e-03	-1.800653063236841156e+00	-8.760631582792323124e-01
nan	-8.240405911011127182e-01	-9.581967972040523751e-01	-8.547101989467131844e-02
nan	1.885440287404865911e-01	-5.874412922517393554e-01	3.345775322848498212e-01
nan	3.743517377006132518e-01	-4.841887847364023667e-01	1.295787548938582612e+00
nan	8.417737688898365711e-01	2.308199921940296662e+00	1.723958450227493833e+00
nan	1.119102974934593764e-01	1.470753122481393671e+00	9.739617001091647186e-01
nan	6.165208643157045199e-01	-1.349048167627218686e-01	-1.250544814974575702e-01
nan	-1.132063783516154887e+00	1.359592173398389559e+00	3.525364625454943668e-01
nan	2.810058773600057069e-01	-1.468354126084560618e-01	8.049011567632127218e-01
nan	-2.307593531822058064e-01	9.785974264068221240e-01	1.073267180640865792e+00
nan	-2.791357161156604594e-01	4.270237720395206327e-01	2.689428112881505073e-01
nan	8.653863305342399670e-01	-8.306294913961237425e-02	2.306553130047342304e+00
nan	1.870127711904117307e+00	4.074812062078043695e-01	3.603703885418991226e-01
nan	1.357051406785689140e+00	-2.574546031370044119e-01	-2.695011752888590628e+00
nan	-2.873192910187682414e-01	8.097115697012029489e-01	-7.092343844369148886e-01
nan	1.403222524179871478e+00	4.621605508990009881e-01	-6.278935395282357890e-01
nan	1.660655501761776121e+00	-5.198745303466980605e-01	1.163761926953007508e+00
nan	3.323253078774813796e-01	3.900581888553590892e-01	8.517736477880519796e-01
nan	-1.152091928136718124e-01	1.226818003901591236e+00	4.892294059497404035e-01
nan	-3.761556984516314928e-01	1.453444793707708405e+00	1.212643220376067532e+00
nan	1.379666404022474868e+00	-4.477709837621401956e-01	9.138377339344345707e-01
nan	1.380221268368636567e-01	-1.377306343813966549e+00	1.304154668482186086e+00
nan	-4.914622682625802153e-01	3.178464856489381929e-01	9.447683219565786716e-01
nan	-7.201475284844711666e-01	-1.103201245892135862e+00	1.733040015380271914e-01
nan	5.070883054580364036e-01	-4.771312135729969262e-01	3.549271932060434898e-01
nan	-4.875323728512796495e-01	2.710420021174748673e-01	2.463393967900919523e-01
nan	1.284480640022276909e-01	-3.322172666025450249e-01	3.631337458888861391e-01
nan	-2.012598200287856742e-01	6.653930630477044028e-01	-6.025186776985098636e-01
nan	7.798925434058472383e-01	-1.202604166331793456e+00	-3.250944553074831767e+00
nan	-1.792409603000501006e-01	-1.109565560184049726e+00	-4.843632048761253861e-01
nan	-2.015082278944438698e+00	-1.736649900189214835e+00	9.669406555888662158e-01
nan	-2.013335635132432522e+00	-4.772156145747101785e-01	-1.843227752835292943e+00
nan	-1.376300858089051227e+00	-2.364463946033549036e+00	3.647063688723913844e-01
nan	-1.530933964454049612e+00	-2.558676068015245386e-01	-1.412579850097636758e+00
nan	-1.979294584084226649e+00	-1.159574643487330636e+00	-3.490635350946522664e-01
nan	-1.660410958916950008e+00	5.801170342494318399e-01	1.031291881413400890e+00
nan	-5.512446594122301091e-01	1.018721210427479207e+00	-6.773327052787053715e-01
nan	2.105727626030687305e-01	8.072181537965927856e-01	-1.744607558648147982e-01
nan	-1.205911164445826467e+00	7.507262050862300029e-01	8.997858059383615492e-01
nan	5.953361707289299698e-01	1.769105980082458451e+00	1.502403029485372077e+00
nan	-4.581983221770336012e-01	-5.817619593742284767e-01	-2.175044986484624410e-01
nan	-1.194399677959861350e+00	-1.070469975183278466e+00	8.557490487711472138e-01
nan	9.205253169770000188e-01	-1.127822685237696909e+00	5.556893251020661451e-01
nan	3.242789813888131145e-01	4.724709426445457550e-01	7.957192384596738499e-01
nan	1.884237136582778693e-01	1.937973493410108716e+00	1.413846539772934729e+00
nan	1.268866579500372849e+00	-3.675255825081485961e-01	2.044446666735147744e+00
nan	-5.925309345813825068e-01	5.065538835739917811e-01	-1.402265553373800433e-01
nan	-7.628103410098102666e-01	1.472116247970194081e-01	1.522894313940353683e+00
nan	-5.156552160435934340e-01	6.036415763767295495e-01	-8.833967174245888065e-01
nan	-8.543044320763012456e-01	-1.685287990409699566e+00	1.379229926229638803e+00
nan	-6.476092499922085910e-01	1.360207977074400887e+00	4.036936924282934491e-01
nan	3.469906343687995109e-01	-3.378364164015770776e-01	-9.799218928378394811e-02
nan	-2.016369741203828170e+00	5.906670398879440009e-01	-3.811686509529291778e-01
nan	-3.837943211320369308e-01	-1.463640618281568440e+00	-7.645385451795208009e-01
nan	-6.408177113605528774e-03	2.481863152521704974e-01	-1.527106658020830121e+00
nan	-5.393511275802997940e-01	4.870791974164202509e-01	8.848099130270230539e-01
nan	-9.947236472016693920e-01	-6.585761207779781135e-01	1.476701234929598705e+00
nan	9.490911902408780687e-01	-1.492249468101403576e+00	-2.200077081493215236e-02
nan	6.134951193638891187e-01	-8.050480285622665377e-01	2.451297237026069276e+00
nan	3.063440149920200639e+00	-1.180511753982047107e+00	1.701986004372676220e+00
nan	2.713997885810425004e+00	1.314877221937152729e+00	-2.021689149922153650e+00
nan	1.225526379878316252e+00	1.583891247963352011e+00	-9.160928751129451819e-02
nan	2.219192378877371752e+00	1.972512024871621028e+00	6.628928323803762179e-01
nan	2.680414869045339987e-01	-1.520347860735496992e+00	7.204447642414034680e-01
nan	-5.034285127626411671e-02	-7.871245808872102678e-01	-5.849752489304208547e-01
nan	-8.031201246489754197e-01	-1.695043301318027718e-02	-1.478930607791890228e+00
nan	-1.170969418011384544e+00	8.014518523755790325e-01	1.061057750826030599e+00
nan	7.298139094384600289e-01	1.138725553632182974e+00	7.788795449315100150e-02
nan	1.075846890637615960e+00	4.175900700166569890e-01	1.854102016091803140e-01
nan	1.067205308090934945e+00	1.602101395558427344e-01	-1.652735905323409193e+00
nan	-5.470581505409927159e-01	-6.632003590769642853e-01	4.299455925348147911e-01
nan	6.288870060609298429e-01	-7.835911225044341899e-01	9.285628278877497976e-01
nan	1.146486931202542747e+00	-6.149318234417875395e-01	-6.849269683042462642e-01
nan	3.875961311364845563e-01	1.614586919900905970e+00	-2.651155658156485462e+00
nan	8.764854894262309459e-01	9.710130117028790142e-01	-1.630097998431974338e+00
nan	-9.731525559794288460e-01	1.563713736290106127e+00	3.382150398739424135e-01
nan	1.293077517495392792e+00	1.962525814565359239e+00	5.411496086077194345e-01
nan	5.691570136712150729e-01	9.107987933934037494e-01	-1.666389918787229973e-01
nan	-3.455123601815500711e-01	1.129301840921324018e+00	-9.999116747489223966e-01
nan	3.380063593484930462e-01	-1.879755926433896163e-01	-3.723907768498632698e-01
nan	-6.930889202654272330e-02	-5.540048144549797327e-01	6.046094672597798203e-01
nan	1.017954203563945365e-01	1.723151650372825694e+00	-7.797984035295396632e-02
nan	3.517353948875299174e-01	7.687872533990286472e-01	2.016912696593581078e+00
nan	1.224454719793610868e+00	5.237766171529898429e-01	9.541304987585669251e-01
nan	1.719386083844882673e+00	-8.099445563593488107e-02	6.597536168348224761e-01
nan	-2.584816076261247542e+00	7.666153073947237218e-01	4.256142433237983247e-01
nan	-1.214354340790958720e+00	-1.050267881058635000e+00	-7.094125613962041221e-01
nan	-3.815573848291762271e-01	-4.106583069310735801e-01	-5.138940594518779381e-01
nan	4.956725212739173658e-01	7.654221533528937638e-01	2.916374465998936016e-01
nan	-9.038610084747620288e-01	-1.733860412658453809e+00	1.524265789112460023e+00
nan	-1.200881254979240254e+00	9.127930031644113651e-01	6.204035549910971170e-01
nan	-7.125285326886041659e-01	3.272555492670181643e-01	-4.241297958783898370e-01
nan	-1.418789042995094896e+00	-1.346817586286529034e+00	3.426559840159738579e-01
nan	2.744909170610559945e-01	-5.825670454504893181e-01	1.143129209975024541e+00
nan	-1.226829866348230436e+00	1.440020191033909436e+00	-9.767400876296524759e-01
nan	1.109201997523191707e+00	-1.212477537438983566e+00	1.392751422662122041e+00
nan	8.747602807448996431e-01	-1.390006731788832606e-01	2.773937448073267031e-01
nan	6.689395009774867784e-01	1.196442577594634793e+00	-7.276593096978515307e-01
nan	5.368505461921903033e-01	1.581563645629887382e+00	-1.968483045449296531e+00
nan	1.548611814674501375e+00	9.983906143311704895e-01	1.644960325316187744e+00
nan	1.918318307478969142e+00	1.668668939858680700e-01	1.652025570025992263e-01
nan	1.462937999688544988e+00	-7.868250010633189850e-01	-1.923734360267298715e+00
nan	-9.983838070439370327e-01	-5.537634604659528170e-01	-5.841215801965088383e-01
nan	-5.599103047710681791e-01	2.969437527763725271e-01	2.513448524856940480e-01
nan	-1.637420132025435016e-01	-1.400898858966257654e+00	4.110789409493020852e-01
nan	-1.603054989056191815e+00	-1.898692885433614697e+00	-1.168001049274532521e+00
nan	-2.364062263657101148e+00	1.208437699685356304e+00	-1.063803086107983908e+00
nan	-1.621461384238964243e+00	1.240070525858520512e+00	9.121771392674865586e-01
nan	-1.095482322212322446e+00	-1.216735507894047386e+00	8.569774246463981449e-01
nan	-4.648673022284397494e-01	5.047243035928179467e-01	8.952641820333151479e-01
nan	-3.191473193522649798e-01	-6.454417657953928633e-02	1.790018196606202094e+00
nan	-2.572153337268959783e-01	-4.164388593805800620e-01	1.085677139527959412e+00
nan	-1.471924601879628813e+00	2.760666845363238808e-01	-1.770270327337369332e-01
nan	-1.385316124346258171e+00	7.036876425848480610e-01	-1.126573251948095100e+00
nan	6.691655677714131167e-01	7.545462432158553390e-02	6.450193167661080196e-01
nan	1.231078062829163322e+00	1.312196483367482625e-01	6.680594223561808764e-02
nan	-1.115818380231931028e+00	9.627764191752434808e-01	-6.489922352739846412e-01
nan	3.731155020767081831e-01	-9.519901298056165917e-02	3.781799859457337654e-01
nan	1.911568253836393616e+00	-3.592675773541708084e-01	7.931201041662788720e-01
nan	1.200717815253745657e+00	1.544319165604960187e+00	-7.530437855407123848e-01
nan	2.503861478686829400e+00	7.704324609491115528e-01	-2.165979402658463893e-01
nan	2.516076647426284119e+00	2.263086865534195802e+00	2.533398155997142465e-01
nan	9.783204132621319271e-01	1.069355465034490527e+00	2.590003547665723271e+00
nan	3.603916172315049238e+00	1.633292524197071938e-02	3.814023245613674673e-01
nan	1.531912820190719282e+00	-2.801507559246174672e-01	1.257312714470788240e-01
nan	1.510513543892455290e+00	1.012629316050529527e+00	2.478575692407789965e+00
nan	3.010894907521620034e+00	-1.672009297460896882e-02	1.816030619459801265e+00
nan	8.866616572301244670e-01	1.525750455482495216e+00	2.632436748994329001e+00
nan	1.778974803712589647e+00	6.336263651690322574e-01	4.316102205218891319e-01
nan	3.666442070818487498e-02	-1.194832030767782882e+00	1.396613258859265017e+00
nan	-7.898479603714229080e-01	-2.245974396799512274e+00	8.605531375323883791e-01
nan	-4.894377828029722877e-01	-7.250248740430731420e-02	-1.728867770568546458e+00
nan	-6.787304379319604175e-01	1.210957004187398711e+00	-1.291682105568035643e+00
nan	1.072422475551771948e+00	7.366800493909513026e-02	-1.971430365388912309e-01
nan	1.570875993660412473e-01	1.044471814977555368e+00	1.284664428674023307e-01
nan	-1.854668791261160798e+00	9.499891587083060251e-01	1.224426368743208871e-01
nan	-2.669247606231495151e+00	3.135497852529655627e-01	-6.304247089980785645e-01
nan	-1.699765201444078500e+00	-1.609862094596417492e+00	1.224424613233987547e+00
nan	-1.182294260189286295e+00	-3.479433662417471318e+00	6.466733478744840502e-01
nan	-2.091716034770120025e+00	-5.877686739031783292e-01	-1.270759343081698134e+00
nan	-8.350201495720150913e-01	1.577869634747302019e-01	-2.106253549643701817e+00
nan	-2.762160673654174836e-01	-1.766872220637007551e+00	-1.366317475080092159e-01
nan	-1.280895406285741167e+00	6.363684961751991942e-02	-1.466320839991781311e+00
nan	-1.354475573751565243e+00	7.463494074892058627e-01	-1.360557800559892838e-01
nan	9.636573418035258021e-01	-5.940800620887983774e-01	9.226574079618747870e-01
nan	-4.308089120998979116e-01	5.844307689945353879e-01	-1.136912678078631833e+00
nan	-6.247111461934583554e-01	1.800932487285265005e-01	-1.660215895233562389e+00
nan	-1.309183955167204871e+00	8.174227214007001585e-01	-1.117236603164433628e+00
nan	1.802268971993734148e+00	6.882568264749682196e-01	-4.660972712072579682e-01
nan	2.229520662567160416e-01	1.141866305975822726e-01	1.253809235647005416e+00
nan	8.241945894158415609e-01	1.102173262354874811e-01	2.813820262952496654e-01
nan	1.175155143321345186e+00	5.007116540605720534e-01	5.591432395113576925e-01
nan	6.937915678748409753e-01	-1.596016561530633204e-01	-3.504395627570596194e-01
nan	8.049383076386469327e-01	2.223170528672894886e+00	-7.084200076079765207e-01
nan	4.821585863036436104e-01	6.345243155206677921e-01	4.680745035022423894e-01
nan	2.619414595909713150e-01	1.434565449515941005e-01	9.485976772472067831e-01
nan	5.165096498293494376e-01	3.790982414199175476e-01	6.120024197192119875e-01
nan	1.850647182779447397e-01	1.390476795924655562e+00	6.802983411306648964e-01
nan	8.092613293437211919e-02	4.097076854721284356e-01	1.270346606082061736e-01
nan	-5.864073580107398431e-01	2.467748040726578940e-01	-1.983798163116418378e-01
nan	1.612583497178537328e+00	-1.276734695078231674e+00	1.440802625890736932e-01
nan	1.698127485895729150e+00	1.360276698770974235e+00	-5.127086069208272034e-01
nan	1.236232815217111369e+00	1.225036086882037800e+00	7.391037932235636765e-01
nan	-1.075568314434166339e+00	-7.252786290337691621e-01	-1.489859605178641688e-01
nan	-6.143562809143738868e-01	4.984808021404677492e-01	6.460517531413105807e-01
nan	2.028652819936432594e-01	-6.759100167951349603e-01	-1.526472817454890274e-01
nan	-8.212839171053762932e-01	2.882496246001842177e-01	1.694604605287330645e-01
nan	1.400899314287461228e-02	-5.249362749593954325e-01	-5.047003184482908855e-01
nan	-4.627678943811691648e-02	-1.611104489418734076e+00	-7.005318383870402510e-01
nan	-2.633135892106430176e-01	1.530479401993446453e+00	-8.098723321656814411e-01
nan	3.045365360367017771e-01	1.883511501841431679e-01	4.498100990092758211e-01
nan	-5.437047818824092271e-02	2.265752430929795835e+00	-2.811643050115415488e-01
nan	1.059219209540129825e+00	1.424746653847837496e+00	4.289056971082039205e-01
nan	5.983270464956260692e-01	-1.363136765394610705e+00	7.752099788425041993e-01
nan	-3.306206766421260657e+00	1.499419986140370642e-01	-3.086558917319697226e-01
nan	-1.636692267119554733e+00	-1.061082664128629061e+00	1.631827290337444003e+00
nan	-5.050961323649387769e-01	-1.330283631787558818e+00	-2.225378865581284060e+00
nan	-2.609828291170899206e+00	-4.835369491424761357e-01	-1.511009795393455146e+00
nan	-2.237831089537205553e+00	-1.241787104124596253e+00	-1.676345934632794688e-01
nan	-2.059659896976629767e+00	-1.472030576651189193e+00	1.390688683753967370e+00
nan	1.391501828889684989e+00	-2.895770995131001335e+00	1.342530667680190026e+00
nan	1.675799409959201069e-01	-2.361291733297442796e+00	-1.113630113819195522e+00
nan	-1.884374531647016626e+00	-1.394398733257751877e+00	-9.073046709282714950e-01
nan	-2.606438598917044214e+00	-1.880084667266501919e+00	-2.836066025496211118e+00
nan	-4.268380130571802766e+00	-2.098349581192909596e+00	-1.810064367096102966e+00
nan	-4.019476937367969072e+00	-1.019405212793497384e+00	-1.153415587583895840e+00
nan	-3.159026870109396423e+00	-1.738645626652593812e+00	-8.224503280405482952e-01
nan	-1.099195770843406361e+00	-2.273955973660835461e+00	-2.049780565422936629e+00
nan	-1.414955607253131076e+00	-2.584204636329298754e+00	-9.504279221537498268e-01
nan	2.939558547577065806e-01	-3.073052212814338269e+00	-8.807293057517435741e-01
nan	-1.822618950997073162e+00	-1.179714230029280664e+00	-1.689228962180049809e+00
nan	4.386855658727952800e-01	-1.498969077437482866e+00	-5.268350770183273246e-01
nan	1.176924140113322581e+00	-3.676874992328277858e-01	-3.147869235596755799e-01
nan	-1.823309331526496990e+00	1.934175408323925094e+00	-7.394212099717636377e-01
nan	-1.782345562192359623e+00	-1.794867708503191439e+00	-7.068455489130776037e-01
nan	-9.739811974893641811e-01	-1.534905497922525841e+00	-1.172003454100774444e+00
nan	-1.813318768084030363e+00	-1.729987816041505422e+00	-2.766593130773031373e+00
nan	-1.453637465881812751e+00	-9.770871477501098523e-01	-2.482841662069481536e-01
nan	-1.025797323492216417e+00	-3.394626455531146170e-01	-9.108824467242848666e-01
nan	-4.845972646374381299e-01	3.846585959814892708e-01	1.148814734244599567e+00
nan	1.156367768681172192e+00	-3.875058239906625235e-01	-6.427592492881391006e-01
nan	-5.632581893486239277e-01	-3.593001006276150822e-01	-9.101422002977450632e-01
nan	-4.274950744575719552e-01	-9.745283048902037004e-01	-1.418919962085519293e+00
nan	-2.742279782066807670e-01	-3.309790071377077814e-01	-1.525400850426971155e+00
nan	-9.222671121897232371e-01	-6.136421218837118108e-02	1.299864404306259491e+00
nan	2.221311296039078620e+00	-2.369988329055225940e-01	1.147848356399743031e+00
nan	9.393435603595874372e-01	1.827231076183308378e+00	-3.210559705369903094e-02
nan	1.407763985008535501e+00	6.493907151219575624e-01	5.131118633900466630e-01
nan	3.020263728950733362e-01	3.946806914051921855e-01	-2.722314773508238694e+00
nan	-2.062013442176648947e+00	8.417034314972525744e-01	-3.350858661259004112e-01
nan	-1.958608125575273862e+00	-1.535551956760421888e+00	3.407764324094494923e-02
nan	-5.302811101337078226e-01	-3.481369156944490451e-01	4.675739437769161344e-01
nan	-7.342876134281388356e-02	8.378081539993089688e-01	2.070649390824721880e+00
nan	1.844585954633561897e-01	1.391918638582895773e-01	2.012563989898668915e+00
nan	1.946267599786285718e+00	-3.005923296058402583e-01	1.341035767811993740e+00
nan	1.625034305369895238e+00	7.218837566973272946e-01	-1.689123854846236616e+00
nan	2.995493262407805113e-01	7.389065950655189230e-01	3.546811335598106796e-01
nan	-6.269366788312307204e-01	6.914507161673917324e-01	-2.566210820485161914e-01
nan	-8.996088511563261891e-02	-1.824400007287633185e+00	-4.696164539154474848e-01
nan	-1.555430447303859598e+00	9.377240422253713126e-01	-6.463413654593053170e-01
nan	-8.864348265724985021e-01	1.559448680600535653e+00	1.259850656792499857e+00
nan	1.508996136781139974e+00	-1.884284621040298313e-01	4.059435658626955878e-01
nan	2.208982926187464724e+00	-4.209044001981273042e-01	8.491275510132841875e-01
nan	1.206250735310515410e+00	1.044131786344751456e+00	-7.696321155551960613e-01
nan	2.538779164279264533e-01	2.670920630586561373e+00	-2.290075659307059919e+00
nan	2.723462989365464382e-01	4.372186450242288025e-02	5.747492665363584941e-01
nan	-1.060401220209221895e+00	-9.236373235108847890e-01	2.325669991863731578e+00
nan	7.519492219299460656e-01	-1.275767995476714933e+00	-1.393855606220126830e+00
nan	-1.934578889937575319e+00	-1.645865271568668131e+00	-2.196716819507547491e+00
nan	-1.152007073538225068e+00	3.750133605269321269e-01	-1.730075434053850003e+00
nan	-1.271807479656277717e+00	-4.321751713224180058e-01	-1.201279714819127431e+00
nan	-1.416816731617291936e-01	-1.173354015528398908e-01	-1.295283910791498405e+00
nan	-3.408940190031300999e-01	1.076348649385972411e+00	-1.703590874388196674e-01
nan	-5.035470257194708532e-01	-2.268647161932828560e-01	4.423344015062934398e-01
nan	-2.259447804211841326e+00	-4.412064743911243703e-01	1.074335073926590556e-01
nan	-1.127227557830439153e+00	-1.873624485599353573e+00	-6.640048097506052738e-01
nan	-7.056527599406917650e-01	1.056193420553347417e-01	5.114687424748992628e-01
nan	-4.841236592234046121e-01	-2.098358852641746264e-02	-2.139363343710949383e-01
nan	4.371227187720095886e-01	2.201288825557196349e-01	2.170012864367272809e-01
nan	1.017823420827268732e+00	2.922234089721423289e-02	-5.342686683586150842e-02
nan	-1.152444030949244524e-01	7.257302327088837046e-01	6.184185034384407365e-01
nan	-8.510630917593957623e-01	2.862167584643147689e-01	1.391942987444461655e-01
nan	-4.122112200414562722e-01	3.527684190074811821e-01	5.536121111626882696e-01
nan	4.681241671372099455e-01	-2.454629447877554771e+00	-3.445389044797023126e-01
nan	-2.162536654928435276e+00	-1.293610096323759340e+00	-2.197458919640622010e+00
nan	5.963022306964582686e-01	-2.645536505458960796e+00	-5.400483558791590033e-01
nan	-8.495455773239564135e-01	1.292638798262057076e+00	-2.154553977666105347e+00
nan	5.541984928214993555e-02	4.394966598619573506e-01	-6.840106853655181229e-01
nan	5.532118589497329042e-01	7.425526503311522530e-01	-6.937866773566634393e-01
nan	9.054430013499112917e-01	4.580266458807205066e-01	9.472308342426359884e-01
nan	3.073181034241065368e-01	-7.352245878030417847e-01	1.123694043801394926e+00
nan	-1.087656973824218332e+00	2.116220158414747754e-01	7.441032073281526049e-01
nan	-5.206546031059375856e-01	-3.498024553032895723e-01	-1.643895429581151868e+00
nan	6.207422673943598923e-01	-4.549476100999472195e-01	-1.190811191483892362e+00
nan	-1.042566585454906436e+00	8.215644786531957067e-01	-9.135358094602170631e-01
nan	-1.014081967926221406e+00	-2.460049256516363969e-02	-2.562878554090206040e-01
nan	-1.307159813760016664e+00	-8.247666429646770547e-01	-2.307569217505913262e+00
nan	-1.276355073851573652e+00	-1.169638060989994566e+00	-9.029552584499133117e-01
nan	-4.536855741929355368e-01	-6.309253170347359774e-01	-1.008569130120334334e+00
nan	-3.027875129698794243e+00	-1.540086312341142349e+00	-5.640872485211424481e-01
nan	-6.401185550518199152e-01	-1.873366457488823578e+00	4.914165490472343079e-01
nan	-1.228751636175864359e+00	-1.872430042496403324e+00	-5.112571960952912997e-01
nan	-4.254958777367616740e-01	-4.301728328993144057e-01	1.390241572093593003e+00
nan	-8.062832650708278148e-01	-1.303982794262809719e+00	1.361484805392133346e+00
nan	-1.241732267356549180e+00	-1.634070518203976974e+00	5.109663628677674208e-01
nan	-1.349536200631614946e+00	-2.321736446178108260e+00	5.400276479220542658e-01
nan	-1.110728512886435260e+00	-9.968391131058563781e-01	-1.216701916549269402e+00
nan	-1.539289959916386952e+00	5.378863754244506135e-01	-6.378633802800388608e-01
nan	-1.454089712450165606e-01	1.645780474148510475e-01	-9.087395556331056001e-01
nan	-1.219299610976579240e+00	-3.551305138344703627e-01	-2.712820049825422353e-01
nan	-9.472153283980824234e-01	-1.426075028610741535e-01	-3.318719521180302223e-01
nan	-1.667892111238221453e+00	-1.804068376973721799e+00	-9.699760336099754188e-01
nan	-1.237665916883321948e+00	-1.114267630470383574e+00	-1.705360745063213557e-01
nan	-2.224912764553773403e+00	-1.940785776551365194e+00	1.094444977829751808e+00
nan	5.275502600909376394e-01	-2.117553327038771638e+00	-8.057377233792994975e-01
nan	1.623990645249034248e+00	4.611078653992640164e-01	-2.303086371728126469e+00
nan	9.420382207310571410e-01	8.149636037049867721e-02	1.625452548190194912e-01
nan	1.262568314014801629e+00	-1.310422172392633255e+00	-1.832329282033520634e+00
nan	8.767930655242417437e-02	7.481114082000350773e-01	-8.139728351688254593e-01
nan	-6.618542235671771579e-01	-5.226608753278481068e-01	1.133457011211136622e+00
nan	5.844396933401854177e-01	-5.929749671782376108e-01	7.490858058105206441e-01
nan	1.597368183413415466e+00	4.388705954532045039e-01	4.146620217174906697e-01
nan	1.100562889102853159e+00	3.373002634497202501e-01	-1.439779963471107482e+00
nan	4.421855625381301280e-01	6.432718875179461726e-01	1.604731466742334467e+00
nan	1.461150344664287948e+00	-4.373730465739540385e-01	1.959489807200441636e+00
nan	6.443127248536395513e-01	-1.521046621359086748e+00	9.124957766073058529e-01
