nan	2.106215309559985371e+00	5.377127143120683517e-01	-4.255404342764078085e-01
nan	-2.169608334644199457e-02	1.829713456056798249e+00	9.906898126424406037e-01
nan	2.616784225526582297e+00	3.938323634638369874e-01	1.737092206796072791e+00
nan	2.657742281476807911e+00	8.264316926639889704e-01	1.371674141157626536e+00
nan	1.335730009185539302e+00	5.816599002921090111e-01	-4.147505038851779791e-01
nan	9.424004734874624756e-01	1.012796067284543300e+00	9.851827967339383818e-01
nan	1.364741510171894268e+00	1.606676282940707523e+00	2.265119103021474345e+00
nan	2.827877467653293841e+00	8.425566194375065932e-01	2.122457265029069173e+00
nan	2.035563608425526638e+00	2.705194706468911914e+00	-7.738717503898484562e-01
nan	9.488752145022272266e-02	1.037570843900625928e+00	4.281965268125067503e-01
nan	2.787407610517713685e-01	1.177611408392811310e+00	-4.101199334381902539e-01
nan	-1.509931746324250534e+00	-6.844480475459604474e-01	-3.182325510201952090e-01
nan	-2.762648208697655039e-01	-1.517039824351757771e+00	-8.281465998373376269e-01
nan	-1.684400901379758508e+00	-9.145958230724465787e-01	7.238075046362979492e-04
nan	-6.058377548608140373e-02	-3.724874675281814040e-01	-3.875768415638809472e-01
nan	-1.141344076448672862e+00	-8.395070240499264980e-01	-1.425727799713739863e+00
nan	-1.363993316226205454e+00	-8.174221920122622942e-01	5.556653682079736312e-01
nan	-2.560796374782422502e-01	-1.041095562453884682e+00	-4.187728061241796640e-02
nan	-1.027146644924152863e+00	1.390607196779519494e+00	1.437874764074718037e+00
nan	-4.654136946939244623e-01	1.098579941745549515e+00	1.538773969818393317e-01
nan	1.528007902124873585e+00	6.261690016056881136e-01	3.225705847726125231e-01
nan	2.514185721942848950e+00	1.629814165654471569e+00	-1.149823793982934106e+00
nan	1.193516837048448131e+00	2.468996017165850709e+00	1.341123303701744263e+00
nan	-2.624381815326195522e-01	4.119528262567505594e-01	1.312651939345378826e+00
nan	7.272949886815580633e-01	-7.044373018534247910e-01	2.250022439971068877e+00
nan	3.403410505296283528e+00	-1.738024670541972849e+00	8.750158357110151552e-01
nan	9.650688830832820919e-01	7.224927166494868880e-01	-1.867798356815847605e+00
nan	2.165560603875220091e-01	1.473341578660350537e+00	-1.096688303014197619e+00
nan	-4.276691911266631285e-01	2.702853136529244082e+00	8.161584698433269613e-01
nan	-6.366423446763773697e-01	2.333708241880152467e+00	6.444941940088486643e-01
nan	7.902076988778712341e-01	1.434669230852835486e+00	2.400329101879049354e+00
nan	7.657795288976437798e-01	-4.034057198169505032e-01	1.173691726810448976e+00
nan	-3.361488656072362802e-01	1.065462518936192593e+00	-1.088790314251280700e+00
nan	3.547157140212359172e-01	1.715431222375383591e+00	5.998104454457987150e-02
nan	2.519859644614479421e+00	-7.878053442637060755e-01	1.076042379266484383e+00
nan	1.533648596492852567e+00	-9.790182117082854019e-01	7.253438444647826167e-01
nan	1.030001312397137214e+00	-9.611809921066827300e-02	2.016080315709538162e+00
nan	1.320541978720741749e+00	4.201286634182557211e-01	4.156485877470349477e-01
nan	1.523687132145491008e+00	-9.769530108089020670e-01	-1.662634707632408837e+00
nan	-2.280323436710208984e+00	1.055703386747663952e-02	-1.408437883030483118e+00
nan	-2.985614923499778417e+00	-1.349062017585651585e+00	-1.574345215641501650e+00
nan	-1.057895286187394479e+00	-1.063531505247654607e+00	7.729572390960490758e-01
nan	-1.901795210962404115e+00	-6.877400173245784565e-03	-9.326706664406811953e-01
nan	-7.612854053634514617e-01	-1.916455283082715955e+00	-3.387086023237079191e-01
nan	-2.464196281612916373e+00	-1.815187368200880336e+00	-2.789463029277898798e-01
nan	-1.822756186057725047e+00	-6.953653156374922650e-01	-1.656191028926679909e+00
nan	-5.004629703068977920e-01	-1.161137342182148036e+00	3.172641161442230073e-01
nan	-1.715497967533548662e+00	-6.956052209924068475e-01	4.776620024067909642e-01
nan	-1.290545875222139927e+00	-1.004539271594409922e+00	-1.241643061308009388e+00
nan	-1.538058543734042383e+00	-2.076984619170552548e+00	-9.391962065146863825e-02
nan	-1.848507196119707041e+00	-2.082287623480122640e+00	-2.635137255611043061e-01
nan	-1.208243463277169027e+00	-1.374855201541783201e+00	-1.640675392023105417e-02
nan	-1.426989052223206933e+00	-2.352158800060808463e-01	1.029157526265168099e-01
nan	-2.173130327419449337e+00	8.711973748376761195e-02	-4.978926010993389717e-01
nan	4.372894439395542676e-01	1.575326912767440080e+00	-1.659093916424530524e-01
nan	1.208591565384997457e+00	9.369837744978776195e-01	3.529785391905829184e-01
nan	-1.765501119572944422e+00	6.291464427958812777e-01	3.011151058384250678e+00
nan	-2.285824009249191047e-01	-9.898960776855516563e-01	2.206036573304222426e+00
nan	1.278489478889117459e+00	1.537703810307412544e-01	-1.973986968777897144e-01
nan	-1.156199596780433936e+00	4.488628145980064210e-01	-8.362404436009393538e-02
nan	4.971238468166378488e-01	4.076552683836436319e-01	-7.363746795851093818e-01
nan	-7.280164011800777102e-01	1.253259698373600628e+00	9.025330026136801909e-02
nan	2.856465304387473925e+00	-1.151364501330396084e-01	-9.784735854623903828e-01
nan	-2.898777429775722947e-02	-6.612986585187035082e-01	3.005371215239601712e-01
nan	-6.264377805851316650e-01	7.137748032457141845e-01	1.465790897741587329e-01
nan	-1.455431217432224367e+00	6.208469514428655023e-01	1.750632350575252461e-01
nan	9.017158250150041354e-01	-1.752296162004321811e+00	5.782162377893813598e-01
nan	1.049744086280212096e+00	1.984289752224447922e-01	-1.798272403990724522e+00
nan	1.801747591890336953e-01	5.646189368076415249e-01	-6.655328773884144899e-01
nan	-7.689321285193448929e-01	2.226832544855622542e-01	1.514500213756098390e-01
nan	-1.115529991514900399e+00	1.179211273927865122e-01	1.345211743961713724e+00
nan	-1.719048824722017310e-01	-2.709319344953169395e+00	7.322051961469611125e-01
nan	-2.042618958162774057e+00	4.269335227598338722e-01	-5.430205854212518668e-01
nan	-1.357965633388544591e+00	-2.299789673705165960e-02	-4.608884538942989995e-01
nan	2.801617527468425184e-01	8.948709058756056933e-01	6.669865727747008588e-01
nan	1.170391191936053454e+00	2.473259846991029409e+00	3.864913163607072155e-01
nan	4.274689627114423018e-01	5.816768765586278755e-01	1.463370535648456094e+00
nan	1.089235081126127547e-01	-4.584467922060646017e-01	4.614242526990234294e-01
nan	-4.800139961443024017e-01	1.376284966102387486e+00	-3.389441649203220330e-01
nan	1.332060482936855639e+00	-9.575030104450987789e-03	8.735575847944300198e-01
nan	1.865827024844059157e+00	-1.206746183765376457e-01	1.185657316282245244e+00
nan	1.117882955287024638e+00	3.314516722053481024e-01	4.867665836131733759e-01
nan	4.162905954172674283e-01	1.003389572527795925e+00	-9.466611462037617386e-01
nan	2.780053838230212904e+00	-4.063809961058859610e-01	1.542426193152054426e+00
nan	1.979866513139663997e+00	1.432599013887864814e+00	9.429071412126122098e-01
nan	-4.818990850637328016e-01	1.403958423726319849e+00	7.868856211055186289e-01
nan	-2.682854610813699470e+00	6.625962832290057669e-01	4.892751574199560860e-01
nan	-2.306181028785923848e-01	7.448508845794195032e-01	9.105604481015432405e-01
nan	9.626526067049928637e-01	9.886488137733365766e-01	1.022766984055968553e+00
nan	1.367371496081929205e+00	7.348956434328079990e-01	5.273056415245501727e-01
nan	1.287654057890418313e+00	-5.892605135969486430e-02	1.267448146439895673e+00
nan	4.834600879887220315e-01	-1.202226556432872684e+00	-6.737676451183727266e-01
nan	9.001373460319944675e-02	4.688729274110495227e-01	2.724255717097285867e-01
nan	-1.648844839279517194e+00	-1.236522290692446902e+00	4.797190905396958582e-02
nan	1.524673057938759069e+00	-7.008660868612910377e-01	7.272335418921644923e-01
nan	2.559459279066463866e-01	-2.940580039624788311e-01	-6.431099496020488415e-02
nan	9.070574418911543646e-02	3.561006371575976548e-01	-1.877873766921813292e+00
nan	8.039195917116288559e-01	9.392436413415796714e-01	2.828786631618706027e-01
nan	2.234193275758479036e+00	-3.764834982777687244e-03	5.017208032367439507e-01
nan	8.290703029192995066e-01	1.698301127144260736e+00	7.388582664955141432e-02
nan	1.286394509324151780e+00	1.118529059159706129e+00	1.268614504371851304e+00
nan	1.351963422462145736e+00	2.411826086830614724e+00	1.018753432559574623e+00
nan	5.471299657472372679e-01	-2.319864951217711635e-01	1.289229690652982541e+00
nan	1.988728830177470153e+00	-3.237766300736410474e-01	2.409822481611642697e+00
nan	1.423724801398558171e-01	1.800939556877015679e+00	1.646374049394600858e+00
nan	4.037386166376529806e-01	1.226131064306623220e+00	6.619892983744832815e-01
nan	1.839903801414584317e+00	7.109622944514755183e-01	1.063182693655487121e+00
nan	-6.194407350909372223e-01	8.395215478659625585e-01	2.180180807683253619e+00
nan	-9.783324955662645595e-01	-8.904433449154274260e-01	-1.001999813840530162e+00
nan	-2.782881233723071279e+00	3.777066393254366883e-01	-8.249163444479197249e-01
nan	-3.333934457434637455e-01	-1.717319551351523366e+00	1.060951903444333488e-01
nan	-1.804705537881713617e+00	-1.913393109844595985e+00	8.216440237260425050e-01
nan	-1.351866200287086039e+00	-2.371176019055639017e+00	2.846778700605284707e-01
nan	-2.494350614477843564e+00	-2.153294568504977136e+00	-1.804921212730012714e+00
nan	-1.732769966429247299e+00	-1.761240998683138770e+00	7.865512204365381344e-01
nan	-1.571195956900711899e+00	-1.621108364565207793e+00	3.758544699415974355e-01
nan	-3.765283797133335830e-01	-1.815243131247966879e+00	-4.449955578512492793e-01
nan	-2.030258964661183718e+00	-1.117644320300252625e+00	-8.753770035753787315e-01
nan	-1.586918081885752674e+00	-6.617366335778848141e-01	-9.811572640845784843e-01
nan	-4.540177020210949266e-01	2.464084427715161896e-01	1.091085546938607820e+00
nan	2.231061325919047600e-01	6.194702364084977431e-01	-8.782090089490677265e-01
nan	-3.471568975338727436e-01	9.294478636175973474e-01	-1.561907261141690206e+00
nan	-1.036023912825643434e+00	1.674077586811123286e+00	2.719285004849018028e-01
nan	1.220933875260887591e+00	-6.699657898428916791e-01	1.516991281585934548e+00
nan	4.131400571915866404e-01	1.109206542068489121e+00	2.703843085060119722e-01
nan	6.692688367043893027e-01	1.149483556640486848e+00	-1.847088211058980911e-01
nan	7.843615446713776418e-01	1.071904252840991667e+00	5.290065536089959553e-01
nan	1.456594391066922789e+00	6.285743695346331927e-01	4.341217124873867350e-01
nan	-2.617936953070976180e-02	4.401218508985335065e-01	5.994338851215675890e-01
nan	-1.089428947290969063e-01	-2.103450318273464958e+00	1.288911153066825688e-01
nan	-2.342945250773797561e+00	-6.717997659303553970e-01	7.271205296475002910e-02
nan	-1.351995808290221923e+00	-1.183844592218004976e+00	6.450636497971306005e-01
nan	-1.053831701754259553e+00	-6.775818761308571858e-01	-8.225129938579045508e-01
nan	2.496163528547185040e-01	-9.712069506788942874e-01	-1.256898626958060872e+00
nan	1.632162355111112184e+00	-6.816598148940226087e-01	-7.571743437828931667e-01
nan	-2.903383390972552047e-01	4.779986188220423093e-01	-5.601347166307701908e-01
nan	-2.231355397561562537e+00	-3.726881958953176532e-01	5.323973988534225904e-02
nan	-1.224370794330208456e-01	9.079726853533596209e-01	1.996365593007181083e+00
nan	1.251034881077373706e+00	1.453726104011406450e+00	3.094565334986811411e+00
nan	2.559087719193791521e+00	1.091795839871717799e+00	2.222044178547992743e-01
nan	1.317351589363352948e+00	9.388102921729765127e-01	4.223878128236949747e-01
nan	1.048080956858548740e+00	-7.467719154120977532e-01	-3.587443580927857090e-02
nan	2.161827333659690709e+00	-4.623204170918374101e-01	-1.623777857877689579e-01
nan	-3.964128401057864237e-01	7.056907001539834967e-01	-1.289323138846878436e+00
nan	-6.398389442556982054e-01	5.867536089055438442e-01	-1.150880799374311092e+00
nan	3.371991875079444201e-01	3.464326391005854155e-01	-7.299879306459221562e-01
nan	-1.359468020330589999e+00	-2.708914689721380054e-01	-5.214685922749541513e-02
nan	8.236690785727357467e-01	-2.290585072653704146e-01	5.233764716418102259e-01
nan	-3.912850009008372876e-02	6.912951625842374270e-02	-1.605145979481664931e+00
nan	-1.869293508273072169e-01	1.189404690319104466e-02	1.412085251737900338e+00
nan	-1.214278918956018249e-01	9.005690156014601877e-01	-4.364983232478974462e-01
nan	1.135192507509983573e+00	8.403378182620333536e-01	-4.237796223852857702e-01
nan	8.858542758594524225e-01	1.208369875346839928e+00	-8.492826341019263925e-01
nan	1.198261470452076649e+00	6.234599279599439825e-02	-7.165508004420292343e-01
nan	5.292662313363181159e-01	6.561446119264214838e-01	8.276758502739771650e-01
nan	7.575193591501763191e-01	2.934540322484517350e-01	-7.593888913207408331e-02
nan	-2.485922418112868071e-02	-1.348884678361413902e+00	-8.950839254345852591e-01
nan	-1.039403458428752369e+00	-3.467625838222754275e-01	4.331607501284682193e-01
nan	-4.167437587665276388e-01	1.233390099501336268e+00	6.460867562114606111e-01
nan	-1.248803867623608399e+00	-1.313764708639246326e+00	-1.733160879012513478e+00
nan	-1.422676241751898552e+00	-6.243860232470004323e-01	-7.180740668450392716e-01
nan	-1.885804026143827583e+00	-2.206116038039929172e-01	7.522116663319604601e-01
nan	-2.311566531413563330e-01	-6.730652711979414615e-01	2.224300937273552048e+00
nan	-2.689592108847375651e-01	9.604478228940112050e-01	-4.289307160475813729e-02
nan	-3.962073687301442826e-01	-8.825352279965390512e-01	5.519249015125474167e-02
nan	-2.806752150131144319e+00	-1.062578744613133175e+00	-1.120687588844662796e+00
nan	-4.569677620614086777e+00	-3.990248235695278645e+00	-8.244270287559810617e-01
nan	-2.586031587639443963e+00	-4.210981769198189895e+00	-3.006097533564520141e+00
nan	-1.712410571496625566e+00	-3.024626503156547130e+00	-1.710248101234590701e+00
nan	-2.590349464408305380e+00	-1.909624259410355185e+00	-8.708066300300966178e-01
nan	-2.314860670672866938e+00	-1.458262763180081301e+00	3.168921821135769479e-01
nan	2.738975018450353627e-01	-1.557092907659310299e+00	7.439630356127628907e-01
nan	-6.393004452190206299e-01	-1.108645371705780702e+00	-6.475861909691210672e-01
nan	2.464922519841007409e-01	-2.311619433578819827e-01	4.334408871098813787e-01
nan	-1.974139194949735998e+00	1.127647823634285729e+00	-1.555573799549206493e+00
nan	-2.097642454339063267e+00	-6.117402357600809637e-01	1.054193586535375537e+00
nan	-8.467226590171879064e-01	-1.323169247403139792e+00	-1.031839605680002769e+00
nan	1.128143322559520545e+00	-1.083919662133579820e+00	-2.467579975371035683e+00
nan	-7.783626558467741097e-01	-1.349618394250243769e-01	-1.203880998321229967e+00
nan	-1.114977864924075135e+00	-1.803278287265885904e+00	1.264796014541256231e-01
nan	-8.092183308827327615e-01	-1.637843034879811199e+00	-7.235770953778624115e-01
nan	-1.503868950755843592e+00	-9.987763274939625013e-01	3.420740469740410905e-01
nan	-2.018524888396267869e+00	-9.741952450932457319e-01	-8.091879341046336327e-01
nan	-6.040129557230500268e-02	1.319799100742087283e-01	-6.250355092287278591e-01
nan	6.760297655968259267e-01	-5.747355648746913515e-01	1.083741795852686707e+00
nan	-9.017245434871606902e-02	6.828173747033370322e-01	-1.634641342002402631e+00
nan	-2.132925775505324362e-01	1.249525010599880304e+00	7.765955469855545523e-01
nan	1.391452471051868311e-02	5.678487381122185873e-01	3.299279258434510531e+00
nan	7.871066338510023241e-01	5.886311658603465835e-02	1.925902130009894409e+00
nan	4.055819264514626266e-01	-5.573051837450333501e-01	5.608626266855103459e-01
nan	1.302389543710987585e+00	-7.429681255704786436e-01	4.111342574330478783e-01
nan	1.822048848898121465e+00	4.500934559313251038e-01	-3.854632614615627340e-01
nan	-2.672559881867938580e-01	-5.003648651115556456e-01	-9.895068734013802159e-01
nan	1.396787695675162366e-01	1.131994625051978787e+00	-1.821484037362737674e+00
nan	1.277714316078766732e+00	2.209278244600902386e-01	6.443305079584806805e-01
nan	8.749448191043930345e-01	2.870485945025782026e+00	1.970539646538431722e+00
nan	2.949177267369144317e+00	-6.394569228420543539e-01	1.943068233630190766e+00
nan	2.275472355224787524e+00	1.003556769816686955e+00	1.033538526533915203e+00
nan	1.591858986988982094e+00	2.342359605207513074e+00	-9.510538850307913572e-01
nan	4.284258445658594705e-01	2.425367393894632517e+00	-5.605088348038700374e-01
nan	1.093190405576488944e+00	1.027163054787973095e+00	-1.648230881704059181e-01
nan	4.482965877839928392e-02	9.207123132119060527e-01	-8.289875839943433578e-02
nan	3.609799613547171604e-01	-5.783209501874437830e-01	8.157782296132104483e-01
nan	1.906076134678189371e+00	2.546757594984914608e+00	-1.771689171463549095e-01
nan	1.992336238137633275e+00	1.387639630300376181e+00	2.177792080829231036e+00
nan	3.097654277521806776e+00	1.608540156097657992e+00	1.832319222310943907e+00
nan	1.434920964578263458e+00	1.238428374016507849e+00	6.345444273695834969e-01
nan	1.266213050402039908e+00	2.922546639752208186e+00	-6.059306299975669718e-01
nan	1.434011263308986761e+00	3.421537909001600486e+00	5.505496775369732587e-01
nan	1.981863021276631276e+00	1.737250651246934341e+00	4.515949465161478438e-01
nan	1.461036281593654618e+00	2.288871704636797233e+00	1.571290332768549236e+00
nan	1.249765899701976490e+00	3.836054530457881917e-01	1.287361249841587396e+00
nan	1.224144629455482747e+00	3.538102008180186164e-01	6.578467118776527567e-01
nan	1.924185457962937384e+00	2.966263179014084539e+00	-5.578669491935839275e-01
nan	9.168215068965863690e-01	3.166699117323279467e+00	1.602162274656775409e-01
nan	1.316440695437977260e+00	1.298514254850663407e+00	4.816020248065362441e-01
nan	3.073681659299488445e+00	6.876023333399416959e-01	1.665619811225148572e-01
nan	4.986453551931916417e-01	-3.954480744362172118e-01	3.923479192148149330e-01
nan	7.544040291183712332e-02	8.019312666781274190e-01	-4.802038145223857524e-01
nan	1.773918776819880083e+00	-3.016207943731115670e-01	-6.373924022756193297e-01
nan	3.208099737391684747e-01	3.947705364965283792e-01	-5.210775015142418698e-02
nan	7.399106182202110915e-01	1.314104717714310366e+00	-1.120463721795142309e+00
nan	1.047051234060305092e+00	7.742494031601109272e-01	6.358438187127587460e-01
nan	1.166252755883968373e+00	9.472741142664335978e-01	-2.806183891060532454e-01
nan	7.119217059325655406e-01	3.605780299859659421e-01	1.223093296894051107e+00
nan	-3.606004085068938991e-01	5.002646748490823247e-01	4.009143537960345727e-01
nan	-3.062283371304336255e-01	6.552280129641626649e-01	1.084071569883666264e+00
nan	2.214809466655266235e+00	2.015199215510357911e-01	1.360963012796093885e+00
nan	3.062680622572678146e+00	8.026013410631631650e-01	-1.004115373602683325e+00
nan	2.824389039875000451e-01	-7.867401094207913115e-01	8.120060534683593012e-01
nan	6.649856428834317601e-01	1.984129723263066136e-01	-6.539698161444744695e-01
nan	-1.409154904498373106e+00	-3.487728649863080843e+00	-4.455296711507572005e-01
nan	-9.833057908260305346e-01	-1.962879183524155025e+00	-7.407335068971979686e-01
nan	-2.277854171934490246e+00	2.943923776044261587e-01	1.269801695926291440e-01
nan	-2.043747424541807689e+00	-9.363233626858777914e-01	8.173597345875356357e-01
nan	-3.671901042369505874e-01	-2.670815663337779533e+00	8.969772692193224151e-01
nan	-1.096884694737048749e+00	-5.466325023170759412e-01	-1.675328114565594273e+00
nan	-1.021535493069490874e+00	-5.083576005879819615e-01	-1.397599959110317425e+00
nan	1.809913297141828581e-01	1.609953898710428044e+00	-1.732631817530274176e+00
nan	2.132261095405507678e-01	9.797763654125640764e-01	6.891054548818195125e-01
nan	3.483951784049942879e-01	1.935178141830470877e-01	1.251767245925045735e+00
nan	8.429421244344106334e-01	-9.985934853044420301e-01	3.215768968710747688e-01
nan	3.480086891174510866e-01	-1.488444796141289661e+00	-4.774809091621022294e-01
nan	-2.004402104008499719e-01	-5.665538245509300630e-01	9.466216567200093079e-01
nan	3.853319574311060425e-01	-1.663670307569043993e-01	4.152389741543904833e-01
nan	1.056186293470226190e+00	5.070760732919890046e-01	9.928218729603797144e-01
nan	2.215647578296476183e+00	2.740034633988712720e+00	-3.023657511881405746e-02
nan	9.892141054128561484e-01	-4.844683747638871552e-01	2.903360179964336041e+00
nan	4.856123359251971472e-01	2.062899930239725954e+00	1.130517648447591395e+00
nan	2.490966614263925294e+00	1.073468210098741604e+00	1.577755944322755788e+00
nan	1.950849586954009673e+00	1.223748314474230270e+00	3.979277094835631523e-01
nan	1.034072630513851010e+00	1.826575317080129102e+00	9.769749297125837062e-01
nan	1.669263946784287800e+00	-1.101665346100452192e-01	1.217728098252506275e-01
nan	9.266288094650443341e-01	2.717997127681385905e+00	1.967542393846609672e-01
nan	1.560477002902061372e+00	9.890861530268534318e-01	1.911557048115838375e-01
nan	1.196379828143557811e-01	1.476202980633098072e+00	-1.242237684422234034e+00
nan	1.474883820741172080e+00	1.205576071619425260e+00	-1.290584950163768674e-01
nan	6.189693969902321236e-03	1.447365974224456675e+00	5.386190768019454289e-01
nan	-1.950598155129875666e-01	-5.648278279003388080e-02	1.514878763903461989e+00
nan	5.254792032305475313e-01	-8.068344082503500769e-02	-1.510311247520056410e-01
nan	2.204597512487448396e-01	1.613210492175302768e+00	9.671679259243495252e-01
nan	8.509688319989293648e-01	1.865625561184662828e+00	4.194356268083176964e-01
nan	1.126285148704233574e+00	5.636733328234706519e-01	1.547228327837486095e+00
nan	2.021107827340914431e-01	-3.826077598413657466e-01	4.959755377191443770e-02
nan	-1.578467968021623757e-01	-2.584219925303000931e+00	-5.931298672036678932e-01
nan	-1.259442218981730033e-01	-6.967369893471189179e-01	-1.741071009639813649e+00
nan	-7.458701725154962547e-01	6.596822606985035531e-01	1.122225375637865286e-01
nan	-1.312292222379563000e+00	8.579043466164683052e-01	-3.648882032569361056e-01
nan	1.091654348404948127e+00	6.905693664443470769e-01	-1.183976193725754522e-01
nan	6.710137887933442791e-01	2.257580553462896766e+00	1.074121777711752435e+00
nan	1.434904894062023928e+00	1.309478007555328727e+00	1.942118772439923369e+00
nan	7.758462199202315057e-01	3.268882713737961687e-01	2.716780710021312828e+00
nan	2.174315245285507459e+00	9.511953951671319185e-01	-2.149391693375126700e-01
nan	2.826570765105786087e+00	-1.123084490289520954e-01	1.156075870807219408e+00
nan	2.452844802507619937e-01	5.296205049725632996e-01	2.217264163538033461e+00
nan	7.543790799627683175e-01	3.191614852177679929e-01	3.340309892697558847e-01
nan	1.963741361601554436e+00	2.728491280881575332e-01	1.502124861157601465e+00
nan	7.025846952745349316e-01	1.541095763458145695e+00	-5.356443245031883293e-01
nan	3.900414436276919972e-01	1.330441344282250249e+00	1.509621631408804010e+00
nan	3.574217100411392067e-03	6.516936346019587267e-01	2.697085212406174382e+00
nan	1.399969420310663848e-01	1.873605095732878423e-01	-2.050608600018128946e-01
nan	-1.750175737350309513e+00	1.364389960317817341e+00	8.073022360290511568e-01
nan	-5.734888381036689076e-01	-4.311196059196008012e-01	8.406228735317750056e-01
nan	-7.563358521249702315e-01	6.299286543851998488e-01	8.698224002965769808e-01
nan	-2.569039363784118013e-01	-5.338055888409283245e-01	6.615296639565435566e-01
nan	-2.958797899006804788e-01	-3.365338722110117753e-01	4.537034247732295578e-01
nan	-1.016325140988598053e+00	5.753930142789831503e-01	-2.038400658884541305e-01
nan	2.871556065073613828e-01	-2.542061249855029903e-01	1.252247547000598926e+00
nan	1.326138839813870929e+00	-1.523383992939219223e+00	-4.447277406357639795e-01
nan	-1.128774332978399020e+00	1.784443595690319073e+00	-1.881245082279831227e+00
nan	1.250611166977481536e+00	3.657975516951078587e-01	5.775867189658938639e-01
nan	5.245981915239413818e-01	-1.888516351072511146e+00	2.228045390430712480e+00
nan	2.694635811013274207e+00	-4.384463137334895233e-01	-5.254820756014566552e-01
nan	7.164903740663748355e-01	1.712605711471105074e+00	-2.257534258725225396e+00
nan	-6.363935958254492986e-01	2.066574264500487423e+00	-1.934179945886643548e+00
nan	1.528765182464959960e+00	4.074116372426961341e-02	-2.889049031537713197e-01
nan	-4.083766681364911499e-01	-4.177663645684865368e-01	-1.500387403839651967e-01
nan	5.759853286843230613e-02	-1.970547809595153133e-01	1.517326311193031074e+00
nan	5.128605488758661846e-01	-4.633308207082945662e-01	-6.639721864475998103e-01
nan	1.339656231854327473e+00	5.404558866355936297e-01	-6.097797030974565491e-01
nan	1.168651997920644892e+00	-1.447776719582992921e+00	1.157278020501601556e+00
nan	7.494492860428676462e-01	-3.524845557457224055e-01	1.609126785882350363e+00
nan	4.875229415453236070e-01	1.708173055010868691e+00	8.818161300515584555e-01
nan	1.318616991457126630e+00	2.991002957970823051e-01	9.088719383282670705e-01
nan	1.620114738214710304e+00	3.977671635994077248e-01	3.014079105845420270e-01
nan	-2.824948213295354060e-01	1.637470064561605820e-01	1.481376023179529433e+00
nan	5.374595163862200264e-01	-2.197996005748783510e-01	2.725502936608974469e-01
nan	3.577074001789715130e-01	2.314432907801574402e+00	1.646359665090903368e+00
nan	2.196946289856984702e-01	-1.022225566505081229e+00	1.056403472222080975e+00
nan	-4.087989440896510063e-01	-8.850531495093650891e-01	-6.999527081629048908e-01
nan	-9.852101160181283568e-01	-1.765367192172413446e+00	-1.522618929928798437e-02
nan	-3.397854120364540709e-01	-3.749636096546162811e-01	-9.801511271830071204e-01
nan	-6.262832620986881205e-01	-9.425447886355077520e-02	-1.945211127885998703e+00
nan	-1.792073126616493983e+00	2.107925182538445075e+00	-7.433886165354246511e-01
nan	-4.439722493378569501e-01	-2.951966635778141557e-01	4.307096891413375039e-01
nan	-1.959246724753619662e-01	-1.528043127692315095e-01	-7.603245458308727223e-01
nan	-7.596215111982600465e-01	-1.741947717561126430e-01	-1.629352609312756606e+00
nan	-3.897283323881628458e-01	-9.078546484545224615e-01	-2.071281997644950579e+00
nan	-1.185988061567012419e+00	-7.207813104612852406e-01	-1.262627014935765457e+00
nan	-8.110560156196646719e-01	-3.918919779658822655e-01	1.312005119717734258e+00
nan	1.657567606019793693e+00	-1.539413161737272606e+00	1.015217940783348594e+00
nan	9.889596175491419672e-01	-1.489642382703623147e+00	-8.928445752225118159e-01
nan	-1.272676679785345710e+00	-5.341595344964923386e-01	-2.725203195875327555e+00
nan	-1.247466435304540600e-01	-1.777344373055708582e+00	-1.936525448498296775e+00
nan	-4.574622327414235023e-01	-1.054304828379216907e+00	-3.974971141417515952e-02
nan	-7.708827898150891755e-01	-7.785523230837232411e-01	3.279705637880891977e-01
nan	2.628038724587038466e-01	-1.028451780215718259e+00	5.596645649737003181e-01
nan	-7.456935621786607848e-01	2.415125243176912129e-01	-6.984760433846698424e-02
nan	7.233475708305276974e-01	-2.843770948000453602e-01	-8.440154514234506911e-01
nan	-4.006810708703718582e-01	1.164480150091318084e-01	-1.207176209316974003e+00
nan	-1.450061845435705044e+00	1.229712612242935821e-01	-5.945040878041651933e-01
nan	6.398555857525519697e-01	-1.054876687791074907e+00	-1.018762038370986112e+00
nan	-1.464448781687376133e+00	-5.096225208959227482e-01	-6.330632808107791165e-01
nan	-1.091568884232021253e+00	-9.827522843577901623e-02	-9.162991085902567612e-01
nan	6.995661315604162489e-02	1.412293248741840479e+00	-1.108093715167613791e+00
nan	-7.586090913742671304e-02	-2.399143005035586085e-01	-1.415925006322833191e-01
nan	-3.529057682842562382e-01	-9.077445291603530864e-01	1.688148309682286463e+00
nan	-4.441689462406168687e-01	-7.668508602778120187e-01	-4.953714082254070949e-02
nan	-1.876505326428522524e-01	-1.117132769940083925e+00	-1.597287917939581303e-01
nan	-2.844969327145648874e-01	-4.419275394290259618e-01	-9.302769233028143070e-01
nan	1.115940583225966676e-01	1.636383904753244689e-01	2.323050812624351202e+00
nan	1.459144838826234913e+00	8.301790637995852817e-01	6.067947632349739440e-01
nan	5.334386220733335904e-01	1.042992803294251258e+00	1.332260950824401879e+00
nan	1.077445123425720963e-01	1.360330504130474960e+00	-3.666677572913615846e-01
nan	9.298973379100277104e-01	7.952006663968114175e-01	-1.292134528756657685e-01
nan	1.489514039322191952e+00	1.174815960332106224e-01	3.573969906525833462e-01
nan	-1.010265128841996152e-01	-1.993869581799775803e+00	-8.162254217195966666e-01
nan	-8.314512352394273220e-01	-1.372721258500879227e+00	9.923954994124916107e-01
nan	-1.540956811928301029e+00	-1.703122298734484730e+00	-6.590557926265878663e-01
nan	-1.554052367246800959e+00	-1.757237087110868901e-01	3.348264528216631231e-01
nan	1.150224455621924324e-01	1.748135637878281967e-01	7.788914171072323089e-01
nan	3.861624348270249474e-01	7.069383060516057915e-01	1.052123093898308603e+00
nan	8.538723853162188959e-01	4.609176878240795472e-01	6.760583473743733141e-01
nan	6.539583909621614621e-01	3.200143189536849286e-01	-2.507721356291348069e-03
nan	3.346203802238991165e-01	-8.150286087568007209e-01	9.498848070166969748e-01
nan	-3.655650026317799894e-02	5.704743571581976092e-01	-1.084493741866505573e-01
nan	-8.319120113602229694e-01	1.940021951056842608e+00	2.521758455674726562e+00
nan	6.897560328720975242e-01	-2.981615736396275862e-01	-6.213489797252378377e-01
nan	3.643304257172791938e-01	-7.271031846211708505e-01	-1.381752385322965848e+00
nan	7.253382561142431850e-01	-2.876550776434765311e-01	-8.291567250152169777e-01
nan	3.867140014579908414e-01	-3.624818233948780000e-01	-5.032488813794168125e-01
nan	4.552401051676323585e-01	9.566282598584534558e-01	5.571665775759271355e-02
nan	3.862480196408484834e-01	-1.940346448067448160e-01	1.028848630407433351e+00
nan	8.511452057905368740e-01	1.242265264866621921e+00	1.523430065572958902e+00
nan	-1.513269511986761184e-01	-1.364114552328317131e-01	6.946247085064053417e-01
nan	-4.899328450610827557e-01	-7.189007483017190170e-01	-7.171045643885013421e-01
nan	-8.880807794781473419e-01	2.113122481785711937e-01	-4.851295569731095547e-02
nan	-6.819099549299634244e-02	3.661342624588289074e-01	1.845658726975499597e+00
nan	8.641419758028234810e-02	6.878049208397174485e-02	-5.853121265815481866e-01
nan	1.393262094604130752e+00	-7.529487080129879106e-02	1.852669266377496626e+00
nan	1.558926004827650535e+00	-1.459015490280080041e+00	-8.157244576691921045e-01
nan	1.427823632276889465e-02	1.530526117836100986e-01	-7.397252145233607079e-01
nan	3.299801627708649487e-01	-8.707054295560073820e-02	-1.004163625909869073e-01
nan	1.067605978786851706e+00	7.752848834149721480e-01	2.627755103785266666e+00
nan	1.251874540371889832e+00	1.500405796088657207e+00	1.810438900505849436e+00
nan	-3.994388092960972081e-01	1.081111645850150627e+00	1.030535381639220427e+00
nan	7.108563907483833599e-02	1.995567515143133575e+00	6.720442133928048456e-01
nan	1.295186299729647494e+00	6.836602545588885693e-01	5.298694523921756439e-01
nan	-5.098364784028369678e-01	7.611429579971487058e-01	7.672365166390380242e-01
nan	-4.021154048618003629e-01	-3.611288700512271244e-01	-7.924542073625356897e-01
nan	1.492927802987908392e-01	-4.891209637678761712e-01	-1.252213771063867220e+00
nan	2.478822225011728664e-02	2.803569154337358094e-01	1.813591578008574290e-01
nan	9.647051429842815606e-01	1.273599429685582374e+00	1.194643876840441488e+00
nan	1.042332952531983992e+00	8.029516300809940166e-01	8.916738662327621245e-01
nan	3.476230435782177719e-01	-8.390340124027962920e-01	-3.728981771862804884e-02
nan	-4.481490102125820219e-01	-9.458768144284993573e-01	-7.613321919218203337e-01
nan	-2.955014449477819216e+00	1.607883781204763496e+00	8.963235464313227263e-01
nan	-1.706941966704254687e+00	-7.582788704319627371e-01	1.789391817927111550e+00
nan	-5.978320404680638189e-01	-3.882867488089969399e-01	-7.601116601126300942e-01
nan	-9.637244499098263084e-01	9.722889108979398953e-01	-5.771312381688675774e-01
nan	-9.933180393941698494e-01	-9.311229246661538728e-01	4.427639468899519093e-01
nan	8.664589967688622885e-01	-1.335460838654113580e+00	6.469692670953968161e-01
nan	-4.751344139303000369e-01	1.515766767511841806e+00	-7.870174496558124400e-01
nan	-8.827747328409024652e-01	7.562602009416516946e-01	1.886594869866707436e+00
nan	1.523862589292289238e+00	8.952045476619183706e-01	8.599954712691181280e-01
nan	9.016170396856819647e-01	-4.263081944060665984e-01	1.884679371110734358e+00
nan	6.685325766441235773e-01	9.576982194455410102e-01	-5.527941147946655587e-01
nan	-6.174778068814001930e-01	1.068383063156614354e-01	1.577043757018707248e+00
nan	-1.477119311129241774e+00	-1.027253449919854622e-01	5.211975701573524633e-01
nan	3.631351153294710699e-01	-1.197746914938656149e+00	-1.513332283181463844e-01
nan	9.226735021918270885e-01	6.056084007425374116e-01	-2.787938837767059419e-01
nan	-1.609200385727629357e+00	-7.929926714962223233e-01	-1.441726701283789769e+00
nan	-2.413849783539444793e+00	-9.266776599244865853e-01	7.164962111649946230e-01
nan	9.404022445630921823e-02	-1.546038738607836915e+00	4.418604191464173270e-01
nan	-1.228558400556179375e+00	-2.151988425770362312e+00	1.190030838947004677e+00
nan	-2.565011043818841596e+00	-1.166495205605593277e+00	-2.217865028134364258e-01
nan	-1.124609519056140483e+00	-4.674258991695573462e-01	-2.427182424673241523e-01
nan	-5.239520582428359718e-01	2.713409223720703034e-02	7.869980017321314136e-01
nan	9.359293956037610940e-01	-4.561691979720986501e-01	1.178338537131750352e-01
nan	3.373714406780321529e-01	1.228683888813324465e+00	-1.351020003089356880e+00
nan	-2.361447760297885334e-01	-1.121628065096855198e-01	1.224055203379080137e+00
nan	1.436923400756726199e+00	5.695102299113556643e-02	1.005631617093619479e+00
nan	-5.133286993421726230e-02	2.021974043605020643e+00	1.223705282812447059e+00
nan	7.811335976682469706e-01	-6.773612635376917712e-01	1.558799197338956777e+00
nan	1.736535625400701388e+00	4.341856104549754458e-01	-1.140097665957324091e+00
nan	-5.707184913503007273e-01	1.057246854987784923e+00	4.336562104967190967e-01
nan	-3.476764822888348538e-01	-1.024190686941938599e+00	-4.031504401310734287e-01
nan	-1.420480272658872778e+00	-1.935378266512618239e+00	1.274041108104702280e+00
nan	8.739409197948573294e-01	-6.190970596024685246e-01	2.113973617403706040e+00
nan	1.317824783081766871e-01	7.506367698343567874e-01	1.718352527350986980e+00
nan	2.640612906352145517e-01	-2.909698972626661995e-03	-9.509637557365080429e-02
nan	5.731797808929295357e-01	2.254537792728583234e+00	1.577261261567551420e+00
nan	-2.909245255586294654e-01	8.792115868223899788e-01	-8.568562465098492620e-01
nan	1.342484937945687129e+00	-7.197396300419187654e-01	7.368595629113959822e-01
nan	4.579766261941483618e-01	1.504168250263106799e-01	4.516946503975098337e-01
nan	1.002389397339050525e+00	1.455117765076726633e+00	1.214799597116393709e-01
nan	8.476724513171450814e-01	1.447600704289693674e+00	2.966058755360857502e-01
nan	9.866226810358610377e-01	8.240427639802934134e-01	1.681696180393481788e+00
nan	9.428009223654842952e-02	-6.222537652303190558e-01	2.230208176783089691e+00
nan	9.953372596094123281e-01	-9.939631108355884148e-02	-3.790200744900489860e-01
nan	1.940798131893239686e+00	-1.175267870931232750e+00	-7.155990677870244232e-01
nan	-2.446333504646922563e-01	1.538463138477071723e+00	-6.137484815255884740e-01
nan	7.304637183616436991e-01	2.013573928512824907e+00	-4.548293009893922823e-01
nan	2.395984354688052598e+00	-1.516243597194045778e-01	1.471199099456603987e+00
nan	-5.587126223604883535e-01	-1.848373018375308430e+00	9.272304089568921270e-01
nan	-2.127443243164796716e+00	-1.017935644543339624e-01	-1.390698763367664847e-02
nan	-2.117423251254404448e+00	-1.824365959818283756e+00	-9.097566838083994689e-01
nan	2.219821491590725504e-01	-1.007496225810012191e+00	-1.977221820262836216e+00
nan	-2.029866409655525672e+00	-6.413537527000934269e-02	-4.177680680688509729e-01
nan	-1.435376650200995918e+00	3.230996295000487795e-02	1.848329653147354312e+00
nan	8.998036718061822592e-01	-1.287237800007812183e+00	1.469797782625804405e+00
nan	-5.022570927713898570e-01	-8.547109420760402587e-01	1.124690551394778693e+00
nan	-1.035959132352118006e+00	3.354964105205932023e-01	-1.791065032236897947e+00
nan	-1.663188318787751641e+00	1.018528978975423271e+00	-1.561233746268726019e+00
nan	8.993062575026504746e-01	-1.890545682803480787e+00	-5.867325472165681177e-02
nan	1.087897252042451246e-01	-1.546204819632667649e+00	-1.035486535135011765e-01
nan	-1.951655827081240524e+00	1.944619796885129537e+00	1.419019789916036389e+00
nan	-4.353530969357610747e-02	5.884481315639096266e-01	-3.061625102870915160e-01
nan	-1.356452640600385617e+00	5.223219283192455098e-01	1.056467361771393221e-02
nan	-1.063406666212657559e+00	1.971152812153653899e+00	3.867927321472517388e-01
nan	-3.950409805588681045e-01	-1.721400805661612576e-01	-9.112750126549895580e-02
nan	-6.992911775521452045e-01	-9.411507416450596297e-01	-9.511291778002244068e-02
nan	-4.892118013343531024e-01	4.247429567099184067e-01	-9.445074265643161882e-01
nan	-1.114739915673459869e+00	7.668448039994848475e-01	2.366317570875734688e+00
nan	2.404357426822842925e+00	-5.583194933917635661e-01	2.821250347285941817e-01
nan	1.289021234700247653e+00	1.795267273514104422e+00	2.220504204859902408e+00
nan	6.215856077234381827e-01	1.383926439088646987e+00	6.445892600534119943e-02
nan	-6.147770099881280093e-01	-1.182128800085028963e+00	1.253852834383921033e+00
nan	-2.342722897045808328e-01	-4.672667616055049544e-01	4.529747768209149150e-01
nan	2.128306259915233589e+00	7.456903694407870375e-01	9.377974687386103625e-03
nan	7.218140266797912208e-01	2.363320984792111723e+00	1.301706040563850530e+00
nan	3.070784420314349727e-01	7.666837608125751657e-01	2.294754541519846480e+00
nan	1.930692313509131619e+00	-2.185547535499209326e-01	1.087642848161421316e+00
nan	5.877599875618602088e-01	1.202128664510986766e+00	1.226011358551652775e+00
nan	5.703697743944659004e-01	2.762756734497763045e+00	1.745128030226668958e+00
nan	-5.273442932556715590e-03	-7.128322020529260783e-01	1.844969585774836052e-01
nan	-6.645551540327049311e-01	7.551130025946072299e-01	-1.396308000540452898e+00
nan	-5.467239894278536072e-02	4.635894835765752009e-01	-1.676877858562351165e+00
nan	-1.108894288069243617e+00	-5.235315105110883716e-01	-1.876824025821798525e+00
nan	-1.852201822645071827e+00	-1.533695714025760992e+00	-2.508558533842558669e-01
nan	-9.549110785520390499e-01	-8.663271746810192742e-01	5.228679140058679620e-01
nan	-1.792187042099320782e-01	7.734199642549933751e-01	1.233569377857818505e+00
nan	-1.502909526191306577e+00	-1.461737248649952470e-02	5.397346494218070445e-01
nan	-1.223271476564867344e+00	-4.026788104319958261e-01	3.386668624887305690e-01
nan	-7.931527701507699035e-01	-1.264622351475221063e+00	6.560342476535778733e-01
nan	-7.056973597356396288e-01	-1.639142845495046075e+00	-9.800230321032070702e-01
nan	1.715137508391839649e-01	-3.318703979065920073e-01	-1.167887776865809579e+00
nan	2.044810540163466972e-01	-1.923525160982873405e+00	6.509739547032706852e-01
nan	2.650480954613647189e+00	-4.293347211619066850e-01	-2.094004409361069019e+00
nan	-1.819043374767568944e+00	3.794982113830489001e-01	-7.133162240914925345e-01
nan	3.156569397557332790e-01	-9.771424643045689695e-02	-4.553145514948320205e-01
nan	2.167261193713823531e+00	-4.535579242568540392e-01	-7.269558434780327705e-01
nan	-4.218131200624729016e-01	7.340860699251759991e-01	-8.819470759371392798e-01
nan	6.003558145718441708e-01	1.138925582970385930e+00	-1.543518866360168884e+00
nan	1.489850282740822873e+00	1.128267270191653626e+00	1.408444868911314374e-01
nan	6.149432283509815855e-01	9.496186411292341090e-01	6.137239163214074367e-01
nan	1.529874519938599686e+00	1.801687446102005596e+00	-4.502919624590807635e-01
nan	-6.765073440193011267e-01	6.099609264125113173e-01	9.938615172533893372e-01
nan	-2.617452349262039402e-02	2.380220563088829344e+00	1.131344666100042029e-01
nan	5.866437742897532281e-01	1.484426630927171198e+00	1.254559530419335101e+00
nan	4.456312019919724143e+00	1.881250359406238193e+00	2.416021751676888929e-02
nan	1.874361857827286926e+00	2.963572839660385316e+00	1.298916125778430519e+00
nan	1.548583047519192402e+00	9.254204817459967813e-01	1.251605828160513578e+00
nan	5.369657720709239968e-01	2.726382808773904487e-01	-4.121853775422946731e-01
nan	6.804549730712519118e-01	6.922581934167022499e-01	-1.574547026689059326e-01
nan	-1.432437047468982261e+00	3.313631698927363090e+00	1.616378414243499373e+00
nan	1.176329508117470279e+00	7.302633496993347073e-01	4.401455283571276134e-01
nan	1.107261731969974017e+00	2.224840237378668650e+00	8.950313796868989424e-01
nan	1.218376666911417772e+00	9.090429632091955314e-01	3.025352029728826331e+00
nan	4.836586475163584531e-02	-4.197729963139983367e-01	1.165894272932437081e+00
nan	-5.291069211469208167e-01	-1.427126999603653301e+00	-1.216927769803090698e+00
nan	-8.418769328464590362e-01	5.512228840971193922e-01	5.198020650993869785e-01
nan	-1.841097031305267029e+00	-7.528381310255461978e-01	-7.949779547797208856e-01
nan	-6.861068947841484356e-01	-6.319214274220442684e-01	-6.113884880374689246e-01
nan	-1.810375598388937579e+00	1.160500131795981549e+00	-8.247531307904210074e-02
nan	-1.513195902606308874e+00	-5.880393750888401883e-01	-7.469280014048832461e-01
nan	-2.735771240180815855e+00	-1.690192931482671357e+00	8.493024525405824532e-01
nan	1.525746182746661184e-01	-1.331494088183500013e+00	-5.857907449933663635e-01
nan	3.525199546215060931e-01	-1.206659578038088654e+00	-1.461467072869555572e+00
nan	-5.579608000950555535e-01	-7.539789082723344360e-02	4.705639876076550543e-02
nan	-2.437636442746377030e-02	-5.299213851104949136e-01	1.526634885490547600e+00
nan	-6.149307821824865350e-01	3.188830159333736480e-01	7.290656521587586258e-01
nan	1.751562699754445784e+00	8.933959836433391644e-01	1.188988284832399378e+00
nan	1.250124209275894405e+00	-5.306656372029486812e-01	6.243065236828725384e-01
nan	2.169913066143219771e-01	-2.523557727922215443e-01	3.980694731164316491e-01
nan	-5.362364585687831031e-01	-8.122288870209044553e-01	1.585125399902759691e+00
nan	-4.746162483159251932e-01	-2.345842594096839484e+00	-2.226548436719306967e-01
nan	4.935686160555201596e-01	-1.205785613761992003e+00	4.446818683027935482e-01
nan	5.414099812233923448e-01	-4.783913045912659978e-01	-1.414842982983078312e-01
nan	-5.651060199020194741e-01	2.002536511797308183e+00	2.856377416344899611e+00
nan	1.982840742427326663e+00	6.269549598440116167e-03	3.723974752907019958e-01
nan	2.924704884137881766e+00	1.741278425509107386e+00	-7.001737324636142512e-01
nan	-4.727871472773870209e-04	9.377387542894195516e-01	-1.701738191456323657e+00
nan	-3.145951498638685506e-02	-1.357044150270210636e+00	2.223106032445298919e-02
nan	-7.542174905032444920e-02	-6.672146778737862993e-01	-7.133943999738592279e-01
nan	3.034724328373643032e-01	-3.618621582528807057e-01	-1.339840319140942482e+00
nan	4.490393541020650803e-01	6.020405344301469341e-01	2.947634529806959502e-01
nan	-7.091131253709723747e-01	2.350802734415878170e+00	1.895239871554676325e+00
nan	2.566512028519940536e-02	1.402128933803729605e-01	1.285255156010185695e+00
nan	-9.043459823596873282e-01	-4.955257601130292899e-01	-7.345217463263002955e-01
nan	-9.656555870443914724e-01	-1.129548854748144482e+00	-1.568738337712440423e+00
nan	-7.242984980106603743e-02	1.596746830275596052e-01	-3.706555792058921495e-01
nan	-1.026085634284702452e+00	-2.958620019198788254e-01	4.322469725216699366e-01
nan	-1.404716359168228346e+00	1.377843849711844149e+00	-1.319119885743379739e-01
nan	4.211982380146659377e-01	1.078719568407999763e+00	-6.023411227253532285e-01
nan	2.190821768511927559e+00	5.046875910467826243e-01	5.823532863363986012e-01
nan	1.868152665701076520e+00	1.438094714874922131e+00	7.466165374097351037e-01
nan	6.258280048051522160e-01	8.618331550405695651e-01	2.404036194399613802e+00
nan	5.403924315817164592e-01	-3.598609494916979457e-01	9.125335970248691364e-01
nan	1.299325711575697540e+00	6.321133142931480986e-01	-2.605018791090618069e-01
nan	8.253957555071200769e-01	1.225250958564799930e+00	-1.190839963698699489e+00
nan	1.643376592603425834e+00	1.629945505522339744e+00	-2.975781145222249902e-01
nan	4.113020934357279890e-01	6.590376185753742400e-01	9.275876289693318899e-01
nan	1.023981325652660868e+00	-7.877380433632346080e-01	8.637345509868499249e-02
nan	9.440191954605352542e-01	-8.991577073687549715e-02	-7.558799358108450051e-01
nan	-1.096416849045923625e-01	-1.465761129940397200e+00	-1.605821401082710764e+00
nan	8.729089572227456406e-01	2.017219142397457254e-01	-9.034625388485308939e-01
nan	6.963747501789123717e-01	5.859585888833573897e-01	5.114005436476525279e-01
nan	8.693367158332880873e-01	6.402512940776861061e-01	2.945554275644646225e-02
nan	-9.323699510495766507e-01	4.248488032323012309e-01	6.707614715638011704e-01
nan	5.797897242388871941e-01	-8.570270869469671926e-02	-2.033108241612621825e+00
nan	-6.450087602073615312e-01	1.020398639003914809e+00	-2.026146571648193451e+00
nan	6.780789495963236435e-01	5.622679139489357159e-01	-5.448134811801211841e-01
nan	4.172306547034733692e-01	2.454730248159050721e+00	1.301297723942399787e-01
nan	1.423124863139015872e+00	7.658324027394897149e-01	6.297294812778011508e-01
nan	3.159563837461570879e-01	-1.516089071358469598e-01	6.751306320198036115e-01
nan	1.856108218648022112e-01	-2.874433612989721332e-01	1.201203810484517076e+00
nan	-1.948119869127182824e-01	1.428962463199211219e-01	8.634359929780768272e-01
nan	5.009523039103959130e-01	-6.242322673402410649e-01	1.426580286365249917e+00
nan	-4.481352135531157521e-01	1.442304422358954286e+00	3.404715571805471352e+00
nan	2.160643722661705457e+00	-4.243029065467330829e-01	1.814980211312662295e+00
nan	5.518478146990039024e-01	1.068491119486386198e+00	1.483854343977365486e-01
nan	-1.789178088605407613e-01	-7.944032640526710320e-01	-2.783012689706766407e-01
nan	-4.146127539812370366e-01	1.011156615898638478e-01	2.573922533823796432e-01
nan	2.255720837430091330e-01	-9.087182085519298624e-01	7.722245249792876187e-01
nan	-5.198819751367046438e-01	4.648610445988591300e-01	5.876216960710527459e-01
nan	1.475131529612042414e+00	9.923684152458293051e-01	8.603002142570421729e-01
nan	9.410818589639109444e-01	2.280636453607959968e+00	-4.460878658857143630e-01
nan	5.634982812234827776e-01	2.006460059668121687e+00	4.410471912718824106e-01
nan	1.645481936905034637e+00	1.663484646307451520e+00	1.094076644312120816e-01
nan	1.666304250210240090e+00	1.774927288375977685e+00	-6.790637854673367002e-01
nan	2.099480907882549374e+00	8.021545457584552397e-01	9.555258251924505508e-01
nan	5.178409272686760323e-01	1.921805159335570057e+00	-1.870848447007245063e-02
nan	8.261004225035916138e-01	4.866921914264346616e-01	1.490558885400973033e+00
nan	-2.424894800028286612e-01	6.509429903239862814e-01	-1.094928261274746184e+00
nan	-6.931521172018990651e-01	-6.553630638744011305e-01	-1.381890121113655390e+00
nan	-2.753456878425370125e+00	5.239022709001823763e-01	3.429545085906461344e-01
nan	-1.573382540377966432e+00	3.208700593233940745e-01	2.466686691645547214e+00
nan	-2.601717635940251072e-01	-1.648505192849291534e+00	1.539596818174135073e+00
nan	-5.931715934599773171e-02	-7.879498604744441526e-01	-7.312879812107830890e-01
nan	-8.618175930030373966e-01	1.305922380804668048e+00	-6.784759501535617687e-01
nan	5.270839885608267217e-01	1.345403130807046210e+00	-1.320866303590702229e+00
nan	5.707929346608537902e-01	-5.550048530721293227e-01	5.602190032971171574e-02
nan	-2.573405567774661451e-01	1.349708907806578706e+00	-2.367985116717621796e+00
nan	-9.466773227011879843e-01	3.845542413394330561e-01	-1.576123111630115314e+00
nan	-1.741672493707903335e+00	-3.286273468091988059e-03	-7.494084604214092948e-01
nan	-2.024380715709026557e+00	-2.988531283321882448e-01	-4.915864728116745019e-02
nan	-6.056064092561685985e-02	-3.872691372997485448e-01	5.365113404813691700e-01
nan	6.995329019983024255e-01	-1.432226928479968242e-02	1.514279575024326308e+00
nan	-2.666269274112997856e-01	-1.197630935413785958e-01	7.845294469308605745e-01
nan	-1.123179734355617798e+00	-4.575061520573672214e-01	-1.292278152104929800e+00
nan	-3.393341113692971422e-01	6.966513477493235795e-02	-1.222278405254875189e+00
nan	-2.143101338793134414e-01	6.521562694807450100e-01	4.760296072695263669e-02
nan	1.379468597440347999e+00	-2.757808460694903818e-01	-6.982621565333510527e-02
nan	8.108894175757622724e-01	1.415382936055060270e+00	-1.439369080595555017e+00
nan	9.403693167991146185e-01	1.645639269546024241e+00	-3.659084323575841902e-01
nan	8.624016838491558312e-01	1.477771322782891250e+00	6.427798703671769864e-01
nan	1.449324031438142590e+00	7.567078241946861850e-01	4.059675512103594341e-01
nan	1.911800838436745309e+00	2.348080469362434641e-02	1.158447600627125151e+00
nan	2.698094728299457401e+00	-9.287724604666147687e-02	9.528708682196401769e-01
nan	3.656222723718844936e-01	6.633263047458675121e-01	3.787848824239994916e-01
nan	-4.140858216330547958e-01	1.196041759470782395e+00	1.879123829775558807e+00
nan	-1.068723535698731464e+00	-1.267003188524216117e-01	1.759515131383601716e+00
nan	2.411498100677478273e+00	1.265903884697586967e+00	1.848752392710231729e-01
nan	5.012829647506489295e-03	1.479293641566731266e+00	1.937703352539580814e+00
nan	3.460804927092155925e-01	4.046156485394260538e-01	1.282415147404532663e+00
nan	2.317549070817428891e+00	-1.565709334226197402e-01	-3.959266039324736974e-01
nan	9.992315989671496368e-02	-6.900089990958535591e-02	-9.359113061762636132e-01
nan	2.657539076127817812e-01	-5.043429682207454245e-01	-3.650596503040114404e-01
nan	1.119460803270871718e+00	-1.114610189969547638e-01	6.495626079870026048e-01
nan	1.153384747264591392e-01	-8.594431761805942926e-01	7.259131768057552891e-01
nan	2.980572428375276028e-01	5.037608921872851475e-01	-1.727265063333319972e+00
nan	4.438043127405901789e-01	-1.189711807379511654e+00	9.120099342393690467e-01
nan	9.765235915382954879e-01	-1.074401504367707982e+00	-3.309188567997474184e-01
nan	6.133742721913026941e-01	-1.695862169305465184e+00	1.453150413642187777e+00
nan	1.220818319600226909e+00	5.158314605228712102e-01	8.583808448348499986e-01
nan	3.221249312445614077e+00	1.078840130705557954e+00	-5.322628989684512479e-01
nan	2.225642939008722898e+00	7.321749925046108221e-01	-7.236277395936774326e-01
nan	-5.523400543306343780e-01	5.475856336780631217e-01	-3.741256588422487428e-01
nan	-4.027611822085753746e-01	-3.402964788427821352e-01	-9.719147294922818592e-01
nan	-1.130014772443009630e+00	3.743650524126876378e-01	2.479485208410877051e-01
nan	1.323847593907867326e+00	-6.701101561670211870e-01	1.133450574195582705e+00
nan	1.600201846861358579e+00	-6.055950064559041390e-01	-5.362585480067227905e-02
nan	-8.406199752081200405e-01	5.614037883728377754e-01	-1.257902110239150772e+00
nan	-1.138970886531860183e+00	-3.855499505538520499e-01	-1.747123087468381575e-01
nan	-5.121372329526562295e-01	1.840204837137472405e-01	-4.610393758803992270e-01
nan	3.501895165709472124e-01	-4.943418053635543763e-01	3.465135147164323248e-01
nan	-6.773407068871875047e-01	4.908814854490184398e-01	1.446925165105814370e+00
nan	8.809450288834170806e-01	-2.280154531303202892e-01	9.960358133751743281e-01
nan	7.058379016729656730e-01	-1.058958006458924794e+00	-2.284543284550759334e-01
nan	-4.638682362546755478e-01	6.498512862746086416e-01	3.296993234053857691e-02
nan	-2.366404404406600159e-01	-6.999775750500409899e-01	3.952785253509434882e-01
nan	-1.041772449584126514e+00	-5.187194297814129440e-01	-7.307698181966871820e-01
nan	-1.004416920706572736e+00	-1.824790923960073030e+00	-3.674981202284317017e-01
nan	-2.704895249169344318e+00	-1.742293303815356742e+00	-1.619821421666753913e+00
nan	-3.275539807120360969e+00	-5.759845199840881724e-01	4.424142155402948084e-01
nan	-1.130160060881618689e+00	7.140332813053944516e-01	-1.675034667335885130e-01
nan	-3.337947227858647503e-01	-8.504234229759618513e-01	-3.632968959666994513e-01
nan	3.558622535204112869e-01	-1.497599897659247503e+00	-6.104798498331367451e-01
nan	-9.828753828374705570e-01	-1.192744483018981061e+00	-8.491120588758791499e-01
nan	-9.146274549574157087e-01	-7.663606019513241607e-01	-4.331938769065901695e-03
nan	1.496855080855747477e+00	9.747411088380754096e-01	4.136407396069211595e-01
nan	2.443591726029838540e+00	-5.821240823352472615e-01	-4.020474097984922945e-01
nan	4.892789800628742358e-01	-9.611419361052586652e-03	8.156482447720629914e-01
nan	-1.151815630531328183e-01	-7.987034599359379428e-01	4.309492445685592088e-01
nan	-1.125248828370135346e-01	-5.302678855025035887e-01	-9.968042336859171682e-02
nan	-1.689247055191965829e-01	-6.233264006547604152e-01	6.286042069494515161e-01
nan	-8.168980513654604536e-01	-6.097694900462111711e-01	-1.724949670155994985e+00
nan	2.760739520531085844e-02	-1.205466551018628651e+00	1.605238748877414467e-01
nan	-8.283999644930946094e-01	1.060359673836023475e+00	-1.111739365558095383e-01
nan	1.162014240393201420e-01	-1.125412239673514447e+00	4.322107381929446990e-01
nan	-9.012914520993395850e-01	9.401146966521084503e-01	-1.627580755198654749e+00
nan	-1.563397375391898381e-01	-1.601913037808583740e+00	-7.369056210312103783e-01
nan	-1.115430278244057272e+00	9.839280287508485046e-01	-1.637092333011228806e+00
nan	1.661718580783167587e+00	3.994019533829222812e-01	-9.027560299296911728e-01
nan	7.619750797121518371e-01	6.704318068124237584e-01	-3.899387795019462200e-01
nan	5.514360845820547308e-01	1.070259236656737611e+00	2.539015944784566159e-01
nan	1.131136196077186629e+00	1.852199974324816534e+00	2.004924876936144074e+00
nan	4.982474897504960420e-01	-6.644426996679133612e-01	1.100535201662553364e+00
nan	-1.995215063406368561e+00	-7.451728075036837540e-01	-1.158794951788949534e-01
nan	-3.030273640571516047e+00	-2.417237989032539947e+00	-1.925992688126187957e+00
nan	-2.905893390378013752e-01	-1.582403803871984094e+00	-2.547771889111109189e+00
nan	-2.382093658935104052e+00	-1.227461460417353267e+00	-4.199284918707338887e-01
nan	-2.732413949578485823e+00	-1.397128110717147598e+00	-2.573773138829960616e-01
nan	-3.392891599576230988e-04	-9.667050017958114250e-01	-6.184995962102204370e-01
nan	-4.954314201430292663e-01	1.554297188157788057e+00	-1.022549858138860124e+00
nan	-1.549031865355696036e+00	-1.387737762763758820e+00	4.294418957764872813e-01
nan	-9.105784627395072661e-01	-2.813833409533654795e-01	1.277834813506693035e-01
nan	-1.845823972019896120e+00	-2.427309724142336922e+00	-8.630738471976067139e-01
nan	-2.784603275303050740e+00	-1.032418664951317622e+00	-1.479236358570789278e+00
nan	-6.021901344600528727e-01	-4.574733340978038854e-01	-1.519197940343881115e+00
nan	-9.292268954940221537e-01	-1.149975544647144021e+00	-2.859362162993850820e+00
nan	-2.142886277309799858e+00	-1.303387041755522446e+00	-7.784285570838782586e-01
nan	-2.455711160291447204e-01	6.579824104115277184e-01	-6.993306055899202178e-01
nan	-1.127392752908251694e-02	-3.056341427024830693e-01	2.083914220037046405e+00
nan	1.107062726094716121e+00	1.822861942919858258e+00	2.694650645709560921e-01
nan	2.054906758327189387e+00	1.515439839452606963e+00	8.647050724071310146e-01
nan	6.824360775942901469e-01	1.631690763497150254e+00	1.910310051325704972e+00
nan	3.141470563393587767e+00	9.268890457059415500e-01	6.057659892241096244e-01
nan	5.320190388307146634e-01	-6.210546633094882196e-02	4.487862989706374872e-01
nan	-7.718717826534997606e-01	3.831496377012950649e-01	2.870150210734820906e-01
nan	3.926995126153836613e-01	1.431182850343703628e+00	-2.806553550106205552e-01
nan	1.698582020351676825e+00	-4.554298550956165093e-01	-1.023623725229776626e+00
nan	1.891151385738736090e+00	1.129832211745065984e-01	-1.991897827219248907e+00
nan	1.088489912847836916e+00	-2.160633724977174985e+00	-6.506027579369918490e-01
nan	-8.856808432990338487e-01	-2.973754891860619365e-01	-6.229762426780421913e-01
nan	-8.739741965525267275e-01	-7.088046300534844857e-02	-3.548927526897399654e-01
nan	-3.687151738901369158e-01	-8.064807239570113140e-01	2.190555423473423413e-01
nan	5.937475028737748683e-01	-1.246370547396278283e-01	9.347575746469214408e-01
nan	4.716064494795258466e-01	4.383791382397327352e-01	-3.582748012929070081e-01
nan	1.562273560114739168e-01	-2.880189803077681798e-02	1.432736472824661655e+00
nan	-2.575368785835538965e-01	9.043156608606491842e-01	1.032384587493076600e+00
nan	1.397933815097152088e-02	2.580723183144308930e+00	-4.718862007550306270e-02
nan	2.125236387533097737e+00	9.645290291703145780e-01	-4.634643239214042421e-01
nan	1.401581208648840171e+00	1.144910895308012933e+00	-1.125231096696647004e+00
nan	-1.551931861289429504e-02	7.701352606474575202e-01	1.348161274686375810e+00
nan	4.682173618034485285e-01	1.313616469176480672e-01	-2.961539157940907829e-01
nan	-1.079334877300673678e+00	6.155323441306167487e-01	3.466102123406609309e-02
nan	-1.488867330806197042e+00	-1.710698659538872679e+00	2.243491162045495813e+00
nan	1.463171258927059570e+00	-3.064400348563841581e-01	-3.415868529866432080e-01
nan	1.520376037662593660e+00	-9.411689370395620591e-01	1.805250122728102868e-01
nan	4.778579685589605663e-01	-9.151398300705027022e-01	2.433134959696020561e-01
nan	1.745107167536285253e+00	-8.311300888063819503e-01	2.406777847305955897e-01
nan	1.690496975249326628e+00	1.276899826597663434e+00	4.821410459619664968e-01
nan	3.085123460260565054e+00	1.644350281598767838e+00	6.317760104957975686e-02
nan	2.091038533392667542e+00	2.275121082599302014e+00	6.075503553026757597e-01
nan	1.054487598579429086e+00	3.344556243395683914e+00	1.684971281667079435e+00
nan	2.296132090599357412e+00	3.436031258898636365e-01	2.695776109283212651e+00
nan	1.069767070668158127e+00	1.432708940185053903e+00	-6.610593987112717285e-01
nan	2.851012370616462510e-01	3.297180723963167637e+00	3.990229139603740371e-02
nan	8.603149650912054192e-01	2.444453228767295982e-03	4.043203741529857176e-01
nan	1.274709544131989336e+00	-1.024696689894488699e-02	-2.631410656817367855e-01
nan	-4.562209671475458972e-02	2.233808559676873640e-01	-6.196455368031003053e-01
nan	1.505210217977129172e+00	-1.056568899586276533e-01	-8.972446822068858019e-01
nan	-6.754512650814215036e-01	1.665653079001250259e+00	-1.677439822287658089e+00
nan	-4.031957766965786893e-01	1.398307402615906359e+00	1.718968555466648118e-01
nan	-4.836351404923402986e-01	1.206816206508380285e+00	1.854923934103461569e+00
nan	1.742113163120669217e+00	1.012032429166270564e+00	1.819545152466875315e+00
nan	-6.271385958289352747e-01	1.212547804080169600e+00	6.995529676683915898e-01
nan	-1.231874177853700680e-01	-1.660022699715944627e+00	8.489277455822895613e-01
nan	-4.531561923178017981e-01	-3.069737162082468718e-01	6.705185210571504850e-01
nan	1.393599960174426722e-01	1.711978895369788756e+00	4.919573481091328304e-01
nan	-6.610878701069022867e-03	2.507164478373624661e+00	7.466845628617364561e-01
nan	1.099329895670313917e+00	2.886885442075426411e-02	8.571685991903623680e-01
nan	1.564289454332571605e+00	-1.564654813673627687e-01	5.110936909329170108e-01
nan	-1.083548424933846732e-01	1.410014338946380175e+00	1.885412801660009408e-02
nan	-1.033480971233056156e-01	8.758032305390283101e-01	-3.921202545449611332e-01
nan	3.837923587748146570e-01	1.658187233485961753e+00	-5.589651687155240412e-01
nan	-5.586560994346054798e-01	1.895642175742679347e+00	-1.223565586990331688e+00
nan	6.238148735168085740e-02	-2.539778916801610498e-02	-1.529065502891243655e+00
nan	-1.517124875346024693e+00	-1.062558259983151343e+00	-1.646900749426302601e+00
nan	-2.498114666830120623e+00	-2.104596297293644724e+00	-1.787734757275698527e-01
nan	8.252967977526073362e-01	-1.570714328933826787e+00	-1.063561356974899841e+00
nan	1.310489147292077661e-01	1.601409883323605676e-01	2.134536303481920916e-01
nan	3.437469105070304343e-01	8.050849553008222470e-01	3.775877364681945458e-01
nan	1.536254716233771855e+00	7.276554626567821593e-01	5.383315067773182250e-01
nan	2.531773924654148189e+00	-6.856273063106443910e-02	3.949424309344418682e-01
nan	4.217023930912446317e-01	9.513491088264541817e-01	-1.674706872362398569e+00
nan	6.824850083284896840e-01	8.081044315282696067e-01	-2.749133081271408763e-01
nan	1.541161546769778790e+00	7.240774490833146171e-01	-6.407924456390068357e-01
nan	8.533584682770698482e-01	-2.122845153641333971e-01	-4.930106825851994223e-01
nan	5.917329722755106935e-01	6.369075784316726718e-01	-1.347638581243835398e+00
nan	-2.191850490115868355e-01	9.559292340422442802e-01	-2.131499687303104906e+00
nan	1.221659791084883095e-01	8.427364187312775812e-01	3.142659108403816903e-02
nan	1.458536246885444809e+00	1.370665194487265426e+00	1.241234892214438723e+00
nan	1.075957235551343816e+00	1.292971537135759963e+00	2.988685998286154666e-01
nan	-2.914383005456914200e-01	1.643659184718194499e+00	1.440844457380249466e+00
nan	1.909353030224729020e+00	9.223839687394970177e-01	2.717499008068418487e+00
nan	6.411734869832468320e-01	1.186639471744429297e+00	1.631788978467326068e+00
nan	1.437957785419113677e+00	-3.671760222974140842e-01	2.767728190165116287e-01
nan	5.610776837591208155e-02	9.514061612942181778e-01	-1.495006520482487389e+00
nan	5.635167380672205795e-01	1.207628892863464865e+00	1.466016146676328180e+00
nan	1.816335143322659551e+00	9.293593962064699010e-01	1.249276257441194637e+00
nan	2.368326770813318660e+00	1.399941623895597065e+00	1.330801234193906835e+00
nan	2.571318109576600897e+00	9.896178032977188677e-01	4.232813090400859291e-01
nan	1.148819189743048863e+00	1.603907671688101333e+00	1.154795166536175310e+00
nan	1.667189508010123333e+00	1.000603387840704572e+00	1.263264535231814811e+00
nan	7.093059124306455576e-01	1.289070012443896296e+00	-1.888351737381057438e+00
nan	2.296325549437318037e-01	6.958432802808669493e-01	7.106522759380899945e-01
nan	4.989518886018825539e-01	-4.059480365704629667e-01	7.009219885550781459e-01
nan	-9.007221889197168929e-01	8.720378683621350380e-01	-5.570352233757748239e-01
nan	1.383184160590126499e+00	-2.226728285348535952e+00	2.725882485491596396e-01
nan	5.133961596842242514e-01	-5.490311883588870900e-01	-2.363432627759096682e-01
nan	-4.199622028408963453e-02	-6.136198883901249346e-01	1.748622852614238221e+00
nan	8.901458195897217207e-01	-1.127684425368469689e+00	1.176810411184913807e+00
nan	6.398469534133758296e-01	-3.593551157909410931e-02	1.779636557751655301e+00
nan	1.438541826507770960e+00	9.026040847582722515e-02	9.345849474957375058e-01
nan	3.155194039022165331e+00	9.062892269150994995e-01	2.819169110743409701e-01
nan	8.240757410379089265e-01	1.428656415885432462e+00	1.192938468212071612e+00
nan	6.208525842086612956e-01	-5.800691396286579149e-01	1.126312262271095488e+00
nan	-2.195766596330991915e-01	7.031147676705906679e-01	-1.137833149403001398e+00
nan	-1.086796123102089284e+00	4.803062060276989120e-01	7.716269207911382599e-01
nan	-5.828798404439906600e-01	1.121943973565653063e-01	6.408276142739892656e-01
nan	2.738152586894106177e-02	2.661920273098709044e-01	1.018393578960603119e+00
nan	-9.878622957465197363e-01	6.056164210378767176e-01	1.724024524381784496e-01
nan	1.262021875223605427e+00	4.936587140444824162e-01	-7.565582199532585594e-01
nan	-8.098391944778029483e-01	-7.507823827386019833e-01	-1.444650438814603644e-01
nan	-1.738210202433182694e+00	1.419776671147018332e-01	-1.487114337453308899e+00
nan	-1.756978213527915056e+00	-9.690261801824965326e-01	-5.513978960265453200e-01
nan	-3.711112232641390341e-01	8.415912900397074514e-01	-7.184360222344829960e-01
nan	-6.744005727354437374e-01	-4.299087179901747713e-01	-9.542412809783595851e-01
nan	-2.059467671471904460e+00	-1.589657893803396949e+00	-2.527620694268127299e-01
nan	1.231781646341838510e-01	-1.133786981748290623e+00	-2.163079471544057775e+00
nan	-1.109349273819189685e+00	3.908186380709816055e-02	-1.930147487229216807e+00
nan	-5.701682958589184835e-01	-3.768121461343219014e-01	-1.172381867458971660e+00
nan	-3.484455566269690774e-01	-5.039185784580914040e-01	-2.495564183828781479e-01
nan	1.004377304157848760e+00	1.061689364875254782e+00	-8.472254285883460412e-01
nan	-8.939375794433082056e-01	2.950493903894137127e+00	-3.011425685412346676e-01
nan	1.604202334166534016e-01	2.859657327169994878e-01	-1.144312429769494655e+00
nan	-2.328397840283738529e-02	2.337144606627789001e-01	1.349757489370046581e+00
nan	-2.862265504230748214e-01	1.844841745545905853e+00	1.388347047216838215e+00
nan	1.239700084209505837e+00	1.048754179121487828e+00	7.659969926454774924e-01
nan	1.688857383990901351e+00	-8.189631247724837859e-02	3.707819905202914823e-01
nan	-4.736811495799472249e-01	-1.348935966222041261e+00	-4.629767000752065265e-01
nan	-1.940429763307532252e+00	-2.264427614202299543e-01	3.401614244406796495e-01
nan	-2.036427943903806881e-02	7.866668653198982675e-02	5.220685979412601624e-02
nan	-6.368198085189599178e-01	-6.739965623683329410e-01	-8.772038274380687672e-02
nan	-3.695120706444438574e-01	-8.165089053637574201e-01	1.550947948671737020e+00
nan	-2.337459228311353221e-01	-1.388408144090232055e+00	2.428538421469331188e-01
nan	-5.927064253729914522e-01	-2.052251878562806331e-01	-2.175308135676043975e+00
nan	7.578603531303519381e-01	3.600716265664698490e-01	1.549408971233834365e-02
nan	1.120032351976194107e+00	2.275047796632075237e+00	6.084331197039781758e-01
nan	-2.679940937079001717e-01	-1.599636163606812378e-01	8.390372254494081750e-01
nan	4.017676388315900571e-01	1.580107369597936184e+00	2.762216154646812138e-01
nan	1.140158406407396408e+00	1.262454734088440111e-01	-1.030859291018330071e-01
nan	-5.793391762090134289e-01	1.661962758564449194e-01	-1.195765813712115627e-01
nan	1.674213207131550307e+00	6.084719417781451201e-01	8.722132596535169258e-01
nan	3.217040814541037630e+00	-5.080420910113858657e-02	5.329205623748886067e-01
nan	2.578689152666501894e+00	1.915793668648018588e+00	3.903863303754098180e-01
nan	1.214544826306176439e+00	1.822852915092760817e+00	-3.744508765989844612e-01
nan	7.104951122311300438e-01	1.828295689358547360e+00	-1.198122944911453880e-01
nan	2.567026369016175424e-01	5.509811031761848721e-01	1.409324520280519355e+00
nan	8.618293761205375603e-02	-1.591775516643455513e+00	1.555791508280590207e+00
nan	1.307008474444140589e+00	-4.139683016804359683e-01	1.305975386844736297e-01
nan	-1.712292570655718604e+00	-7.268910680081096531e-01	1.648092233153820585e-01
nan	-7.878817664099497797e-01	-9.340171341824002882e-01	-2.533720212797312410e-01
nan	6.350231207553026502e-01	-2.185627514507683333e+00	-1.101902944382932681e+00
nan	-1.589184376172697366e+00	-6.601965769393662864e-01	-2.196160691863442871e+00
nan	-1.151374577403003530e+00	-1.127629816212098346e+00	7.408928468792795874e-01
nan	-1.500098529393601332e+00	-1.142871386078389007e+00	-2.837062040417847042e-01
nan	7.141339768009014044e-02	-1.085664982604519935e+00	2.952545268004471146e-01
nan	-1.714777022917297611e+00	-3.083250564220990642e-02	1.215978968012278116e+00
nan	-1.376017289210515138e+00	-2.190560238597014209e+00	8.598630806647125091e-01
nan	-1.899072639798571327e-01	-1.346603526872922174e+00	-7.363709538522694720e-02
nan	7.767745944222442800e-02	3.102307655133300091e-01	5.721518899444655304e-02
nan	2.023081718904547355e+00	-5.270202546738775862e-01	1.465098391966663138e+00
nan	2.232111135828734216e+00	4.076608038310433613e-01	9.184351433904858197e-01
nan	2.382782009347211627e+00	-5.874848185915396703e-01	-1.232792351365048500e-01
nan	3.797688649419784790e-01	-8.740283304206216686e-01	2.326548562345860383e-01
nan	-2.699968286595398670e+00	-9.049563950057899486e-01	8.338138156865718131e-02
nan	-1.852002966259692851e+00	-2.000268494691079368e+00	-1.155221401782211332e+00
nan	-2.175507629428213185e+00	-1.639297215048587608e+00	-1.678868516326537330e+00
nan	-2.968613536468549974e+00	-1.302574125154205120e+00	-1.654716061791868587e+00
nan	-2.188660791088450353e+00	-1.260959925918054614e+00	1.057054172157512628e+00
nan	-5.490136265898903911e-01	-1.043724736499027639e-01	-6.985026782784384825e-01
nan	-6.153011176309312047e-01	3.883597680731988855e-01	4.115958288426390110e-01
nan	1.948135756636305560e+00	-1.069503402232095945e+00	-4.955096650026726834e-01
nan	-2.034945864461380483e-01	7.397799697126523633e-01	-1.405459684474516191e+00
nan	-1.134258907119583881e+00	1.208659358646183568e-01	1.856631827018779546e-01
nan	2.619516893240955713e-02	-5.996186187038355930e-01	-1.487655755641869915e+00
nan	-5.234521939521380451e-01	1.601374111564641822e+00	-5.917206494209337198e-02
nan	1.800262261712380074e-01	-8.538117632012534042e-01	-6.677140589614660726e-01
nan	4.278149368324646318e-01	-1.131587309027118682e+00	1.736435043862225025e-01
nan	-7.687756577841586836e-01	2.442057131397036562e-01	-8.251790335627278150e-01
nan	1.733142407551676589e-01	1.427520097650422315e+00	-1.322770299848724518e+00
nan	8.301390196739965033e-01	-5.738024997578833331e-02	1.428882949790266421e+00
nan	-1.330049374879206381e-01	-1.221096922038235333e-01	7.760969262019661308e-01
nan	3.100184799227369004e-01	-9.919876977721444611e-01	6.603897727335208412e-01
nan	-3.464096260818067541e-01	2.458008321071175617e-02	-1.230070727777702599e-01
nan	3.643495936808501812e-01	9.458601296769078015e-01	-1.827481993936975302e+00
nan	7.621199498441056930e-01	1.424991251348470156e+00	-1.198459814828250369e+00
nan	1.940397351160587425e+00	2.463554238649873773e-01	5.095109686866752252e-01
nan	2.613952038743487805e+00	7.279931475229711735e-01	5.178137624391233595e-01
nan	1.709456268230431952e+00	-9.402981345308880634e-02	-4.093579569125782025e-01
nan	5.845098891624748161e-01	1.097704210534316882e+00	-3.533840639479252088e-01
nan	3.637176196961727781e-01	1.038320921314523471e+00	1.256651663744814407e+00
nan	1.435302218420432041e+00	1.143723559780903454e+00	7.685203171640233588e-01
nan	-1.968594650908425558e+00	1.555652565126795395e+00	1.159309669382341035e+00
nan	2.016561120748717462e-01	2.048652095186521138e-01	2.261090456755546985e+00
nan	1.402497865981703562e+00	-2.012711857580580244e-01	4.360778034062026132e-01
nan	2.558850631532254560e-01	-1.128278988101925506e+00	-1.385461835629408833e+00
nan	-8.798499036116205207e-01	-6.899607293019940912e-02	-1.516639709994799912e+00
nan	-6.748773723390336654e-01	-1.717573788675071711e+00	9.748259772274803225e-02
nan	3.451200843830307674e-01	-1.053327602982476296e+00	4.404248838619901352e-01
nan	4.563233682273111214e-01	-1.789837494664969553e+00	-6.971003333339393926e-01
nan	7.464265693459027906e-01	-2.130889827236915668e+00	-9.731129135041558520e-01
nan	-5.696616187772534090e-01	-3.086375514792990771e+00	-1.607835516894206007e+00
nan	-1.540684496598952125e+00	-1.247094578372611728e+00	-7.100686138420654325e-01
nan	-2.778531380187224009e+00	-1.562563808952746713e+00	-1.510892496034477173e-02
nan	1.340387383755028416e+00	-1.050084299865634563e+00	-1.088206217858250335e+00
nan	-4.744377480127337510e-01	1.327196025802212409e+00	-9.332905556263493274e-02
nan	-1.525129996878556993e+00	1.153444116809061892e+00	1.447891974894321976e-02
nan	-8.266992819789213964e-01	-7.527892908638837977e-01	7.115436277286062428e-01
nan	4.584578088657085271e-01	-3.582171361305796498e-01	5.678781237976097129e-01
nan	7.976998994059145698e-01	1.790261996554678880e+00	7.261005393278850972e-01
nan	1.006277829322226314e-01	3.932073200833610116e+00	-7.603113475058492776e-01
nan	3.074569584767144370e+00	2.562781534808014072e-01	1.229380363494380290e+00
nan	6.529606314889798702e-01	-1.673440656837418050e+00	2.210184736797534910e+00
nan	2.775958437338846840e-01	3.151250711353017486e-01	-1.638068738304881977e+00
nan	3.682528447834279572e-01	-1.316299423507633293e+00	-1.224004666334525648e+00
nan	-2.741704667127523365e+00	7.831353067809911916e-01	6.690357329714160528e-01
nan	3.101609319104546292e-01	-5.543681336209603794e-01	2.316696845342844091e-01
nan	-1.219130689464595241e+00	-1.398397221139146218e+00	-8.003561858522039163e-01
nan	-7.531197447977737713e-01	-3.854538861843702091e-01	6.891660485557893345e-01
nan	-8.101831809470882995e-03	-8.359688364227229052e-01	1.116067337199209142e+00
nan	-8.920856710850086913e-01	1.309142143512921352e+00	1.791682489428907399e+00
nan	1.347137108218775303e+00	2.316930800690059300e+00	1.417414775534485027e+00
nan	1.775475311068208217e+00	1.018966378776817727e+00	9.127768140924675810e-01
nan	1.511903451261146447e+00	2.056594907124351668e+00	9.495666291579766272e-01
nan	1.663937109514212587e+00	2.051220836840756512e+00	-9.145880609150606189e-01
nan	7.911132246118705025e-01	1.488670759876732141e+00	1.450587406578000560e-01
nan	2.252897325520529570e+00	6.238755300511640289e-01	1.697605046949285157e+00
nan	-3.570125082928781168e-01	1.291944319409163544e+00	1.017522931061439984e+00
nan	-4.306390650971784195e-01	2.521173772552690595e-01	9.378687536992869056e-01
nan	-1.424367947081073282e+00	-5.548410140888225817e-01	8.738366682947009689e-01
nan	6.449242065059699325e-01	1.008254233821477497e+00	8.970611940047470978e-02
nan	1.001690956219082773e+00	5.660680702613113402e-01	3.693168387646992290e-01
nan	2.548658681288281658e-01	2.359333414320932965e-01	1.393441050921265356e+00
nan	1.116158225886278110e+00	-3.933925529379220798e-01	-1.045304674266976264e+00
nan	6.364070327129355276e-01	8.100301683673014619e-01	-1.338813077453187894e+00
nan	-6.541369552148348365e-01	9.983201901047372706e-01	-5.678130836189343444e-02
nan	-7.683506065248372208e-01	2.031170599694005485e+00	6.772698024358916324e-01
nan	3.605081009421147176e-01	-8.034183575185419590e-01	-1.586002046391960185e+00
nan	-1.137955682487599596e+00	-1.080287373056870948e+00	-5.228150643521405350e-01
nan	-4.917791788256603569e-01	-1.538762042251683670e+00	5.827410047713030838e-01
nan	1.363094699563917600e-01	-2.398146177301851978e-01	-7.623692935728620945e-02
nan	2.179125408410385045e-01	1.946696236237881017e+00	-1.058843575568991502e-01
nan	1.186529520565978491e+00	4.167587155778456065e-01	1.718972642157842179e+00
nan	1.521676361932563060e+00	1.534815478896391916e+00	1.401959118644715563e+00
nan	1.180981401450743595e+00	1.374837516228906154e+00	7.460548754667806204e-01
nan	6.814139676560988512e-01	1.222322026133335626e+00	-1.771496683992641596e-01
nan	2.730303817684504031e-01	4.552780829664648810e-01	1.128841226084053684e+00
nan	-6.950160621305434550e-01	-3.397029901054438028e-02	-4.217963320931296667e-01
nan	-3.554733585066712220e-01	-1.432512108925231509e+00	2.132714878929137026e+00
nan	1.956282113433109204e+00	-2.347832996826666907e+00	5.003099138672221224e-01
nan	2.598073299881044629e-01	1.319510253795709520e+00	7.229645709482729332e-01
nan	9.011696861469066233e-01	1.076632513775610533e+00	-6.277184599002784138e-01
nan	-5.192897254031865195e-01	1.091298549635967507e+00	1.964650623151654729e+00
nan	1.848748892133241783e+00	-7.974560239228616343e-01	2.446377598397246445e+00
nan	-8.891571232852049089e-01	4.099459408029346719e-01	1.250568758033987704e+00
nan	3.751432791198719974e-01	-3.132847067978514199e-01	1.751872650036802259e+00
nan	4.979423503922236760e-02	-2.774141281459081565e-01	-1.310101821890659490e+00
nan	3.357225075943498505e-02	-7.013568474290901023e-01	9.491504880998569149e-02
nan	2.114721869253006759e-01	-1.234273662427804119e+00	-1.611323009115115834e+00
nan	3.590064532579555490e-01	1.482196112772145025e-01	-8.176713778311300862e-01
nan	-8.623598340724482336e-02	-6.808448144174021888e-01	-1.479319446988735853e+00
nan	6.846160438291615247e-02	-1.041072206845909065e+00	1.420469543598492645e-01
nan	6.515828148981535062e-01	-1.533312166064889404e+00	2.370802087609933384e-01
nan	-4.152830659895154208e-01	-3.611307352779933311e-01	-3.936586112975004603e-02
nan	-8.330745507353982671e-01	-3.358916185682441213e-01	-6.147209312595085517e-01
nan	-4.240675971452242399e-01	-3.379169178520926131e+00	-6.265715165565639566e-01
nan	-2.199460502477565527e+00	-1.906347246294552544e+00	-7.704173161705174522e-01
nan	-1.687256782620687900e+00	-1.186553496304838085e+00	6.108009045307583040e-02
nan	3.552285004195637752e-01	-1.239039254505862164e+00	-1.955103678959663860e+00
nan	3.020026468499285022e-01	-5.272718292588798317e-01	-1.690718495962140189e-03
nan	-6.193947104177723734e-02	7.081720646390132767e-01	2.501156928733626383e+00
nan	1.635228639177493060e+00	1.783100107193294759e-01	-1.649095568020425562e-01
nan	-1.927208716722166093e+00	3.179044309736130391e-01	7.343797253934791769e-01
nan	9.773004409956576044e-02	-1.796867485784825469e+00	3.416814206287733247e-01
nan	2.613910260175111855e-02	-5.322413236612949516e-02	-1.157500570739222745e+00
nan	-1.271053404605835935e+00	-9.362354538839546825e-01	-1.980249252915784464e+00
nan	-3.314818695790291869e+00	4.037047383315587323e-01	4.739917779860928215e-01
nan	7.722755361733153467e-01	-1.864595080028176088e+00	1.301914728685802825e+00
nan	-6.494634645973275111e-01	-7.584457398473525291e-01	6.315749264272754182e-01
nan	3.630224517117069949e-01	-4.866419666944178934e-01	3.128510935469924759e-04
nan	-1.382690059759766887e+00	2.062925916376815216e+00	1.206335248376249947e+00
nan	1.016065030187846441e+00	1.179329543055330776e+00	1.759835903544232361e+00
nan	2.746486487152518530e-01	1.656687461517346360e+00	2.749724876286008257e-01
nan	-2.496097762220929051e-01	-1.162982635208877458e+00	1.651390207683523847e+00
nan	1.461289426189515073e+00	2.008623329716952011e-02	1.148505125214751343e+00
nan	-1.685291985666193870e+00	4.359826373878428751e-01	-1.715156266775985650e+00
nan	-2.205491373218474438e-01	-5.284071477058410737e-01	-2.354734813574785313e-01
nan	6.733386913679524355e-01	-4.155197166200536585e-01	3.169022193506032536e-01
nan	-2.604089855659367236e-01	7.347546973788532387e-03	-2.096592130273201349e+00
nan	-2.372307490060512336e+00	8.655526424951492936e-01	-2.568967985566249279e+00
nan	-2.009938753563286440e+00	-2.263864042773800822e+00	-1.210697155668230884e+00
nan	-1.819721357412099394e+00	-2.503152011103942254e+00	3.439408828977441601e-02
nan	-3.066216230909815543e+00	-1.467906665276828004e+00	-5.993142825956023767e-01
nan	-2.304656629239743459e+00	-1.976310390057551825e+00	-7.469275929071110820e-01
nan	-2.605244770743230909e+00	-7.351116900388652287e-01	1.774356678472843729e-02
nan	-1.325165734934194095e+00	-2.642617588067641687e-01	-1.696421217485417854e+00
nan	-2.610969107539370393e-01	-1.394086526523368730e-01	-6.586715405512345578e-01
nan	3.356877057894145922e-01	-5.383698005857814328e-01	-2.057771387873992719e+00
nan	4.599723301348767057e-01	1.923077477049651707e+00	-2.169060428497741277e+00
nan	8.217923871231216371e-01	1.144331069438676129e+00	-1.351551795341689871e-02
nan	2.708549987087099709e+00	2.925598082898580365e+00	5.824684616488089439e-01
nan	3.775123921128575422e+00	8.299039977656229583e-01	5.257673775958966456e-01
nan	3.992604157115604568e-01	1.597709418292277750e+00	1.791510325659039227e+00
nan	2.602477367258541729e+00	2.825489805894540130e+00	2.481833868592212777e+00
nan	7.672698179238419680e-01	1.422131716788816558e+00	1.125592719988840695e+00
nan	7.983251673150004724e-01	4.898412742065099135e-01	7.525468347228869703e-02
nan	-1.245728518981678690e+00	7.668531452732940679e-03	6.963791351364180260e-01
nan	-5.410152632312654752e-01	-2.522185287893569106e-02	2.114930341251760049e-01
nan	2.013688083767566916e-01	-2.247475053400115552e+00	-5.009543350162202202e-01
nan	-1.990401916008762706e+00	-1.536285464067395079e+00	-7.086603782219889069e-01
nan	-1.306315512213007235e+00	-2.882077115603012274e+00	-2.271497749002065802e+00
nan	-1.447963514370814941e+00	-1.305713123368791750e+00	-1.332833384775003127e+00
nan	-5.055203945855225589e-01	-6.937570777571309133e-01	-1.896847696936777350e+00
nan	-4.264128511920789455e-01	-5.775744974613525873e-01	-1.540143481610757759e+00
nan	-5.896972859310610771e-01	-1.712606619455264712e+00	-5.999000826329882186e-01
nan	-1.726823441159512473e+00	-1.798590802302285852e+00	-8.842370550037377264e-01
nan	-1.090599531339880857e+00	-1.661436859544621170e+00	-1.518181183544736079e+00
nan	-2.330014050462128061e-01	7.304974553920070557e-01	-1.238277631658356359e+00
nan	5.217374619447878725e-01	-4.432720672900247738e-02	1.299405290587623829e-01
nan	1.103090237039501542e-01	-1.292929680912171087e+00	6.980184561564211077e-01
nan	-6.830985531181793524e-01	-6.438082587945188617e-01	-2.993012176998579577e-01
nan	-1.610582451730390163e+00	-1.487989665878752810e-02	-9.481027850735682105e-02
nan	-8.159142204062488357e-01	4.529362970941044342e-01	2.053813656458870707e+00
nan	1.872663543668293240e+00	-2.074099059746085771e+00	9.032143612767349339e-01
nan	4.324843859865979967e-01	-1.809729256858674029e+00	-8.422578324548390949e-01
nan	-9.937495032519769733e-01	-8.700229731218853679e-01	-1.166763446012086147e+00
nan	-2.761430764231659118e+00	-4.879135498035980234e-04	-7.956718606942472238e-01
nan	-1.128151380515587610e+00	-1.339073000243740097e-01	-2.274250970475688138e+00
nan	-5.467472599704255032e-01	-3.263624491505857650e-01	4.152190201415828508e-02
nan	-3.673510053658233243e-01	8.471367906920589386e-01	-1.427855552770913583e-01
nan	9.945835995287743980e-01	2.787256252562120284e-01	1.131646953966820579e+00
nan	1.095175080338323115e-01	2.290042557492967035e+00	1.991626642501115985e+00
nan	6.309070065305326658e-01	8.930653998133066818e-01	1.300213290571356817e+00
nan	3.726220301346755415e-01	-1.376151719073070545e+00	1.973271856870003171e+00
nan	8.986852945084961020e-02	-1.042621288287169379e-01	-2.248908942002069145e-01
nan	2.620834918227208377e-01	6.870122541062023691e-01	-1.677471518950874874e-01
nan	4.933044576956037153e-01	-4.255955187273972040e-01	1.305883244616708350e+00
nan	1.971344069818262934e+00	6.818571344738317830e-01	-4.489822184929130877e-01
nan	1.201067082810280962e+00	8.084824508204396798e-01	1.796638552349040685e+00
nan	-3.106269206815346351e-01	-9.824813701808687849e-01	4.525005733618965298e-01
nan	3.955080483044673412e-01	-7.122735143497458399e-01	-6.049356444305152847e-01
nan	5.107094007166046445e-01	-7.450246441979327949e-01	-3.656311711026545286e-01
nan	-9.987422459148275200e-01	-3.927457762264156549e-01	-1.631720985112097511e+00
nan	-3.657761406228310364e-05	-2.685111218405741851e-01	-2.363709650278968954e+00
nan	-8.545334020961712351e-01	2.029596645024263957e+00	-1.507565826065013326e+00
nan	1.042269052310747623e+00	6.656108067568017317e-02	7.252319466838222928e-01
nan	3.485214110218688432e-01	1.973098867854634342e-01	-1.268423353060512959e-01
nan	-1.838921016374058137e+00	-6.252780628778042971e-03	-4.475547380107272599e-02
nan	-2.535893242088093746e+00	-2.996778827414071422e+00	-2.902247961199251325e+00
nan	-2.588420576051077227e+00	-9.868468450862807329e-01	-1.345929996344952473e+00
nan	-6.697859127559829817e-01	1.468636286934300372e+00	-2.736466177053899496e-01
nan	2.260371496841219408e+00	3.573944415264357355e-01	-1.201915918749112855e+00
nan	-2.026625689649676154e+00	2.338994561662520733e-01	-7.907124975519863597e-01
nan	-9.853799185166038921e-01	-2.216081417199388781e+00	2.516660444954273990e-01
nan	-6.341956095951639671e-01	-1.388396443559982707e+00	1.455671332080952673e+00
nan	6.457094937269958201e-01	-1.464898550790050713e+00	-4.522144926194751058e-01
nan	-4.128212088980210970e-01	-1.606589478781907054e+00	4.383613597170151754e-01
nan	-8.159042188284777453e-01	-8.048652816752752681e-01	-1.743030082919779122e+00
nan	-1.924046669449030134e+00	2.005916372939241521e-01	-1.189428152162192998e+00
nan	-5.352482989393521073e-01	-3.416069527987578569e-01	-1.912118156366123145e+00
nan	-1.417802591803568824e+00	4.991469140130527227e-01	4.696856375861785393e-01
nan	-6.120119065895036625e-01	4.972708304220193609e-01	5.415034413673230906e-01
nan	-1.786406886626565882e+00	1.024081204832517189e+00	-7.860564063162347459e-01
nan	-3.974522056462567177e-01	-1.502238847294072643e+00	-4.187964089985462546e-01
nan	-7.079394249928872007e-01	2.789520790983780474e-01	-1.605222399019005541e+00
nan	-2.256046267575770314e-01	1.144787451571508630e+00	4.483101159468311225e-01
nan	1.770211847948327810e-01	-9.684527928024923016e-01	8.331108194161080949e-01
nan	5.357813983233465915e-01	-2.964542407992281636e-01	3.772793205818423812e-01
nan	-9.064334627486705376e-01	2.011940735326936291e+00	-4.406706234629322871e-01
nan	-8.012331681844025999e-01	3.593887045569460481e-01	1.508145587357184181e-01
nan	-2.571231638131299402e+00	1.023021502952040085e-02	-3.059002265038494039e-01
nan	-1.287719390820693643e+00	-2.376070291582235150e+00	1.060697190226031594e+00
nan	5.588479346800466763e-01	-8.042543327374994666e-01	3.979775375532473847e-02
nan	-1.037874363484736051e+00	8.168242129548143327e-01	-7.839833820117025898e-01
nan	1.126538808195473251e+00	6.202959908847562875e-01	-8.719609979543050393e-01
nan	-2.088520316646114705e-01	7.526901905088925204e-01	-5.267248260530431603e-01
nan	-3.660536820565476468e-01	4.949737624709963923e-01	-1.300014561638584087e+00
nan	1.029759060866797249e-01	-1.064037610226587383e+00	2.343965824317871816e-01
nan	4.016683081404527345e-01	1.818878996899854217e-01	4.488324517797814828e-01
nan	9.167945590371737730e-01	5.896377069977971619e-01	1.061844769546801404e+00
nan	5.667878122773213345e-01	1.179264904626754262e+00	7.405095695719154936e-01
nan	5.636740103206900887e-01	-6.193205211280685685e-01	1.769156082183076517e+00
nan	-3.609506552458492390e-01	-1.019194227344795145e+00	-1.300592399353001971e+00
nan	-2.053603585744804949e+00	-1.281526275503205303e+00	-1.361054898624348253e+00
nan	-4.600396777674026216e-01	-2.567169604726614596e-01	-1.758735131136219376e+00
nan	-1.814750641624856442e+00	-6.626212991204866176e-01	-1.269795274166997112e+00
nan	9.024464670911247488e-02	-9.886510047581829053e-01	-1.402278334725622244e+00
nan	-1.061479189561344016e-01	8.727366347291665161e-01	-7.255941511140435729e-01
nan	-1.207263269218145973e+00	4.610473624242297785e-01	1.916703856602933076e+00
nan	-4.334962334626674130e-02	1.782242766003325485e-01	1.355689887695327389e+00
nan	1.188014605965620696e+00	1.041667726998060761e+00	-1.131967563566506074e+00
nan	5.013258630461219223e-01	1.161486847878738349e+00	-8.194129048888054712e-01
nan	1.321363088480895343e+00	-6.139446488948424596e-01	-3.282301699188925892e-01
nan	8.169601389241376577e-01	8.546045540146579578e-01	-8.917388996388223577e-01
nan	-1.421617697639055544e+00	1.125906898292853953e+00	5.790541365659215289e-01
nan	6.749114803423116316e-01	-1.272536270932852931e+00	-1.182913304026153911e+00
nan	-2.124836877864149542e+00	-1.719467248193910225e-01	-5.222590559091493390e-01
nan	-5.654594567863688859e-01	-9.666947716976947991e-01	-1.248533644913095930e+00
nan	-2.654611841407478856e+00	-1.104208376060457297e+00	-1.042562865824147700e+00
nan	-1.233553511241619827e+00	-7.553197890480189969e-02	-3.258844837131047445e-01
nan	-2.544447503890547413e+00	-1.811966336002581279e+00	1.853925450872514480e-01
nan	-6.732623387425723527e-01	-2.731757367472456455e+00	-1.444682170421896616e+00
nan	-3.343440577347946530e+00	2.361660892179340276e-01	-1.082164894043038394e+00
nan	-1.006305396936926666e+00	-1.183814233433044372e+00	-3.572234930324131863e-01
nan	3.555351007105371774e-01	9.693304882572717496e-02	1.233923054485466020e+00
nan	-1.939806925670051196e-01	5.967612267684820893e-01	5.517431373007882778e-01
nan	9.062644831334327744e-01	-7.475993797085256354e-01	-2.636799803714123258e-01
nan	1.218194005956205306e+00	-6.981902173027403347e-01	-6.029890016793478802e-01
nan	-1.106088322172219252e-01	-1.210802489038578234e+00	-1.801421798790716178e+00
nan	-2.239938215555890899e+00	-9.402308343282026470e-01	-7.855276103047422742e-01
nan	4.373645180241370056e-02	-2.734676166814069553e+00	-1.557480625990228962e+00
nan	-7.479151907861772974e-01	-7.939676006321652046e-01	-1.584353981922151711e+00
nan	-1.825718801752489906e+00	-2.110163793134797405e+00	6.580535468240826802e-01
nan	-7.625864184331421214e-03	-1.195841854154114925e+00	-6.766785965186427054e-01
nan	2.722106498666791996e-01	-4.353460955146844502e-01	5.356898962183630486e-01
