nan	-1.964998370629289726e+00	-4.485662958782614118e-01	-1.843215599726021781e+00
nan	-6.691085202183494340e-01	1.902223817302485909e+00	4.375770645585131402e-01
nan	-8.607885982832164107e-02	1.925968222391792051e-01	2.390119290775669203e+00
nan	-9.832095332360237805e-01	-7.383967228831128660e-01	1.027215883245088834e+00
nan	-1.401859121588054702e+00	-3.886459460336926242e-01	-9.916727628154932417e-02
nan	-1.300381736505333174e+00	-8.743516260854772293e-01	2.252633254787248962e+00
nan	8.246582560227500025e-01	5.095023015411402900e-01	6.821568257547043768e-01
nan	-1.322416603208432573e+00	8.876307969040078127e-01	6.809355785846236131e-01
nan	-6.804693133799187832e-01	4.428283484543236170e-01	1.179075367164412302e+00
nan	8.789850072502667366e-01	4.918799813561912093e-01	2.109046932547478992e+00
nan	4.468129116130321599e-01	-2.513119045856043732e-01	3.142864169440120925e+00
nan	1.075970614066623865e+00	1.561604856622268889e+00	1.247327946192755110e+00
nan	-1.333216960237455506e-01	2.060461363341133945e-01	1.160481528839433230e-01
nan	4.436666738223137008e-02	-5.899297762353384877e-01	1.461896728019825287e-01
nan	-9.840304540081015183e-01	-4.609680392557828910e-01	-9.527797553254298280e-02
nan	-2.696442378169382481e-01	-8.400744113842172345e-01	1.189573685465351360e+00
nan	1.306217925350048548e+00	-1.324122565507792171e+00	8.607482478742747301e-01
nan	3.133018362643114063e-01	-5.288627546720546801e-01	7.650521455348928690e-01
nan	8.025967926873043279e-01	8.647114572276267674e-01	-1.545343124943466817e+00
nan	1.188062374094447371e+00	1.499295258612729942e+00	1.087704359613890004e+00
nan	8.438509976600659934e-01	-5.236967811675471429e-01	-4.716098801177892597e-01
nan	-2.144259463176591274e-01	1.141814250222232596e+00	3.773615007273254385e-01
nan	2.125613406069206401e-01	-3.057270010641747193e-01	-7.718716406391745721e-01
nan	-7.968979701031024820e-01	-7.902761910340462548e-02	2.206748873135236266e+00
nan	1.316720104605945352e+00	-3.881341908570044019e-01	-3.475306495103080984e-01
nan	-3.785256789076599793e-01	4.712354071940607070e-01	2.014142786457385981e+00
nan	-4.336715674498863304e-01	-7.165622879036169790e-01	1.329127172811268132e+00
nan	9.992726552787009608e-02	-1.934334526991207559e+00	-6.189116133923749929e-01
nan	-2.199335410316234363e+00	-1.150533540675651389e+00	5.813672049046955115e-01
nan	-1.547059091816390453e+00	-2.902153166940834028e-01	-2.665039730222203418e-01
nan	-5.608912950008233533e-01	-1.533783883359113975e+00	2.310272397024348834e-01
nan	7.927788873457217722e-01	1.801174448928176686e-01	-2.432656858701934266e-01
nan	-6.205720527577338608e-01	1.656358897746208925e+00	5.895204431732626871e-01
nan	1.627492181064356114e+00	1.036377153539467910e+00	6.862202074008656449e-01
nan	1.088925955169791848e+00	8.210435800080349011e-01	8.408240508161470839e-01
nan	8.398857565701054462e-01	-6.698676755678016903e-01	1.018796328677761931e+00
nan	3.532995896229855215e-01	3.277605192937324552e-02	3.321905173544938972e-01
nan	8.371780698739872406e-01	-1.218238513294192860e+00	-2.857868593220311837e-01
nan	5.650997173331118173e-01	-4.153170147589045902e-01	-8.746216919705367410e-01
nan	9.032190831523723151e-01	5.068369977268397664e-01	2.235994374612845781e-01
nan	8.390817574524311873e-01	1.282077298731806092e+00	4.656105074992015203e-01
nan	2.017719376385725960e-01	3.249140452386977684e-01	1.144583321549979882e+00
nan	-4.247854966118347342e-03	4.522302512771286254e-01	2.472936624274666151e-01
nan	1.220684884736315201e+00	-1.114933290001463684e+00	-1.012400325218466568e+00
nan	1.396427637221905327e-01	-8.005092193002353307e-01	1.452502735952148516e+00
nan	4.692323196232008886e-01	-8.600051002611009965e-01	1.750948162341602110e+00
nan	1.913252734231488228e+00	1.228780436494894268e-01	-4.358395642955557037e-01
nan	8.591633590528702236e-01	5.178437708823999674e-01	-4.048607485044873888e-01
nan	1.132350841672851161e+00	9.486121791117438917e-01	1.006800369280539120e-01
nan	1.752294389834604171e+00	7.568187462158323386e-01	-2.182766138951636181e-02
nan	6.803789617803087664e-01	7.658934568085318251e-02	8.800630524298703738e-01
nan	-1.407891747019532902e+00	5.982885117718416135e-01	3.962825311920659122e-03
nan	-2.104826176292324824e+00	-1.176024465931391760e-01	-6.081219789762345451e-01
nan	7.419378882406487685e-01	-9.619932218940072666e-01	-3.001049283134959555e+00
nan	2.326091523408420070e-01	1.409601125246456199e+00	-2.305364065225441017e+00
nan	-1.485154822114587381e+00	3.362555324429491455e-01	-3.694851844057587820e-01
nan	-1.101904173670724685e-01	1.028411663509255281e+00	-1.290587420533782836e+00
nan	1.039477850682726912e+00	-5.555284087427927453e-01	-2.319683844796271710e-01
nan	1.025948057054267171e+00	1.073034188168405373e-01	-2.841722322597425299e-01
nan	-3.115705208169149421e-01	9.722237413872003575e-01	-1.004866547664391430e+00
nan	-2.195083835394728289e-01	1.654426927391344782e+00	3.373377340557570103e-01
nan	1.343775292220976247e+00	1.355750088080690308e+00	-1.954755948622788342e-01
nan	2.818690324321825313e-01	1.943970822636249984e+00	5.844453732262907542e-01
nan	1.129000183426179582e+00	1.537452244363167519e+00	1.227967309016721131e+00
nan	3.444348369647176611e-02	-5.339476742534016163e-01	8.250004659410740127e-01
nan	-4.705463351810769412e-02	8.875723292533177489e-01	-1.712808436844277526e+00
nan	-6.198326313761064466e-01	-4.481670590622244266e-01	-4.553979961336678262e-01
nan	-3.002087533731787161e+00	-1.262497102859098774e+00	1.017173035703016648e+00
nan	-1.267488962534282892e+00	-1.264808985294898491e+00	1.314483485410517627e+00
nan	-3.213452917623339511e-01	9.826169488153735365e-02	-8.677312066328505269e-01
nan	1.121174205675451230e+00	-5.963205901850331392e-01	-1.247826224490056646e+00
nan	1.098359956968715467e+00	-3.341907172083359301e-01	-4.205796664162836374e-01
nan	9.056787517706785806e-01	2.997279614400901737e-01	2.512536626299647580e+00
nan	1.893768376768560913e+00	-2.187058543449766357e-01	6.227501099786446614e-01
nan	8.058628359351308612e-01	-4.226215657673029202e-01	1.002373521380880650e+00
nan	9.905869907973521293e-01	-1.327601570906599360e+00	-4.909371249471189413e-02
nan	-4.164557889509240551e-01	2.315890700120115664e-01	8.880961334771481086e-02
nan	-2.952906529082952591e-01	9.711446697318662502e-02	8.441530081927972606e-01
nan	3.786012602288263418e-01	-1.267487015063479827e+00	1.536959995382363442e-01
nan	-5.067809438923177590e-01	-3.278842902628702483e-01	1.229834132751672082e-01
nan	-1.235969369269335649e+00	1.509515693174532824e+00	1.338798549344110578e+00
nan	-1.312340434929683664e+00	2.517505541728606300e-01	1.268025504381931956e+00
nan	8.128056571919718420e-01	-1.536092834690340192e+00	4.956426684921561021e-01
nan	-9.403107932628091969e-01	3.576076302943804186e-01	-1.284047649704612049e+00
nan	7.816713318075392269e-01	1.185792187637101147e+00	-2.139582927765439624e-01
nan	1.737262941081965995e+00	1.090560999621673854e+00	1.562420345516441489e-01
nan	-4.060649839833078145e-01	6.558188711575634322e-01	-1.508310426559340556e-01
nan	-3.856722311344595311e-01	-9.876734081217468653e-01	4.665099031318470368e-01
nan	-1.309167618297976565e+00	-1.275357537062983493e+00	-7.244194687032023960e-01
nan	-2.313507056579752197e-01	-4.681101507363681913e-01	-1.176039632072962249e+00
nan	-1.892398793161410575e-01	-3.116325250677364211e-01	-3.880936017234464241e-01
nan	-1.123970998383285735e+00	2.657722082843543721e+00	-1.070857995985409206e-01
nan	3.840938138890571119e-01	2.193116171055586427e+00	-1.634693125921127255e-03
nan	1.191618771786865594e+00	-1.126375887677505405e-01	1.492985949728698136e+00
nan	1.307265650852709182e+00	1.126721863019788161e+00	1.161974044423927488e+00
nan	2.591260299055493377e+00	1.888996567994903231e+00	2.255345640907933991e+00
nan	2.472016430401010822e+00	1.591953043057360295e+00	6.206498675640361729e-01
nan	2.093094597926695943e+00	6.355267705843862247e-01	1.321565944240106205e+00
nan	-1.297497469896276012e-01	-1.995940267672063895e-01	-3.130286582482439961e-01
nan	1.022576231531601820e+00	7.111918831855711387e-01	4.275573450935002406e-02
nan	1.670040253051262025e-01	1.531291144070219490e+00	3.640109694757998060e-01
nan	1.013501264148068293e+00	-7.293251172289849649e-01	2.865192737082695729e+00
nan	1.896301617118991256e+00	-8.727881573168765339e-01	-8.479753194259758153e-01
nan	-2.962388703284334901e-01	7.235094636967298598e-01	-1.821650195297532360e+00
nan	-2.390583131408520856e+00	-1.902823080393072130e+00	-8.172673137629825613e-01
nan	-2.147565132147926548e+00	-2.251844404682693757e+00	-4.414093469173599460e-01
nan	-2.615980286748684769e+00	-1.268411413820950573e+00	-1.333140491185652365e+00
nan	-2.378178420508778146e+00	-1.918135282631441063e+00	-4.147120439375007184e-02
nan	-1.337520141268697227e+00	-9.590562451835142888e-01	9.196585309819416132e-01
nan	6.526782779251179001e-01	1.130755487737798992e-01	-1.175011419274938795e+00
nan	1.610018086647295288e+00	4.397044411330913727e-02	1.831992784455030998e+00
nan	1.041209049927320995e+00	1.412271467164735617e+00	2.443020612591072283e+00
nan	1.286068314590731454e-01	7.118169411810725267e-01	3.545741836756199916e-01
nan	2.391340583879811188e+00	-1.022880007815539560e+00	-8.160498488693330721e-01
nan	7.456387390773424606e-01	-4.543768565328715758e-01	-2.135639192127203323e-01
nan	6.859392024234758356e-01	1.295813234946797232e+00	3.924542192596916501e-01
nan	3.387534404125060572e+00	1.607657154226179941e+00	2.364790907830718325e+00
nan	2.207602055661715745e+00	1.870355779925684025e+00	1.493006484367231934e+00
nan	1.376590894194924086e+00	7.557891135641723324e-01	-8.789506146675332143e-01
nan	1.323343731359785558e+00	6.466182829151795319e-01	-9.963179338447004929e-02
nan	3.877183265538825530e-01	-5.473145738338971444e-01	-3.851000166416979065e-01
nan	-6.555938295811098993e-01	1.140352157267087607e+00	4.872796610963984199e-01
nan	1.051760406609572929e+00	1.493672877490297146e-01	-3.370493276119809201e-01
nan	7.783343342988593427e-01	-3.419419933369129416e-01	-6.135279763718424206e-01
nan	-1.603388571501949356e+00	9.796354788391870017e-01	-1.258994635052261835e+00
nan	7.309475238549794085e-01	-2.419152972287808456e+00	8.878205116176166589e-01
nan	7.112535788103970802e-01	1.730151333588724194e+00	1.064204355834473370e+00
nan	5.921645643725867991e-01	-2.045623523246872244e-01	1.408808160532320830e+00
nan	1.510892775957743073e+00	9.080810346656463805e-01	1.314146897509989920e+00
nan	4.883278652919263996e-01	1.622873903850652333e-02	2.191391958051295052e+00
nan	8.823336800608614361e-01	-9.050406016248278007e-01	9.639118592506704664e-01
nan	1.484586509287574518e+00	3.889087212278557332e-02	9.153878465228308947e-01
nan	1.908103114512282872e-03	7.301861927414436959e-01	2.609716775123120946e+00
nan	1.251543150545546990e+00	-4.033856185272562955e-01	1.808641044261585229e+00
nan	5.533513501410756152e-01	1.854066983097827137e+00	-4.129356305082488854e-01
nan	-1.235260441233019257e-01	1.230177463391376680e+00	2.895543642941998952e-01
nan	-8.387489860700334532e-01	-1.617149528988498730e+00	1.019364930956492721e+00
nan	-1.085598678263101746e+00	-2.092541684854435147e+00	-9.422792601940860324e-02
nan	-3.402575726149944524e-01	-9.572702909296616491e-01	-1.646530078582454371e-01
nan	-5.599555148949637573e-01	1.807775605795728380e+00	4.222345426760527043e-01
nan	1.996067973327572354e+00	1.501937465954086726e+00	1.266455961085822146e+00
nan	9.969366516729348815e-01	3.953726573590499171e-03	9.504285961016037954e-01
nan	9.267575827984085857e-01	9.831294226792481883e-01	1.526747965124081174e+00
nan	5.603815389178370410e-01	9.363241073588750574e-01	5.551480735047019666e-01
nan	4.060981566567204437e-01	2.787792584014074926e-01	5.687618100083597916e-01
nan	4.399931598316846326e-01	7.345860037047354796e-01	1.124036741955967589e+00
nan	1.823087937550599946e+00	-5.003803800439206029e-01	-1.584671149145826741e+00
nan	-4.608310800572437693e-01	-1.503204066745933432e-02	-7.363868498719718936e-01
nan	-5.027344429593291197e-01	1.203243274140355812e+00	-1.452665778371759142e+00
nan	2.000128290633099160e-02	-1.794398689031982408e-01	1.807430637139865737e-01
nan	-2.831669848412433854e+00	-2.216466838860300381e+00	-1.229574642326360656e-01
nan	-2.744327519825709327e+00	-1.078665442225214210e+00	-2.517783789805797756e+00
nan	-3.232936436357349397e+00	-8.924813317635589272e-01	-2.172213572503189916e+00
nan	-1.933851087573047245e+00	-2.006437486192456543e+00	-8.777966792334971347e-01
nan	-7.028383567643171626e-01	-6.396848256686163969e-01	-7.247664741840764702e-01
nan	-7.247206722213848096e-01	-2.204653778171836720e+00	7.419753113650067178e-01
nan	-4.784333742124177724e-01	-1.430882056691351378e+00	7.396836322806055186e-02
nan	-3.476583622836293408e-02	3.038822162507215374e-02	-9.822620395589587439e-02
nan	8.548505926173498581e-01	-1.748559990284801469e+00	5.000870824849991125e-01
nan	8.842355335050366971e-02	-3.890622003274198937e-01	1.445414515179164860e+00
nan	-3.967230736622276432e-01	1.930642920478179980e-01	-9.597114187587851841e-01
nan	-9.950024911881816259e-01	1.993858896191491314e-01	-4.497870092449891111e+00
nan	-2.965579244530093916e+00	-2.881730915055284448e-01	-1.993787628460135242e+00
nan	-1.298122007346734330e+00	-1.321700298675080987e+00	-1.807037846965645844e+00
nan	-6.932445970018830117e-02	-1.480207087876443284e+00	-1.574775547502759609e+00
nan	-2.293957694379531898e+00	4.367982013654522766e-01	-1.748341954586622116e+00
nan	-7.339351254652166645e-01	8.600132927624929424e-01	-1.472738382416543867e+00
nan	1.759865058188876397e-01	-3.371448588819410119e-01	-6.140292615280614763e-01
nan	-1.545901357237712048e+00	8.374133809300909892e-01	-5.935051022826154377e-01
nan	-3.557331008420953067e-01	-6.175042776875436235e-02	1.172699683984041341e+00
nan	2.125687646770772599e+00	-4.372585040497958819e-02	2.151493384344010718e+00
nan	1.494115480286443587e+00	4.121998751471561695e-01	1.248332800306385160e+00
nan	1.397847819957115156e+00	-1.267879767728396168e+00	2.242501313086415760e+00
nan	2.334777993148014374e+00	-3.112351192918301757e-01	-8.941359411319532713e-02
nan	1.806894382445268343e+00	9.876844593906187741e-01	2.810659497884951397e-01
nan	1.055222579001015237e+00	-2.524990958657373774e-01	3.210071082043829627e+00
nan	1.095118228467072852e+00	-6.255627287478988663e-01	6.604084291618983471e-01
nan	-1.125162909866359584e+00	9.419754576586057970e-01	1.799764982373283084e+00
nan	1.272466466272306862e+00	1.134036627776993100e+00	1.386216325801728821e+00
nan	2.619001121194465487e+00	1.451215100148312009e+00	-8.032817896023747295e-02
nan	1.989749430649879969e+00	9.433765732688299543e-01	-2.607244835341344213e+00
nan	1.102224449972895481e+00	4.286468118840565666e-01	1.986153912031905167e+00
nan	1.548301133586619027e+00	7.060067881830776049e-01	-2.912172490548367021e-01
nan	1.566733391360577876e+00	-2.597514000209355522e-01	7.597172703050221187e-01
nan	6.431591062025200367e-01	-8.970030730808830066e-01	4.789458985334218433e-01
nan	-2.236497791408037505e-01	2.384567227133745915e-01	-9.775692897792973568e-01
nan	2.424166969098902613e-01	-1.816344082687055550e-01	1.538848630372438908e+00
nan	9.152895265722184037e-01	-6.511080506887128028e-01	1.598106862016509089e+00
nan	1.038060614711624696e+00	-1.758857656161283978e-01	1.676514093175338171e+00
nan	2.741403372644762193e+00	-1.327166949322948319e+00	-1.667141725557102494e-01
nan	1.555261170862308084e+00	1.293575030590672137e+00	-1.277922464504227751e+00
nan	-5.174085561843028147e-02	7.001731757448115268e-02	2.559257055334775099e+00
nan	1.584680661166188109e+00	1.099407659571058238e+00	8.964408095416447342e-01
nan	2.969353318783807261e-02	5.939929421897787165e-01	2.087300483962387432e+00
nan	1.151074594994035527e+00	-4.196320747333254220e-01	2.159707472194982714e-02
nan	1.990472588144792665e-01	2.353155340229992343e-01	-1.093674013866175576e+00
nan	-2.054107200390403509e+00	1.156059897849216478e+00	-2.108829152418461028e+00
nan	8.652952190294337376e-01	-6.643774084260402057e-01	4.819260010259979188e-02
nan	1.604189859608936564e+00	3.226979169369070810e-01	-4.547962008384627275e-01
nan	-6.350163951609284485e-01	8.608476459219797094e-01	-1.215766135554805283e+00
nan	-1.176421906668893014e+00	-6.106948776551923697e-01	-7.864019039820904777e-02
nan	7.650324463860459501e-01	-1.888851540571226062e+00	-2.177701046739044966e+00
nan	-1.921732729867877687e+00	-9.089277755351570232e-01	-2.337012429818797976e+00
nan	-1.001039319402160066e+00	7.272626293866291114e-01	-1.478655449113621012e+00
nan	5.919771277569332302e-01	6.660684283623909963e-01	-3.358264068642153322e-01
nan	3.410126979617837395e-01	5.686203708010160174e-01	-9.124010400699371637e-01
nan	-5.090090781045397694e-01	3.333321408404738007e-02	1.032437256555528565e-01
nan	-1.373205473038710211e+00	-5.467174084227860442e-01	7.524842748841782392e-01
nan	-4.378250379539198600e-01	3.721275737424973862e-01	-1.741537508528913369e-02
nan	1.179802367841551874e-01	-1.684116801418659826e+00	1.633635913997699696e+00
nan	-9.956031180868925023e-01	1.025271688495563494e+00	-1.100678880200165743e-01
nan	-2.467654693713995595e+00	-1.363303679520896650e-01	1.088941073238810064e+00
nan	-1.448523183880514376e+00	-1.158888611389279566e+00	2.931189282532486451e-01
nan	-1.432023950050240746e+00	-2.056037611439732071e+00	-3.849640002666965266e-02
nan	-3.884556179706994961e+00	-3.825233609182245864e+00	-3.870326202129099613e-01
nan	-1.451901756265937093e+00	-1.929581888853105998e+00	-1.887957859080333867e+00
nan	-1.146981288653402320e+00	-5.911137584562392577e-01	5.646573926053266579e-01
nan	1.282271206233210892e-01	-3.720980101236188720e-01	2.003832141828050875e-02
nan	1.160385827563743977e+00	6.772499270148948924e-02	-9.456607108337320433e-01
nan	1.116931118388089006e+00	5.901730392184998397e-01	-1.347069720532186876e+00
nan	7.739087618587305872e-01	-2.133599220358059156e+00	9.906203921933416368e-01
nan	-2.260618847601393866e-01	2.858140196049457904e-01	1.275011495530596672e+00
nan	8.607732759818165214e-01	-7.282259856104844609e-01	3.004678672343900625e-01
nan	-8.421579369093010747e-01	5.811154098880310093e-01	-6.823749861580681308e-01
nan	-3.326973228759638745e-01	-1.777493407556504978e+00	6.728315937707245453e-01
nan	4.403653327457187627e-01	-4.534011452269837150e-03	1.971616869514305481e-01
nan	-4.244827960901996766e-01	-7.269363961271313457e-01	-8.789506145242457213e-01
nan	8.666453214500426938e-01	-2.182551160515906918e+00	-1.150674925549467043e+00
nan	-2.836865858104452354e+00	5.484913027555413656e-01	-8.267357630019989134e-02
nan	-1.020002200191324260e+00	-9.137517430686092901e-02	-2.762128807741616177e-01
nan	4.699757693715810314e-01	1.774730511152650680e-01	5.715201045379224576e-01
nan	-9.602680608725590039e-01	-1.583857921110046307e+00	1.357443969092852476e-01
nan	3.512040189351169905e-01	-5.888833477595871724e-01	9.510698016410790157e-01
nan	4.917628440811961932e-01	3.677686281151220093e-01	-2.115730923685046339e-01
nan	7.773836143518108033e-01	-8.184262697787989538e-01	1.100777067266815790e+00
nan	1.785368491327232965e+00	4.891124961223065615e-01	8.555083771023999084e-01
nan	-9.508409683699969861e-01	-3.769728200949307162e-02	3.150642025003048685e-01
nan	-5.604330021802512718e-01	1.806869543141498724e+00	1.442031237748287342e+00
nan	-4.131236563317866040e-01	2.779267789230960073e+00	6.986698517622096372e-01
nan	1.242705490912381805e+00	-6.899075176381057606e-01	3.233637550753034162e+00
nan	5.066737113466247555e-01	-4.473485208488838794e-01	1.339400276910057919e+00
nan	-1.708480107048949925e+00	4.522716262836044832e-02	5.594402405481002649e-02
nan	-1.648838920341509362e-01	-9.135066114092993406e-02	-6.121406186101739644e-02
nan	-1.249369091516494334e+00	-7.370991314478202439e-01	-1.958461598241611368e+00
nan	-3.128930624939873617e+00	-1.418252906757119791e-01	-1.944824203449056599e+00
nan	-2.644735497670977153e+00	-2.099481136542738380e+00	1.113522414296955088e+00
nan	-3.022618190043069752e+00	-1.645792939034024238e+00	-4.464569622360157197e-01
nan	-3.154325920316634502e+00	-2.441067214884701464e+00	-7.855241789544203934e-01
nan	-2.604560534030111008e+00	-3.192778648500735006e+00	-2.228938668701709425e+00
nan	-2.405102299950269362e+00	-3.260008483578194838e+00	-1.484581008045707806e+00
nan	-1.564141652767115254e+00	-2.656433694853021610e+00	3.848677105880278226e-01
nan	-9.922635246908845241e-01	2.268232410549286815e-01	-6.296524830467217226e-01
nan	1.957887962667232418e-01	2.903734327165904960e-01	2.576055053667590133e+00
nan	4.764867953908343279e-01	1.327907310534573782e+00	-1.776330404988526457e-01
nan	-9.448827109042348127e-01	1.346186297923657627e+00	-6.798284775813345782e-01
nan	-8.943359980099191420e-01	1.055194234011647580e+00	-1.871574623148777872e-01
nan	-8.119629320282161222e-01	-1.112198081312473663e+00	3.206452581044957895e-01
nan	-2.831531508120118112e-01	-1.336057225139970051e+00	1.515269401117096182e+00
nan	9.913390374391215509e-01	3.247058809651644506e-01	3.850633942101291396e-01
nan	4.646997373846198931e-01	8.141943168046892332e-01	1.843190294961806863e+00
nan	1.901270135353969160e+00	1.211837338705412104e-01	1.639042447699412541e+00
nan	6.334551244515610469e-01	1.212251863776092176e+00	1.389409301637693162e+00
nan	1.633494695563576293e+00	3.876949345492544108e-01	2.185327305314590074e+00
nan	1.468747672086399225e+00	4.707880185239419202e-01	4.069939069916467922e+00
nan	2.258269486191947006e+00	1.256977169794200266e+00	1.987728177471837832e+00
nan	2.509040629870690431e+00	-1.629012328870378390e-01	3.407636500865999230e-01
nan	1.403153667894981416e+00	2.707026164859029471e+00	-1.560761611924436632e-01
nan	2.461025527303722260e+00	8.198119776240380130e-01	7.142590806605522147e-01
nan	1.107643769905086506e+00	8.718953890970292386e-01	-8.835357240248514765e-02
nan	7.444230562015016206e-01	-6.014646183231875387e-01	6.594366701523931562e-01
nan	1.979892393042658461e-01	-2.585882859608863993e-01	2.315314575226168792e+00
nan	-9.928157250072788820e-02	-9.541461660189235472e-01	4.655517940659912313e-01
nan	-2.273455225058535201e-01	-3.948816874946663447e-01	-5.099161396104315847e-01
nan	3.420055012187635524e-01	7.409511045052239453e-01	-2.368539411972006015e-01
nan	5.544468814259134737e-01	1.230231879243974535e-01	-1.763818392896289999e-01
nan	2.041594874968021056e+00	6.677328830817406136e-01	-1.767437331203306483e-01
nan	2.039823980065677667e+00	1.287351128733586592e+00	-3.454646260088971577e-01
nan	1.975273881358859729e+00	-4.359694968380520841e-01	-7.872020011528872985e-01
nan	-9.343087612921816554e-01	3.776015187461032041e-01	-2.052133214732743571e+00
nan	-7.416861499130384949e-01	-1.200410199671360229e-01	6.094240956379347596e-01
nan	-1.127516889957706825e+00	-9.696125356717326671e-01	-9.150680496589471691e-01
nan	-7.056657750047283795e-01	-1.075818459013590189e+00	-6.135206104106736280e-01
nan	-2.195543725660242806e+00	-2.470804064706699776e-02	-8.612983804905747220e-01
nan	-9.363102164078763723e-01	-2.501870402165261353e+00	4.341583291117030452e-01
nan	-1.123407365201401387e+00	-1.563279695219308874e+00	3.351296284280427251e-01
nan	-2.247083446216536995e+00	2.524857591315030625e-01	6.345540666833460186e-01
nan	-1.085871425920719613e+00	-9.396535931636538219e-01	5.049556519777649299e-01
nan	7.951113561425902088e-01	-1.133059252760884927e+00	1.072846157912197951e+00
nan	1.941910027763284363e+00	-5.032926378258672367e-02	-4.883828786314188819e-01
nan	-5.436446204698992535e-01	-9.672245681403579542e-02	1.063455905027282711e+00
nan	-1.472376815826861529e+00	-9.540717276732162411e-01	-7.435119066191770987e-01
nan	-5.886206221846377318e-01	-4.851973824431823346e-01	-1.430360125200908827e+00
nan	-1.701610532165229062e+00	8.759129551062609931e-01	6.714870897646888492e-01
nan	1.785893464942860831e+00	2.102951832028684409e-01	-6.615893041422101772e-01
nan	4.812809290343084134e-01	8.432412944275876621e-01	-1.880490021012508617e+00
nan	-2.295507666531418911e-01	2.568838968484826735e-02	2.255851314204578850e-01
nan	6.365987777777188938e-01	7.406760671948516839e-01	1.426408001761341748e-01
nan	-9.325274685486866222e-01	-6.217429224825550271e-01	-1.773538675001135712e+00
nan	-1.059439781197026198e+00	-1.171997695647865267e+00	6.859155379156356425e-02
nan	7.459493621745638681e-02	-1.843036185945092331e+00	3.059998245644355297e-01
nan	-8.927587588202424707e-01	3.292597603347551249e-01	-4.792043150339067581e-01
nan	-1.159058231259282978e+00	6.023787185590536719e-01	7.548197031296651760e-01
nan	8.462411669257815516e-01	-6.237529306186480049e-01	-6.634105846426596731e-03
nan	-9.192912100460169933e-01	-1.568899764795186780e+00	-9.182122137986252763e-01
nan	-1.310826660393108689e+00	-3.248526264153263732e+00	-1.001448796224047921e+00
nan	-2.868911626645366031e+00	-4.166113915754033670e+00	-1.393727765135792884e+00
nan	-2.253430488441007018e+00	-3.049435835982057696e+00	-1.883075105366881719e+00
nan	-3.548310911146213442e+00	-2.140073503545248723e+00	-5.365425746763995418e-01
nan	-3.326261517562456582e+00	-3.574745591397445743e-01	-1.523541272833608184e+00
nan	-1.208106224021721742e+00	5.836780683026883132e-01	-5.432654692280197706e-01
nan	6.755910513245458882e-01	1.015698484311213345e+00	-2.257252060801741567e-01
nan	-5.030961237983386791e-01	-2.139954190549798518e+00	8.838833536006678315e-01
nan	4.251157279186227322e-01	-4.994900249392175695e-02	-4.281257298335891526e-01
nan	4.867422191224208827e-01	1.506757269260711185e+00	-1.818759272268182015e+00
nan	1.512976904315369575e-01	8.268308246269628903e-02	3.683619314227051800e-02
nan	-6.527645594388088446e-01	-1.316078316934515824e-02	-1.240829475668753901e+00
nan	-5.044083357554316471e-01	1.319618537505523603e+00	-6.576749536232220361e-01
nan	1.894244770576259118e-01	6.674454827477684926e-01	-1.325968240261353737e-01
nan	-1.155806619552139924e+00	-3.635224072565171327e-01	-1.451807662992348869e+00
nan	6.325121271143959722e-01	1.061263053782447674e+00	1.801197005081220492e+00
nan	2.184148208767577870e+00	1.104354977276388539e+00	2.025892044347847420e+00
nan	-1.973885686089917879e-01	1.687478208697401616e+00	2.293555583349468296e+00
nan	7.517358282886688059e-02	2.890987082449890666e-01	1.827097358521705406e+00
nan	-6.551084065389676248e-01	1.706758333712309339e+00	6.716025573786018610e-01
nan	2.196511192132021950e+00	1.774345877265867677e-01	1.406557859413126721e-01
nan	1.012067689169505291e+00	1.267721825858637352e+00	-3.437278270461785468e-01
nan	-4.271682500619180534e-01	1.732076462871083189e+00	1.595625898269610765e+00
nan	9.452374238931757766e-01	5.981608863243986773e-01	7.193900520121643272e-01
nan	1.672801828627558329e+00	6.444904387369055909e-01	9.549559632070101500e-01
nan	1.703233805966988701e+00	3.250335326728944763e-01	2.143915269026797077e+00
nan	2.855193305924363045e+00	6.966509258238186009e-01	5.006126606240055565e-01
nan	2.607738664202286838e+00	7.853556676076729470e-01	1.140201433717889179e+00
nan	2.038196343343064321e+00	-2.886359484009253240e-01	1.085521874409696164e+00
nan	1.591484338384982600e+00	1.702013640453698073e+00	1.159375819608492036e-01
nan	-1.180707197196002589e-01	1.655582147062214959e+00	2.336419997777857915e+00
nan	-3.764681929111073355e-01	1.012701834949889967e+00	1.794893377639415810e+00
nan	9.917632885744551707e-01	-1.611030975729998538e+00	-4.628263655988767988e-01
nan	-3.098741659178698149e-01	-1.586949624621153687e-01	-3.038323600084673615e-01
nan	1.414475321673964503e+00	1.348691559574862087e+00	-7.767869568330226793e-01
nan	1.325314377000376687e-01	3.974036330373187376e-01	-1.803762085245695479e+00
nan	-9.131770868902894245e-02	1.156510352486130433e+00	1.092698762711492355e+00
nan	2.087042425420965852e+00	-4.578085346612769668e-01	2.217255607681610230e-01
nan	4.505102918563073655e-01	-4.460384309882063913e-01	5.187164674942859044e-01
nan	-5.779527911432891241e-01	1.110357452330402950e+00	1.536772578849711968e+00
nan	1.279925817369937935e+00	-2.830776275293575561e-02	2.727207802867657183e-01
nan	-9.215758776445437395e-02	4.003410411022179649e-01	6.415630804844609791e-01
nan	-1.671119684319512522e-01	1.463510399368436410e+00	-7.903211425533309686e-01
nan	-2.411308361168723602e-01	2.450524977993590037e-02	1.282660653017799524e+00
nan	-2.194154374537710117e-02	5.712027016028212723e-01	6.114829777832084812e-01
nan	5.544089434944077244e-01	-2.247965559517884682e+00	-9.667352772677112460e-01
nan	-6.128024320450583540e-01	9.052633368921952917e-01	-5.698663307183233773e-01
nan	-4.734257381296150258e-01	3.323767179558165252e-01	2.035257076237344254e-01
nan	-5.500987983013948535e-01	9.008301144541671635e-01	6.525299685233594271e-01
nan	8.621668923889865832e-01	-1.163905530334470306e+00	1.500510525756643121e-01
nan	1.626918236377883797e+00	1.259357328541673704e+00	-8.940772939406254061e-01
nan	-3.599147029278010335e-01	1.725672558089896835e-01	-1.237523253260011558e+00
nan	2.458122135239523498e+00	2.140544740059358464e+00	-2.418959396616791047e+00
nan	3.051071219991639882e+00	1.070520233158118950e+00	5.924682993634750039e-01
nan	2.100075804560472825e+00	3.323958666459566835e+00	-2.087400169296144137e-01
nan	1.638451661350466271e+00	1.151551346266131315e+00	1.362960398364365444e+00
nan	2.855325347362029476e+00	9.395418774362749303e-01	-5.173153400161358828e-01
nan	-3.390050559382717932e-02	1.654051771395931514e+00	4.771614350954488382e-01
nan	1.822791415104715540e+00	1.972053689893643824e+00	2.002649759568003174e-01
nan	1.179696979916052824e+00	9.745429865938500802e-01	5.817531582002852808e-01
nan	1.600492895111678582e+00	-4.726245993278427315e-01	1.133844047237355657e+00
nan	3.282923829484559741e-01	-1.172426266093300695e+00	-2.072166425475313822e+00
nan	-4.073757036067633952e-01	3.975887282629795849e-01	-3.007893786981790107e-01
nan	2.507472157012389236e+00	7.943028788353755087e-02	1.316883402147098758e+00
nan	1.182319728429275685e+00	-1.328362512815275398e-01	-9.374715735682532802e-01
nan	-3.492938159690004984e-01	-1.535389895305481645e+00	-1.567535503918988216e+00
nan	-1.855091593617072210e+00	-2.962257722545506677e+00	-5.559096959894258561e-01
nan	-1.855268297284385248e+00	-1.031103168915250334e+00	-1.966162345160472391e+00
nan	-1.337352545301329076e+00	-1.156337973987784817e+00	5.077227552388201559e-01
nan	-2.152362021249656365e+00	-3.124815857402080788e+00	9.940730432701492258e-01
nan	-1.462621996166043825e+00	-1.424421912278110547e+00	6.745107613558710691e-01
nan	-2.138454496906687652e+00	-5.604503527833167853e-01	-5.427937080471149089e-01
nan	-2.255016918751805433e-01	3.896097332225090248e-02	3.906233184831627847e-01
nan	-5.367569228158060035e-01	1.391565594186660704e+00	1.822306621982878072e+00
nan	1.442358499283608042e-01	-8.616255012052826956e-01	4.424155159391550685e-01
nan	1.021546699400481151e+00	-8.073935459806741433e-02	-1.040817839981733162e+00
nan	-5.268899073041032333e-01	4.879686813886561225e-01	3.644470844469512860e-01
nan	-9.300675061269536581e-01	4.974895212980575132e-01	-9.472173050151950768e-01
nan	-3.380221528139250586e-01	2.693785945406647064e-01	1.679938854574129836e+00
nan	-1.824282753450481298e+00	2.079552272517608102e+00	1.856299463135530070e+00
nan	1.968432782286999139e+00	-1.321595658087528324e+00	2.646335786495608744e+00
nan	1.496214091035569904e+00	1.259949383296587566e+00	-1.166541287308707209e-01
nan	-8.215516082293000677e-01	-1.510523060251018901e-01	3.151998719326689069e-01
nan	2.639571999054188267e-02	-6.653014296590972210e-01	4.718806895023821418e-02
nan	1.535126371137228052e+00	-7.738600503543683340e-01	2.135179615363083983e+00
nan	7.079599322922143223e-01	1.039374275035454653e+00	1.070036556322103927e+00
nan	2.420439336973627675e+00	-2.860404673811715037e-01	-4.491478030566432578e-01
nan	-1.761389411072817435e+00	1.074510343424657233e+00	1.607727171146705325e-01
nan	6.506453204989877115e-01	-1.914742324321641931e+00	1.168543364537993900e+00
nan	-9.168721973923107949e-02	1.121963804759939398e+00	-4.250164021992977603e-01
nan	1.391073444115396684e+00	8.501255376983807288e-01	2.772991569833069825e+00
nan	2.572225783401508536e+00	-1.230489808203340196e+00	9.883160241618340613e-01
nan	4.769306191590984012e-01	2.197395192602478620e+00	2.794536046053364142e-01
nan	9.966260672723641356e-01	1.061805788076796153e-01	-2.029665060334311377e-01
nan	-1.043013569229412907e-01	1.897505346616438660e+00	8.370562053557908389e-01
nan	7.248218446237518764e-01	1.285317511512061861e-01	2.275714971269985565e+00
nan	2.598386119211169465e+00	-1.959649733648698433e-01	7.051238026543955595e-01
nan	2.002498430067461754e+00	8.921370456366852775e-01	1.852735476572856310e+00
nan	2.033729534736467226e+00	-7.139109240719435645e-01	-1.856437677212686710e-01
nan	-6.484154039021905458e-01	2.900800327730724826e-01	2.150250486903081404e-01
nan	-2.676025267679341124e-01	1.657136716375895158e-01	5.490434092112830289e-01
nan	2.169818000425220994e+00	-5.029410747724959857e-02	1.268342889540316487e-02
nan	1.947618549774246866e+00	-5.333763856276299009e-01	1.139154876330244370e+00
nan	1.809977444324204487e+00	-5.963336279886810587e-01	-8.771387153749525822e-01
nan	2.469239872293320204e+00	3.425073388449095257e-01	-5.737408420857238456e-01
nan	-4.748491377451544704e-01	-2.687130119264571348e-01	-1.924208807555653600e+00
nan	-1.962242163417974972e+00	-1.629718657159522355e+00	5.212727009085469376e-01
nan	-1.589116090665789738e-01	-2.024706454627936747e+00	-8.033942718737400179e-01
nan	-1.556468639424920752e+00	-1.206321531891035415e+00	-2.903389115371145301e+00
nan	-1.759973259746834495e+00	-1.284530728772585784e+00	-1.330081848660012112e+00
nan	1.002360232717602884e-02	-2.084951356881902473e+00	-6.598203836480319717e-01
nan	-2.317508774219447787e+00	-1.623918345444373745e+00	-1.948224267212798066e-01
nan	-9.283965990697058412e-01	-1.260685307728804050e+00	-2.340801009590993687e-01
nan	-2.979843334728550230e-01	-1.102432981207536855e+00	2.608521996131415999e-01
nan	6.239172134173096573e-01	-1.326777207789312296e+00	2.011996306057446837e+00
nan	-6.971639997009567713e-01	-8.138264274398782083e-02	1.056027408353237051e+00
nan	-2.761373318177083314e-01	9.093320378534255344e-01	-6.875301169889330710e-02
nan	1.426266912127266417e+00	-2.366200381978868506e-01	1.038337822554305845e+00
nan	-5.233532330723995596e-01	-1.296523320451035577e+00	5.503230781664639748e-01
nan	-7.016788296656323309e-01	1.384269738268990135e+00	-1.537687562544469033e+00
nan	3.260567371252180990e-01	-9.820943771811427303e-02	-2.337356750707599018e-03
nan	9.592754922117403549e-01	7.569379818202767729e-02	1.270318809075653865e+00
nan	7.398766285633990858e-01	-2.083739054663500401e+00	8.488186548856904157e-01
nan	1.099272492586107042e+00	5.658469227496770726e-02	4.424470981946888037e-01
nan	1.307256457064320365e+00	5.191111436709909821e-01	1.877988176282155974e+00
nan	3.224515956111703829e+00	-7.027632083242022487e-01	4.981436582521822087e-01
nan	4.969194800886862495e-01	3.358242114884335550e-02	-5.997445003765715654e-01
nan	1.503996747072692042e+00	1.383348079030290723e-01	-3.050037039425307350e-01
nan	5.445057146922958058e-01	6.128866230791891745e-01	-2.179650563208836545e+00
nan	-6.450947501513761839e-01	1.435145465020415401e+00	-3.725000278259473219e-01
nan	1.243219783805246115e+00	-3.554431244391710321e-01	6.242801824177972581e-01
nan	1.203829611126873367e+00	2.726860614871348121e-01	4.875409545037034942e-01
nan	-1.053172283902485962e+00	4.286100335909071579e-01	1.196202330218175902e+00
nan	-7.953655255715288419e-01	-9.627765099555305461e-01	-1.646994858201031309e-01
nan	1.127365256501557944e-01	-1.616660005865344862e+00	-1.021232351949299677e-01
nan	-6.580464124786528091e-01	-2.400190263479596631e+00	8.912342073360335348e-01
nan	-1.118082278565847965e+00	-2.666546884961965569e-01	-6.228252764283209730e-02
nan	-1.586218528542664874e+00	-9.935533751223730725e-01	3.430761302290887826e-01
nan	-3.918343585470491219e-01	-2.335785742880300830e+00	-1.701983284905024707e+00
nan	-7.796865178756168246e-01	-1.132251766644159385e+00	-2.240455129176756044e-01
nan	5.616420969439060995e-01	3.283444543123491544e-01	-1.016859861271311782e+00
nan	1.153061547930090969e-01	1.430318121181465285e-01	2.791614551302926128e-02
nan	-1.316552337955169572e+00	-3.309351996805263152e-01	-6.859688587691146200e-01
nan	-8.920317780467021951e-01	-2.663109020882178157e+00	-3.767014089166867974e-01
nan	1.050237730100439526e+00	-1.438099635493419015e+00	-8.271206222779647899e-01
nan	-1.139900252881163034e+00	3.031514096020486715e-01	-8.112565375744205109e-01
nan	1.846800837563248865e-01	2.334283994522068362e+00	-3.593378937859820210e-01
nan	2.289581173584534390e+00	1.856039599923924532e+00	9.674381738959895172e-01
nan	1.095123400649650192e+00	6.864650596055665854e-01	9.503931086497112712e-01
nan	9.390116615579108261e-01	3.735499887682529607e-01	4.236913036550057909e-01
nan	3.779444839594059968e-01	-1.190921805301009329e+00	9.260083473634282969e-01
nan	-3.544935041741919535e-01	5.695592233062969356e-01	1.516774474768053382e-01
nan	-7.578847581378806986e-01	7.968194904949092994e-01	-6.431242895911751800e-01
nan	-1.095656436787217025e+00	4.553314150811529348e-01	-6.375568447820509910e-01
nan	-4.585805797743519596e-01	-1.191689261175938652e+00	-2.492304938650135859e-01
nan	-1.604515304694821287e-01	5.954735317208845746e-01	-2.845391417864959749e-01
nan	-1.619088446613204502e+00	1.060574460160568666e+00	1.142103562485971446e+00
nan	-8.998426165274755473e-01	-1.566376636966972657e-01	-4.664829644396976116e-01
nan	-1.363249417472957248e+00	1.215651011368959367e+00	3.266916783672909608e-01
nan	4.180240556924856854e-01	-1.142049702040994763e-01	-5.884477563570411629e-02
nan	1.623029932371856665e+00	-5.513290832829172150e-02	-4.131894038117285284e-01
nan	2.026440918290910720e-01	1.075278912244697516e+00	-7.833110177835747034e-01
nan	2.162455433622797241e+00	1.021700074585375040e+00	-7.184672786282067514e-02
nan	7.519822277340292294e-01	2.079896821737431623e+00	2.815378287298734294e-01
nan	4.938407268543976159e-02	9.590770702829319871e-01	-1.573532447528767531e+00
nan	-1.369372966254855495e+00	1.668232745419600427e+00	8.581566638194912944e-01
nan	1.158725874530387001e+00	1.232974399187510173e+00	2.764260254550222839e+00
nan	1.706680202823437131e+00	8.763769672330882221e-01	-1.532880172237285343e-01
nan	3.527793200966507503e-01	1.718932268998288881e-01	3.890660926000059083e-01
nan	6.743885083187592944e-01	7.466825930213992768e-01	5.074959362672969432e-01
nan	1.222093987277900196e-01	5.930580723313432223e-01	1.000671189561870955e+00
nan	6.358177552361565787e-01	8.021415058112495444e-01	6.789575009253427940e-01
nan	-1.227422092481915694e+00	2.534169326376832565e+00	4.164665367554233333e-01
nan	-2.023767930046429964e+00	5.804710462157965933e-01	-3.132119830260254867e-01
nan	-1.484341406567932786e+00	1.281628889262782511e+00	2.606734140931810106e-01
nan	6.400167391281462725e-01	-8.734385751411481991e-01	1.903981040626185894e+00
nan	-4.816471048647815723e-01	-1.327760521367357782e+00	-4.008348481622447945e-02
nan	-2.553301222054676245e+00	2.071844240599181042e-01	-5.402060963590709086e-01
nan	-1.277753828177965234e+00	-2.115089176303014185e+00	-1.508318824069283803e-02
nan	-8.569949459188257457e-01	-1.705943761624840960e+00	-2.673177140681351482e-01
nan	-1.717533785556256243e+00	-4.338919684127441889e-01	-5.021853669309973567e-01
nan	-1.909941903820302489e-01	-1.065242865965417618e+00	5.173275871915801183e-01
nan	-1.718058850069331400e-01	-4.465507470131264700e-01	-1.398101089962413557e+00
nan	-6.305880763128797195e-01	5.340509201560302843e-01	-4.728204748144498315e-01
nan	9.038558844896448230e-01	-2.098672586279074714e+00	6.954764049173853824e-01
nan	1.061860775758441122e-01	7.625793865101747615e-01	-1.033461410226418131e+00
nan	3.207003337739749993e-01	-3.323656534564182752e-01	2.919208831368598211e-01
nan	1.533068092506694458e-01	-9.502499599321391210e-01	-1.662722380269307854e+00
nan	-4.332280724304600761e-01	-3.034082841256200425e-01	6.577302186864542044e-02
nan	-1.122611476730881241e+00	-1.583626951892776136e+00	-7.485432425962287306e-01
nan	-2.188815152681484300e+00	-7.563431958932519406e-01	-1.212655300397086577e+00
nan	-1.327708424382775032e+00	-1.155679523019075505e+00	8.381545274276841484e-01
nan	-2.996661971554204662e+00	-8.942096014482563415e-01	-1.447744718409400833e-02
nan	-1.216609813522806949e+00	-8.693211821280747431e-01	-3.337167385739883141e-01
nan	-1.280365361020820991e+00	-1.773954784336348123e+00	-3.709485081056904110e-01
nan	-1.175885689038973503e+00	-8.754519093388209994e-01	-2.408423479411266221e+00
nan	5.521369136155216406e-01	3.289830267642742667e-01	-1.730537911455930722e+00
nan	1.147405422110378215e+00	-8.519984306559928999e-01	-2.732858524091074104e-01
nan	-9.788287941426698779e-01	-3.818161250978223675e-01	8.046359538004648204e-01
nan	-1.402080710387158202e+00	2.154952781841165788e+00	-4.004046759144946344e-01
nan	1.496348579296937764e+00	-2.200631491757538694e-01	2.838487981711891983e+00
nan	7.695788408762465060e-01	1.773468069471514585e+00	5.400740520958330348e-01
nan	1.481332422053011522e+00	1.628487229058309893e+00	1.787087836151418863e+00
nan	2.678824729560470352e+00	-2.527086029599684425e-01	1.987002125976795597e+00
nan	7.334040111279347407e-01	3.540516412898564447e+00	2.695650280102744212e+00
nan	2.858505202011381918e+00	1.704620482485760480e+00	2.277876520008275119e+00
nan	1.282618928856700702e+00	5.138910627502449868e-01	-1.018277123123842998e-01
nan	8.433288743703251100e-01	6.106366514851182536e-01	-6.578001110852804700e-01
nan	1.356872728307039200e-01	6.083102709144108111e-01	-1.686336162858731669e+00
nan	-2.740953469526340447e-01	-1.455313963222300888e+00	-4.194551542548091705e-02
nan	-7.862366097368174156e-01	-2.187086301231591090e-01	4.401928398599737058e-01
nan	1.064951428166826197e+00	-6.464988503240702844e-01	-8.567603038343610811e-01
nan	-1.041030208522442324e+00	1.150455327333990141e+00	5.341080720380734226e-01
nan	2.560210064485608505e-01	-4.022842170684302887e-02	2.362545327568295050e+00
nan	9.201305112074380510e-01	-5.554259801424288323e-02	2.032352760991575358e-01
nan	1.691176193082937429e+00	1.484317635592099283e+00	-1.326731054039236302e+00
nan	1.707347902264301664e+00	2.955845049983098605e+00	-3.963652862256433207e-01
nan	1.482787742514720009e+00	3.015495950471931419e+00	1.116143493908460238e-01
nan	1.603544536130240505e+00	5.514153862094846037e-01	1.497079646995032931e+00
nan	1.709621170720494909e+00	-9.968962674175996241e-02	4.771051811120290420e-01
nan	-9.884794534689067547e-02	-9.659157096378556684e-01	1.605713493910930101e+00
nan	3.327714273763544561e-01	9.614362912374050385e-01	-1.217244805360664150e+00
nan	-7.940238651380615575e-01	-4.828974701735593289e-01	-9.474471508440150957e-01
nan	-4.950691209310711383e-01	-3.397635163832852800e-01	3.896963393597346892e-02
nan	2.598036614537212241e+00	-8.573995093579533933e-01	-6.712517353716173085e-01
nan	1.914862173705305981e+00	5.061135055021346307e-01	-1.558920389850318333e+00
nan	5.298953938536843378e-01	3.784445849843860010e+00	-3.785802316266681511e-01
nan	3.862909934284756153e-01	-6.585193631823453853e-01	1.140266692675235616e+00
nan	7.224171433879824633e-01	-1.582286566859520960e+00	1.926467084541936714e+00
nan	4.265204503413421167e-01	-1.988124175065725252e+00	-2.490596172002121356e-01
nan	-3.936584356412579089e-01	5.534720144956979393e-01	2.070121605203978365e-01
nan	-1.503763364338166486e-01	1.355335842089674947e-01	2.552056165278362987e-01
nan	-1.668946618227442835e+00	-1.139951499884601205e+00	2.154182233481639397e+00
nan	-2.139522593717619436e+00	-5.607122112111132539e-01	1.284778576573729625e+00
nan	2.882805399624225329e-01	-1.867612660930701995e+00	1.813262581189261369e-01
nan	-2.105394994429658162e+00	-1.289623456828077774e+00	1.222254718325530565e+00
nan	5.867717950484705458e-01	-4.068714173712281168e-01	6.294350328690151430e-01
nan	-5.681415632686686035e-01	1.341794790767714407e-01	1.629285690710523760e+00
nan	-2.184629983160458755e-01	-1.646941495586085269e+00	1.325376198825625185e+00
nan	-8.706530478186150779e-01	-1.022929738517917020e+00	-4.881310920434206446e-01
nan	-1.618495910766081902e+00	-3.942750875962800494e-01	-2.548519470541346088e-01
nan	6.716721162424117431e-01	-4.176851150237703703e-01	2.971264184176617418e-01
nan	-1.295569654829241690e+00	2.069176476634548401e+00	4.441764124714268624e-01
nan	-6.964452238540741469e-02	4.983353113600910156e-01	2.088716977056336965e+00
nan	1.256408987397254151e+00	1.883452684045586745e-01	-1.745156347958648491e-01
nan	1.451667264493824883e+00	2.749159517146000375e+00	-3.869730196893663710e-01
nan	1.100426004444137407e+00	4.060935010933295342e-01	3.041890600849384008e-01
nan	-4.190111967457066378e-02	1.282646733488293833e+00	-1.529367904625383412e+00
nan	-1.943628661408119518e+00	9.643252870996226189e-01	1.801890818955154350e+00
nan	3.398255372510079475e-01	-9.174354717399909598e-01	2.032024943951771689e+00
nan	-9.808524745975713000e-01	8.945100696861014722e-01	-3.238622594458822057e-01
nan	4.281903771727939567e-01	1.228293005783279268e+00	-2.480957739336545897e-01
nan	-6.664659072020969743e-01	3.082138302101339988e+00	-1.035317879568356525e-01
nan	3.150793407595009477e+00	6.567098915133624537e-01	1.274287594905466614e+00
nan	-1.052301004902087556e+00	1.024039509818363891e+00	3.129096294080932594e+00
nan	1.660663576645283079e+00	-2.035092953908887448e-01	1.752125544939492574e+00
nan	1.454293314667479020e+00	-1.950584328967637227e-01	6.055690273554459324e-01
nan	-5.678611387667500399e-01	8.646270597234775313e-01	3.467061043424728428e-01
nan	-3.677911182352123776e-01	-2.838661052255803119e-03	3.254260582059276818e-01
nan	6.270500140878407791e-01	3.965609515384271311e-01	1.199150739529479370e+00
nan	1.187594481849421957e+00	1.749083819969502684e+00	6.855392332841363512e-01
nan	1.776643035372432067e+00	-9.147695712788286304e-01	6.103962625648139406e-01
nan	2.238659310406344805e+00	3.003177920031877002e-01	2.262272623139550687e-01
nan	1.454234321453026002e+00	1.971968756510296128e+00	-1.571729312356731967e+00
nan	-7.869816318841054148e-01	-1.171509301755126797e+00	-9.367029835189828457e-01
nan	-8.888096423665217127e-01	-1.657259664991036052e+00	-1.411902264435701770e+00
nan	-6.917717406834321681e-01	-3.013605805734171472e+00	-7.779016845589734608e-01
nan	-1.844655231765020220e+00	-4.023614340234537012e-01	-1.078844421340073412e+00
nan	-8.075659181443267665e-01	-1.710369542835012524e+00	6.812976486272419585e-01
nan	-1.009782794860058619e+00	-1.972363122622909692e+00	-1.606087096038719908e+00
nan	-8.194374804791304534e-02	-2.186620418065510663e+00	9.496372306740055169e-01
nan	-3.527598512599803726e+00	-1.330080546578212175e+00	-1.172594456309947075e+00
nan	-2.665692587271400793e+00	-1.810539129908827816e+00	-3.195477731286278100e-01
nan	-1.623903245324991751e+00	-1.619284688120250948e+00	5.089520964246313506e-01
nan	-4.240637657440383124e-01	2.344751486766423199e+00	-5.222160551877638168e-01
nan	1.216158094932763944e+00	-3.967958963141182682e-01	1.989702043226218686e+00
nan	-7.817650342985099643e-01	8.194409425730120322e-02	3.407571390995318694e-01
nan	8.326418139367658400e-02	-1.505487001139111713e+00	8.453477093167554024e-01
nan	-1.064128658614833522e+00	7.011390114428572851e-01	-2.319483440746772374e+00
nan	7.283157418630714641e-01	1.398689109924257767e+00	1.754030528370597031e-01
nan	2.039019958319981396e-01	1.622451332319044592e+00	5.880831267270938412e-01
nan	1.076338109589805025e+00	4.140509562845567926e-01	1.023445356371371684e+00
nan	1.324735127128969125e+00	6.466539654969767348e-01	2.474400554107829109e+00
nan	2.342693010575612078e+00	1.368675122749094752e+00	1.394069043880971082e-01
nan	1.429513126663326528e+00	1.180353181627900927e+00	1.435949714586304271e-01
nan	-8.849179374267205356e-01	-5.480317135642609472e-02	1.653457009539974987e+00
nan	2.305455745048881955e+00	2.267782055182717693e-01	-5.537242472445773611e-01
nan	8.751332643405198564e-01	1.277880144754922398e+00	8.847303332728505554e-01
nan	-1.666004726216585574e+00	9.674641703844951701e-01	-3.570342712272217556e-01
nan	8.337422441902924142e-01	-5.547420586009126353e-01	7.898174410109599641e-01
nan	-3.786804051086468115e-01	-1.823394850147410429e+00	-1.237116763652878759e-01
nan	-1.359072140040279431e-01	-4.488974504331932902e-02	-2.664715451464167995e+00
nan	-2.282369185838752035e+00	7.235918492884103603e-01	-1.796395668763448805e+00
nan	-6.342107388001707591e-01	8.382753974347980641e-01	5.817619705909895522e-01
nan	-5.571545321562587638e-01	-7.494214789419714751e-02	1.389624220204311200e+00
nan	-9.468700970917596216e-01	-4.188877322902438416e-01	1.134341251406878248e+00
nan	1.527261347690128945e-01	9.155190793484925260e-01	-3.683655890336129390e-01
nan	-6.667706458445490370e-01	-8.044452116140901055e-01	2.548291047041812973e-01
nan	-2.423348243570900173e+00	1.260342450461678254e+00	8.338060254170506780e-02
nan	-7.319331447995781614e-01	9.111548532585717064e-02	1.094941828162780073e+00
nan	-1.055772892410294705e+00	-3.787616738049386367e-01	2.182367262731963464e+00
nan	1.753913521715896318e+00	-3.416162247054616019e-01	9.044000661148434705e-01
nan	2.587164720768722059e-01	9.399882265274597248e-01	-2.339217214790542121e-01
nan	3.050296027774809016e+00	7.153144223898049159e-01	-3.690618020336363103e-01
nan	-2.825563668102994974e-01	2.384961129450207551e+00	1.959861636144017538e+00
nan	7.570802214416941789e-01	-9.801457476474129127e-02	3.700996716351655502e-01
nan	-1.006275013019606313e+00	1.016313075004932953e+00	-6.243360609418281415e-01
nan	-4.698161032091451861e-01	-2.959627024104596327e-01	4.759936031612074236e-01
nan	-2.195766206289565814e-01	-2.367261047899050119e+00	-5.345171453456155630e-01
nan	-1.908342509104140827e+00	-1.759462830252612298e+00	9.594941666613647779e-01
nan	-1.159573083259586523e+00	-5.450977226820756805e-01	-1.022334194334634905e+00
nan	-1.588809265079074162e+00	-1.494779092757695604e+00	-6.554304683511398277e-01
nan	-4.071692108370055241e-01	9.896479648152466391e-01	9.214628824498194426e-03
nan	2.190370381661286836e-01	1.391180925384136957e+00	8.796374475202911603e-01
nan	4.940100196820745304e-01	1.637700941563949630e+00	6.641653519622753299e-01
nan	2.609055590607785913e+00	1.503522461142698496e+00	1.680026617421742863e+00
nan	1.485245498759169891e+00	2.474419336612108111e+00	2.527874466378402296e+00
nan	1.549167998234319388e+00	3.571552525738626471e+00	8.758441791169551127e-01
nan	1.375150519234795921e+00	1.969230414126449835e+00	6.097022558115000601e-01
nan	2.601325772603914288e+00	1.354574909281715867e+00	4.175978306208216750e-02
nan	2.050957207070801536e-01	1.205950686716386500e+00	-1.777539353368926101e+00
nan	-2.180976770806145826e+00	2.067136269545954086e+00	-1.049932844186714842e+00
nan	-1.293601854751754709e+00	1.476450988267565378e+00	3.218203623128692015e-01
nan	1.220038336910282961e+00	-9.015340593358724952e-01	9.400449810449937882e-01
nan	5.802338109365109409e-01	4.772337821969838134e-01	-1.574070128090095499e+00
nan	6.007474308884974690e-01	1.555014346910994938e+00	-1.977085550197630326e+00
nan	-3.263131465350543325e-01	3.636209825953045649e-01	-1.085134341364185406e+00
nan	9.764234775902490560e-01	9.712803873670355914e-01	-1.707810482772650795e+00
nan	-1.106003563909705001e+00	9.960775225657390042e-01	4.881538719611344113e-01
nan	-1.487454528388823638e+00	-4.246509757072582381e-01	9.768036741978669557e-01
nan	-1.225695579756131970e+00	-8.182897124167398673e-02	1.940792800400489959e+00
nan	-4.179064340732602245e-01	-1.017797494329084174e+00	3.439476060250236666e-01
nan	-4.938862458790025389e-01	-6.159409238849062884e-01	1.355909887564838545e+00
nan	1.343041164780445440e+00	-1.611568382385230314e-01	-2.333024542275544455e+00
nan	9.047877696341837250e-01	-4.326893055841607438e-03	-1.322925218027014793e+00
nan	-6.636051911282980775e-02	9.242904847627859688e-01	-1.178612094462840210e+00
nan	-1.413236293373304031e+00	-1.259275787885582254e+00	2.216045566184510762e-01
nan	-2.352029823378373408e+00	-1.653802572842023366e+00	7.453624757280767898e-01
nan	-1.425949185562324972e+00	-7.505306530847764002e-01	3.529754480721704057e-01
nan	7.366191713354139914e-01	-1.813809301007300867e+00	1.125104415646256850e+00
nan	1.304694035783485306e+00	2.841335065592932030e-01	-3.726782654581335952e-01
nan	-9.947718946432981824e-01	-5.762643815518773138e-01	-9.780916756963166092e-01
nan	-4.920538624085924462e-01	4.769941265548077181e-01	8.037063383635809632e-01
nan	-4.118010911082786163e-01	-8.136576543655646976e-01	2.267752600593042622e-02
nan	-1.237397608641598978e+00	-5.036844853930290133e-01	-1.900033956953112169e+00
nan	-2.089950434196838458e+00	-1.483247808265176215e-01	-1.491069030493429093e+00
nan	1.058489546943224058e+00	-1.108668284638392398e+00	-1.167248875482758796e+00
nan	1.461568559641429621e+00	-7.298971134100490366e-01	-6.431674746211181182e-01
nan	8.084334348141052340e-01	8.242059665744827512e-01	-1.008428266808863105e+00
nan	1.046035712428895620e-01	4.878738171644686483e-01	-5.244509547062315979e-01
nan	-7.178611798354743723e-01	-3.114009467477699689e-01	9.737020830264357940e-01
nan	1.825484620380484480e-01	-1.734756331778137539e-01	7.581334211350167218e-02
nan	-1.699398161717922129e-01	-6.074181449791221654e-01	1.447518838071295555e-01
nan	-9.237242303663977250e-01	2.343612031133899265e+00	-4.816934327713786046e-01
nan	1.857493317191333926e+00	-6.576275567912763798e-01	1.271198303617064207e+00
nan	3.634752084798020810e-03	-9.589677381942738332e-01	2.682408755663404420e+00
nan	-1.894881587053488525e-01	1.512010070908880177e+00	-6.165471094720953449e-02
nan	1.928998046708856107e+00	-3.430976392833151034e-01	3.316667869785205891e-02
nan	2.334299799456982960e+00	-1.191259155673086489e+00	1.145610607052728103e+00
nan	7.323462159465307098e-01	-1.905791028233631557e-01	3.412811151020145872e-01
nan	6.659598739540096846e-01	1.719336196972165887e+00	1.027849755419417033e+00
nan	4.321411379565035515e-01	2.145943397950775822e+00	8.677391320467785496e-01
nan	1.522392338754572583e+00	5.332880361840333094e-01	1.356294271838105248e+00
nan	-1.995907865539239934e+00	-4.752725838303000216e-01	-4.820714172752615934e-02
nan	-2.094160220719995635e+00	1.187027356058608873e+00	5.441450495766561035e-01
nan	6.115509445727345117e-01	-6.437805161277999622e-01	-5.537990320958819934e-01
nan	7.456950621435329829e-01	1.151567326819590509e+00	1.023563686460932654e-01
nan	7.446558546280561686e-01	2.742082239121553577e+00	1.369747066045479134e-02
nan	1.555568678049404685e+00	-1.573241039441206635e-01	-8.819108656284028180e-01
nan	2.881963727561930866e-01	-1.270100753144577932e-01	-3.759897733616198723e-01
nan	7.736050260407897339e-01	1.047518021178769354e-01	2.860763275776293524e-01
nan	1.136127938943349847e+00	3.034372998971867741e+00	6.874786723874563854e-02
nan	9.101319804957320736e-01	2.911363223301033365e+00	1.523662456234645468e+00
nan	6.327742475901425578e-01	2.302635342110866290e+00	1.194004586209747032e+00
nan	2.126710742035535784e+00	6.938819817302310788e-01	1.289605993710151832e+00
nan	1.658199206667060555e+00	5.941890238693239290e-01	-2.051579372255834866e+00
nan	7.904673857555709615e-01	2.549232035096027360e-01	-3.064901412771625644e-02
nan	8.939507074996029257e-01	1.701803272053348470e+00	1.333734629960657170e+00
nan	8.906413657671878870e-01	-8.958812448085751168e-01	4.993037694468216436e-02
nan	1.079077945453311482e+00	-6.371513464280577077e-01	-1.165045571434415894e+00
nan	-2.212376029737661121e+00	1.762722843579533905e-02	-1.266440344098788362e+00
nan	-3.832336118505291767e-01	-4.910790376028895121e-01	4.245257058381575188e-01
nan	1.005181761200509838e+00	6.030529617361191086e-01	1.332810388979402738e+00
nan	5.778003243443807779e-01	1.232316975058641573e+00	2.122605356086624262e+00
nan	-3.246930872487177044e-01	9.445396078626939751e-01	3.253078892613975981e+00
nan	1.018694993885554290e+00	-6.401344225957922296e-01	-9.854565775514629866e-01
nan	1.118934421768840171e+00	9.928325765363630317e-01	1.889580639756583968e-01
nan	1.343311517138302769e+00	-3.720371080829765198e-01	-1.669168409798168495e-01
nan	-1.459980226285475080e+00	-4.950559492465034239e-02	8.936243640293379809e-01
nan	-7.144100341888683925e-01	-9.022420555047330204e-01	1.198325508094492675e-01
nan	3.926534155572685147e-01	9.177265321459970870e-02	-5.751034645536032830e-01
nan	-8.673243528425139681e-01	-2.519655942038408813e+00	-1.325742382230949534e+00
nan	-3.022339402093665583e+00	-3.706883982212257900e-01	-1.286712226269756121e+00
nan	1.225027888406216903e+00	-4.776117898634165693e-01	-1.998278306792568237e+00
nan	-1.388215715408994910e+00	6.934721898379634375e-01	-2.557398316087267642e-01
nan	1.613133880746804527e+00	7.424762928916125437e-01	-1.286991582501556763e+00
nan	-2.395995639614332817e-01	1.557882698053765891e+00	-3.932217948759312298e-01
nan	2.179501961417272815e-01	3.707710802490845614e-01	-6.079044272435996099e-01
nan	1.098707100307157791e+00	1.805002340870109467e+00	7.604693236444216575e-01
nan	-4.870850324307540724e-02	4.276361513122652891e-01	1.211547934744368060e+00
nan	-1.164581117664639232e-01	-2.132165664750699796e-01	8.308086528497824474e-01
nan	3.071052162012885001e-01	7.513289005027597167e-02	-1.268276157771934365e+00
nan	6.275340223306060672e-01	3.852377523446978702e-01	-6.377802468122298896e-01
nan	-1.584797954795316821e+00	6.504747838488829093e-01	-1.182892997885053088e+00
nan	-6.855487251814988969e-01	-3.831578025502977436e-01	1.768929595705390101e+00
nan	1.921495675082103727e+00	-9.949852741211047125e-01	-1.198331262950914633e+00
nan	-1.179712687766965029e-01	-1.609515429907633743e+00	-8.432105953872517379e-01
nan	-2.087336623794504575e+00	-2.561788675028690232e+00	1.106437104923247983e+00
nan	-9.630651738228899195e-01	-3.117541889483228523e-01	-5.973024322925621910e-01
nan	-3.385988549034390505e-01	-1.017542652719222174e+00	8.115337365144666970e-01
nan	-2.400742835806822129e+00	-6.956554939771780743e-01	-7.709138619343006704e-01
nan	-2.147498449761624517e+00	-5.408602607065575718e-01	1.172046674566791458e+00
nan	-5.757489127911155080e-01	-8.064657025640581400e-01	5.616874610635749221e-01
nan	-2.298987280763687302e+00	1.339867712256055388e-01	-9.164389083414367088e-01
nan	-3.145595379254880752e-01	2.023519405682684180e+00	4.756285654041119138e-01
nan	1.689599614973704256e+00	3.200466071989502836e-01	-2.615665971882311647e-01
nan	1.032369003952108288e+00	1.148220033937228379e+00	-5.192579606037865947e-01
nan	1.515712241106113467e+00	1.268481156602548232e+00	7.107373549998445561e-02
nan	2.735014969666411666e+00	1.341225488337654648e+00	-7.590784083443713470e-02
nan	4.550395617209177512e-01	1.279538735579076603e+00	2.212784242512269850e-01
nan	4.217525159056452200e-01	1.979517748337461525e+00	-9.644432990915009496e-01
nan	2.787330907740446229e-01	3.206917848636786639e-01	1.779187829276317689e+00
nan	1.077319783090656458e+00	1.959336850854471290e+00	4.583360496592216449e-01
nan	1.228257095998241955e-01	5.309788956831688056e-01	1.999032165773615199e+00
nan	-3.548923798831669085e-01	-2.744513480849229969e-01	8.220960563383836739e-01
nan	-1.783858673593647470e+00	-1.892466827302748955e-01	-8.907140320056567973e-01
nan	-1.697182451897333966e+00	-4.128639852668202215e-01	-9.671877681050765618e-01
nan	-9.809490146913021347e-01	-1.388598013514698692e+00	1.235434119028480993e+00
nan	-1.170766329258014604e+00	-1.462455584736290337e+00	1.637939016906915790e-01
nan	-8.759208214261898773e-01	-5.174037683377608055e-01	-4.173660164403987793e-01
nan	-1.072920151633307784e+00	-8.218017312869846380e-01	1.357745931208538703e+00
nan	-1.300175062147574501e+00	2.980426194006248197e-01	1.019905568151907138e+00
nan	-1.908644538810728986e-01	-9.165982675633828070e-01	1.810027374838748093e+00
nan	2.030200624594091785e-02	-7.486555330006430253e-01	2.730782749267188780e-01
nan	-1.965724895507278136e+00	-4.851357605336119594e-01	-5.020484146863923858e-01
nan	-6.143893726341582706e-01	-5.593239733123291924e-01	-1.279464434906798065e+00
nan	-1.178797909066961802e+00	-4.163344103656710926e-01	-2.454475350960486413e+00
nan	-7.740624650805025819e-01	-2.815235996771985327e-01	-6.391223336441067548e-01
nan	4.018660997697851567e-01	-2.008752124212308310e+00	-8.849544730165581630e-03
nan	-1.674413589315244755e+00	4.835637944219491891e-01	-1.274242443809166847e+00
nan	-9.937851172654075249e-01	1.452881624888773926e+00	-6.146458894875178602e-02
nan	-8.585112555878596785e-01	1.988634938210016356e+00	3.315594388387990143e-01
nan	2.210355841733722126e-01	5.855797648595104654e-01	8.464893593122880810e-01
nan	-1.209516400378510825e+00	-5.057638210773923726e-01	1.780089696025055401e+00
nan	5.050185992612576946e-01	-2.090026849740356685e+00	1.711819744874288229e+00
nan	-1.441568496259297616e+00	-9.723984837929754432e-01	-2.006851370673820301e-01
nan	-2.477016784809303651e+00	-6.618426014263676382e-01	2.926566194061570036e-01
nan	8.134306248990539334e-01	-1.104834212412078909e+00	-1.933368529232762922e-01
nan	-6.762186478421411406e-01	-4.903744418354880619e-01	-1.513410063389798665e+00
nan	-1.332461682147386473e+00	-5.265451814165564848e-01	-4.142944970573093633e-01
nan	-8.209841850397148200e-01	5.491145143302701426e-01	-2.467225887429682185e+00
nan	-7.329629010479794538e-01	-1.347651353470966429e+00	-1.908107579256301256e-01
nan	3.054018656451662483e-02	-1.250550858993428327e-01	-1.766736130537582827e+00
nan	-1.601725260346994473e+00	8.318146843083994435e-01	1.205276386906084962e+00
nan	-6.003396151087629917e-01	5.636067161501125966e-01	-5.121533809720102415e-01
nan	2.139910832730405499e+00	-2.804694630099464625e-01	7.730102314689542009e-01
nan	2.137776364837368437e+00	-5.666414866045332843e-01	-2.690517094394899722e+00
nan	3.030777088604292291e-01	9.349509636466638574e-01	-9.726097896682850408e-02
nan	-1.119351900929143051e+00	-7.644262845537463935e-01	-1.087723726712547245e+00
nan	-1.730720244773618521e+00	9.730506273189720723e-02	-4.626609363077983650e-01
nan	7.445928998440787261e-02	-6.999422175813304614e-01	-3.565632289155011847e-01
nan	5.883890601421037925e-01	1.149547732154475033e-01	-1.585725483587639539e+00
nan	-6.251272593627635876e-01	8.716813324561318854e-01	8.051851732262709227e-01
nan	-1.973254602161974569e-01	1.322583713435834696e+00	-1.696844309828996478e-01
nan	-1.290972327661708885e+00	5.373112024935131625e-01	1.797907704799431183e+00
nan	2.380678346623177344e-02	-1.935845375006571278e-01	-6.913867200176706529e-01
nan	-4.813069744353180024e-01	-9.209471039117533842e-01	1.407493656424655404e+00
nan	-9.658545809514086367e-01	-1.700682676061297638e+00	-1.859668058641149591e+00
nan	-3.330942862166443419e+00	3.404774351819649381e-01	-1.812125883684528427e+00
nan	-5.363939697222671610e-01	-2.278787361820758584e+00	-1.539207730797305329e+00
nan	1.661208816046673142e-01	-1.971191810459640426e-01	-8.771316851311466989e-01
nan	-4.295658810016551588e-01	6.072470404780710984e-01	-1.432954069012745357e+00
nan	-1.502633521559099350e+00	-1.458964148872448741e+00	2.733819586728851725e-01
nan	-3.337955689858364550e-01	-8.112488150360956940e-01	4.873145080039973931e-01
nan	-1.286123746578944571e+00	-5.847479519435682116e-01	-1.088045165470843817e-01
nan	-9.558871356769830241e-01	-3.805335049270153203e-02	3.022915441687497595e-01
nan	-1.561460798618449886e+00	-1.382229398522766273e+00	3.662500609199948604e-02
nan	-1.207994085822390762e+00	1.331595210556612008e-01	-1.612232978923663795e+00
nan	-1.427845658389501171e+00	1.127799323507436613e+00	1.482266887812861533e+00
nan	-3.404275567532793478e-01	-3.162187128878412024e-01	1.234688729957759135e-01
nan	3.044672784974711277e+00	2.643753946825531109e-01	-1.057964326111580755e+00
nan	1.898624278122319042e+00	1.604199247525307959e+00	-3.369885475894078830e-01
nan	9.581412660558341621e-01	-7.780263310726720505e-01	2.131424542011068457e+00
nan	1.389288106306704851e+00	-5.277179614311535705e-01	9.444348012148886529e-01
nan	5.133610696454712352e-01	6.871732386862661190e-02	1.796578657817410329e+00
nan	2.298884357776566745e+00	3.260102441542985785e-01	1.890412742539028690e+00
nan	1.797995099020436083e+00	1.672142755086668098e+00	-5.379334870850798200e-01
nan	1.153862172923455720e+00	2.400602068117900334e+00	1.951898685963100899e+00
nan	1.751924230117343440e+00	8.416440189373569636e-01	1.843988591379689623e+00
nan	3.890351806013125913e-01	3.090305654484337694e+00	1.242013287345026251e+00
nan	6.216732915548949245e-01	3.032294788865817381e+00	1.496242630106609406e+00
nan	2.791875441438796290e+00	1.769913132949568091e+00	1.230289521050605073e+00
nan	1.476245304187932428e+00	3.370222708162748937e+00	5.080572435429744349e-01
nan	3.147136385906881273e+00	1.862221517904855350e+00	1.883999842462808383e+00
nan	1.706217266371931274e+00	8.622662836609711334e-01	9.326228646424301605e-01
nan	1.852310752696880281e+00	1.019592177745428874e+00	-1.259077167690719090e+00
nan	1.401935363855347116e+00	3.559147360395336079e-01	-7.657081620691019719e-01
nan	3.651959633156591778e-01	1.886261611051958553e+00	-1.543424274894539261e-01
nan	3.377821268641310049e-01	5.192826199667117670e-01	1.175374795002430250e+00
nan	-1.209077179076178954e-02	-3.615465446879593259e-01	-3.085829501136201358e-01
nan	-1.698101558559856006e+00	1.235050811596179132e+00	6.994655154492799287e-01
nan	-7.194988534921141488e-02	9.943624456824343150e-02	2.641207779665680211e-01
nan	8.311705715239240400e-01	-9.008249269239421153e-01	-6.521533075376125810e-01
nan	-2.624860101552945468e-01	-1.600598716274576894e-01	-4.736558560607159185e-01
nan	-4.028245680308847887e-01	6.542909301788288889e-01	1.337344322160641807e+00
nan	-6.093026189270029924e-01	-6.711377142061055734e-01	1.720504322148023846e+00
nan	4.145692765453572459e-01	1.917319652153656850e+00	-1.257510565266371838e+00
nan	3.587819337409767773e-01	1.478611345685931333e+00	-7.357377338115275167e-01
nan	1.495570340181165692e-01	3.480748751961781906e-02	-1.769268832991917506e+00
nan	7.018452743993720544e-01	2.108690068714340171e+00	-1.846675309233163809e+00
nan	-2.308357531093247594e+00	-6.178406417107540349e-01	-1.446923949995976733e+00
nan	-2.864774441822418360e+00	-1.085984557538806738e+00	-1.353885197932916951e-01
nan	-1.653382439886217581e+00	-2.368882400174613601e+00	-1.222478780803231135e+00
nan	-2.091662998078577917e+00	-8.674937228231238695e-01	-6.508862779687939470e-01
nan	-1.604948443393401369e-01	-6.807897816856101070e-01	3.158423836043989241e-01
nan	6.415525094303460296e-01	5.933290690237784659e-01	-1.975454615794529856e+00
nan	1.314338396756540295e+00	1.104919650113980412e+00	1.591725005671311699e+00
nan	4.667893220464446324e-01	1.849999705023007479e+00	1.608910229851861828e+00
nan	-4.191216631595637843e-01	5.685545237326493639e-01	3.024565451842461172e+00
nan	1.318748986828118142e+00	1.040207565625715036e+00	1.613837394625341481e+00
nan	6.810849358429016398e-02	-1.148221387652353709e+00	7.447890735409488094e-01
nan	5.674719735573072743e-01	-1.486502535842318951e-01	-9.873910422440087542e-01
nan	-1.844772882185580887e+00	3.575388179251494103e-01	-6.827344048241862362e-01
nan	-9.709823526334164789e-01	2.313372991657443589e-01	1.356991664337833248e-01
nan	-7.442117096375799878e-02	-1.999398459974821574e-01	-3.091845347569630031e-01
nan	-1.911157041794793177e+00	-2.510600198649193260e-01	4.152177750459967731e-01
nan	-2.924937972857085011e+00	-1.919498373951640691e+00	4.435632376300806534e-01
nan	-1.480149571142807430e+00	-1.812408113802449261e+00	4.290549922248376724e-02
nan	-1.179326795345299050e-01	-2.138061720478506178e+00	-2.346731805775374102e+00
nan	-1.929612587764926834e+00	-1.524018782384266801e+00	-1.546095947147958061e+00
nan	-2.446094630086390609e+00	-1.035858026898930362e+00	-3.464980151591727786e+00
nan	-1.635589062934008631e+00	-2.178257058668364721e+00	-2.161004638717427540e+00
nan	-2.050062790319649331e+00	-2.811788212464691572e+00	9.051120606519940104e-01
nan	4.999428979732367662e-01	-1.865237189926090888e+00	-1.793979646269795447e+00
nan	-6.869406119914287512e-01	-9.576286966133977785e-01	-1.586206768776828202e+00
nan	-2.334461373687878316e-01	-1.379602909605765371e+00	-1.450077774249020734e+00
nan	-1.875982580355397111e+00	-1.806002038624827000e+00	1.835199192119724154e-01
nan	-3.164095574187241855e+00	-6.176912725933986215e-01	-9.659466467902191322e-01
nan	-1.418736004954090912e+00	-5.105358144751792615e-02	1.174939012573804842e+00
nan	2.537873388606450287e-01	-6.584013143681679558e-01	7.469675971053113539e-01
nan	-2.354082122670398680e-01	-1.250168068960873236e-02	1.841954548928761426e+00
nan	5.181564204562258968e-01	9.894885252496624650e-01	5.990270645268640504e-01
nan	6.254993013963857651e-01	-4.522230400760038904e-01	1.140469075788985931e+00
nan	-7.315427001952544694e-01	2.811812255131424659e-02	-6.108772539645844768e-01
nan	-1.193985321621968021e+00	-4.746448163175526203e-01	1.268620658674554091e-01
nan	-2.986802415492101348e-02	-3.395384716113666324e-01	-1.181273225351133993e+00
nan	-2.235170303038507278e+00	7.063475186159249297e-01	-9.628176890973878521e-01
nan	9.651749638053230829e-01	-2.794781654300793061e-01	5.983887933200369158e-01
nan	-1.382653797451546929e+00	1.215699829714401492e+00	-1.203560956823318095e+00
nan	-7.471604054795336625e-01	1.241717253999565340e+00	-6.370726288093028211e-01
nan	6.610401312976986743e-01	-1.339860951195662953e+00	-1.616007559105993918e+00
nan	-1.767096435173266311e+00	-1.515724598155248293e+00	-7.738577432427320435e-01
nan	-1.422495804959102328e+00	-1.888913294280284205e+00	-2.668916465157811224e-01
nan	-8.021314070379454986e-01	-2.000623247700039631e-01	2.166056432217501326e-01
nan	3.480304552369735127e-01	5.922975674929100709e-01	-6.031348714791040511e-01
nan	-1.769779378694346539e+00	4.329309212034071486e-01	1.883014217663535883e-01
nan	-9.910729147520960236e-01	9.227200245847044791e-01	7.411597602933352180e-02
nan	-1.772983783873336217e+00	-4.503839339348639781e-01	-1.548449478446781713e-01
nan	-2.227237652729276540e+00	1.727845715855897968e+00	6.189431273569351299e-01
nan	-3.321792194958756994e-01	6.724400571569437712e-01	1.024072922610014036e+00
nan	-1.302602838099490512e+00	1.173584315933204669e+00	1.589362376374023889e+00
nan	2.177656139799542867e+00	-1.089270463267863365e+00	7.840215356648640999e-01
nan	9.668672399478324131e-01	2.104471075167992922e+00	8.934460499181411386e-01
nan	1.082190452711401463e+00	1.388860091653937090e+00	2.016761594275036096e+00
nan	2.220568440397590049e+00	1.280665022401563879e+00	1.645784375183752202e+00
nan	-1.428162690395013978e-01	1.869222193289332701e+00	-4.510934242121676929e-01
nan	1.686980859786674447e+00	-1.553515175850064267e-01	2.462046303606299225e-01
nan	1.129689339199845044e+00	-2.751280841818848910e-01	-1.736391968883703452e-01
nan	-1.186857169107980781e+00	4.283256354259774579e-01	-1.535231276207280837e+00
nan	-3.994023035641751096e-01	-1.474926751047535678e+00	8.711013968470588953e-01
nan	-8.573192505345639258e-01	3.425891052073981591e-02	7.461005473870055416e-02
nan	-1.506738094030618536e-01	-1.554135856077824007e+00	1.329696931050374564e+00
nan	7.291839892743995355e-01	-5.911644802887860983e-03	8.938507610786744495e-01
nan	-3.264010400321216143e-01	2.264516539889967817e+00	3.448758143497548390e-01
nan	5.196561848807678130e-01	1.167360337383258839e+00	7.157435329610700725e-01
nan	-1.799792302076225203e-01	2.342371672008501271e+00	2.130777013750567495e+00
nan	9.800244937626632069e-01	2.033852944801597395e+00	8.228687005863304371e-01
nan	1.124872544589133216e+00	4.719059641449915854e-01	5.589197688431668531e-01
nan	1.317277345413471634e+00	-1.725927859296063627e+00	1.648707259066078734e+00
nan	-9.046117006321137133e-01	-8.373221081033059843e-01	-1.618923503642484940e+00
nan	-2.551390830291409895e+00	-5.317819910889853841e-01	1.252684291850206133e+00
nan	1.260536782874638106e+00	-2.575768120347363688e-01	4.238077481157830340e-01
nan	2.016044864189490582e+00	5.484907815062878278e-01	-5.755250081164856590e-01
nan	-8.524071008390533555e-01	2.543272252893147289e-02	4.212418390585246364e-01
nan	-1.677575677544592025e+00	-7.446474787080727964e-01	-3.730815400509319701e-01
nan	-1.809322449762940765e+00	-1.582832796684154886e+00	1.420796041084788075e-01
nan	-1.115814593543515310e+00	-8.045431761996391096e-02	-6.239429918199594916e-01
nan	-8.439987775252668634e-01	-8.454629106035517205e-01	9.195494337634154691e-01
nan	-3.485686465114564703e-01	7.004117658319248818e-01	-8.803416589758190636e-01
nan	4.193877425254579627e-01	-4.142395830630721254e-01	8.943367421169186038e-01
nan	1.200139904063581620e+00	-7.015969014053448083e-01	-6.548730835490692570e-01
nan	-1.331412906633950288e-01	-1.423378585756138515e+00	-1.862590363983708475e+00
nan	-6.388403123166555009e-01	1.539270187584326210e-01	-7.840565117645061921e-01
nan	-4.969005773239431045e-01	-1.370556129370537946e+00	9.058875699358985845e-01
nan	4.950246715771272621e-02	-1.827198591605743605e+00	4.661950578384797539e-01
nan	7.303080106752518619e-02	3.074684299004237786e-02	-2.276368435676544788e+00
nan	-1.421101911668742002e+00	4.883697595187749818e-02	-1.058570956459909507e+00
nan	-1.661091330094107255e+00	-3.808021460833999061e-01	3.550860502476546610e-01
nan	7.553111607081487433e-01	1.010909325652329382e+00	4.240617036661307737e-01
nan	1.379963818176863199e+00	-9.474235955225707162e-02	1.083004336655381539e-01
nan	2.404423864253091736e+00	-1.562250784302260165e+00	-5.809257639781560956e-01
nan	-1.769536840762798269e+00	-7.919701813672209711e-01	4.222161775905997061e-02
nan	-6.719097519750832914e-01	-1.690591698453191238e+00	-2.197148583558685420e-01
nan	-1.954939415810238446e-01	-7.650830047012027180e-01	-1.710683591979327067e+00
nan	-1.041973309094955003e+00	-9.738163670725712429e-01	-1.593614528041186862e+00
nan	-9.030131784378623294e-01	-1.457106889558541507e+00	-2.466295773260851476e-02
nan	-2.577104148012772988e+00	-1.337237716281910904e+00	-2.086893731520275352e+00
nan	-3.435809009579466000e+00	-1.962959076900222533e-01	-1.072888045533723522e+00
nan	-2.305790126417694985e-02	-6.924247215039164294e-01	2.280756147380123555e-01
nan	4.543058506362223081e-01	-4.877333955505415153e-01	-4.765975606699915379e-02
nan	-1.698741367512684730e-01	-6.374491739327051709e-01	-2.764719387363860914e-01
nan	-1.837945633761448594e-01	-8.859389906997300335e-01	-3.635883984526024904e-01
nan	-6.594430869003459206e-01	6.615048737134826551e-02	-1.946357091661554017e+00
nan	1.101079574926024929e-01	-4.369627580682473589e-01	-1.432938744097592920e+00
nan	2.843307093335458724e-01	1.581346649051005027e-01	-1.003347026099395300e+00
nan	-2.159899003296534281e-01	3.426623042335126545e-02	3.147173093923508747e-01
nan	3.289172587478135790e-01	1.094875572634277150e+00	1.422122062141275567e+00
nan	1.709070192891795736e+00	4.571320840039799771e-02	1.672573266790370994e+00
nan	8.870288386119107304e-01	2.773376516762905641e+00	1.428903027973051354e-01
nan	-2.604567877459873504e-01	4.027376643868222139e+00	1.301767076334902962e+00
nan	2.440837202824312602e+00	2.836069622746033581e+00	1.825566052135461304e+00
nan	2.279122354891395030e+00	1.071120654267951666e+00	1.885495178494693613e+00
nan	1.055479374646223434e+00	4.511199802258645253e-01	3.041159927635284088e+00
nan	2.090446425320288792e+00	9.364797647983541529e-02	2.661512486649231679e+00
nan	1.876318226661605415e+00	2.054125569340077284e+00	6.187538128743981236e-01
nan	1.890665662513687506e+00	9.414376576042691180e-01	1.538417764985214875e-01
nan	-2.611718928630293313e-01	9.227475055932448100e-01	3.968690272652517503e-01
nan	8.779119645044501929e-01	-1.232517429477505977e-02	1.305492028288665729e+00
nan	5.265872063176451068e-01	1.617135657045757569e+00	-3.655183523842885918e-01
nan	-7.045349521202575183e-01	1.489634080699995256e+00	4.492945925416835795e-01
nan	-1.272956471326573746e+00	2.564470287141073501e-01	1.545069322945288537e+00
nan	-1.217425368074350533e+00	-4.302414651930288048e-01	-1.347611503215686790e+00
nan	-1.160703736168294142e+00	-6.887091974002209627e-01	-1.608128129244497995e+00
nan	-1.499792936895713469e+00	-9.037282558417798484e-01	-5.653124475775908042e-01
nan	2.933279356074114386e-01	-6.349676594266321361e-01	9.450869368062621012e-01
nan	-2.081548448611155511e+00	1.582034854977119931e+00	-5.665005449358850864e-01
nan	9.286151516777712001e-01	-4.602003132426807364e-01	7.989529956343996986e-01
nan	1.367082502927455256e-01	-1.781197543925862048e-01	-5.944039445379463160e-01
nan	-2.382458123054045807e+00	-1.301680632952944450e+00	9.264028105017931836e-01
nan	-3.005335595574682994e+00	-1.099457664333467033e+00	-2.426159798974964588e+00
nan	-2.971762249578981496e+00	-8.981074552007939360e-02	-2.031440799789353768e+00
nan	-2.383046476134896619e+00	7.486334601138969758e-01	2.275577117979115105e+00
nan	-2.005008425057770161e-01	8.503654242986191658e-02	1.326662556833015261e+00
nan	6.509519120909408318e-01	-3.295102563330522538e-01	3.087034896321542821e+00
nan	1.619083545270515678e+00	5.932651991185518003e-01	-7.100304251136884126e-01
nan	1.352361708644538751e+00	6.900458054200970803e-01	3.176256066459505201e-01
nan	2.848580504269369040e-01	-4.369827997070078185e-01	8.889014515494317870e-01
nan	-6.457025839912459153e-01	2.718577978720794208e-01	1.720608757563420355e+00
nan	2.620939599209055615e+00	-1.457927030287825776e+00	1.316878420482777257e+00
nan	6.137703132668925754e-02	-5.550267059437570261e-01	9.576491258824679775e-01
nan	9.057456959657999018e-01	-1.059663624147200833e+00	1.871530970136349836e+00
nan	5.763309839895403019e-02	3.348107196269949348e-01	2.236962192591711862e-01
nan	4.178120621498462306e-01	-9.261822488202281489e-01	5.053828758325025206e-01
nan	-2.543403835422405890e-01	1.700695676997518557e+00	-5.596613042189207965e-01
nan	5.223759712625041240e-01	1.616526249366351253e-01	-2.029389933809808699e+00
nan	-1.864598519592051584e+00	3.972696358060981980e-01	-7.954088815820947733e-02
nan	-1.567722468869890751e+00	-5.989150355912908896e-03	-2.079428164650312549e+00
nan	-1.676791877171698308e+00	-3.130442757691618283e-01	-1.363634872299292589e+00
nan	-9.445919775722024792e-01	-2.338218355069900500e+00	-1.124884420895735815e+00
nan	-2.299085185454650127e+00	1.256251859285274497e-01	-1.240354763235312241e+00
nan	-1.518164419553449385e+00	-6.195618861407325983e-02	1.031497175122387144e+00
nan	1.274858410160590427e+00	-9.594291412243207695e-01	1.010315350136271384e+00
nan	1.389225150120537267e+00	7.308912107995300944e-02	6.569716318144008804e-01
nan	1.126046658747648532e+00	1.580080703621549176e-01	-2.575157767395594988e-01
nan	6.104524259300538880e-01	2.828567263904833151e-01	7.153587587077930854e-02
nan	2.298483905865556509e-01	1.090806272067133209e+00	-8.701053551146049614e-01
nan	-3.372656992373132545e-02	1.551687906741252121e+00	3.535981409122589125e-02
nan	7.937019137928271739e-01	7.601847331030145982e-01	7.465523319146130099e-01
nan	2.846962921505051369e+00	-1.223186820927141705e+00	3.150497201286198701e-01
nan	2.942412907428912372e-01	-1.330283677724653835e+00	-4.203017525484571970e-01
nan	6.122593085657153100e-01	-1.898528894432938152e-01	-1.325919431012018368e+00
nan	-7.018723041386507600e-01	1.001396716416829369e+00	-2.550088432243789782e+00
nan	9.936795732518860502e-01	7.719080653219805299e-01	8.820634384339327561e-01
nan	7.129747287052364824e-01	1.117839884094065317e+00	7.945697825958991656e-02
nan	-2.493578054492076035e-01	-1.495257319439007304e-01	1.532387802577123370e+00
nan	1.123698166260642672e-01	-9.272104157186108475e-01	1.540801323816439306e+00
nan	-2.973275358799706281e-01	-1.020406852192903058e+00	-8.024856414105988600e-01
nan	1.009799858640242132e+00	-1.158861929224286103e+00	-1.152047022210750615e+00
nan	7.179298023469256051e-01	-9.000499756678088659e-01	1.221424155644285081e-01
nan	9.055824511619421369e-01	1.130518785947203231e+00	4.986430709384093163e-01
nan	1.704452153296900807e+00	1.417764631258004560e+00	8.301054745971231386e-02
nan	2.189338014278320976e+00	3.358901470786945787e-02	7.418441696706008504e-01
nan	8.037463280833458956e-01	1.001751863227230199e+00	3.960328848606826102e-01
nan	1.028148358738998347e+00	-5.943369267387369481e-01	2.041079726555455220e+00
nan	-6.238076586543870317e-01	-7.264073883390017583e-01	4.090384628709146653e-01
nan	-7.916967554371854288e-01	-1.883010158796863398e-01	-1.154588709522780476e+00
nan	6.091493032309055478e-01	-2.023462483790606115e+00	4.755123774322832508e-01
nan	-5.041507608294317766e-01	-2.183166190198279288e+00	1.031459398604708255e+00
nan	5.908070654286976531e-01	-1.858565348491751035e+00	-9.083230118226794936e-01
nan	-5.746144304027966943e-02	1.043130274671657975e+00	-3.529240494714187548e+00
nan	-1.150923365539989307e+00	1.423867554569472782e+00	-1.618829944292736744e-01
nan	-1.728163428132273971e+00	3.561046837998385062e-01	2.801777882279949949e-01
nan	-4.116729223594460807e-01	3.104729507184242343e-01	1.606979629369453599e+00
nan	-1.415209140577998737e-01	-1.897985573633695078e-01	-8.770484531743233392e-01
nan	-7.792754986024694741e-01	-2.539744545790880714e-01	-8.857358451882137995e-01
nan	2.725366789709048332e-01	-2.787326861916702425e-01	-6.638450349604128053e-01
nan	-8.267231062096065675e-02	1.792839795315931128e-01	-1.257447957527842552e+00
nan	1.980644072633359842e+00	4.546697763950666160e-01	3.950388020656044885e-01
nan	1.922391166839834575e+00	4.303927607698516122e-01	6.646137050940136293e-01
nan	-3.831889297887729473e-01	-1.712339583750905891e+00	-2.896387954248256236e-01
nan	1.312222922132691982e+00	-3.240320082851679828e+00	-1.086227133202883000e+00
nan	-1.857198134831570702e+00	-6.800949475414632683e-01	-6.427375884828001595e-02
nan	-4.966757394167330975e-01	8.420627824846667053e-01	2.058780635905941847e-01
nan	-1.000029388145726505e+00	-4.050346843835953003e-02	9.214145394619356333e-01
nan	-5.052441404764945743e-01	-6.670153440490679264e-01	9.865393633431168707e-01
nan	7.900262552286955176e-01	-6.839493120044070062e-01	3.180065813099364203e-01
nan	2.221416099921777132e+00	7.833838575951748151e-01	-1.403402316276145090e+00
nan	1.227413039816622309e+00	-3.781598916324022674e-01	1.402620674165083292e+00
nan	9.567394308528391900e-01	5.266559925749164650e-02	-6.915696483113755733e-01
nan	-3.927524421812108590e-01	1.827744053842175198e+00	1.319640188636080902e-01
nan	3.760703388264197145e-02	1.204871514510340025e-01	1.547564054622559748e+00
nan	-2.734064886004492489e-01	-6.088368533877850375e-01	-1.186621153359373348e+00
nan	-1.457582881331740854e+00	1.612406909389682563e-01	-6.591854385728224131e-01
nan	6.751675751720853658e-01	-4.770071289331533348e-01	-1.997366083004964987e-01
nan	2.234701895537754418e-02	-1.922508998349186093e-01	-1.618659207703607716e-01
nan	-6.888754417943385722e-01	-7.911530429087267058e-02	7.547155414732860113e-01
nan	6.131359880812778940e-01	6.469596416440023812e-02	-6.261016191084964322e-02
nan	-8.268303613186214207e-01	-1.572877249338947014e-01	1.260913263378840021e+00
nan	-1.263302790819460508e+00	5.915934370377362583e-02	6.501112177604242426e-01
nan	3.540231969260855815e-01	-6.212255422960142326e-01	2.847397466682316303e+00
nan	5.054478826167375649e-01	5.360689157013580619e-01	-1.350023631095420784e+00
nan	3.804668480618057513e-01	-8.934196423815636834e-01	-5.762238411260171000e-01
nan	3.650287380825167904e-02	2.765994528047273082e-01	-2.957908009648777536e-01
nan	2.677042212163545098e-01	1.478888977938402238e+00	-6.504320075550905633e-01
nan	-1.495632447879769789e+00	8.319056007374662220e-01	1.951049828206536108e-01
nan	1.379534794214263060e+00	-2.010783826161027577e+00	1.129631526634370664e-01
nan	9.193775904032508439e-01	-2.599110820275969402e+00	-4.235089416686155239e-02
nan	1.110536772404622008e+00	-5.592262797530845875e-01	-6.462375316070593234e-01
nan	-1.873119862135039781e-01	6.508764928808077332e-01	-9.083545618082369266e-01
nan	3.110695228551441094e-02	1.062227986464331586e+00	4.056972439883558823e-01
nan	-7.686461332494893828e-01	4.822399601886131482e-01	3.612182912137126833e-01
nan	-8.010761545111624859e-02	3.731256115581371713e-01	7.273915055393966878e-01
nan	-6.834775845763889635e-01	-3.738041951420069120e-01	6.622233247767781439e-01
nan	-3.214952102831937220e-01	-1.182957070279448297e+00	-1.059407494472704103e+00
nan	3.229812624359168494e-01	-5.602245177565767786e-01	-6.996556745165749547e-04
nan	5.173498018048991454e-02	-4.996074970909756829e-01	3.707783062246117201e-01
nan	-1.365444759354572879e+00	-4.053857774976467043e-01	8.361510137028463907e-01
nan	-3.379961393308428264e-03	-1.334127123876604593e+00	-4.969506277141548245e-01
nan	-2.318271967365691744e+00	-1.942554158279771404e+00	1.942155304414703298e-01
nan	-1.494834925634278777e+00	-4.166534757549477108e-01	-2.513429877606166762e+00
nan	-3.033289243101310539e+00	-3.005996184438946006e-01	-1.271976342909380220e+00
nan	-2.112903142421813207e+00	-2.972016902975265662e+00	-1.777241857323117680e+00
nan	-2.637193885691252238e+00	-2.285496095381952752e+00	-2.414438419263206015e+00
nan	-2.955815785869263745e+00	-3.622964280316856467e+00	-1.203479829280230895e+00
nan	-1.362812829979584306e+00	-1.997578562031778748e+00	-6.988429427502814706e-01
nan	-2.122370149288888896e+00	-3.330141105428392478e-01	-1.773909495688745785e+00
nan	-1.872753460751581889e+00	-3.742437490231200758e-01	1.063612378833898475e+00
nan	-6.328022439455431858e-01	-2.030994864118827792e+00	3.899542651303101737e-01
nan	-6.192686474448121370e-01	-1.324803078746750185e+00	-3.588680531979622224e-01
nan	-7.757857885873620241e-01	-2.308132458157992950e+00	-1.158234777401955462e+00
nan	-1.373729772905379454e+00	-1.499924734301232299e+00	8.304962768384882565e-03
nan	-2.028756041772285190e+00	-1.724735501543547489e+00	6.775113830253221003e-01
nan	-2.098001356802442485e-01	-1.555111340252242513e+00	-1.238679924694378709e+00
nan	-9.645890461387375270e-01	-6.832589524620980015e-01	-1.687008926359347516e+00
nan	-2.604807610123476280e+00	-1.930983594734683728e-01	-1.025327986965547389e+00
nan	-9.890774950336456151e-01	-1.020149962582669989e+00	-1.854264510879997996e+00
nan	-4.486054251096533996e-01	-4.878214161854775299e-01	-1.334693711090324530e-01
nan	-1.484496814491790273e+00	1.907458011929762831e+00	1.954815622375320361e+00
nan	5.771192183792371866e-01	-9.845333948623123943e-01	1.408176131902658446e+00
nan	2.047582694309123763e+00	-9.301166529065247879e-01	-3.154266309922519884e-01
nan	-8.149194274687001638e-01	1.303276491247778335e+00	-3.200861598655260765e-01
nan	7.000681869354056230e-01	8.215463637071129810e-01	-4.205880484443109135e-01
nan	-1.506768987070004062e+00	-3.039277947981656181e-01	-5.414462344916638747e-02
nan	8.863511413244251624e-01	-9.180170575928002785e-01	3.038844947442870814e-01
nan	-1.026282808377786626e+00	-2.273487574021222812e+00	-4.643850650024548554e-01
nan	-1.639425154733034073e+00	-4.662795857008857903e-01	9.357144864624266090e-01
nan	-1.007948016567276062e-01	-8.384675407291748428e-01	2.096998842889377102e-01
nan	1.109493900152051182e+00	6.299455139575464990e-01	1.228700971546316190e+00
nan	2.025844897047028415e+00	1.841765487127424716e+00	-3.085841371218668305e-01
nan	2.076780518624231853e+00	1.128249097866014905e+00	-6.540053674486268065e-01
nan	4.466360884909836848e-01	-1.998501227033536720e-01	1.927493989416702469e+00
nan	-3.780405989023829516e-01	2.826330186498042241e-01	1.361923312109365014e+00
nan	8.024172831685207896e-01	-1.141284653830806350e+00	5.127588405485136169e-01
nan	-2.357737702366489441e-01	-7.075153739266027975e-01	-1.097698289206863853e+00
nan	-1.792657701915646218e+00	-1.047916596115554544e+00	-6.174621869540616315e-01
nan	-2.602762731346564440e+00	-1.053621664079357867e+00	-2.522887423952183017e+00
