nan	-2.589455676046242827e-01	8.317178798411222207e-01	2.162587291836586267e-01
nan	-1.527234578730167103e+00	5.409019915506592113e-01	-4.941943474081387788e-01
nan	-1.637474356352505378e+00	6.339860901131331161e-01	-9.445963501201802559e-02
nan	-5.652472247895975466e-01	4.142939381229607809e-01	1.099999140834434785e-01
nan	1.340816333278989525e+00	2.254673306259755261e+00	4.132635845868813385e-01
nan	1.439331822443287390e+00	6.563838137596726963e-01	3.068984990068161611e+00
nan	2.257684906725818674e+00	1.259220482490059467e+00	3.172135183070125208e+00
nan	2.482444606178283220e+00	1.069526322883927794e+00	1.298554986092802954e+00
nan	3.068210003919457307e+00	1.456606159811446366e+00	-6.369895680382638981e-01
nan	1.033232221061863410e+00	1.665581277853495301e+00	4.967270897637053317e-01
nan	2.452984634682766174e+00	1.144925049851988064e-01	4.323391960819236157e-01
nan	2.393563593678470713e+00	1.397569347305719356e-01	7.354955374304306126e-03
nan	5.052503264284853302e-01	5.177908625547349430e-01	4.226868928545420845e-01
nan	-1.000528700430733942e-01	5.572891746598158669e-01	4.087887128664758896e-01
nan	4.651410515640035381e-01	-2.119266254027527996e+00	-1.092042824469403817e+00
nan	2.936035969303040227e-01	-5.596988635179952487e-01	-2.143244680891830178e+00
nan	5.944860980069723855e-01	-1.579157575036092553e-01	-2.346794224294202813e+00
nan	-9.948273596184076251e-01	-3.916024643234183866e-01	-8.782018843291116150e-01
nan	-2.569600182221075002e+00	5.051230881543052886e-01	-7.001917618957758105e-01
nan	1.300547785330381512e+00	1.616996182164318174e+00	-8.330034371125198955e-01
nan	-1.453818213686892680e-01	9.603802932157079475e-02	-8.496319546875158446e-03
nan	4.466662058665711588e-02	1.047093077714599113e-01	-1.936518197030448363e+00
nan	-1.108624291856756372e+00	5.625720143107677540e-01	6.705753372605327556e-02
nan	1.015871524828544592e+00	5.798778681688615544e-01	-5.440772773103272897e-01
nan	5.403317261312714503e-01	5.199121931000241226e-01	-1.243705330724733216e+00
nan	-3.674216722015312131e-01	6.029410307482070408e-01	3.868969331222846808e-01
nan	3.485864012588332783e-01	-1.733691567871452344e-01	2.999301869677995502e-01
nan	4.628206505819667527e-01	-1.155290326475276519e+00	1.465834107442098633e+00
nan	-1.678935845448731312e-01	-3.076077775643578649e-01	-4.336064985577877673e-01
nan	7.017925320869500272e-01	1.962840307379657867e+00	8.357610999681727715e-02
nan	-1.613096350568884452e-01	1.379587583413066199e+00	-7.217619235450786208e-01
nan	7.870453515421129698e-01	-1.332823086110618505e+00	1.207814718192961490e+00
nan	1.547585062759722074e+00	-7.416877436296851478e-01	1.343783298711751950e+00
nan	-8.023607882776685463e-01	1.092255783671997937e+00	5.874986036210331219e-01
nan	1.030760209069083722e+00	-1.256712983413295071e+00	7.067227144137111505e-01
nan	-2.109776141022024376e+00	5.572884834213581717e-01	2.370564952865713559e-01
nan	-1.198207267810131205e+00	-1.747733616542087143e+00	-8.070216695569263354e-01
nan	-1.160993806901832626e+00	-5.054431479189300802e-01	-9.852843803665898292e-01
nan	-1.906550946562830084e+00	-1.301887003449247793e+00	-4.061925702734012766e-01
nan	-6.379567157867853666e-01	3.865280808646441857e-01	2.144543457796885821e-01
nan	-1.332804296836644475e+00	8.425010833973977098e-01	-1.617876940170205891e-01
nan	1.761863931491054913e+00	1.077835198520451065e+00	8.929229010589874171e-01
nan	1.030340596694750310e+00	1.773776264185487950e+00	1.124618461132888658e+00
nan	2.142735995585085540e-01	1.043572767798215173e+00	1.666999726425950623e+00
nan	-3.705006336006214651e-01	7.807075664592655340e-02	1.755825375598167648e+00
nan	2.295409315800424732e+00	-1.766916256917760109e+00	7.155348680036945908e-01
nan	1.151097069803720396e+00	-1.150769825169259519e+00	-8.880959293963712753e-01
nan	-1.444223156204890834e+00	-1.079408168996971673e+00	6.758807361344303377e-01
nan	1.909906362937655810e+00	8.588234912744677763e-01	-1.084330235088034333e-01
nan	1.282859150967652795e+00	1.325391947664247283e+00	-1.476347436200404317e+00
nan	-1.948071032498612243e-01	1.272477107410776132e+00	5.551198141637680994e-01
nan	1.038449214525905440e+00	-6.316597294606866031e-01	-1.704259423918028205e+00
nan	-1.196200576262857806e+00	4.775664947857218845e-01	2.786302101947700782e-01
nan	1.497270715807896391e+00	1.384045687619985809e+00	1.046134526000823683e+00
nan	1.668134599715082489e+00	2.806501193087939328e+00	8.363107065050654487e-01
nan	6.577669002076103055e-02	1.148249454583119666e+00	9.956029801683539127e-01
nan	1.153939657354523751e+00	8.804329585085193255e-01	2.305930297168115040e+00
nan	1.549373868838529678e+00	2.532749957066500635e+00	-7.412307191486735558e-01
nan	1.899197988382620883e+00	1.908286894783998600e+00	-2.631631934208400470e-02
nan	2.151270966525001604e+00	-5.490376479387792941e-02	1.411951922630475531e+00
nan	2.164543229387513978e+00	1.721296071496758007e+00	4.302665688085977047e-01
nan	1.004127535013705108e+00	5.276320358865538296e-02	1.067899297511496259e+00
nan	9.360476127044781158e-02	1.928341004676191184e-01	-1.122368008006864537e+00
nan	2.249224590027126824e-01	-1.885929835920504116e+00	6.726331392609354864e-01
nan	-1.247336809476613517e+00	-1.784840297739398007e+00	4.841999521738134526e-01
nan	-2.583004671714398626e+00	-1.644142955639009029e+00	2.366443403858675687e-01
nan	-3.217414988282367272e+00	-2.682964127163244061e+00	2.029806307216864170e+00
nan	-1.276428455155048436e+00	-3.222939278421512288e+00	1.017629771225134760e+00
nan	1.987994599315536792e-01	-1.391487127770108856e+00	-1.706020040300723517e+00
nan	1.385222274984399427e+00	-1.738371317974128916e+00	-1.521634013791150153e+00
nan	-9.507839396450246117e-01	-1.302945802064320313e+00	-3.373473192452980385e-01
nan	-3.374126510688860492e+00	-1.248026036078502266e+00	6.247301270613736524e-02
nan	-2.319108223930614887e+00	1.589456115033196504e-01	2.711917961651049702e-01
nan	-9.690560347979286782e-01	-1.875396985905044334e+00	3.355801954960190014e-02
nan	-1.545423148761866816e+00	-1.923436512138573695e+00	-1.770558332536429358e+00
nan	-1.413804379306071279e+00	-6.167104539326648815e-01	2.416051545524220412e-01
nan	-1.444174273482535242e-01	-2.230276573281916308e-01	-2.439177591438541903e-02
nan	2.930469650604854426e-01	-5.647678715923988568e-02	-2.500205453524257049e+00
nan	-9.243014210805078346e-02	2.356582473203153061e+00	4.855999525521971227e-01
nan	-3.539255140304140568e-01	1.961124239814673320e+00	1.353274922279918524e+00
nan	-4.654176031088574916e-01	-8.194705432972999581e-01	1.509823242984438041e+00
nan	-4.099176336568600976e-02	8.133288817730344178e-01	8.070353912629746329e-01
nan	2.991932019418055422e-01	1.075059929221195532e+00	3.690457730267299730e-01
nan	2.434721341118263105e+00	1.764511340534149042e+00	-7.991713325602535223e-01
nan	1.835367381587891700e+00	1.574965367062477029e+00	1.872107571704630380e-01
nan	1.209220128363342361e+00	1.571184062591693742e+00	7.799473847759896827e-01
nan	2.929495160604405513e+00	9.579288694936884951e-01	-1.464631455921868719e-01
nan	2.342994977272433665e+00	7.887770604898018956e-01	-4.655652453243334654e-01
nan	1.253488360696040749e+00	2.357708876455806291e+00	-6.952503132577777523e-01
nan	2.358670917383502985e-01	1.383231562374887424e+00	9.213852773856827660e-01
nan	1.086501994907120183e+00	7.373588110344011515e-01	2.209189108271782054e+00
nan	1.551663534225716123e+00	2.721050019567623934e+00	1.372557291379258082e+00
nan	1.547119688225269574e+00	1.977915138125928340e+00	1.329128612708275092e+00
nan	2.426447322166809251e+00	3.811503334017487532e-01	1.892055266442890016e+00
nan	2.775483616046115820e+00	1.473909214510743082e+00	1.551769111813779967e+00
nan	5.479639684767325658e-01	3.968860725098998232e-01	1.350988536699112563e+00
nan	1.319674301113616721e+00	6.260526399052693813e-01	1.325472915659123174e+00
nan	1.467809532553788099e+00	8.047238811469767938e-01	1.189974783033318939e+00
nan	1.660328806567588966e+00	1.844739005283539957e+00	-1.637383386914801342e+00
nan	3.924701343654701802e-02	8.387797733834239100e-01	-1.243330127512091376e+00
nan	-6.219262983159086211e-01	-4.420265530067184478e-01	5.409826945828453137e-01
nan	1.808301707489091970e-01	1.626008157857931291e+00	9.124780705567027139e-01
nan	7.073613307479820200e-01	4.542851640543874026e-01	1.893030557854218365e-01
nan	6.599086583759090630e-01	1.860604382082584329e-01	2.954944591069773585e-01
nan	3.574913907442695549e-01	1.963305064002480171e-01	-1.949619918969872634e-01
nan	-1.926542649787858386e+00	1.342980299485985185e+00	-1.119383998176247008e+00
nan	4.198157521176131279e-01	-2.812882996523988210e-02	7.269624286302703853e-01
nan	1.125664505437610874e+00	1.409821018415108318e+00	2.866463777255128242e-01
nan	1.383782209986164080e-01	-6.929883755581588423e-01	-9.795387655375327185e-01
nan	3.281187735412688933e-01	-4.964604374320806257e-01	8.996443597683791982e-01
nan	-1.336505713661775951e+00	1.830570687671956298e-01	4.611871703387717125e-01
nan	-4.728215333601328285e-01	-1.788951788415266364e+00	-1.311843362109776256e+00
nan	-7.014479153675634571e-01	-1.859309435050214621e+00	-5.326292110222101694e-01
nan	-6.717790763188213887e-01	-1.300835034665685619e+00	-4.506695233071771334e-01
nan	-5.069624449010445844e-01	-1.270915632907409165e+00	-1.645628606581840181e+00
nan	-6.739565688180100267e-01	-6.105859564430891062e-01	-2.459825220818672165e+00
nan	-8.160446977389295142e-01	-1.268514240316896746e+00	-1.489419849912308358e+00
nan	3.155262979369795051e-01	-5.616155383146758107e-01	-2.931138100197286711e+00
nan	-2.703938039079932576e+00	1.821690451540739497e-01	-4.176131692404204676e-01
nan	-8.444805158726964578e-02	-3.053751483017486112e-02	-3.911288673984182340e-01
nan	-1.637707783084521251e+00	1.671353390989005927e+00	-1.514744893040169238e+00
nan	-8.838032715931340988e-01	4.567241445021393287e-01	-1.109882244990698208e+00
nan	-2.774916473960550078e+00	-2.615703892059678681e-01	-2.262135452090068555e-01
nan	-1.737995449993957831e+00	-1.962612867095495872e+00	-1.648281603744667700e+00
nan	-1.970616762386097509e+00	-3.881118539723503735e-01	-3.955121984245570932e-01
nan	-6.046726812177363186e-01	-1.206136727047519841e-01	-1.415430115050515525e+00
nan	2.962787544925553185e+00	-7.872798881827694495e-02	-3.253828371357784244e-01
nan	1.340816973131645273e+00	7.560813494058250539e-01	7.851278501787886666e-02
nan	9.426886905091778068e-01	1.200918791872959801e+00	-2.072928564197816237e-01
nan	2.216636715051402140e-01	-1.360267257605995983e+00	6.085621806700461933e-01
nan	-2.458628718463503615e-01	-7.329080120235365037e-01	-1.809525405365362438e+00
nan	-5.402107492317762549e-01	-1.262994338304318509e+00	-3.518987126109421215e+00
nan	-3.431097438365863450e+00	1.580583423191206371e-01	-1.098352231494776454e+00
nan	-1.808697243868637727e+00	-7.799432560616750276e-01	-9.107088873445481347e-01
nan	-2.430847951024357911e+00	-5.513834146216822774e-02	1.414362505014559179e-01
nan	-5.644324367739876891e-01	2.182122687494379765e+00	1.326990260129192967e+00
nan	1.540011184843587344e+00	7.767312436179960589e-01	2.427561601441245109e+00
nan	1.823922045030136552e+00	-1.148521411840456974e+00	1.444479039002831033e+00
nan	-4.408367302593078074e-01	-7.099966902123990842e-01	-2.097277988457516007e-02
nan	6.614511077110901693e-01	2.057274228952167827e-01	-1.308891253054171311e-01
nan	1.515091463810270545e-01	2.026926604370188567e+00	-7.468900107532150390e-01
nan	2.087110345096187813e-01	-5.512844370554200735e-01	-5.845297233368597078e-01
nan	-1.511088914846370201e+00	1.024590548632532849e+00	-5.833202879357480830e-01
nan	6.037492310610745871e-01	9.505133233197489151e-01	8.088694611236646459e-01
nan	2.231559510099100363e-01	-8.117165000666980434e-01	9.160451741396536951e-01
nan	-1.792392899120161420e+00	-4.141804510513537041e-01	1.181051775728452657e+00
nan	-8.507312032108527156e-01	-1.158191655518904684e+00	-1.054582378528342357e+00
nan	-2.486585260738034542e-01	-5.081741988231380791e-01	-1.119622956466297836e+00
nan	-1.011575282005231946e+00	-1.184865735809392806e-03	3.773420904326352243e-01
nan	-3.952303777187530232e-01	-1.444539489070741478e+00	4.493891176809376997e-01
nan	1.644823557786043722e-01	-1.998432927133381165e-01	-8.546323527519117391e-01
nan	-7.234851684645120518e-01	1.470837001990522142e+00	-3.670575583821850674e-01
nan	-1.326365929497244300e+00	-1.078016542686839330e-01	2.368001804955767842e+00
nan	-1.635188827535279721e+00	-1.131627925961512737e+00	1.005712531124959952e+00
nan	-1.539945091559977719e-01	-8.940049691335908433e-01	2.691995228663583983e-01
nan	-1.846175741561915995e+00	9.748096754233764871e-01	-2.071738075953604152e+00
nan	-9.507659940494872508e-01	9.943919827445513171e-01	-3.792840206605015418e-01
nan	-5.014106242367464272e-01	-9.490347395297241695e-01	-1.034932811161763944e+00
nan	-1.875398398121588261e-01	-2.060621934511611464e+00	-5.548664731349636225e-01
nan	-5.902426174431700812e-01	-2.267033554381129523e+00	-7.927952044465395032e-01
nan	-1.720883577360604377e+00	-2.175259238234549919e+00	-5.305944060777274540e-01
nan	-1.929392923567012641e+00	-1.277945997865376215e+00	-2.633975972723099357e-01
nan	-2.009336181150828793e+00	2.398287703806946114e-01	-1.159310022718573530e+00
nan	-1.530493744914440679e+00	-1.050728235399657873e+00	-1.932887823657065685e+00
nan	-1.447581307184822030e-01	4.800134407643273926e-01	-1.529206449529597833e+00
nan	-4.854669668036774577e-01	-1.033930080846346522e+00	2.512275708496610194e-01
nan	1.136765029242626346e+00	3.992436872889126853e-02	-3.890238872752879717e-02
nan	-8.338299499667148895e-01	-2.094949683088530024e-01	6.003756769361835444e-01
nan	2.196360604992050880e-02	1.185527275361871080e+00	-5.049526709705551841e-01
nan	-1.120464704056530314e+00	1.493831349409324161e-01	-2.187164007694197831e-03
nan	8.245575906054319892e-02	-9.424335314574212585e-01	-1.188099474807275069e+00
nan	2.313818166321673919e-01	-1.996730020913781489e+00	-2.110674746132776280e-01
nan	-1.649911495638591186e+00	-5.202192051081456770e-01	8.217590560647636266e-01
nan	5.424161446345855397e-01	-1.152092390229185970e+00	-1.399959934151734142e+00
nan	-4.906298705595957266e-01	-2.248047736001497210e-01	-2.458562280804946099e+00
nan	-1.444902699316730876e+00	-1.104000319284326626e+00	-4.963965719468077520e-01
nan	1.755049615646386840e-02	-1.506003088076648400e+00	4.770042020520313120e-01
nan	-7.635822914546945839e-01	-1.008442120440564249e+00	-9.791665916595788666e-01
nan	2.682921214005294930e-01	1.223748388291662437e+00	7.524470416206380241e-01
nan	8.210294373917903510e-02	1.290308139351959760e+00	-5.830355647858769252e-01
nan	1.083190127192068530e+00	4.187832061176607890e-01	1.875085943800657962e+00
nan	1.150580541925064315e+00	-1.509594111370660130e-01	1.727918705907609320e+00
nan	1.239379248305634729e+00	1.302291585607047719e-01	8.330037771638949540e-01
nan	9.177061053950825720e-01	-4.045253726929111115e-01	-7.861823534452511142e-02
nan	-5.622642303223912563e-02	-1.118104591582957941e-02	-1.047972885568352996e+00
nan	-6.259469388259075728e-01	-3.579139632020917894e-01	-5.096264073190159838e-02
nan	-1.115427084296777283e+00	4.457222286518057741e-01	7.265529532958547865e-01
nan	-1.207707242414091997e+00	3.415798819124382657e-01	6.805502149223241481e-01
nan	1.234685127108092750e+00	-1.882798252228207625e+00	-5.086026856309010524e-01
nan	-3.910075774083967559e-01	-7.156793256905866762e-01	-1.554732005071493006e+00
nan	5.555601044305871206e-01	-2.146975031655198873e-01	-8.237441421555118382e-01
nan	-1.039892212266543492e+00	-4.660148934177403834e-01	6.776180217456694299e-01
nan	-1.638685428390209919e+00	-2.303577271998519471e+00	6.615208056111886170e-02
nan	-1.374470311109020848e+00	-1.683018423874756753e+00	-4.602367101279570272e-01
nan	-1.917967725074448460e+00	-8.894125378869855991e-01	-1.406626286144717630e-01
nan	-2.120546490793246086e+00	-1.629462098587651564e+00	-1.557691752606215729e+00
nan	2.756199123786362559e-01	-1.047190057883243375e+00	-5.410128116027996814e-01
nan	-2.334496316595203513e+00	8.304831929109784960e-01	-5.388589257966267532e-01
nan	-1.949847935166358681e+00	-2.446873424082857795e+00	2.869396316512265455e-01
nan	-3.049002893480673659e+00	-1.511406399159401115e+00	-1.209109881169684098e+00
nan	-1.380487457173871224e+00	-1.765397277400075460e+00	-2.040924434489056694e+00
nan	-6.994420436194147550e-01	-1.999015625564408705e-01	-1.718907774375799224e+00
nan	-6.473392910283467527e-01	6.191725156386952422e-01	6.609274172609514997e-01
nan	-2.535200585217967095e-01	7.543974514450197955e-01	4.806079652905506094e-01
nan	-3.164528688928253675e-01	3.951516608965268684e-01	-2.514993969773591798e-01
nan	1.099293556396262250e+00	-1.396812792843261652e+00	6.173399014871648882e-01
nan	9.870444652566560118e-01	6.398779691351332843e-01	5.752008191704253148e-01
nan	1.248842974056580069e+00	1.414333821041066530e+00	4.650262677748220330e-01
nan	-3.533270488263362541e-02	2.147039424550154063e+00	1.434041394424483418e+00
nan	-3.754717630535022721e-01	-1.184757228638002591e+00	1.618384555870729269e+00
nan	5.217583014484280524e-01	-1.488777497489143786e-01	1.969867719268910022e+00
nan	1.398664983756707558e+00	-5.638108097247759298e-01	-1.893802872634561263e+00
nan	-6.163790645124325174e-01	2.913173862238236378e-01	-6.194144321702266254e-01
nan	-1.100973297442673360e+00	-1.178153663752684821e+00	-6.456952210478066334e-01
nan	-1.720037139417617489e+00	-3.744018559350033026e-01	-7.082828808855193836e-01
nan	-2.522522741771059618e+00	-1.508354390055109517e+00	-2.490535749515515374e+00
nan	-1.469514170497105532e+00	3.569121386881035640e-01	4.054122123542707179e-01
nan	-8.248778275444004771e-02	-1.238773745779389479e+00	-1.083296819340118899e+00
nan	7.887464674721471614e-01	-9.495945237119632898e-01	7.257451446879493728e-01
nan	9.182828123447333013e-01	-5.579866927337240323e-01	-1.197117942291392678e+00
nan	1.141495562703685573e+00	-1.233728058624525614e+00	-8.311027948129869891e-01
nan	2.085414574303003477e+00	-4.432462168086060972e-01	-2.190204038157523403e+00
nan	-1.447189820136571603e+00	5.701653828911136257e-01	-5.362376134458342047e-01
nan	-2.142363505691644576e+00	1.409309129570271990e-01	1.206341202203129459e+00
nan	-1.382879063763091665e+00	-4.107694773689030687e-01	1.377174224425167459e+00
nan	-1.786000612502099516e+00	1.482693004825148542e+00	2.564547428061726642e+00
nan	9.775965703104363413e-01	1.480178171626957417e-01	8.448823336461688260e-01
nan	-9.452806348617838195e-01	-7.936327457202790869e-02	1.189443417289128391e+00
nan	1.380214043499305321e+00	6.195829271500434832e-01	3.298847891908546215e-01
nan	2.625417692059761166e+00	-9.400849933132529035e-01	3.136130891948661903e-01
nan	-3.184014467472144894e-01	8.825065861086808239e-01	2.793691336888645682e-02
nan	4.817076125021546584e-01	8.099026072295791856e-01	-7.272964725661998919e-01
nan	1.857203639162793019e-01	7.599973006678145682e-01	1.082521039610693514e-01
nan	3.734780399230725467e-01	-1.904418200085061130e+00	1.269714808795241900e+00
nan	-3.821328010028926525e-01	-1.127889913261740151e+00	-1.428498748047919875e+00
nan	-2.268594496626673784e+00	-1.621130489142152964e+00	-7.329779032510121972e-01
nan	-1.048291076220044582e+00	-1.372961380853857438e+00	-2.946887430631222493e+00
nan	-8.712321218710665782e-01	4.173816927517985942e-01	-1.445069069990474464e-01
nan	-3.032204544835852000e-01	-1.631762822179128936e+00	-7.490278248031996267e-01
nan	-8.153735822505471242e-01	-1.841664147934495066e+00	4.455117328090583140e-01
nan	-1.169357298112148724e+00	1.715849019622620597e+00	-1.053197776727036183e+00
nan	-2.025923474679679259e+00	-4.733616616879586791e-01	-4.700590988048747310e-01
nan	2.887305681980655292e-01	6.025647397310156528e-01	-1.857390764410993267e-01
nan	1.430918137651551847e+00	5.592201155075888774e-01	6.608410435632590119e-01
nan	-6.738450880259261311e-02	3.388330363653581645e-01	1.040746339392824904e+00
nan	-4.659852624935291732e-01	-9.644860597665469992e-01	1.498458402971502457e+00
nan	-2.877890554975817139e-01	2.092746125331096385e-01	-1.136061695525763637e+00
nan	-6.242263716436136090e-01	6.370629589101235446e-01	-8.973616738081852118e-01
nan	-6.143164857116042432e-01	-2.936308278228921820e-01	1.039123803295366022e+00
nan	-2.183566995981174597e-01	-6.104517446901519540e-01	-8.597459431410380271e-01
nan	-3.983248452618621260e-01	-2.478389533703554637e+00	1.326907439372556397e+00
nan	-4.682465348639834879e-01	1.948696562693145173e-01	-6.340029793231410915e-01
nan	-2.854607557237011650e-01	4.189968614932460533e-01	-1.074896857161233704e-01
nan	-4.987198260379623882e-01	-1.524751587478657244e+00	1.870132978505688048e-01
nan	7.794063042272990627e-01	-1.303226348477461105e+00	1.074154759116919378e+00
nan	-2.437873698702836822e-01	-1.398478014173762052e+00	-3.588887831850448018e-01
nan	1.576283674582206640e+00	2.754221152183439214e-01	-1.277494041171202799e+00
nan	-5.635640488160668093e-01	1.004711610182702719e+00	4.833677127441128318e-01
nan	2.200084758067959168e-01	-4.336953775848539916e-01	-8.958438977416682825e-01
nan	1.098694078057270485e+00	2.424168976615117543e+00	1.237194612547152239e+00
nan	-8.034743311162348967e-01	2.251424318438344230e-02	1.864537979292621994e+00
nan	1.334365297853258969e+00	-1.510676918608878205e+00	1.843605425441966261e+00
nan	-4.409984789212487710e-01	2.739458368581855763e-01	-1.052827317101744153e+00
nan	-3.851715505600920575e-01	1.283787314716957839e+00	3.630163070323269570e-01
nan	-2.932092266224994859e-01	-9.742406228625004605e-01	8.185581177614376092e-02
nan	8.311028257845604061e-02	-4.807190060044388424e-01	-6.424609066129582935e-01
nan	-2.169437505479113959e+00	-1.929417703210158264e+00	-3.110978283976393310e-01
nan	-2.134194153568681251e+00	-1.467869823052544875e+00	1.683426512958132726e-01
nan	4.648763779487941061e-01	-2.143034438341966386e+00	-2.317269858239826785e+00
nan	-3.354229037683592374e+00	2.641022303788114201e+00	1.001497113730707156e-01
nan	-1.257993530204090105e-01	-2.895571791901024872e-01	2.010739809111012910e-01
nan	1.277024335478002537e-01	-5.245182522669599168e-01	4.057692272876015638e-01
nan	1.934529305711674141e+00	5.841191327207827244e-02	8.352633229077564003e-01
nan	7.201349830081085202e-01	1.939494054935328116e+00	4.429040971942712623e-01
nan	-4.672322109085399466e-01	2.709003556700232629e+00	1.049020696365470684e+00
nan	2.518442158244439621e+00	2.213128818746355475e-01	2.486112902887852805e+00
nan	3.496555326346105552e+00	3.203153130142522009e-01	1.261259602606900287e+00
nan	1.580685360831987740e+00	-5.841709407770263596e-01	7.478652024956227162e-01
nan	-5.329719030816570946e-01	-8.602159173687498050e-01	-5.779106653096389712e-01
nan	3.750978029761597998e-01	-2.803108592219343720e+00	-3.795961078457731341e-01
nan	-1.462609535076684786e+00	-2.775045920481645112e+00	6.005994925952244934e-01
nan	-1.061127493696508495e+00	-1.638702231967930967e+00	-9.121345243596890029e-02
nan	-7.159163185177754851e-01	-1.261978386272012864e+00	3.619113720828869285e-01
nan	-1.673920969471040854e+00	-1.840964406001640796e+00	-1.280606067849508589e+00
nan	-1.304332723814630279e+00	8.247757728545734857e-02	-1.190757344775161819e+00
nan	-8.206875118486149923e-01	4.787588992476901617e-01	-2.703600193977697130e-01
nan	5.266505160024204102e-01	7.856352972385904909e-02	-1.311599340978017114e+00
nan	-9.094579805643400183e-01	1.121355059701191426e+00	-7.339116916587167250e-01
nan	-2.903394322348237799e-02	-1.269443710594559294e+00	-6.250229283144317360e-01
nan	-2.377483539934259760e+00	4.379168338800963900e-01	-1.587527755888106462e+00
nan	-1.935743279883740620e+00	8.758926862569531568e-01	-1.292157241664553702e+00
nan	4.987534483896149951e-01	-3.197766150391352369e-01	-7.412863132069145156e-01
nan	6.428206034258995283e-01	-3.455834473581111954e-01	6.724244411665394328e-01
nan	-8.197597963226844753e-01	7.963496875808079301e-01	6.805109674292830757e-01
nan	-2.987248260118283150e-01	-1.264616762315492249e+00	-9.968153298786525118e-02
nan	-1.057628954843659042e+00	-8.847437823680126545e-01	-1.585359220244048739e+00
nan	-1.502264049429339332e+00	5.308453108117751063e-01	-3.261217927971975516e-01
nan	-1.328046063093426099e+00	-3.946471332667340071e-01	-2.349480596613625072e-01
nan	-2.264497808562782932e+00	1.436456220417919871e-01	-7.969875899360792104e-01
nan	-1.127226648874085413e+00	1.222096577958308394e+00	4.215664201377440357e-01
nan	2.134379755545907920e-01	3.372323232193121800e-01	1.769886903367335451e+00
nan	9.516814418008159304e-01	-1.146949117637014792e+00	5.172124663617483353e-01
nan	1.532724281276177880e+00	-1.452379044776648698e+00	4.878436681570947342e-01
nan	1.391386774422887385e+00	1.406934066013863172e+00	-6.098904333597174876e-01
nan	-2.914309806381218948e-01	1.314059921162483713e+00	8.965482307368249915e-01
nan	3.195891923051584205e-01	3.656463627273976447e-01	-8.686761835488949757e-01
nan	1.080828611970028774e+00	-1.040130415228758043e+00	7.958609229277352481e-02
nan	1.366423776737714313e+00	1.153454201290335726e-02	1.355360465892974098e-01
nan	-3.804557897623740415e-01	2.626561257794855386e+00	-1.178583458470911616e+00
nan	-9.440137403773058988e-01	-6.461787301506976000e-01	2.404335304097190429e-01
nan	-1.308607705710343794e+00	-8.744766277276149191e-01	-1.307657478920438043e+00
nan	-1.329315763770435588e+00	2.084003135842542154e+00	-4.334761812813840431e-01
nan	-1.029597808837561246e+00	-1.072377666339142221e+00	8.603799464951734643e-01
nan	1.816266903378387365e-01	-2.429094307970798283e+00	1.491186411929645184e+00
nan	2.016099601468590130e+00	-5.912856799558842136e-01	7.553931302354703892e-01
nan	1.017581002095204523e+00	6.907190216574631281e-01	-4.251631054583551728e-01
nan	8.449597162524458138e-02	3.790848666503658926e-01	6.467624950807721040e-01
nan	4.143442975993334443e-01	-1.833997430765160308e+00	-1.051684272997452041e+00
nan	-8.010551273678588879e-01	-4.663920392545636284e-01	-7.783165901273876308e-01
nan	-5.887743074841100821e-01	-8.493687034247464629e-01	4.250121758699688113e-01
nan	-2.663251135412486592e-02	-5.657246532637201231e-01	-6.344290968706400857e-01
nan	4.946541203561560796e-01	1.216245217795279276e-01	7.196289792037685595e-02
nan	1.461451072664507800e+00	-1.134452019155747782e-01	2.276903991214991319e-01
nan	-9.833262767810497795e-01	3.402535083357406398e-01	1.442093651168202095e+00
nan	-4.790119346256649924e-01	-1.147017543660649785e+00	1.931960972234299856e+00
nan	-1.834510002816499841e-01	-5.038901299704032777e-01	9.166144714906970803e-02
nan	1.600272302376022804e+00	1.518440574499496876e+00	-2.044012929222218666e+00
nan	9.393742985731488027e-01	1.270496344638034625e+00	-6.680166387093704472e-01
nan	-1.211523121192401575e-01	1.006801713408093102e+00	1.644593174370606148e+00
nan	1.929019837977864915e+00	-1.264787094658029742e+00	1.424385450036925960e+00
nan	-5.810194888252390166e-01	-1.758340248744686141e-01	7.385709760995484707e-01
nan	-3.166703952420437673e-01	2.912825737448532237e-01	2.562023575000506037e-01
nan	4.811719007801413261e-01	1.121137059231891220e+00	3.473551737985493548e-01
nan	2.150816002939451188e+00	2.304675725505290762e-01	-2.957680414140085867e-01
nan	1.100110326425174367e+00	2.275603009396686360e+00	9.007235079518327581e-01
nan	1.248924344664813058e+00	1.911288177655782183e-01	-4.226624726240731933e-01
nan	-9.424348864634033429e-01	-5.651821584971874479e-01	-1.240783050638848417e+00
nan	-3.653987679947921507e-01	7.510098781419237701e-01	2.036056011642789265e+00
nan	1.287168860215705424e+00	-3.270287172542402088e-01	1.670292794527266533e+00
nan	2.175183614056262815e+00	1.941801706482123580e-01	1.431509811832583523e+00
nan	1.785926974266674794e+00	2.001568984090025261e-01	1.475229439154151834e+00
nan	7.726764477757546157e-01	-8.335550943188740902e-02	4.344703231533536547e-01
nan	1.880253460373779051e+00	5.827003445634368894e-01	2.237028058395960084e+00
nan	9.449713082028939892e-01	1.104487319020408309e+00	1.321082136313407540e+00
nan	-9.585038818216462531e-02	-5.243281365565766183e-02	5.846800286968845128e-02
nan	-1.143143658542855823e+00	-4.658111828622499839e-01	6.568464878423806441e-01
nan	-6.208775391657214704e-02	-4.246422254670694230e-01	7.096539473120003771e-01
nan	3.401401204529428401e-01	-7.435264318239855896e-01	-8.483453136793955851e-01
nan	-1.892373496739930383e+00	-7.844353766348268753e-01	-8.776294126258975536e-01
nan	-1.170036058141267876e+00	3.695627824816972717e-01	-1.621956188577328151e+00
nan	-9.083534815398677242e-01	-2.841087925400270775e-02	-1.366550136228624091e+00
nan	2.445283235426332080e-02	-1.426047615106049049e+00	-1.675664331036324617e+00
nan	-2.180057706766269643e+00	-7.933415815758138034e-01	-1.280799295016117112e+00
nan	-8.700286378407589005e-01	-1.676655324801735958e+00	5.903215589581127798e-01
nan	-1.462552761239450438e+00	-2.352097322282019620e-01	-2.982421580223325042e-01
nan	-7.599702114759556704e-01	-4.687484362548571259e-01	-9.358213971007712795e-01
nan	-1.623760265959598659e+00	-1.069899969510925253e+00	-1.460474436475831528e+00
nan	-2.782429965104779690e+00	-1.116666656194243767e+00	-2.169798961152414662e+00
nan	-2.077609621008079444e+00	-1.396872280637762920e+00	-2.511759345700488311e+00
nan	-1.469151370540432433e+00	-1.054497437996531284e+00	-8.700038667528853242e-01
nan	-1.977661255153765119e+00	1.137829925257695773e+00	-1.227083553850280451e+00
nan	3.556594876374437053e-01	-1.305817658861433195e+00	-6.503157363650282630e-01
nan	-9.253704679987293513e-01	-3.160382181940155633e-01	-1.370796467124395956e+00
nan	2.352847100588032481e-01	4.845086970384021585e-01	-2.576252926521304332e+00
nan	5.233837814830807345e-01	-2.555746101239774415e+00	-2.080561614719789176e+00
nan	-1.848926546071162580e+00	4.189079155356537632e-01	-9.643849529716713720e-01
nan	-1.959149255655475041e+00	-4.388723992694943399e-01	6.477855798593502579e-01
nan	-3.356676854791580400e-01	-1.603189574682336360e+00	7.828198544796713954e-01
nan	-1.795058500953270242e+00	-8.311705930337607295e-01	1.001547505153731255e+00
nan	1.205139808522878719e-01	-1.196395875950789112e+00	6.655111001195684883e-01
nan	-1.412405675712920416e+00	2.337956184799884207e-01	8.391865180249378220e-01
nan	-1.083721906502168736e-01	1.054322544512626969e+00	1.292862349905273267e-01
nan	1.062902644421018783e+00	-2.255607053804288831e-01	1.486554043971678229e+00
nan	-5.977105434817253649e-02	3.720997135632393982e-01	5.829083926295515194e-01
nan	7.354784910421778843e-01	-5.632774483366931317e-01	1.617120504680862547e+00
nan	1.793133404962267363e+00	-1.148361648167268489e+00	4.945918050273797606e-01
nan	8.785028804402394975e-01	1.389517487150540465e+00	6.256001002358073659e-01
nan	1.537977687220219547e+00	2.428312960345649252e+00	2.726031219948804818e+00
nan	2.454826496465640773e+00	3.139709577111974959e+00	2.188281188685023082e+00
nan	1.237115642244253300e+00	1.658061336624304438e+00	2.453525680504441198e+00
nan	1.598577972793582713e+00	5.888047237083976482e-01	1.131586784115409028e+00
nan	2.173603586340432381e-01	1.874753600260809505e-01	2.612286975950600110e-01
nan	1.305197798999117031e-01	-2.644685313084058631e-01	1.089237675802892547e+00
nan	-8.701359263258051646e-02	9.920816271570696010e-01	-1.697904771255586143e+00
nan	-5.499048633712383394e-01	5.003552736634774289e-01	-4.089229783967744947e-01
nan	-2.413569315397497972e-01	6.233498481246524392e-01	1.350296852829515171e+00
nan	-1.229750696441193725e+00	-3.679888095714125562e-01	-7.079316224184822870e-01
nan	-9.613932458428389172e-01	-8.401139183664535492e-02	-8.792508093096417232e-01
nan	-1.793185426611880295e+00	-5.347281073303122856e-01	1.014684561126170670e-01
nan	-6.585295273009147410e-01	1.835604346312551538e-01	3.044901665747474229e-01
nan	7.881020925261777998e-01	-9.609104171735431965e-01	-6.882176698839983509e-01
nan	-1.392988309126132584e+00	2.194111620966452403e-01	-1.819925439553006008e+00
nan	-2.842765355108102243e-01	-5.817450777460179134e-01	1.532073511540262833e-01
nan	2.808580494095239133e-02	-1.322174751225006384e+00	3.488735530448470179e-01
nan	2.420941431507210417e+00	-1.235256073005793764e+00	-1.306106426152681799e+00
nan	-8.081788815499238443e-02	1.030579636518928588e+00	-1.282646964381540799e-01
nan	-2.613510319983923802e-01	1.332186758678183258e+00	1.113766347497886278e+00
nan	2.620992596300908417e-02	-1.589526656046210462e+00	3.288841699812794506e+00
nan	4.331325098742733748e-01	-3.588605268285018912e-01	4.454086806758139616e-01
nan	4.522852242022942226e-01	-1.055134520954998378e-01	7.414411847299153813e-01
nan	2.011174820388826667e+00	1.261135911832400591e+00	-3.803169120774538836e-01
nan	2.001576747074419682e+00	1.033767429692174167e+00	6.028519589939459467e-01
nan	2.302265637431033518e-02	1.885789108156721294e-01	-1.109222638885355439e+00
nan	-6.540739885482413363e-02	1.692874644726830718e-02	-1.714798581008630807e+00
nan	2.120525729772159140e-01	-7.712602900776517334e-01	-4.952445029790475961e-01
nan	7.212747575219613516e-01	-1.219764386922096655e+00	-1.498903728489005882e+00
nan	-1.241099833619921933e+00	-2.255758075345610791e+00	-1.013272407137079778e+00
nan	-2.165805999282413019e+00	-1.012082318538215953e+00	-7.597492245852135451e-01
nan	-1.200978624422414986e+00	1.484746530649264651e+00	-1.915595629318610493e-01
nan	7.547585481487131265e-01	-9.787182158117916364e-01	1.227714392181820324e+00
nan	1.719974114351892347e-01	5.004511714939847700e-01	-7.649793574910859206e-01
nan	-4.752908210567242664e-01	2.592611707361726303e+00	2.615584790166776141e-01
nan	2.168724600772086397e+00	8.103355455353689063e-02	5.857204076312847452e-01
nan	-1.866689219438366187e+00	6.635489080309876497e-01	-6.482358529223719579e-01
nan	-9.213077675310354930e-01	1.064848126805794104e+00	5.344761756728537705e-01
nan	1.605046921847847752e-01	8.395192544071037322e-01	1.557479266669457463e+00
nan	1.312386778099917217e+00	-8.713771721338193776e-01	4.645887375530114993e-01
nan	-8.196747448740349107e-01	-8.618241273442829309e-01	7.269445595655876780e-01
nan	7.861108655604539530e-01	-6.337052214783989168e-02	-1.826130257455752526e-01
nan	-1.836302074046614941e+00	1.479188648636979297e-01	6.020742664137931355e-01
nan	-2.454839776754258018e+00	-1.410256204677403646e-01	-1.352318421132818305e+00
nan	-3.472755376312568920e+00	-1.671133478267933015e+00	-1.657962041100285999e+00
nan	-1.123076178289677429e+00	-1.158255146190666496e+00	-8.781865787921642186e-01
nan	-1.435784233090640960e+00	7.143941167417793281e-01	-1.688817771498872355e+00
nan	-4.908151472640348567e-01	-5.109863391001149280e-01	-9.068278879546214366e-01
nan	1.251391771111635132e-01	9.785859614565519671e-01	7.223090088230187389e-01
nan	1.211480294387456524e+00	-1.974203054624960596e-01	7.902324374082365654e-01
nan	-1.282189978956079779e-01	1.981207936558044169e+00	-5.829212155670194795e-01
nan	3.300154298898649863e-01	1.187122842328854233e+00	-8.109142298396373461e-01
nan	-1.652726357355764453e+00	-6.002684085448887208e-01	1.493496835458554273e+00
nan	3.805609669560733321e-01	2.990476303867531938e-01	-7.584395133567235492e-01
nan	-6.420126298318267200e-01	-2.502731003614349081e-01	-1.250406611881919039e+00
nan	-9.695855060336234787e-01	8.962819741925953654e-01	-8.644985929626961552e-01
nan	1.535237198454212360e-01	-1.835485238932374141e+00	-1.443201354034885142e+00
nan	7.226335358666283737e-01	9.865571491245191948e-01	8.016284661648397369e-01
nan	4.539872436715217119e-01	6.500848947131175892e-01	-1.599046822812722812e+00
nan	-1.822625861656687718e+00	1.325502262656883978e+00	-4.966687936645575174e-01
nan	-1.772530297205872907e-01	3.585033232001961778e-01	7.010702429710395922e-01
nan	4.499169904559727762e-01	-2.761955792159791478e-01	2.486376373018679864e+00
nan	1.234041669730935986e+00	-2.454229295565319435e-01	8.507430690506433413e-01
nan	-6.570954364147266746e-01	-2.710777561898380927e-01	1.349287208717933728e+00
nan	4.717144366914007847e-01	-1.148979521272504911e+00	-5.770412040572063805e-01
nan	3.619045748828338960e-01	-5.143598923496860431e-01	8.221106318476067987e-02
nan	-6.060817396569864179e-01	-7.860573476469476795e-01	-7.430617034633439921e-01
nan	-1.071618407447613608e+00	-1.693742722197608130e-01	-2.376974135030001378e-01
nan	-1.332077623309193548e+00	-6.355571827684338704e-01	8.965153659986035972e-01
nan	-2.049556900454516661e+00	-2.169388968508737303e+00	4.292019091538165632e-01
nan	-1.085425319725252580e+00	-1.895188035384443026e-01	8.583681268115044283e-01
nan	-6.584726481652928287e-01	1.060460791149784310e-01	5.141389599563896962e-01
nan	-1.255967281435125038e+00	-1.141373778017355844e+00	1.320775548569790736e+00
nan	-1.446080596453352740e+00	-6.113848651752351593e-02	6.922389103671325872e-01
nan	-1.382777117796932576e+00	1.661481539463933177e-01	2.127610594137391065e+00
nan	4.706742603778726330e-01	-1.794062710643812064e+00	-6.580249016775387982e-01
nan	-5.193829217450703917e-01	-1.169620484042769304e+00	-6.566066330322286593e-01
nan	-9.239678677567210174e-01	1.807563257685993463e-01	-8.840212376131282301e-01
nan	-3.292549795517660804e+00	3.500365405737171365e-03	8.728094347600651171e-01
nan	-9.012866061559334785e-01	-1.623940455391628124e+00	1.899824236475621264e+00
nan	3.493859345786487491e-01	-5.111708541226966940e-02	1.053030669463642433e+00
nan	-2.616361950560768701e+00	-1.083554083609831853e+00	-1.557490015285853513e+00
nan	-2.699745970701862952e+00	1.206040632849785244e-01	-5.386664956857789566e-01
nan	-1.862951888585522298e+00	-1.622763949349565138e+00	1.674853066408937163e+00
nan	-1.709259019417088243e+00	-6.276355416271430787e-01	1.195493869663892150e+00
nan	1.355214679429560309e+00	-3.272143720776997666e-01	-1.683869501095016652e+00
nan	-2.126938875401420681e+00	-1.191154610879580633e-01	2.995594389592013407e-01
nan	-5.016848896369491273e-01	-1.015518632716567726e+00	1.703745652107329089e-01
nan	-2.327473439681829959e+00	-1.365701725211562412e+00	-2.385758800483128717e+00
nan	-2.876577516520404831e+00	-9.952835257371022148e-01	-9.430804453672673171e-01
nan	-9.556181100670075867e-01	3.455740030226881476e-01	-2.637495672099100297e+00
nan	1.510212762064149672e+00	-5.702443770838364068e-02	-3.232049111104565720e-01
nan	-2.619345172581383219e-01	-1.962222357219443047e-01	1.145369313818867418e+00
nan	3.946624413717217950e-01	-4.002804037351712640e-01	2.112698817423003916e+00
nan	1.121235571752424276e+00	-1.821560994943562051e+00	-3.825053952789483347e-01
nan	1.453028490581633747e-01	-8.651939928121952228e-01	4.332228046999232474e-01
nan	4.302221159419222785e-03	-1.904150917885543415e-01	1.146955212899351650e+00
nan	3.673942661191672010e-01	2.623371936086839273e+00	6.774146592021268454e-01
nan	-4.089051399872432047e-01	-7.477550870802001093e-01	8.320405782364308500e-01
nan	-2.942796895336223795e+00	-1.622062085876974757e+00	1.865110846773035735e+00
nan	-2.602542100836259031e+00	-1.708783869042138859e+00	9.058062612526711632e-01
nan	-2.755508352391742299e+00	-2.579228234004593556e-01	1.276732785539626214e+00
nan	2.722619736563319792e-01	-3.501032121363143013e+00	1.241354311144299283e+00
nan	8.618036700728857191e-01	-4.516971599423156292e-01	5.480255812307214258e-01
nan	-7.902372175634664320e-02	-5.083171342997617748e-01	-4.480858782596425782e-01
nan	-1.550246231574821998e+00	-1.837840045984519222e+00	2.495874713655127364e-01
nan	-1.695566133398210829e-01	-2.116252561199705617e+00	-4.185472937135718552e-01
nan	-2.320847219773600756e-01	-2.362809163330130247e+00	1.065848871227738082e+00
nan	-1.794597465561459604e+00	-1.045384067603448486e+00	-1.505292335763573242e+00
nan	-1.102109465837366464e+00	-3.351490428578236536e-01	-3.114041702460376371e+00
nan	3.472360290321196974e-01	-1.081642394900831583e+00	6.634107350201088327e-01
nan	-6.669645049246620827e-01	1.336750492112907418e+00	3.844172666327722032e-01
nan	2.884283823095131094e+00	-7.655967345086251985e-01	-1.323413707514082827e-01
nan	1.546751018551929091e+00	3.304671495665026382e-01	-7.294872119247844955e-01
nan	1.961540335690379333e+00	1.587905875121652821e+00	-1.216026871031981482e+00
nan	2.703460949921311918e-01	2.763037000260051279e+00	5.713850282937645852e-01
nan	-3.564942543908047323e-01	1.200170656490850529e+00	1.545586502263416318e-01
nan	1.353613070332168267e+00	-8.919420353858438233e-01	1.257391725680204964e+00
nan	1.414268441134778120e+00	-1.397878111750953334e+00	6.534659203848656173e-01
nan	-1.113350488411139150e+00	-1.233860230467809460e+00	3.960267432682099686e-01
nan	-4.109395265353510962e-01	-3.523729821892689351e-01	-1.561909301453068499e+00
nan	5.204737291591355897e-01	5.344143520856434182e-02	-1.217710673482915285e+00
nan	-9.283092997497199850e-01	2.832883416807782662e-02	-3.347417860722344152e+00
nan	-2.012779029686631915e+00	4.833962008781565456e-01	-1.094127679326123426e+00
nan	-1.872020067312377467e+00	-8.142115417109168085e-01	2.035037682030254591e-01
nan	5.181205384056190022e-01	-1.708280073580530356e-01	-8.855806435363330897e-02
nan	6.416767776712124782e-02	5.402453260938900464e-02	-3.701468119106123278e-01
nan	1.405565014347400998e+00	7.874061049515328481e-01	-7.015794098585270699e-01
nan	3.307617924210911831e+00	-6.326866102383462698e-01	-2.061190157197999806e+00
nan	8.359335543045485206e-01	4.366640835020896283e-02	-2.429277962019898318e+00
nan	1.250852804551714215e+00	-8.518271643875258148e-01	-1.386802169422385989e+00
nan	-2.917872504770135378e-01	-3.681370878746861863e-01	9.245082261994577166e-01
nan	-5.141918398359285325e-01	3.158666708906578413e-01	8.504752112687848919e-01
nan	1.591317887964797340e+00	1.178957952550712562e+00	1.633719884156026980e+00
nan	9.878278166287532969e-01	5.605096184856923625e-01	-9.282076335133905287e-01
nan	-5.533730795433120520e-01	-4.532660861490451776e-01	-9.016830209386734740e-01
nan	1.388779761727860107e+00	-5.013081521513640393e-01	5.251853404802773184e-01
nan	-5.557274628027375485e-01	-3.937871850898846393e-01	-1.006566595426050315e+00
nan	-5.252145139889941028e-01	-1.934217074722738572e-01	1.366793887785932027e-01
nan	-2.013936280801596812e+00	-4.348210017864918564e-01	-1.655094469096962673e+00
nan	-1.810595901396785390e+00	-1.264442004934057451e+00	-2.308140258313103654e+00
nan	-1.045214656127216202e+00	-9.715873933603557111e-01	-2.833388000783814142e-01
nan	-1.435612190143772615e+00	-1.135947255541034928e-01	-1.312983759353378410e+00
nan	-5.659972584637484871e-01	-2.726873357347919247e-01	1.251493843105783377e+00
nan	4.462046108100620745e-01	7.053617981815224480e-02	3.342488110607279572e-01
nan	7.645011461731007207e-01	-4.050171381339895404e-02	1.033248700528935249e+00
nan	-1.070673310262795663e+00	-5.732868265197814672e-01	-8.874170351621627484e-01
nan	3.164999672636130690e+00	-5.141842841434327571e-01	1.131625747173232277e+00
nan	2.680647197537819437e+00	1.492671404132642321e+00	4.810755235793439666e-01
nan	2.274547702230359292e+00	5.353268375751217834e-01	-9.870484521750421125e-01
nan	-3.182456321075637362e-01	2.708260839716709167e+00	-1.821346769328959336e+00
nan	1.534203424657289760e+00	-6.404633908922855445e-01	-8.200688070725650203e-01
nan	-1.296567658606527784e-01	-1.526434469782235737e-01	-1.963219491914212633e-01
nan	-9.924442054457614792e-02	7.751984881432050223e-01	-1.255675730316345495e+00
nan	-1.347165094962962328e+00	-1.053957345146709912e-01	3.161421134308034508e-03
nan	1.510512112983789956e+00	-1.718534675179349325e+00	1.031131173473430973e+00
nan	1.723599006071648621e+00	-1.542389521614352388e+00	-1.736905102465395312e-01
nan	5.989441580276517740e-01	-4.474423250937371588e-01	8.102695885746430404e-01
nan	-1.110474779892626773e-01	-8.896737086693248253e-01	-5.935399595147179408e-01
nan	4.052325256984302126e-01	-2.651542597360979414e+00	-7.488084481150829586e-01
nan	-1.492007757873349272e+00	-1.110866854964260853e-01	-1.981180441139081871e+00
nan	-2.959382416635686353e-01	-2.492857176790568285e-01	-9.476185273623833893e-01
nan	-1.379075909531264355e-01	-2.538702519048129380e-01	-9.306490309473819389e-02
nan	-9.029468129314153213e-01	-6.791190506363429247e-01	1.911311331830655158e+00
nan	-9.037326945977059989e-01	-3.687083659530512869e-01	-5.963329251060622838e-02
nan	-1.714626350683664757e+00	-7.672447979558196796e-01	4.118503081784316011e-01
nan	2.642212456887916838e-01	-2.825963346165122569e+00	-1.825349055933053743e-01
nan	-2.112422377945914587e+00	-4.769276930450361274e-01	-2.586275176217986971e-01
nan	-2.072596362303048778e+00	-8.183182710135240567e-01	-1.244412996319803177e+00
nan	-1.310297713598042035e+00	-4.270854335554911119e-01	-6.987041954747620354e-01
nan	-1.173790841585257816e+00	-1.608659104527670358e+00	2.034919489608132404e-01
nan	-9.815548968737777269e-01	-1.052943472720844209e+00	-9.024112109096131817e-01
nan	-1.936711155754228031e+00	9.102311400531846175e-01	-1.556882592232531781e+00
nan	4.973179948477038925e-01	-7.992965818440906922e-01	-9.202369810029404906e-01
nan	6.905273730574814639e-01	7.737054473638557694e-02	-1.407652725706074470e-01
nan	-1.685521114844427792e+00	-6.446204564112758550e-01	-1.133917768732450870e+00
nan	-2.366495328140419296e+00	1.589613873777265818e+00	-1.497828502902027736e-01
nan	-7.999114131418133544e-01	-1.577168928729022257e+00	2.935059901003256311e-01
nan	-1.018707501113205405e+00	-3.384057163831041271e-01	2.225111111538184083e+00
nan	1.503143391880937263e-01	-9.356070478067002316e-01	-9.527106828882669909e-02
nan	1.181715745244663607e+00	7.428583158502735095e-01	-2.454048979544895648e+00
nan	-8.458682623097395492e-01	-2.277805827142426187e-01	-1.471388575601115356e+00
nan	-1.135133592050629803e+00	-1.590789069374632103e-01	-1.177087806268756864e+00
nan	-1.511133184976032329e+00	-5.259130497213932998e-01	-5.792672372357219324e-01
nan	-1.383292182777692503e+00	-3.801349188497296083e+00	-1.170370606586978113e+00
nan	-1.003307197813235963e+00	-1.777903408903335425e+00	-1.462489523499057587e-01
nan	-2.025906759938811419e+00	-8.311241362046192238e-01	-9.234653221988380345e-01
nan	-2.285905489305708471e+00	-1.367961945089176456e+00	5.644252714035482565e-01
nan	-6.291757067523853220e-01	-4.440862522763949771e-01	8.120520274135509808e-01
nan	-9.913673249249190800e-01	-8.605010496917997465e-02	-3.668443809973748193e-01
nan	4.801865156811752078e-02	-2.905430178886728720e-01	1.232460401535591998e+00
nan	3.519769275721285062e-03	8.302089561517819183e-01	-2.442550551309430329e-03
nan	-6.450885659384417714e-01	6.595511254959274261e-01	-9.887780540793353889e-01
nan	-1.357195536890360543e+00	7.549839099068292314e-02	-1.151859720956934563e+00
nan	-4.142881174549595813e-01	-1.772468426191416979e-01	4.620858730798525493e-01
nan	1.695804887592987198e+00	-6.424428707741605127e-01	1.828849137148703896e+00
nan	1.533697873460042604e+00	1.724289068017075044e+00	1.654151014187378532e+00
nan	7.694304945927155082e-01	-7.143250030750073476e-01	-4.540550730320722650e-01
nan	5.691106099372150728e-01	-8.731343041741406186e-01	-2.619989182074964784e+00
nan	4.591507976216507858e-01	-6.237516574277907067e-01	-1.266851980975185477e+00
nan	-1.029011900409468883e-01	-2.070408092739511208e+00	-5.695682393766224871e-01
nan	-1.527211380501284577e+00	-1.065010021816075181e+00	-1.010547423517227372e+00
nan	-1.248354347302852441e+00	-4.917223199406742795e-01	-3.226736564726004897e-01
nan	-1.473660872152656953e+00	-2.466681397029619749e+00	-2.479563074958927860e-01
nan	-3.121926478819230244e-01	-1.295356194713056075e+00	-4.230083450692417313e-01
nan	-1.324839504724334649e+00	-7.843109058248671772e-01	-2.814677752996701532e-01
nan	-6.371961870025023567e-01	-1.700553194563634851e-01	-1.198868912882416371e+00
nan	6.440768960344772642e-01	1.467213628635106293e+00	3.964262477688841879e-01
nan	6.131983136092511444e-01	1.543651914712386386e+00	1.517142150158347524e+00
nan	8.423866437956294417e-01	1.640612130242127709e+00	2.521920900073005178e+00
nan	2.749077764962612136e+00	2.223032953365733810e+00	9.560252141930332126e-01
nan	4.809793881833746010e-01	1.857885526513149310e+00	2.391888390335844772e+00
nan	2.135913081770121735e+00	1.737145252550430286e+00	-1.022635312535075114e+00
nan	-3.606382320558180199e-01	4.035106884223007562e-01	1.088453915943069727e+00
nan	8.691601609427562769e-01	-5.132203085527619058e-01	4.560693151725640493e-01
nan	-7.622327837204750933e-02	-1.120540228721505632e-01	-4.441198280249446517e-01
nan	1.695582796806500703e-01	-2.338585699780057148e+00	-3.832703565783805999e-01
nan	2.924187892832077473e-01	-2.943855685096460117e+00	9.382927410427035486e-01
nan	-1.988562315012322723e-01	-1.042674044538849820e+00	-5.667073287821557948e-01
nan	-8.671448711070339765e-01	-1.818557432871888313e+00	-7.596119653840450736e-01
nan	-1.362588782535923970e+00	-1.344022541929950521e+00	-1.365090185473663453e+00
nan	-3.120716925022723576e+00	1.463318253197873231e+00	-1.176035174364321145e+00
nan	-1.570476292355799774e+00	-1.343789170014440870e+00	-4.757024422946797837e-01
nan	-1.260366155590267656e+00	-2.242344651206466644e+00	-1.099855188643631632e+00
nan	-3.257468610585641855e+00	-1.007177940222633072e+00	-1.472918028355471254e+00
nan	-1.589367484777041817e+00	-1.273012816584655926e+00	-1.263045023101184938e+00
nan	-2.994042397778707842e-01	-1.390640339973501227e+00	-1.677545030650225755e+00
nan	-1.277418077643119876e+00	5.846023400714162044e-03	-1.108469882768839287e+00
nan	-4.462880218483651351e-01	-1.692542852232195250e+00	3.884961615075699370e-01
nan	-2.150082230735268496e+00	-1.666454197979783336e+00	2.415335514646629322e-01
nan	6.317633548653884823e-01	-2.110923337017142742e+00	-9.163530404556080589e-01
nan	2.234832103491635191e-01	-3.268193276107468348e-01	-1.674384910750048139e+00
nan	5.152114313350941721e-03	-5.579999536199934385e-01	-2.012250928167571562e-01
nan	-8.007281124116399917e-02	-1.080236163844390668e-01	-6.587500423540881833e-02
nan	-5.073238103492401230e-01	-1.246300233043208250e+00	5.105360882717382420e-01
nan	7.373196354498008365e-01	6.111278551597103537e-01	-5.392712282410765390e-01
nan	-2.366094497838489852e-01	-6.075013990191261426e-01	9.491702931607441940e-01
nan	3.362699338485409251e-01	-2.282194370935227146e-01	-1.848661158416822214e-01
nan	2.012261158505818451e-02	9.902522667631503683e-01	-9.572148790048100597e-01
nan	8.787482659644380023e-01	6.102958864431999864e-01	-9.102543033422838548e-01
nan	-1.280882870089698589e+00	1.386888122534823298e+00	1.764099616652113900e-01
nan	7.257644920553540935e-01	-2.023493751291740861e-01	4.891377398525259546e-01
nan	5.562603607069431799e-01	1.109557220305011693e+00	-2.990224730879887383e-01
nan	3.247955244386853124e-01	9.165865627008802363e-01	3.327701056460625750e-01
nan	8.912608063467056807e-01	5.885620760362386683e-02	1.301330381113908974e+00
nan	2.338702538231579364e+00	1.096665028969883993e-01	4.824116623976797413e-01
nan	3.918654616078982023e-01	4.362419829832652196e-01	-2.292606089738828401e-01
nan	2.429759815556584268e+00	1.192368419230930565e-01	2.129570943397086635e-01
nan	-7.364081659106855859e-01	1.155469839856028358e+00	-1.510355461531219579e+00
nan	-1.080531323497597063e+00	2.869682913107939881e-01	2.887737149957408933e-02
nan	6.040408592161028434e-01	7.228202711784402767e-01	3.099291501651276093e+00
nan	5.518111160746106414e-01	1.064848212264890126e+00	4.208224871480619189e-01
nan	1.801306246943858103e+00	-8.316245900036288718e-01	-9.349200692436150373e-01
nan	-2.521164954850240725e-01	8.744462649071185201e-01	-1.981305886547513051e-02
nan	-6.539864670366517529e-01	9.348937084743199621e-01	2.012423379659205314e-01
nan	1.135193725758405048e+00	4.933799740064828132e-01	1.338416019619947273e+00
nan	6.715671205664798249e-01	8.428714050424703785e-01	1.956193258092225329e-01
nan	-8.753626096659277156e-01	2.054445801218663714e+00	2.243888968699873754e+00
nan	2.681447509491976966e+00	2.386752391625370229e-01	1.213341417197950411e+00
nan	6.108346752909429300e-01	1.646176507202391726e+00	2.050191819198101673e+00
nan	1.483982152820932043e+00	1.607607471655358999e+00	5.114560865300438186e-01
nan	6.854604454659700696e-01	5.693293827781272798e-01	-7.017381871495915746e-01
nan	-1.145444966688596855e+00	-4.694374488373450061e-01	7.705091891891113765e-01
nan	8.337967723212318383e-01	-9.190019625254477464e-01	-1.498404107418392917e-01
nan	4.381264917337472642e-02	-6.539052346711067276e-01	4.600606279021296485e-01
nan	-2.405845574457682989e+00	9.791575026534634629e-01	-1.234679188816980355e+00
nan	-2.671305196165471019e-01	-4.844704854911378589e-01	1.298722118489694433e+00
nan	-9.799923651723774221e-05	2.222368901075542968e+00	-9.370584739780600803e-01
nan	-5.851171889981421348e-02	4.908502038073629947e-01	1.676416471003983943e+00
nan	3.988202324338377958e-01	1.395362262102515238e+00	1.000822227567861544e+00
nan	1.255250390777731040e+00	-5.809080543732716428e-01	4.355240598642726724e-01
nan	-2.670593468279894300e-01	3.581008972946945201e-01	-1.216303125732290269e+00
nan	-1.703600516252311792e+00	-9.738299295935556876e-02	1.350683841058565871e-01
nan	-4.197372677177929612e-02	1.022966817411604890e+00	-1.252100543286486678e+00
nan	9.484339909326998663e-01	2.318296828795566977e+00	-1.379312244521909148e-01
nan	1.739342934611575187e+00	-4.563746851183902997e-02	8.444176849723549205e-01
nan	5.168214198586313923e-01	1.950953430184013682e-01	1.231273476189948812e-01
nan	2.014200407643350899e-01	1.680653909609678642e+00	6.751698500913976275e-01
nan	7.661681131935169642e-01	8.956782163306173938e-01	1.104010181223240350e+00
nan	1.851871453811038792e+00	1.011251609304819610e+00	1.476362282049834107e+00
nan	1.758353167299417930e+00	1.570345975217268819e+00	-9.697045027665777139e-01
nan	-9.053781613736054945e-01	7.697903091634550332e-02	3.480645798911068955e-01
nan	-1.168890834341325263e-01	-1.027502117642795199e+00	-4.277563638626631914e-01
nan	7.428385931768094474e-02	-1.358361471731306391e-02	7.307883697078219054e-01
nan	-6.033078259262175669e-01	-1.904990562901713591e-01	-2.824187848670594025e-01
nan	-1.074462587499194877e+00	-1.943051441172279903e-01	3.098450271924504396e-01
nan	-2.531875184752457209e+00	-1.381653993855253670e+00	-1.668262166025734627e-01
nan	-1.978212572190821472e+00	-8.709154285899385339e-01	3.959525776623762372e-01
nan	-1.815448035653916659e+00	-1.774581710042939742e+00	-1.221257803666349506e+00
nan	-4.256751971787453570e-01	7.033470339327596577e-02	-2.312016469239824845e-01
nan	-3.214696063988267127e-01	5.593206489865188979e-01	3.120949395163054252e+00
nan	2.137645912299425355e+00	-6.725240851089767657e-01	-7.308190762474731095e-02
nan	5.957713782102537214e-01	1.364275849004150887e+00	-9.904445012109795998e-01
nan	1.627123498351036535e+00	2.641658809642627226e+00	-5.784215465925156563e-01
nan	1.277691727348195805e-01	2.891277815314032829e+00	2.594438581813804934e+00
nan	1.772296549565187451e+00	4.659188557858509605e-01	1.766648527767872290e+00
nan	2.360772256295048166e+00	1.398310103767165247e+00	-1.186182537722640706e+00
nan	6.425095599612052899e-01	2.072590296624758910e+00	-1.643925925012419409e+00
nan	-1.029010706121754604e-01	-5.137763891816674588e-01	-1.062705231248376014e+00
nan	1.588813547941180238e-01	5.685143688386191663e-01	-1.411491190600906220e+00
nan	-2.792686122165652374e-01	1.433262777921834985e+00	-5.358504059090505312e-01
nan	7.345320534632762133e-01	-1.600850914910544875e-01	-8.885338881921170939e-01
nan	-2.151846970178699081e+00	5.039385996623840791e-01	-2.204085572168235085e+00
nan	-1.637391818279812838e+00	8.281639018570585709e-01	-1.116496133495431087e+00
nan	2.801341219090734969e-01	-5.029631175778044305e-01	5.626568296542349135e-01
nan	3.202681952799906195e-01	-9.696370161296783419e-01	-3.177379129650645950e-01
nan	-3.061818682476473708e-01	9.303269612352184081e-01	-1.674035757870883101e+00
nan	1.815944255663481943e-01	-9.268859897793847447e-01	-1.000939374869593390e+00
nan	1.308566471016234800e-01	-1.150229932043133507e+00	-6.095560163482131033e-01
nan	1.893007111776943141e+00	-6.506824639550072842e-01	1.527023696152951526e-01
nan	6.637489222105985576e-01	1.846681522317921154e-01	-1.300033030626867703e+00
nan	-3.641324254512078307e-01	1.379500512622063191e+00	9.044679590493371890e-01
nan	1.156848738763340267e-01	7.726938322248332325e-01	1.120469598508272213e+00
nan	1.346411658438884107e+00	1.319787080334428042e-02	-1.949543464987198105e+00
nan	9.556688717899612939e-01	-3.615954348239448501e-01	-1.113878318238080922e+00
nan	-9.379708278910053876e-01	-6.856882688427461403e-01	3.355325509427635189e-01
nan	-1.048382246118122474e+00	-5.907055624234013314e-01	6.306752446319330296e-01
nan	-3.503736669724947017e+00	3.505191491009554405e-01	-7.415900866867568553e-01
nan	-2.425270616796479484e+00	-1.086404704391986220e+00	-1.010340089747676640e+00
nan	-1.758382628527055402e-01	-1.847050105991900226e+00	-1.771942400755692759e+00
nan	-5.765449322946534227e-01	-6.474768804566185532e-01	-1.902343449171628453e+00
nan	-8.642490249968270977e-02	-8.547410915300204248e-01	-3.011508624802494705e+00
nan	1.639309889900946171e-01	-2.052885062861376397e+00	-3.694945193440472009e-01
nan	-6.936014155782955770e-01	-1.273481231563223570e+00	-4.200343515644899828e-02
nan	3.687099801824045286e-01	7.160190848887416637e-01	-9.789586724483435587e-01
nan	-3.196337700154264216e-01	3.857915458680976073e+00	1.115866722887236318e+00
nan	7.186292172260025923e-01	7.392058264220912056e-01	9.484173879339284907e-01
nan	1.576758094699668877e+00	1.333496550468060926e+00	1.093596664696903531e+00
nan	9.251654641414053248e-01	2.042224419174584416e+00	-2.853676284282615772e-01
nan	2.350882773404338044e-01	-8.210552339754206841e-01	-2.280757819583572044e-01
nan	-1.017437816385589278e+00	4.339059493198335060e-01	-9.005986902633450475e-01
nan	3.661650915309010434e-01	-1.025538145849439697e+00	1.464766069146116623e+00
nan	1.960085020916260690e-01	-3.857920095758263779e-01	6.714546453928524894e-01
nan	1.279593567861614600e+00	6.111151722392273999e-01	-6.070341344483314305e-01
nan	6.674964786189124810e-01	3.832030213415947850e-01	2.768114713091895052e+00
nan	4.743735938528503837e-01	-6.207525047857148648e-02	-7.987316776501480753e-01
nan	-8.323018659912673201e-01	7.033510423202329331e-01	3.539210458582135455e-01
nan	7.679566257876402346e-01	-1.382752356013787320e+00	-3.285765452490980176e-01
nan	-1.079513926324273898e+00	9.301315260377704397e-02	5.736740401638318332e-01
nan	-2.696344160982329374e-02	2.783053198987980870e-01	-2.091933892910569082e-03
nan	-3.683745646131789120e-01	4.029310332149519946e-01	2.735882955373189485e-01
nan	-2.421100027529404120e+00	8.357633370691767150e-01	-6.883555184257368342e-01
nan	-3.571443358444349458e-01	3.406086347215753207e-02	5.354327577850955810e-01
nan	-8.084511888545022895e-01	3.578038699119315269e-01	2.228104819814781479e+00
nan	-2.318421229439342923e+00	1.284480036724491292e+00	3.751288834916273185e-01
nan	2.252390782692676729e-01	-1.465503408804967211e+00	1.108106748923107343e+00
nan	-4.478470483666042168e-01	-9.735062838280870157e-01	2.289918990244884878e+00
nan	-6.608300405805128674e-01	-2.726430346124643078e-01	1.478909906810725872e+00
nan	-1.465534635353582249e-01	2.144679518959389242e+00	7.458849428298416351e-01
nan	4.284802339636545332e-01	1.859837020212998127e+00	-9.154860094040703222e-01
nan	-2.186682241411341820e+00	-6.133019592007316056e-02	9.077147181967266665e-01
nan	-1.704894723518207256e+00	-9.597118157527290139e-01	-5.139994489997015137e-01
nan	8.719556755953997706e-01	-8.288658080236203096e-01	6.666119852266064738e-01
nan	-1.457788330113126918e+00	1.641516574716161692e-01	-9.706964480744564860e-02
nan	-1.327283750507479043e+00	3.461037950798447338e-01	-3.757042299337065017e-01
nan	-1.690780829361238968e+00	-4.838321030432805037e-01	1.023355867973160027e+00
nan	7.054932700296401293e-01	-7.524205053406077814e-01	1.465007906698760465e+00
nan	8.675912984534080996e-01	-2.619363522344265505e+00	6.107834831999175984e-01
nan	-9.475404499300448258e-01	1.261555305446741215e+00	-7.774894869630271099e-01
nan	-6.072841920127076687e-01	-9.385726115590882213e-01	1.190287358563937747e+00
nan	-4.329027624617918790e-01	-2.922140090902082044e+00	1.854828048634560078e+00
nan	-1.587783603798765597e+00	-1.036585202165993591e+00	2.164008034191142738e-01
nan	-3.915159845424829865e-01	1.541952465047260468e+00	-8.170489016829569628e-01
nan	4.899414839608929872e-01	-1.067128582919572022e-01	-3.906674510750260398e-02
nan	2.103435649252366257e+00	-2.110795847653014867e+00	-2.161892448951087786e+00
nan	-2.025525640930385229e+00	-1.167073181334569387e+00	-1.770476719389644238e+00
nan	-7.869370489495660648e-01	-1.097103035921829228e+00	8.065244005962776130e-01
nan	1.140666102274177529e+00	-1.655270527650439361e+00	-2.112303556721719655e+00
nan	8.688444754792962188e-01	4.549380641327253061e-01	-1.055574883826716270e+00
nan	1.667125203737727324e+00	1.212210060582803228e+00	1.033209713037582134e+00
nan	1.264858643545613948e+00	3.308448648377943169e+00	1.675108313019691764e+00
nan	2.677925396888055865e+00	1.196478996316336030e+00	1.437547627474212719e+00
nan	3.667623198983879451e+00	1.513208941094906557e+00	-3.340600114158553957e-02
nan	2.119256332201711501e+00	1.343362949184310873e+00	-4.096138486316435179e-01
nan	-2.178223654672885035e-01	2.032680802963650724e+00	-3.373540563826040728e-01
nan	8.226436106470342846e-01	1.410030083761829811e+00	-2.645685566737577821e-01
nan	6.546730888091361056e-01	2.426964051654117993e-01	-1.737459487111904899e+00
nan	-3.111653841440390478e-01	3.486883054760564482e-01	-1.416322558680567223e-01
nan	1.184668530647404461e-01	-6.121483179985698353e-01	-2.470647565375418520e+00
nan	-4.732112598957546323e-01	-3.408582091590783847e-01	-6.098797840927885350e-01
nan	-1.004283534854250037e-02	6.414804419498801868e-01	-1.188190997013820027e+00
nan	-3.183862655395374164e-01	6.468454329978452488e-01	9.831459152159549575e-01
nan	5.994942319100822203e-01	-6.146053375641868932e-01	-1.668924188211204362e-01
nan	-3.650980835680697756e-01	-9.652700338427472326e-01	5.105251018493283111e-01
nan	-1.453172536787813440e-01	-1.610496451604515711e+00	4.811892535818074190e-01
nan	-1.983528106377066835e-01	-1.988519188814509286e+00	-1.733902632926058507e+00
nan	-5.864122180376738491e-01	1.155444738778988789e+00	-5.623458935682077442e-01
nan	-9.250539879903018070e-01	5.323356171539233017e-01	-3.223248201347628239e-02
nan	6.333865206213864507e-01	3.143331888001204000e-01	-1.001775675289810819e+00
nan	-1.742730375373257923e+00	-5.120245710183606302e-01	-1.142031880815510547e+00
nan	-1.489511785897690732e+00	-1.959589721593477218e+00	3.569172738716609450e-01
nan	-1.788039549451647225e+00	1.985363860882214393e-01	-1.483786409252648042e+00
nan	3.134864177849168154e+00	-1.683788248610766258e+00	1.082711662812015030e+00
nan	7.858222621049814061e-01	-2.932531216425484644e-01	-1.251246136613193061e+00
nan	-9.137862527076723307e-02	-9.156483594441257035e-01	6.349031719698224885e-01
nan	1.991460915287421862e+00	-1.051193167903598846e+00	5.291608441142031660e-01
nan	2.102398066694699530e+00	2.401779540629337961e-01	-8.602245287188756695e-01
nan	-9.668885754857112769e-01	2.368917512830761574e+00	6.858136901499912730e-01
nan	1.533086571313691859e+00	3.011808791054572110e-01	5.760113703203513236e-01
nan	2.504976332073586054e+00	1.234275589323932110e+00	5.817326556378081825e-01
nan	1.490998754516295488e+00	2.648756039057118983e+00	1.289784995081597385e+00
nan	3.473584937593916067e+00	7.157252477627754628e-01	9.168176407689198060e-01
nan	1.322028957077926670e+00	8.080173084076547330e-01	-3.274276317470138919e-01
nan	-4.149388035997403357e-03	3.192787680840984965e-01	1.250789813343663459e+00
nan	9.323151710714647766e-01	7.608476415541615134e-01	1.208287545231617077e+00
nan	6.707481298934064862e-01	-9.321412132149486940e-02	-3.452314768165949399e-01
nan	1.988737838066125807e-01	9.908116693592506907e-01	4.635033954416143409e-01
nan	-1.521441237699826532e+00	-1.819451423990928074e+00	4.899852386535861748e-01
nan	-7.591225223060927840e-01	-1.873770640257622855e+00	2.924265211590450497e-01
nan	-5.625220852208356881e-01	-3.327382082184443313e+00	-1.836970969804840648e+00
nan	-1.073948873985234087e+00	-1.993375797091253565e+00	-1.974950501876179931e+00
nan	-1.062992217255779970e+00	-8.649971807414900127e-01	-1.790543927365719767e+00
nan	-2.560901054418266432e-01	-1.227520827242385648e+00	-1.137984096044828419e+00
nan	-8.811968708832942365e-01	4.888702619607626643e-02	-4.722836620525155960e-01
nan	4.374999564735264079e-01	-2.464233103729934982e+00	8.606425503264312216e-01
nan	-1.087828714162244026e+00	7.285204989711280277e-02	-2.083511291883642369e-01
nan	-1.749492733226312602e+00	-2.752843721671436872e-01	9.543028253744348932e-01
nan	2.628792789644474048e-01	-2.032991304183491277e+00	-4.172759933353120676e-02
nan	-7.807477010751903146e-01	1.773833956982909799e-01	-1.259437288862744531e+00
nan	-8.343617222573531667e-01	6.622909478020886365e-01	-1.160439124990773063e+00
nan	-1.216188358073261089e+00	-1.504027391223514032e+00	8.509261452056148256e-01
nan	-1.652991743679519843e+00	-2.665687961180193355e+00	-3.494676947573686077e-01
nan	-2.543261606169440636e+00	-6.372077453495521571e-01	-1.229564989854750490e+00
nan	-7.857750130623416540e-01	-3.547904906324783614e-02	1.475361169021933705e+00
nan	8.545319148443435431e-01	-1.762758040918085134e-01	-1.310583303348619721e-01
nan	1.186688205507864469e+00	-1.574208055492040348e+00	-3.472659571054865779e-01
nan	6.676964853451486936e-01	-1.092572417475663027e+00	-8.929004607705128826e-01
nan	1.241087979219170356e-01	1.842712869767871853e-01	-2.449544834188816633e+00
nan	2.884756950206159853e-01	-3.913988447658856007e-02	-2.204834126139544992e+00
nan	-6.665589589574549834e-02	8.322188553857488014e-01	7.351390859688744506e-01
nan	8.354629310221327598e-01	-1.293963793700785070e+00	1.689463905000218702e+00
nan	1.649159439038285324e+00	1.398869431191724910e+00	1.082020700815474745e+00
nan	3.264879892617806423e+00	1.389120663852866588e+00	1.210017132006051099e+00
nan	1.864226725125731843e+00	1.946793523470861320e+00	1.922017173430144998e+00
nan	4.051610619711739858e+00	1.012418947577578443e+00	2.471172352099239022e-01
nan	1.831279292401049474e+00	8.312089800812504370e-01	-3.293485537620526871e-01
nan	-9.662543805720029688e-01	7.264507698024731397e-01	6.830694883917902693e-01
nan	7.152932602337247481e-02	-1.473532072752883115e+00	1.050186091051535042e+00
nan	2.662980406774552722e-01	-5.140194182180911620e-01	5.976595743969093100e-01
nan	4.391231522632319528e-01	2.325484990277699449e-01	-1.759589994037745742e-01
nan	5.894682606512096079e-01	-7.619715567458684724e-02	6.549744643474376682e-01
nan	1.980230482654737223e+00	-6.700945022379153349e-01	1.757098103394715560e-01
nan	-2.000872660180876839e-01	-8.635512218512774174e-01	-5.167824090050683605e-02
nan	-1.119538589355854041e+00	7.871587133960216143e-01	-2.914623911348001029e-01
nan	1.704451063613260153e+00	-3.945283335156950510e-01	-6.657504001254712644e-01
nan	1.252308943731976765e+00	5.506089021498097313e-01	1.199027907817637462e-01
nan	-3.287868295469259516e-01	2.037206545359456999e+00	7.652643947901258126e-02
nan	9.702219212206099064e-01	2.062642900517719369e+00	9.408121184947741966e-01
nan	7.280492864381218343e-01	-9.489749375851280755e-01	4.862774255490067143e-01
nan	1.148892697434592103e+00	1.074896862713711210e+00	-6.540658559171425024e-02
nan	1.895860695074091384e-01	1.995346175743507811e+00	3.834049964167570157e-01
nan	1.102126532621602983e+00	5.903219142852328405e-01	1.835260354439036679e+00
nan	2.248318330182657032e+00	-1.530299418650774346e+00	-1.296803304091369569e+00
nan	-3.174201825774874974e-02	-1.146710429959029831e+00	6.133805060280976829e-01
nan	-1.470367281111216951e+00	-2.787241329765762776e-01	-9.099565208856885690e-01
nan	-1.148549200965353734e+00	2.043493686993965719e-01	-1.012980137218810306e+00
nan	3.246442864862535416e-01	1.000120586462301508e+00	4.069998315051249760e-01
nan	1.048372224017826815e+00	-4.656303296946436854e-01	4.871679706664442389e-01
nan	1.124950083226510245e+00	5.139265231083043339e-01	-7.903734338729465625e-01
nan	-1.627551294812186744e-01	-8.234240436218925874e-02	1.364787077184567377e+00
nan	-1.828051837231724264e+00	-2.587345454360462926e-01	2.132252363424872676e+00
nan	-1.286467570433671659e+00	1.759653336198092832e+00	1.403739259939879247e+00
nan	1.095946748395528525e+00	7.048816531333654822e-01	-1.959237972201913758e-01
nan	-1.643037014648197847e+00	4.121961400837875766e-02	2.952449621178676598e-01
nan	-9.566061158823002675e-01	-1.122649725294034617e+00	-1.244276595496024845e-01
nan	-1.785875975649259817e-01	-6.164009440833219111e-01	-2.591134627805159241e+00
nan	-1.198720821472800679e-01	-1.178425564667547665e+00	-1.312673894923671369e+00
nan	-1.185805815362009463e+00	-7.551376260110203020e-01	-2.755548922760991393e-01
nan	1.785074906397128736e+00	-2.102169232567342672e+00	6.134166325600975966e-01
nan	3.382088966364396931e+00	-9.231780785517611221e-02	-7.003191187377790783e-01
nan	1.385030289205144705e+00	-6.116360915978286128e-01	-4.111906950932027183e-01
nan	-2.943265616052249678e-01	5.640022604797014782e-01	-1.846128101889561668e+00
nan	-1.036076079797535909e+00	-4.153660666397116508e-01	-3.352999091697975165e-01
nan	-1.302081341207951937e+00	5.662602440154280714e-01	-5.589881767746833763e-01
nan	-4.817028974565521482e-01	1.595042950773983559e-01	4.380503265393806411e-01
nan	-4.251978117641278532e-01	-1.497775147938293250e+00	1.240263480129182305e+00
nan	-3.176104340025636130e-01	3.061516197635849590e-02	-1.361661418010173541e-01
nan	5.458761743312228187e-01	-1.243267585607905179e+00	1.121328416993850663e+00
nan	9.416165905609968911e-01	-3.768312732696727507e-01	7.353068413310017704e-01
nan	1.484937951886702856e-01	-4.324758232181501461e-01	-1.704957093829879144e-01
nan	8.217277244144909343e-01	-9.031375202868818786e-01	-6.156712950729104072e-01
nan	-1.043303251276141541e+00	-9.262812625929538468e-01	5.272964599197671465e-01
nan	1.228231580628615482e+00	-1.535882446149863023e+00	-3.691775479794132675e-01
nan	-2.079653071304458756e+00	-5.709096627015407543e-01	2.787629557525355128e-01
nan	-1.017619007298550926e+00	-2.693361961464773024e+00	1.204902355044808804e+00
nan	-2.980049769263489190e-01	7.782795018288457545e-01	5.640581118269488714e-02
nan	-2.026660723154463994e+00	-2.216060928935340013e-01	-4.951991687425231214e-01
nan	-2.024431213912119443e+00	4.569077933850466122e-01	-2.373130026702844120e+00
nan	-1.658618558108053032e+00	7.641601869669230052e-01	1.005614087456824013e+00
nan	1.323941658434942825e-01	-9.526184971480575747e-01	2.025919841678525124e+00
nan	-5.438568511581394205e-01	9.238341232273007408e-01	-2.258743022207741480e-01
nan	1.966438991212676290e+00	4.565358298396680059e-01	1.609496506224321055e-01
nan	1.839858754537246455e+00	2.584254111097858964e+00	1.790937761719290311e+00
nan	2.143562133359830035e+00	2.510068654583869296e+00	2.049944683044745197e+00
nan	2.297126149083898561e+00	2.314201809034007962e+00	9.694215906707281949e-01
nan	1.950749169152980578e+00	2.640422246942062401e-01	4.917408267252098009e-01
nan	-1.376923481459972898e-01	7.758135525500083896e-01	-1.073112301350624409e-01
nan	4.750188825890543365e-01	1.687192819781689668e+00	1.699957225149162365e+00
nan	2.248739340022310351e+00	-4.445600868778288861e-01	1.942437012015797659e+00
nan	7.544372256302883661e-01	3.334716052514213880e-01	-1.231590242807585778e+00
nan	1.509009137368606979e+00	-3.570585692919079346e-01	-5.033734692646795184e-01
nan	-5.458053803520031000e-01	1.296378144930359522e+00	1.923933305064662314e-02
nan	7.967338048975914910e-01	-6.307984896524249097e-01	-1.457093644000258648e+00
nan	1.294701366072177784e+00	1.775185840459797826e-01	-1.288685263749920651e+00
nan	-1.158347917043342612e+00	-2.358934511228027442e-01	1.462110317166964268e+00
nan	8.791561284322583214e-01	-5.932936403697927075e-01	1.111479394014256883e+00
nan	1.513440461196200015e+00	3.929765716189592140e-01	2.304007308424981026e+00
nan	2.098223729321972097e+00	2.288347965157435215e+00	1.697165042571193716e+00
nan	1.336860351479738585e+00	-6.075557583145596574e-02	2.070391597763084679e+00
nan	-5.441476353334488980e-01	2.732396710737998280e+00	1.679896683698351545e+00
nan	2.812584362368149904e+00	-6.134269812112780329e-01	7.596053464997676308e-01
nan	1.763149712715919915e+00	-2.854542896786304018e-01	-1.704541181444118314e-01
nan	-8.641432506624890930e-02	6.156220052107443941e-01	-1.651125585054475486e+00
nan	2.043250914114673744e-01	-4.008074168612629773e-01	-5.023842452386505508e-01
nan	1.237522149704454177e+00	1.485994869378979844e-01	-8.229832215499723880e-01
nan	7.138363622206478354e-01	-1.726499798105505246e+00	-2.290693520243695380e-01
nan	3.293724567290398086e-01	-1.671317934591773469e+00	-1.079658980562272719e+00
nan	-1.453710049853989217e+00	9.439012901160419577e-01	-1.007870061898284764e+00
nan	-1.480794841483525026e+00	-6.210767056420323229e-01	-2.984196300195050555e-01
nan	-1.805323264050133547e+00	8.538819658991326778e-01	-9.646851441960611062e-01
nan	-4.465291698163029732e-01	-4.585344742836304777e-01	-7.479266403127975416e-01
nan	-5.966119987588829332e-01	-7.345466884014119069e-01	-2.218042997421751039e+00
nan	-1.076650919224594327e-01	-3.343712287167597830e-01	-2.440808913219518761e+00
nan	-2.498677557048999409e-01	3.323079625853334607e-01	-3.504108811554842440e-01
nan	-3.653318595205622965e-01	2.104600909845374679e-01	9.434320270571753264e-01
nan	-2.164120693440856336e-01	-7.961307447608729770e-01	3.929715128213450703e-01
nan	-1.107318773676148949e+00	3.205430638426471912e-01	-2.781894029356339892e-01
nan	-2.404544685453440245e-01	5.140134386575966330e-01	-7.601123632961563903e-01
nan	1.455880843932331192e-01	-2.653076379233245241e+00	-9.535800911081436515e-02
nan	-1.485575634236299125e+00	4.578844098086575221e-01	-1.328451453976603691e+00
nan	-2.548157926851774557e-01	-2.910405784534513263e+00	-7.650147807747258444e-01
nan	-5.352110281196538200e-01	-2.081394491129176849e+00	1.617506837354817595e+00
nan	-5.544781355886493346e-01	-4.196272584170565034e-01	-1.321769396925046358e+00
nan	-2.759306972021708382e-01	1.317562929771014968e+00	-4.908621262837781218e-01
nan	-3.068298873728950160e-02	9.682560907295743036e-01	-5.736212232673887357e-01
nan	5.534941689593131375e-01	-7.832459768157742364e-01	6.187625167861585673e-01
nan	1.213359738124487164e+00	3.007566278692234696e-01	-9.309953788155922449e-02
nan	8.573893175627135266e-01	8.124041750117275695e-01	1.854349293421967970e-01
nan	-9.855362662957647402e-01	-5.226266238460802738e-01	-2.605590937464208334e-03
nan	9.483689539368556076e-01	-1.541568575007512987e+00	-1.725534784735609062e+00
nan	-2.234699797505716568e+00	8.591749970196028707e-01	-7.248281583700346697e-01
nan	-9.929363432413034207e-01	8.974584063524859712e-02	-7.921821007092239020e-02
nan	6.726072293359333099e-01	1.896934247631307247e-01	-7.996424126261587606e-01
nan	-2.426128260228585243e-01	-1.075809097655573421e+00	7.977323362440196242e-01
nan	-2.317645825902498125e+00	-5.859839821346828348e-01	8.198917272617849417e-01
nan	-1.045600801481189279e+00	-1.150013870135782268e+00	4.511492633755697090e-01
nan	-1.909845948983197150e+00	-2.197919280127941022e+00	-8.997983789837122881e-01
nan	-2.980648649962402974e+00	-1.028530606689329607e+00	-8.419129423091773479e-01
nan	-3.249985408244165264e+00	-1.579151533578307065e+00	1.842857153887069499e+00
nan	-6.972404582055711231e-01	-8.603710241405152503e-01	1.951562629686399986e-02
nan	-1.383113468876152607e+00	5.292971241753471334e-01	-2.092864668647075099e+00
nan	-1.173505976067035217e+00	9.405910192352202603e-01	-5.476762620708556240e-01
nan	-5.452176233457467491e-02	-3.206691559186158891e-02	3.625645789241736527e-01
nan	-1.437155509920885255e+00	-6.404956594477345666e-01	-4.151048142441460254e-01
nan	-8.515515159533237899e-02	8.668413762537555689e-01	-7.499541291256092146e-01
nan	-8.464744790191026935e-02	2.454428087584574758e-01	-1.286247948970102639e+00
nan	5.448792449600096122e-01	9.773964202058506023e-01	-2.334180638347944647e-01
nan	2.640561487176706912e-02	1.865337795066622228e-01	8.809448630563668781e-01
nan	8.327360119742794886e-01	8.046263321051986273e-01	1.636104811479209165e+00
nan	1.812740960282632763e+00	5.669509538343103783e-02	9.192246934249939105e-01
nan	1.252291986609631813e+00	2.112674022437381005e+00	2.103354191674472684e+00
nan	3.818523428068607117e+00	1.596108994828723482e+00	8.328555186248931541e-02
nan	1.319702911188990635e+00	1.717187638393497418e+00	7.219744399619405506e-01
nan	1.164835341113117373e+00	2.241827427130858474e+00	4.661417027857767681e-01
nan	1.330035647033830148e+00	9.980519652678565556e-02	2.080764521570361847e+00
nan	2.397838109957332042e-01	-7.825743625623748922e-02	-3.931707034106637355e-01
nan	-8.429035698848532654e-01	3.360293124895477601e-01	-1.914157655617938270e+00
nan	4.192865944586658955e-01	1.196819030512074333e-01	-4.585299537140727910e-01
nan	-3.488020838082484532e-01	-7.222348185212257299e-01	1.924817364247322971e+00
nan	-2.991122003397297391e-01	2.212524307212948571e-02	5.125955717950230195e-01
nan	-1.626009573401007713e-01	5.370785993835713867e-01	1.150470315839298374e+00
nan	-4.120125972041140949e-01	-1.820301013443171023e-01	7.041768355849156169e-01
nan	4.254689399672564182e-02	1.247942522378256314e+00	1.040172034119089650e+00
nan	1.075845502816129118e+00	1.915771168365504595e-01	4.562124137898677656e-01
nan	1.323224026210618742e+00	5.921979914044459559e-01	-8.009215174690818007e-01
nan	1.365621117027100873e+00	1.033659760381638648e+00	-1.741948220357714572e+00
nan	-1.421354080902113681e+00	2.489456412280663056e+00	1.111987791387834879e+00
nan	1.067419408267019421e+00	4.537902952953500879e-01	-5.634628699963455389e-01
nan	2.070840251381277364e-01	8.933862020411308391e-01	2.327296888754672111e+00
nan	2.667821717883658295e-01	-1.012488132861040446e+00	1.498066774492433861e+00
nan	4.714423522160905433e-01	-4.894304530465795056e-01	6.948371509022645276e-02
nan	-1.195195431151567567e+00	-2.961011030192454152e-01	-1.518609142817099134e+00
nan	-6.721690371716773083e-01	1.100302524382019143e-01	3.617067927833522711e-01
nan	-1.816274467355265265e-01	-1.608491734789691430e+00	2.265538540980636117e-01
nan	-2.482406245744538387e-01	7.058180721947789893e-01	4.787594270798082863e-01
nan	1.301104403946765631e+00	8.923769767133238329e-01	6.101308794270275948e-01
nan	1.577743506379090110e-01	2.963234199735008456e+00	-8.847196147395891552e-02
nan	8.878781223054763583e-01	2.985333396402156669e+00	-2.085540564553560738e+00
nan	9.199698344607880607e-01	5.492832866575524386e-01	1.306937580438616298e-02
nan	2.672167446552431436e-01	-3.553568056835886835e-01	2.045515740897691170e+00
nan	1.635369090173786288e+00	3.473114750285385965e-01	4.798837074468786379e-01
nan	-1.507847491228370140e-01	-6.211124453872766127e-01	2.002242319145357830e-01
nan	6.659540949655781694e-02	-3.332832670124150631e-01	3.665412130608420305e-01
nan	-2.312975845747353987e-01	-7.851385187557491374e-01	5.322781978464534713e-01
nan	7.492158917954615527e-01	-1.742452134463500668e+00	4.729226657985644566e-01
nan	-1.475184910767236290e-01	-5.039057345835916690e-01	5.164040242357820221e-01
nan	6.377073267042239202e-01	-1.283570938842359066e+00	-5.470797966709260995e-01
nan	1.309057725782155845e+00	2.096589890174934412e-01	-7.586650548287257045e-01
nan	-7.771047822841500308e-01	7.076685946021326057e-01	-3.895005729336474820e-01
nan	1.115481806257722919e-01	-6.161947813372137261e-01	1.966358363095242201e-01
nan	8.126702078311494049e-01	5.429851161497213363e-01	7.087777089549589515e-01
nan	1.113827458764514944e+00	1.247285537609110762e+00	1.372154416801512511e+00
nan	2.606951982971996706e-01	1.561769261123423291e+00	1.885586919220444635e+00
nan	2.268420482813018335e-01	6.677287770772376563e-01	3.050245238090934841e+00
nan	-4.208842647008448346e-01	-7.270751374800967781e-01	5.077979023590387664e-01
nan	-4.147450014378768479e-01	1.351040259043941871e+00	1.177017439388098108e+00
nan	-1.099869372728106143e-01	7.316623016261150081e-01	6.244970104547661327e-01
nan	-8.218481283503087376e-01	4.818777391032628143e-01	4.871831784640786589e-01
nan	2.632389360508653464e-01	-1.209711375015361412e+00	-2.313892856520684660e+00
nan	-1.121145955039951847e+00	-1.508851037542656703e+00	5.400973028680293719e-01
nan	-8.324671783087829180e-01	-9.584392256651688147e-01	1.521148536347537661e+00
nan	1.666455730501285482e+00	-1.764284926893545657e+00	-1.121427098267214983e+00
nan	4.447898665940334673e-01	-1.169103030835938251e+00	-1.927647805932363179e-01
nan	-6.070688225485705303e-01	8.854161414644088346e-01	3.274818580359468712e-01
nan	-1.236071042186170255e+00	1.172043072342041192e+00	7.431889910033646629e-01
nan	-9.359380470085325587e-01	7.353460745087193606e-01	1.201757151358629594e+00
nan	1.131105398037294707e+00	1.089450539994775591e+00	-1.582802548729330905e+00
nan	5.446719975189322493e-01	1.291790364335962060e+00	-5.919941860818739299e-01
nan	1.745631660506077543e+00	3.017561041363674867e+00	-1.237815834132388826e+00
nan	2.823762883350795949e+00	2.049733555033367072e+00	-2.784783200390339442e-02
nan	1.597247188495777515e+00	2.826093549522789239e+00	-8.800843074897414242e-01
nan	2.732589620951335618e-01	3.198302031912472199e+00	6.516264883887789017e-01
nan	2.108126936428095011e+00	3.566068299458496904e-01	2.591917137268895388e-01
nan	1.674054143178773657e+00	1.031422093508500337e+00	-6.192407401466413219e-01
nan	1.709641702918522022e+00	-1.045474383130021057e+00	2.027721330638651565e-01
nan	-5.560821500485676472e-01	2.807886565359307696e-01	-7.573960622488014049e-01
nan	6.673164090031384887e-01	-2.219682157162212732e+00	3.877101324372950186e-01
nan	9.063668539933060764e-01	3.802846934063255913e-01	1.038534341062118838e+00
nan	1.518992297250981505e+00	1.099469736711492507e-01	1.057348655955672179e+00
nan	7.809895674289007994e-01	4.310647199503976346e-01	3.992947235425489683e-01
nan	1.061934753097180106e-01	-1.931715640868801320e-01	3.011683336226094188e-01
nan	-2.007401527833790889e-01	-7.291266842338246790e-02	-2.125808810337596194e-02
nan	1.102001486581848377e+00	-3.424448026145213708e-01	-9.541294878383153044e-01
nan	2.452571872579210610e-01	2.921074119178266870e-01	-1.012419585183790272e+00
nan	-1.588237738330263271e+00	7.694784662382476714e-01	6.083143683559064652e-01
nan	-4.167825816230589786e-01	3.875011147940743417e-01	-3.714968379641698792e-01
nan	3.774510921168846567e-01	2.370350836465752398e+00	1.241315250752558497e-01
nan	4.469096280630577844e-01	9.018738450644054883e-01	-3.638192160752945492e-01
nan	2.522409298214733364e-01	-1.218404832864917742e-01	-1.937059749026406874e-01
nan	1.300892220383923492e+00	-3.019657551461520373e-01	3.307233212106178710e-01
nan	-4.590879111410473556e-01	7.469191836216193536e-03	-1.261290339849020281e+00
nan	-1.657182928133388855e-01	-9.892974182032523989e-02	1.042775739157888459e+00
nan	2.944672725057844609e+00	-2.360166015052603539e-01	9.996452898521992481e-01
nan	2.791400670776746917e-01	4.255310926341409061e-01	8.724677510735106001e-01
nan	-3.030325873226891176e-01	-1.638946269734049332e+00	1.221127542874484551e+00
nan	-6.317387563880602075e-01	-2.788974103599343835e+00	-1.225777842722272304e+00
nan	-2.436745914846763839e+00	-1.042018243527930599e+00	-1.723015311097901403e+00
nan	-2.680839442200106504e+00	-1.396604180004480611e+00	-2.231116778513073662e+00
nan	-1.944201126800185975e+00	1.406296520130057015e-01	-1.150207409780252599e+00
nan	-1.949863260915381424e+00	-1.671148017732173807e+00	6.688645271360571520e-01
nan	-1.220052564825646391e+00	-7.106077834197463972e-01	-1.577238377102659239e+00
nan	-2.279573288415749133e+00	3.979161305213385624e-01	-3.730789149892833056e-01
nan	1.678589568812376864e+00	-1.769425708725745672e+00	8.930049370434826050e-01
nan	2.640870822487048297e+00	6.204743582826294235e-01	-4.381309256374208427e-01
nan	1.586628886019303408e-01	9.375921729923136771e-01	-1.497320210390014950e+00
nan	4.678226720349144552e-01	-1.387591765134599697e+00	-1.731798737640008468e-02
nan	7.356059475155634075e-01	1.074679622153549730e+00	4.309829007974962933e-01
nan	-3.570145364115939746e-02	-4.625731654893836531e-01	-7.280441591945806534e-01
nan	-6.459553568698199744e-01	-1.937203897625736193e+00	-1.503871408332249970e+00
nan	-7.470129005010111012e-01	-1.219599918125064963e+00	-1.536116033242767465e+00
nan	7.177456630224379186e-01	-1.296447241046267962e+00	5.592221452448441488e-01
nan	5.060335618720654960e-01	1.720248489671186931e+00	4.885277077222111020e-01
nan	-1.232504987276643593e-01	6.980387130645998583e-01	-3.005929949980730154e-01
nan	6.498342176426821215e-01	-5.038363376601964760e-02	-5.850870382904388434e-01
nan	-9.385623288764034788e-02	9.174047856239653242e-02	-2.977368374701397369e-02
nan	9.270777975260444115e-02	-2.450437979977723169e-01	-4.078924816601690595e-01
nan	-1.467326442033421330e+00	-1.306488192764288236e-01	1.613455921529170611e+00
nan	6.162367761245930442e-01	2.800108066840625298e-01	9.020445986654408443e-01
nan	1.256119038743008343e+00	-6.455923678474597693e-01	-2.499971945298642972e-01
nan	4.272563730928552461e-02	1.440894320196978384e+00	-1.001484895665843755e+00
nan	-2.995642497777455393e-01	-2.571087371654218745e-01	1.177825014514978452e+00
nan	-4.837281215090574182e-01	-1.516049018997557840e-01	1.440842971671867145e+00
nan	2.245801044737248731e+00	2.189616527580013905e-01	3.677582743361446083e-01
nan	3.805531260107797853e-01	-4.233631696836241964e-01	-3.089110180632376190e-01
nan	-1.242732453207924914e+00	4.176628718455333567e-01	-2.099243877029562277e+00
nan	6.559365379356069115e-01	1.541042446323888315e+00	-9.519858757166858032e-01
nan	-4.896399938415532116e-01	2.715299510449596720e+00	-1.041130868808934684e+00
nan	1.041676494891056848e+00	7.696988930797536987e-01	1.092759349657391965e+00
nan	2.151604516813263146e+00	-2.021538777100705397e-01	4.886591766512971557e-01
nan	1.808685429742817874e+00	1.275652737400299497e+00	1.293489234097684015e+00
nan	9.034540037316790562e-01	9.921742225795082692e-01	-4.363465288266861197e-01
nan	2.269415473584349030e+00	-6.464857393441723055e-01	-2.459997107809485939e-01
nan	8.780942407781772152e-01	1.159188823305514981e+00	2.269465372946863346e-01
nan	1.723484718657819492e-02	1.995204011579567283e+00	2.525760508141655647e-01
nan	-1.557734622683182746e+00	-6.478989473579598313e-01	-1.846279662932482690e+00
nan	-7.824885371577241511e-01	-1.704293114934483988e+00	-1.802974211295513829e+00
nan	-9.941506644252389169e-01	-1.463003223799319574e+00	3.923283738687164401e-01
nan	-7.736320950532519225e-01	-1.222478214858067291e+00	7.127070013575673713e-01
nan	3.807010706748863993e-01	-2.026512916410258658e+00	-1.244048140591486273e+00
nan	-1.022274617514386863e+00	-8.258491154016798230e-01	-1.235465369922983392e+00
nan	1.639941735115621579e+00	-1.384969879027337925e+00	-2.772427742695100505e+00
nan	-8.451828613722807138e-01	2.045733222389328754e-02	-4.250049844011806188e-01
nan	-7.465868303642557713e-01	5.469246839730265153e-01	-2.116430905872241475e+00
nan	-9.182624851411778089e-01	-7.979183153018574171e-01	-9.669304593800918113e-01
nan	-1.177958023918644681e+00	-3.145425302644853094e-01	1.310030897741164102e+00
nan	1.232678790544163849e+00	-1.072817897591948455e+00	-5.216138002033450238e-01
nan	-7.167195594049305951e-01	4.449147078379812881e-02	1.038772231383490174e-01
nan	-1.365262542285302194e+00	-1.396326086205590178e+00	7.472523754674403884e-01
nan	-1.135182627593212423e+00	-2.187355187315285665e+00	6.495956629441010932e-01
nan	-1.076408350559658222e+00	-6.110720839126823067e-01	4.390086316930856269e-01
nan	2.219898084955483908e-01	-5.488984287964082665e-02	-6.559614393854719117e-01
nan	1.718881376048237097e+00	1.484449512067208765e+00	9.009645888429043126e-01
nan	-2.621601140414799858e-01	8.325854218733209633e-01	8.490678341629698256e-02
