nan	-5.350121090757015141e-01	1.306959531074398662e+00	2.643035694195703833e+00	6.849614962664011264e-01
nan	-8.464756389656991065e-01	8.044048959776808339e-01	3.387119017315960989e-01	2.097483629268290350e+00
nan	-1.734077091420460071e-01	-7.254255349759934912e-01	-1.021128213555095865e+00	-5.702723673742104982e-01
nan	1.166846845189530857e-01	-3.601380693842490821e-01	-5.975814881228042053e-02	-2.229180191032971159e+00
nan	-5.219722702926290481e-01	1.967815305503004542e+00	1.299076983657219797e+00	-4.078140469377206090e-01
nan	1.432765472760250569e+00	2.579631574210428102e-01	1.553360610751457038e+00	-8.728763771875096555e-01
nan	-1.097629127330027377e+00	-2.299147329118582106e-01	1.400187405750276115e+00	-3.259864578893134635e-02
nan	-6.910804767351725886e-01	6.529244536643136199e-01	-8.909693246314913662e-01	-1.506398266658300678e+00
nan	2.014581459093877924e-01	8.464698709220984663e-01	5.964433719014744506e-01	-1.516796007629515053e+00
nan	1.839746961469896497e-02	5.428425458267596149e-01	-1.525057284906824462e+00	-2.452489827423430135e+00
nan	7.823252529154811619e-01	-8.249836834958761411e-01	2.900955274561977770e+00	2.198557676904445701e-01
nan	1.519092585664382655e+00	5.071089153828429730e-01	-3.903962494874864131e-01	1.707019943105594795e+00
nan	1.570560637808959478e-02	-2.505635757112470996e-01	1.829982554152073559e+00	-7.626494003698622848e-01
nan	-1.230128118715093644e-01	1.545648920273481775e+00	1.492697586049797520e+00	-1.203170127382140464e-01
nan	-1.082667902827024964e+00	4.606770798895123420e-01	6.608514915147598590e-01	-1.354583830744891193e+00
nan	-3.785473394418956139e-01	8.174437347144911659e-01	-9.983256710505690190e-01	-3.134586584898757522e-01
nan	-5.039868315359762319e-01	1.846779850746216312e-02	1.109724312693320947e-01	1.977858867504455498e+00
nan	-1.580312268313638635e-01	-1.745620932924127677e+00	-1.289194578566370819e-01	1.209516312155094253e+00
nan	-3.255308719530751183e-01	-5.738430906030376200e-01	3.397666488913608784e-01	6.796993657073182593e-01
nan	1.927019199043926989e-01	-2.502951060337750278e-01	2.326953297627183115e-01	3.764762966773406161e-01
nan	4.270586080054238898e-01	1.267309196097519797e+00	3.694267159217693441e-01	1.237992433980772411e+00
nan	-1.147831173149003625e+00	4.949715595588004002e-01	1.280740841967166199e+00	4.895486611919923625e-01
nan	4.786387114712181701e-01	-1.957274901414833845e+00	-1.291408953861932218e-01	4.197065510747250983e-01
nan	7.782322035783927339e-01	-1.734628025795889705e+00	7.491863162757069761e-01	-9.839077221916181504e-01
nan	-1.830025039911634677e-01	-1.231049556461406569e+00	-5.523127335019769601e-01	1.710434287699727607e+00
nan	-1.412787634339590093e-01	7.836625361145311830e-01	1.926313365099888708e-01	1.111373407735076091e+00
nan	1.180066137056387382e-01	-1.692663452557454873e+00	-1.183441621726986637e-01	-1.099313398903518091e-01
nan	-8.485158060872974861e-01	3.273200721840283656e-01	-2.983040142732019118e-01	1.147614728818426855e-01
nan	-5.061452400489089287e-01	6.571824763801421554e-01	-1.008072941687570001e+00	-2.537329771225247943e-01
nan	9.477014527524761922e-01	-7.683907296747871651e-01	-5.288266967885277836e-01	-1.545809892689560039e+00
nan	5.859632349042084298e-01	6.363634130049627968e-01	-1.033339295687369708e+00	-1.746906998856849746e+00
nan	2.745688892153389515e-01	-1.402413929617230881e+00	-1.073727990841324420e+00	2.749810870329979506e-01
nan	-5.526207343326424715e-01	-1.050382757995587113e+00	-8.285299934952927714e-01	6.096242487823986256e-01
nan	-6.027558752471610104e-01	6.235322291349106871e-01	-5.502757880098764209e-01	-1.455682857598055380e+00
nan	6.413345687988316612e-01	6.262110367845088454e-01	5.731343447477116326e-01	7.584675380927599075e-01
nan	-9.789861123793077713e-01	-2.213826390222676799e-01	-2.172668923581498213e+00	1.436479195258990149e+00
nan	-1.104954052866261138e+00	-1.256542267352058095e+00	-1.390690065063812098e+00	-6.502602802833858942e-01
nan	1.322590208213547391e-01	-6.228547856826288642e-01	-3.045736025480451747e+00	-2.480836812420445625e+00
nan	1.546066559782694583e+00	-7.081798319198688851e-01	4.084700227515103421e-02	-3.730204303896643703e-01
nan	2.388876467956229377e-01	-1.257110826255007918e+00	-1.568278610591696598e+00	1.853859065375085824e-01
nan	-5.524396091028358491e-01	4.761312269232874095e-01	-1.076132597429149573e+00	-1.044716186053369356e+00
nan	8.002196504211903649e-01	7.119879343865542776e-01	1.892108622280341823e+00	5.049238949031321644e-01
nan	3.244384569819335762e-01	-2.997126595651874448e-01	6.498241914983450274e-01	6.492385259193673708e-01
nan	-4.556531163176316124e-01	6.324675405581174636e-02	-2.634727301901968577e+00	-7.831822032738996464e-01
nan	9.900535501750391543e-01	-4.948738319019604925e-01	-8.523563680024675016e-01	-1.512437523418854957e+00
nan	5.129167317127781081e-03	1.236212806314689550e+00	2.617159238553624090e-01	-1.641634028407443102e+00
nan	-1.157956165613468702e+00	8.213900861387963825e-01	2.765753222381335807e-01	6.740060481425498295e-01
nan	-3.219181613250455820e-01	7.422414310188321096e-01	-2.682218866467570573e-01	-4.661253910982188220e-01
nan	-1.020013549268903752e+00	9.819858222986264096e-01	-8.732074711707851211e-01	9.968980172462785228e-02
nan	6.576411715898101695e-01	2.816792631782819023e-01	-3.736102622465968248e-01	6.248037436141311574e-01
nan	2.825856925875069869e-01	-9.134598135617459924e-01	1.365669920838205265e+00	2.879698579982734596e-01
nan	-4.927539451500619894e-01	-8.930154888554079351e-01	2.200615872618293167e+00	1.435925743944299837e+00
nan	7.209445594467419616e-01	-8.589272033027223197e-01	-2.904438127658438840e-02	-1.154773923993246409e+00
nan	-1.800111915053250744e-01	4.420201783866988254e-01	1.362882485809416289e-01	5.557010345590214229e-01
nan	4.616926890504295389e-01	8.644354781771761420e-01	1.165260118552504442e+00	-8.571906836504885607e-01
nan	-3.231359117426840233e-01	1.588121536389033972e+00	3.893291554291768986e-01	-9.790070787203287717e-01
nan	-2.560183875909888829e-01	7.722596276511262126e-01	1.174344767467426331e+00	-1.004478751347348986e+00
nan	7.492138987531400396e-01	8.956190166045543410e-01	-1.484970179053468176e+00	-1.026667748153645976e-01
nan	-4.895035322341231843e-02	-3.203901513052613281e-01	-1.943465380157554656e-01	-5.336490809067581109e-01
nan	5.509562241622926182e-01	5.660459137909490401e-01	1.412612677244245107e+00	-8.083432645863817267e-01
nan	2.804896232001877765e-01	-3.352680382913355572e-01	-1.694924495546906718e-02	-2.212522357305439336e+00
nan	1.628355638417688267e+00	8.844474007348360756e-01	5.811094821817551770e-01	-8.650621765448942568e-01
nan	1.085690948751739660e+00	1.637764696610379378e+00	1.246052295793855791e+00	-9.342824994631535040e-02
nan	-2.422882422313193673e-01	8.778908152148450217e-01	2.766107967188760064e-01	-5.585060185773751407e-01
nan	8.445748552869557502e-01	-1.111399045092452242e+00	-8.073722779327839882e-01	-1.241945282114696125e+00
nan	6.155058648332794036e-01	-6.453583816626023983e-01	8.082013787731996413e-01	-8.977928431099986284e-01
nan	-5.931848479551901088e-01	5.381942413000745384e-02	1.777342743676265213e+00	-4.231560188398102995e-01
nan	1.662140752762142126e+00	-6.752588251936664232e-01	2.687879200108830302e-01	3.037506836932962750e-01
nan	-3.206715826525574076e-01	1.310717935166978210e+00	-1.136150001619927963e+00	-1.115110723992744912e+00
nan	-9.207737904040078636e-01	-1.267947211811912611e+00	6.648713519618398848e-01	-2.391300508330599373e-01
nan	-2.038156095072178597e-01	2.692174145899688953e-01	8.511145420646466508e-01	-3.299226817480699347e-02
nan	1.933932706300256932e+00	8.210456455862394920e-01	3.202698942404372251e-01	-2.786198483508222634e-01
nan	6.703472286239249289e-01	2.760806687618095445e+00	1.667899720743746261e+00	-1.892392613183372596e+00
nan	9.780256309270214388e-01	3.222586998336639752e+00	-5.019112460548900145e-01	-2.037422974812332477e+00
nan	-1.271189042989005591e+00	1.916645150744312520e+00	1.844965490619928872e+00	-7.834549301899011997e-01
nan	-1.535320083451481521e+00	1.486492580762167393e+00	2.287942420604768934e+00	-1.795812596851738219e+00
nan	-9.173578903383003968e-01	-2.254900925647927767e+00	1.441650607302112475e+00	7.234753295305467180e-01
nan	-1.145258635457007568e+00	-1.307724354759242091e+00	9.859998631960460447e-01	1.094083154635314470e+00
nan	6.495923733240340781e-01	-3.259649810987147234e+00	-7.628223375872857925e-01	1.313891329736197044e-02
nan	1.472610131888078211e+00	-6.525477885400164935e-01	1.830145272547776258e-01	-7.970865026736549952e-01
nan	-9.918619283140620579e-01	-2.274449736051214199e-01	1.320239241526215190e+00	-7.291910349883798936e-01
nan	-4.037392982641835881e-01	-2.694142820264110227e+00	-1.494001637275331973e+00	-1.360962506937539285e+00
nan	3.409583652501400192e-02	-1.828069449460867357e+00	-1.210554366881864130e-01	1.253943394494423380e+00
nan	2.387718743524954501e+00	-3.117032460947180894e+00	1.256135327347187802e+00	5.754137538130723595e-01
nan	5.015855832708939754e-01	-2.574386319957860714e+00	-1.828649236655780497e-01	-1.296082389834857906e+00
nan	-6.926500537530931867e-01	-9.019592008212177214e-01	-1.153210331404244560e+00	-3.014758464170322894e-01
nan	6.244064604556200937e-01	-6.257872913624622502e-01	7.478788121910157072e-01	-6.181754256990044105e-01
nan	2.088648935953416608e+00	-1.171412486860174518e+00	9.824990877406453160e-01	1.309543763388192339e+00
nan	5.509547438702427913e-01	-8.038118414688792956e-01	2.441942486059934803e-01	-1.587815634345777216e-01
nan	-2.310176769718958745e-01	-5.608518034229164062e-01	-5.285407967078674663e-01	-2.357499735096433846e-01
nan	-1.227186179257465426e+00	-3.298102574773356666e-01	1.429105937144752092e+00	-3.410466667371219174e-01
nan	1.143871237557027243e+00	7.687225447712193738e-01	-1.445394405936173854e+00	-2.460135164832166210e-01
nan	1.318878106445474652e+00	-5.166428429115297316e-01	5.111052028208507014e-01	-9.468649732841881717e-01
nan	-7.251506574885024925e-01	2.244197435141384311e-01	-7.232365395596600521e-01	2.869855210357309616e+00
nan	-4.325678998923356833e-01	-3.194513990783741375e-02	-5.833245175994820064e-01	3.874500453491657725e-01
nan	-1.022779768567638969e+00	1.514809667240640589e+00	-8.183906299564829290e-01	-1.088859272321604371e-01
nan	4.566483076817245412e-01	5.462768959227335408e-01	5.345893474541840718e-01	-1.345725945743634355e+00
nan	-1.618679826744796157e+00	-1.235925720484589985e-01	-4.017768156445955530e-01	1.697785078606903753e-01
nan	9.568551143414846250e-01	3.170730834339131055e-01	-3.283732469965185974e-01	-5.041298968195279118e-01
nan	-1.676196955547145651e-01	1.520044729180554333e+00	-2.528247325878670015e-02	7.322427016538123334e-01
nan	-1.640885507975247681e-01	1.437137339094665567e+00	3.123961104236922193e+00	2.759326975022650674e-01
nan	1.067511102397000533e+00	1.542223256441625168e+00	-1.559922538528508262e+00	-8.784350845365381799e-01
nan	-7.434135432856194825e-01	-1.003894747436129053e+00	1.754108767306705952e+00	-3.819121132971603494e-01
nan	-4.523651901856522994e-01	-4.908024525129117688e-03	-1.807625856411108289e+00	-3.825847202366746691e-01
nan	1.116222625917278610e-01	-4.108616956122770336e-01	1.199470009690593919e+00	1.903433318128723517e+00
nan	-1.091121353722154380e-01	-1.433257846885868991e+00	-4.326245774641731545e-01	1.100026425199917002e-01
nan	-3.422515142548528816e-02	-7.842940634998771809e-01	-6.221032019868784069e-01	8.162044755818783637e-01
nan	-8.826998496060494137e-01	8.158789337077381187e-01	-1.220391951577502798e+00	4.584478363601509066e-01
nan	1.767778498210974270e-02	1.412764390637681000e+00	8.433868584518289246e-02	-1.211799983204757403e-01
nan	7.040531620587341388e-01	8.113449207764423798e-01	1.359580914786311823e+00	1.345734093779263008e+00
nan	-1.207481707516246727e+00	9.082269524614213774e-01	2.453465675430348547e+00	2.956515852609321038e-01
nan	-5.723682788171643443e-01	2.056190859762492718e+00	4.941731642585519557e-01	-1.312730165533907867e+00
nan	-1.136460239142582873e+00	5.466768284612368856e-01	1.221951483012048811e+00	8.397294966797541615e-01
nan	2.404355124082865058e-01	2.463676529220287514e-01	-9.849052507643935028e-02	3.115074079604808754e-01
nan	-6.827026290451375656e-01	1.516864612652703448e+00	-1.041289661538075950e-01	-1.306105231536169198e+00
nan	-9.458282477284349898e-01	1.237376362866998702e-01	1.695366390619236885e+00	1.076191075762470861e+00
nan	-5.901728492142507276e-01	1.148895775456268753e+00	7.587342225995248324e-01	2.440032799625544424e-01
nan	-1.013614156393536581e+00	-9.681797238124419946e-01	4.966314526252165185e-01	-8.912921788494816422e-01
nan	1.961906966955536458e+00	-8.912822383047495078e-01	8.017877389969498836e-01	-6.254870787085856643e-01
nan	1.603323949515744307e+00	-3.634697857284046041e-01	-3.505533114009158346e-01	-9.931283241422903529e-01
nan	-2.184090179897076878e-01	2.131451316405914287e-01	-2.408228521654891818e-01	-1.390067335776739577e-01
nan	1.135635422063390410e+00	5.071553953004483972e-01	-1.292893152460557360e+00	1.635194216543539802e+00
nan	2.064632462230236443e-01	1.565131135011849084e-02	-6.005403777394057174e-01	4.889112808989466985e-01
nan	-1.701791638641476645e+00	-9.920306919621284247e-02	6.494414625180846556e-01	6.271145231337278414e-01
nan	-8.949799632418214967e-01	-1.264768774679127850e+00	2.404550323007798723e-02	5.159076020273545282e-04
nan	2.319738676985087789e-01	-4.808002720267223751e-01	-1.571519568967503777e-01	7.587438505029585611e-01
nan	3.424608901423813467e-01	-2.511507154639906148e+00	-1.484712453023044887e-01	1.561316541314612172e+00
nan	-3.167104779001556070e-01	-2.222164097835011898e+00	5.341025905200685875e-01	1.185242251736041696e-01
nan	1.180729397144616000e+00	1.890881744544510301e+00	2.798033687053880225e-01	-6.645103631842379510e-01
nan	8.616698177985737672e-01	8.531562992053254302e-01	2.384223027493341251e-01	1.905741478258761168e+00
nan	-2.841832618902196961e-01	1.481390915910101302e+00	6.787767937091268022e-01	8.414793135068399099e-01
nan	-1.111913619451066482e-01	6.355554165126059418e-01	3.096521640063201186e-01	-6.403885389495423963e-01
nan	9.251083294085937769e-01	1.502374048233322101e+00	2.256717104791726936e+00	-1.800182431173630304e+00
nan	-1.517647718668611034e+00	8.765541161871108766e-01	1.725144471876882468e+00	-1.803789658568702325e+00
nan	1.223575711431016844e+00	9.546291554114564315e-01	6.229968757387747136e-01	-7.979636237220610884e-01
nan	-1.863028207686982185e+00	1.139583666507756554e+00	1.621137599076824420e+00	-1.082209210850769848e-01
nan	2.150508835247418871e-01	1.673811088278559733e+00	-8.093550915027456494e-01	-1.291441855234121583e+00
nan	3.718199511164314019e-01	2.302263942453897538e+00	-8.332369593944827235e-01	-6.139563371584685902e-02
nan	1.302316837915625358e+00	1.371542469404712916e+00	-7.121733396031948438e-01	-3.240296546899225083e-01
nan	-7.893129607086062371e-01	-5.462452557856443125e-01	-9.674412432033228093e-01	6.702136148330352095e-01
nan	-5.769669723895125557e-01	1.570863204793662704e-02	-6.498415873687555244e-01	7.845469252630726809e-01
nan	1.190165186919416307e+00	1.598931228026242657e+00	-2.117622511371695548e+00	1.209523846381419521e+00
nan	7.737387801033662749e-01	1.820102975252035460e+00	2.292955362633881666e-01	-6.607531475860677350e-01
nan	7.211581355501544000e-01	-4.057127022807128780e-01	8.090766624858807265e-01	-2.151395687311641769e+00
nan	1.003513706912268599e+00	-7.749640607899223044e-01	4.815302708839144241e-01	-1.249558582308968102e+00
nan	1.186752393558616392e+00	2.876372654719850708e+00	6.826998120904597123e-01	-4.472775185334438297e-01
nan	-9.728793984017147789e-01	3.024945165997562579e+00	3.913770167625449936e-01	1.158886616377837298e+00
nan	1.818696202143995910e-01	1.298290074843152730e+00	6.719454760232708157e-01	2.217212486064712162e-01
nan	-6.205749953561188192e-01	3.502426954725870178e-01	5.892805888887124866e-01	1.091803014787598558e+00
nan	-1.414649622919980310e+00	7.687085465260280470e-01	8.982705177745325953e-03	2.737091335686109295e-01
nan	1.221484588240439484e+00	1.309581820645005612e+00	-1.132030933911800930e-01	-1.742320891913302638e-01
nan	1.801611506389990458e+00	3.996961085432265692e-02	7.100641898451096612e-01	-1.208396473120374737e-01
nan	1.143882940506769780e-01	-6.003210883662831732e-01	6.691164077521534193e-01	4.188167527172828586e-01
nan	4.700060968107980242e-02	-1.588668277545698837e+00	-1.646303262818497037e+00	-6.666082554523742321e-01
nan	5.371426250148004788e-01	1.602218515923924391e-01	-1.419865631534832140e+00	1.125857449136909327e+00
nan	1.273434108486394933e+00	1.147451050557441454e-01	-4.873518539212431389e-01	-8.098487721533280670e-01
nan	-1.328657914283365438e+00	1.907463760186728585e+00	-3.694349379949644629e-01	-1.612030558244256229e+00
nan	1.393660595458713569e+00	3.928618165220915115e-01	5.785364798416406940e-01	1.135175334447854123e+00
nan	-2.586626017076010808e-01	6.740646736098129255e-01	-3.165979635587691798e-01	2.267759896010307585e+00
nan	-4.268078053135781480e-01	-1.946247049572104260e+00	1.862204242762241391e+00	1.356644645714724984e+00
nan	1.312257568807505326e+00	-7.236636785766792368e-02	-2.016002737668784461e-01	9.376601485112309176e-01
nan	-1.629012232451619191e+00	-1.276407683836209728e+00	-1.631697218636512625e+00	-5.426941585492567333e-01
nan	-3.672678121701926646e-01	-4.868255492862681444e-01	3.302320200391297700e-01	6.798453195327650578e-01
nan	5.039070063892439055e-01	4.566049416810752382e-02	1.253149264813782637e-01	1.543093843066259296e+00
nan	-1.320609147785075432e+00	-1.374791900109531895e+00	-1.538013584918734189e+00	1.067977259636852860e+00
nan	1.946427815112561355e+00	-1.645660880751455224e+00	-1.254162695987492304e+00	-1.458944031451891998e-01
nan	-1.135656220448044040e+00	-1.737981546464353766e+00	1.270141757338319799e+00	-5.361885984582569487e-01
nan	-5.857707614151810294e-01	-7.990676431218074471e-01	4.287349088527693253e-01	1.646037079983036833e+00
nan	1.663206140393882482e-01	-6.648515764408025053e-01	1.925529146653059409e-01	1.595328699389358063e+00
nan	-1.486758304938154085e+00	7.915379102824211532e-01	-2.422795972392350339e-01	-6.182345022104307475e-01
nan	-4.969233408115655837e-01	7.193940316241960176e-01	9.526450140023424717e-01	-1.461406142728963742e-01
nan	1.298376981752605186e+00	-6.264534340492204922e-01	-5.648767557526729322e-02	-1.026260415319471209e+00
nan	-9.214742897126753096e-01	-1.604321524585667236e+00	-5.243681486377904655e-01	-2.092467371134115739e-01
nan	1.146911861014995593e-01	-1.380882797564653597e+00	-5.648224963308845492e-01	7.698668139219427831e-01
nan	-7.828707216190144980e-01	1.643560561814851884e+00	-6.082732464759373903e-01	1.011007355311585476e+00
nan	-1.984900194885634628e+00	8.080818745745410592e-02	1.006452237215866186e+00	2.955447286563661624e-04
nan	1.110105472445688468e+00	-1.792535527190322886e-01	-5.700927986405812664e-01	3.280359198518076336e-01
nan	8.763340986458293402e-01	-8.995273777956889205e-01	-2.554540039025388953e+00	-2.262823043529300915e-02
nan	-8.509182011486641217e-01	1.870726654229722286e+00	-3.558323561542131586e-01	-1.378376623136467805e+00
nan	-2.052996418584096538e-01	8.794041015331299782e-01	5.442001698899364692e-01	5.908071119266056215e-03
