nan	1.312421741527707193e-02	-2.118193176717665160e+00	-6.203296104100810560e-01	1.219681427732951962e+00
nan	-9.436995816509861079e-01	4.716016730497557541e-01	-1.759378862018879719e+00	-5.757735369908051348e-01
nan	-1.477661627922970677e-01	-2.171354697153279334e-01	-1.304663162538068466e+00	2.572715899864388978e-01
nan	5.810209125386252005e-01	-1.546357355341228423e+00	-4.498095284273312400e-02	-2.330563320107576608e+00
nan	1.514565624787070353e-01	5.352636937648085347e-01	-3.887556473047838468e-01	-1.447409535589010421e+00
nan	5.613473755978046764e-01	-1.314117986950520400e+00	2.324874586439098056e+00	-1.057619673950073391e+00
nan	7.954923895884242757e-01	-1.669992331818215270e-01	2.189364828196848634e-01	-6.112525839609287415e-01
nan	-1.661749502121549482e-01	-7.298683824630843864e-01	2.758439404557291308e-01	-3.333813547030913815e-01
nan	-5.312825997469432515e-01	-1.722884255737761938e+00	1.083655230182000606e+00	-2.145342925244060783e+00
nan	1.170617557727085423e+00	5.996569110684640824e-01	5.544947414317169532e-01	2.671665546273290781e-01
nan	-3.805377992880146776e-01	-1.274198714872090132e+00	-2.878936797649853219e+00	-8.063122618489465543e-01
nan	-6.883063082053287873e-01	3.521319608965615133e-01	-2.229766460728465738e+00	-5.608833050541800480e-01
nan	5.787393330798847879e-01	-1.105568687722656263e+00	-1.071410940215780760e+00	-1.888648354507364457e+00
nan	3.525214492683474976e-01	-8.139863082327342125e-01	-1.271103687254599102e+00	-3.024250715772127229e+00
nan	9.099740028497037281e-02	7.681325812072564707e-01	-1.746527113604774639e+00	-1.786200531961090299e+00
nan	2.931495729274830042e-01	3.218428683916647604e-01	-1.661813119909976988e-01	-5.868150890215813043e-01
nan	-5.452550185458068244e-01	-1.590177820692315058e-02	-6.479927693530680710e-02	-1.182068663940444853e-01
nan	-7.888403696134303755e-02	-3.742647575329343668e-01	1.470993224586835790e+00	2.178559666095795100e-01
nan	6.990193607086969685e-01	-1.017514571838840309e+00	-9.116883964097644011e-01	-1.077106723206733729e+00
nan	-1.928486832376399951e+00	-7.693497082645539553e-01	1.619142855020861083e+00	4.484446970450129411e-01
nan	8.274557225953088624e-01	6.487548507982219270e-01	1.125950827354003092e+00	6.444232178861029059e-01
nan	-1.012758886937074276e+00	-1.283499347046216599e+00	-1.322117561999671675e+00	-1.313238847130078213e+00
nan	-6.842896399913148686e-01	3.890531383701397172e-01	-5.216913632353518127e-01	-1.580676836127430929e-01
nan	2.020107529768321530e+00	9.593729340828365260e-01	2.249868298379187337e+00	-1.970955949960445652e-01
nan	-2.240155635311553151e-01	1.156989753726095138e+00	5.090556206557083074e-01	1.273937877795450424e+00
nan	1.368791181987772720e+00	1.237676703952824475e+00	-1.233063216040280796e+00	5.446185355641691705e-02
nan	-4.009087879520558673e-01	3.812821783376834639e-01	1.184412168091781181e+00	3.202111292690101307e-01
nan	4.991707977187819778e-01	7.855858075265632623e-01	6.999843225459467799e-02	6.180322437830753080e-01
nan	-7.040709255291205393e-01	-3.628338001349020736e-01	5.212905873118334199e-01	-2.085317457975846556e-02
nan	-5.832146868818473273e-02	4.822950990076390054e-01	-4.579790416502387829e-01	-4.934950764621377772e-02
nan	-6.642602277315071690e-01	-2.012613926358710614e-01	5.780138241183391257e-01	-2.994582575338138319e-01
nan	7.073956181747499405e-01	1.210017027708727710e-01	1.053826436322387705e+00	1.073667553657956963e+00
nan	1.048600213867939002e-01	-9.536569698176503573e-01	1.707754954535790404e+00	-6.889735529487878152e-02
nan	-3.880271837617756403e-01	-1.042343075642161887e+00	1.605075209417654580e-01	-1.022374339702573909e-02
nan	-1.676387736561208763e+00	7.486794248261829932e-02	6.848604648163902908e-01	-1.577204778398560769e+00
nan	-1.226928985482019119e+00	-5.983108728034722823e-01	-3.982000138322807636e-01	-9.984721499095657871e-01
nan	-8.953991864505321807e-01	1.778746641263900363e+00	-5.035688625638012894e-01	1.267092489046372616e+00
nan	-1.095250560408151941e+00	1.377172239368886331e+00	2.796811662896039885e-01	1.468520087294538978e+00
nan	1.510542955679147870e+00	1.411912567330272372e-01	4.310231266926238813e-01	7.266850889997882312e-01
nan	5.591357900184937835e-01	5.669968174741571998e-01	-1.580501312579859041e+00	1.042161512586081473e+00
nan	-5.014516543250643332e-01	8.017728299582909113e-01	-4.937674460389062103e-01	-8.457404171147917538e-01
nan	-1.195570846090866279e+00	1.634195012618065324e+00	-2.041698048832104817e+00	-5.637905557629130371e-01
nan	1.196172742421254265e+00	1.304040016230044507e+00	-2.529292248104108687e+00	1.480460333362749292e+00
nan	6.533978545265937965e-02	6.907598268668554420e-01	-5.271827081197386633e-01	1.102877736491744420e-01
nan	2.561325264174050265e-01	1.190887765383149999e+00	7.423819689627079166e-01	-1.006760960967393759e+00
nan	-7.571569812432273894e-01	3.893068687745324663e-01	-6.021055323881042698e-01	-1.914315842151957936e+00
nan	4.139462819379162162e-01	-1.600440068443520936e+00	5.714363520856406975e-01	-1.105283472793813004e+00
nan	-6.211606018512696448e-01	-1.778316315794397529e+00	1.035406776909878701e+00	8.432981979680176376e-03
nan	-7.241474270447258998e-01	-1.808825562313055801e+00	-1.080497239045651980e+00	-6.837229872021520771e-01
nan	1.433448448460485469e+00	5.534704777710800494e-01	-8.694156774917820574e-01	-6.856564574375884069e-01
nan	-1.712602504832496653e+00	-4.183826297208440015e-01	2.311671572011235465e-01	-6.748763501743599846e-01
nan	1.202785703524517524e+00	-5.459342846303658625e-01	-1.305555497445030966e+00	-1.240442763872333931e-01
nan	2.680527794509455775e-01	-1.035229987776402627e+00	-1.285076397874156839e+00	3.327751973462588775e-01
nan	2.355259361777906069e-01	-1.233075334261052869e-01	8.727756062193772202e-01	-3.377341533399862150e-02
nan	-9.176787931145583554e-01	1.517349673564404755e+00	1.629189531386633916e-01	-2.815933054284470716e-01
nan	-4.796087882714519246e-01	1.715221239092357131e-02	2.070575284477338407e+00	-1.098287284846761525e+00
nan	6.429162075044352331e-01	-1.176356106184444361e-01	-2.553186356484193342e-01	-6.264689417992884701e-01
nan	-4.177581354651991874e-01	-8.592277483708220531e-01	6.163563908998463958e-01	-2.115662168473180671e+00
nan	1.625883439936940955e-01	-2.194666747829137066e+00	2.537130924966415901e-01	2.790035625461293467e-01
nan	-4.782334034991562732e-01	-2.441496934446033551e-01	-7.933164654085462786e-01	-2.012085427561555395e+00
nan	-4.782568912553873952e-01	9.787871286726570474e-01	-3.057193339285915190e-01	-3.001129507890087922e-01
nan	-8.186539553560007176e-01	1.749154249331706268e+00	2.228459089627052581e-01	-2.970123397241372309e+00
nan	-2.391375956018273186e-01	2.481135207191516479e+00	5.321113876089214045e-01	-1.325022561275619459e+00
nan	-5.303575918408953010e-02	-5.193899667712337243e-01	7.467299558592150888e-01	-1.135170477498815833e-01
nan	5.715708313289914466e-01	-8.919039805596716830e-01	-1.071980226328871355e+00	2.801304946061428658e-01
nan	3.014264656788318564e-01	-1.117332069676971518e+00	-7.074133491972333099e-01	-2.124499533893945413e-01
nan	2.148357999760717618e+00	2.559368681840997750e-01	-2.013476587386823502e-01	4.478216073210376513e-01
nan	-1.173321080003454808e+00	-4.399266365603102802e-01	6.340482591432456960e-01	-1.043503389096148037e+00
nan	7.632635922138301110e-01	-2.774169662806547088e-01	7.187239548231734165e-01	-6.035355139458546958e-01
nan	-7.723429777340093949e-01	-9.730901262335904522e-02	1.521263201930330711e+00	-1.298939438601819096e-01
nan	-1.471388679640178276e+00	-1.702938596259914839e+00	8.961128840344203539e-01	2.796935551666487552e+00
nan	-9.837585077170128978e-01	3.567733125966809915e-02	4.545550853248274126e-01	3.889686053879147232e-01
nan	3.013473181284810343e-01	-4.222833327416480875e-01	8.415847076562636975e-01	-1.056100126488476176e+00
nan	-1.839699572451206078e-01	-9.845920530211815791e-01	-8.822935867878464178e-01	-1.841861858954235709e-02
nan	1.369448542928338730e-01	-2.100048722244403976e+00	1.362066527749170031e-01	2.496001623090895460e+00
nan	-6.184201762861122331e-01	-8.892790321948690346e-01	-4.189927567449946988e-02	5.512522272862471207e-01
nan	-4.470515940846632730e-01	4.622534437339388957e-01	-4.406984237339290900e-01	2.702239144878375576e-01
nan	-2.415109487311360714e-01	-8.729209819717671515e-01	9.469216286616715106e-01	9.436168272275048396e-01
nan	1.016064457909125807e+00	-1.517213895916242228e+00	-1.465761146169916262e+00	7.778271284625686288e-01
nan	-2.285726544894326751e-01	-1.325502035043812921e+00	-1.107846108841611166e+00	1.412615748557682682e+00
nan	6.568315718141840565e-01	-2.029352960883386459e+00	3.513849227145005027e-02	1.079456612379964264e+00
nan	-5.988419187598949950e-02	4.089957278495679471e-01	2.812883787316258211e-01	1.109854651139364545e+00
nan	-3.697977092678846889e-01	1.283133554501648010e+00	4.418171345897919378e-01	-1.350376875947644439e+00
nan	-7.982108714632014657e-01	-7.578134235237088401e-01	-7.094599937094423492e-01	1.514420457578927182e-01
nan	-8.554055645949235620e-01	-6.944430800672694026e-01	-1.878317652369128510e+00	-4.828770465965062653e-02
nan	-7.012425221863682889e-01	-7.939157626788491129e-01	-6.624212829861965135e-01	-3.424326586010324469e-01
nan	-1.054992576139056393e+00	-2.805201031264168421e+00	-8.364281807754578857e-01	-1.494445039150035015e+00
nan	9.371000352423438651e-01	2.719197602389344937e-02	-2.541586865793088457e-01	-5.243726207403337503e-01
nan	-2.081768181693226527e+00	7.090248841092438026e-01	-6.214590001387387819e-01	-1.092148515083055438e+00
nan	-4.585129135933451172e-01	2.242551876864638860e+00	7.456724814211305175e-01	4.275721929865629600e-01
nan	2.650575632305922635e-01	1.321578919763863658e+00	1.292408582355518476e+00	1.460690381489733625e+00
nan	-1.609855261096125645e+00	5.715209149317672654e-01	1.610057823979264890e+00	-6.665147734727907558e-01
nan	-1.388045328708862047e-01	-9.226752241808222621e-02	-6.340485255091672379e-01	7.162068756727879570e-02
nan	-1.288432653506309311e+00	1.117222596063973450e+00	-8.417519994584898857e-01	-1.825173902024362471e+00
nan	6.440206414402974699e-01	1.121161410351268151e+00	2.394075732791983713e-02	-1.810088922645331166e+00
nan	-1.543241189883711950e+00	8.901111148607506740e-01	7.389035755454878007e-01	-1.067236094544693703e+00
nan	-7.948228537052343112e-01	-1.221050098005408979e-01	-5.388620162679556014e-01	1.603710219054101049e+00
nan	1.778558029378933592e+00	3.362972377601647356e-01	-1.000819167434137791e+00	-1.977629861157659263e-01
nan	1.325293901953082942e+00	3.489699596093083223e-01	-2.867888464835267603e-01	-1.542596811451773187e+00
nan	7.021033693259173258e-01	-1.108576387284256892e+00	-1.507865193277990734e+00	-1.197627267747266355e+00
nan	8.342335446115999309e-01	1.719031513031310521e-01	-1.276535006759198287e+00	-2.313414616039210170e+00
nan	1.716593831841538853e-01	-6.718335777776943685e-01	-2.873511200232234386e-01	-1.465366898534815832e+00
nan	-7.495687034892155598e-01	1.182995901696431318e+00	-2.538348243544353289e-01	1.431368037040055441e+00
nan	-4.455190117795798654e-02	-9.997755321385972671e-01	1.304598437854790127e+00	1.583854341696830481e+00
nan	1.070391722792609857e+00	-2.579586213736877465e-01	9.173981161169117993e-01	1.385323724311247728e+00
nan	-8.961539416396862023e-01	3.077577384083618917e+00	1.310444912924249028e+00	-3.260534788394875982e-01
nan	1.071876493061288516e+00	2.307586531165968236e-01	1.597862813647069391e+00	-1.346659559818070839e+00
nan	-3.986918808045557538e-01	-1.601129936213998572e-01	4.486149855859647984e-01	-8.139887531550532573e-01
nan	7.158755660857848424e-01	-1.001854906737982054e+00	-9.701870671853475292e-01	7.292992418326818549e-02
nan	-1.787605329930990194e-01	-5.550636512692097568e-02	-8.632877688706297459e-03	-1.278258505106181886e+00
nan	-1.134879402863466114e+00	-1.207789314028972161e+00	-4.766644886503298428e-01	-4.918872450759612658e-01
nan	-1.570957769827717065e+00	-1.299203815359589731e-02	-4.878125945170335709e-01	2.345351255841798821e+00
nan	1.077901404232046653e-02	-5.707894284048441458e-01	-4.873751486952785372e-01	-4.481441164510747699e-01
nan	-1.536975129139161707e-03	-2.082636589182113696e+00	1.514291449241580656e+00	-8.758483892720108077e-01
nan	-1.169916328947121720e+00	3.402900163666700006e-01	-7.088858802264215164e-01	2.394481855038231299e-01
nan	-1.868026296954235221e-02	-8.048261937339648009e-01	2.305965970548535804e+00	-1.194261774212058924e+00
nan	-1.186438808670415845e+00	-4.252925776853031525e-01	-4.120566629394452063e-01	1.833538324460021185e-02
nan	8.153649576459675030e-01	-1.692216672871277527e+00	8.174682130231952781e-01	4.540504716229147308e-01
nan	-9.608783058909742270e-01	-7.647714528075258977e-01	5.261567301016049081e-01	1.881686757782188746e+00
nan	1.072389573978743904e+00	-2.802008039361875813e+00	-4.935300133573763404e-01	-6.985136020302235016e-02
nan	5.711449840266247246e-01	-1.584512093774956387e+00	-1.420612505785380897e+00	6.227473342118919897e-01
nan	-4.612329290295298645e-02	-7.615693772561605845e-01	6.007383419863678853e-01	-4.294994121519327135e-02
nan	7.571222298441102616e-01	-3.619309931536224267e-02	-1.976910627513123186e-01	1.411125567606069442e+00
nan	5.002782387510680273e-01	-1.540416529978053672e+00	1.596773301635352027e+00	1.403040530804214203e+00
nan	4.161993778122725224e-02	-2.294818451178275875e+00	-5.555144026165192983e-01	4.278268896169847291e-01
nan	-1.769578141083222311e+00	8.852440800104151020e-01	5.934176714164315358e-01	1.511989910999193665e+00
nan	-1.289555607923458913e+00	-9.360706584108042794e-01	8.890396687738830739e-01	3.226665118861427040e-01
nan	2.014310083784045802e-01	1.062777794726215141e-01	-4.306852187074266536e-01	6.313722485821587904e-01
nan	1.308924401682787009e+00	-8.175288123873186708e-02	7.254902450668542224e-01	8.872171761273273116e-01
nan	-1.209033624702829553e-02	2.327770483657563838e-02	2.081087265071392967e+00	1.059664962847878478e+00
nan	5.906433721067647635e-01	-7.534076258285327121e-01	-5.632428056534071192e-01	7.414697378356773783e-01
nan	-1.555618619964168614e+00	8.011922075526889397e-01	-7.002555027599504101e-01	4.902417066986297645e-01
nan	1.250005298136994458e+00	-1.869672433068033657e-01	-7.183466032084842579e-02	5.474652929724259653e-01
nan	-1.373389803557427014e+00	5.513300788630686178e-01	1.172486698351348666e+00	-3.293472676238131114e-01
nan	-4.157855892559555316e-02	-1.576944207077585869e+00	1.024134929720840859e+00	-1.213388807969927763e+00
nan	-4.168624571320145300e-01	-1.291915643089649457e+00	-1.213813453556476185e+00	-1.353897478434929191e-01
nan	-1.222077961404855195e-01	-3.406642351849774042e-01	-9.090442062255355005e-01	5.930867873904585030e-01
nan	3.108679329634034816e-01	-9.835022808873448152e-01	-1.039321096759066032e+00	-1.362821029468259670e-01
nan	2.100110316898285312e+00	1.460150261441125474e+00	7.883391468742435571e-01	1.349309104434358308e-01
nan	8.095778682458182329e-01	4.117197339972191727e-01	3.094014384569050424e-01	-8.352415064252008414e-02
nan	-3.819768857705007625e-01	-9.376635597898555496e-02	7.405879340710150860e-01	-2.562117090825796195e-01
nan	-2.084285470157763998e-01	1.167293578779009522e+00	1.146905640244836766e+00	4.376971971732154243e-01
nan	-1.031271653071013983e+00	1.646532842314162082e+00	1.502902869985550449e+00	6.136832142927125533e-01
nan	-3.380748848556304753e-01	1.727268578385692699e+00	-1.930277614669174913e+00	7.044740966996092535e-01
nan	-3.278202211061241655e+00	2.495523271910118357e+00	1.312368451331494601e+00	1.127956670392338712e+00
nan	-6.998574190574089471e-01	1.421983996826118313e+00	2.959069697775750907e+00	8.835474877485061107e-01
nan	1.218456830304524896e+00	7.752108642128042737e-01	1.637279910512057013e+00	-2.485191998038069339e-02
nan	-1.409976854756912257e+00	3.658260467762748380e-01	2.955410738660126935e-01	-4.154427013694821369e-01
nan	2.466128013640976335e-01	3.367914899676084373e-01	-1.500877721935248044e+00	2.469157064759534004e-01
nan	3.925334728571117648e-01	-9.607162654455420059e-01	8.344312780103099181e-01	9.500931878778222650e-01
nan	-5.610062327101743573e-01	4.310680512780465379e-01	-1.467922061018106739e+00	-1.912734023277191220e+00
nan	-2.507431503544684803e-01	-1.251512841117249586e+00	3.408358262693630403e-01	4.763222534992617163e-01
nan	-9.323813266092874086e-01	-9.833139292884143234e-01	2.862893072807626282e-01	-1.522666103685520467e-01
nan	-2.102952017469578994e-01	3.421175051400704992e-01	3.011491596383809588e-01	1.052761673892401439e-01
nan	-3.570453312402658841e-01	-6.336098668422793789e-01	-3.511228489574011458e-02	7.203370680191790720e-01
nan	6.530733040818855750e-01	-7.535104927107227901e-01	7.860760088486807851e-01	-1.062095286220996748e-01
nan	9.284035386025728531e-01	-6.406987822917116215e-01	8.548174163712227713e-01	-8.872462646363811489e-02
nan	1.726703865327826382e+00	1.466508149342461209e+00	-1.125857165371548785e+00	4.450200377792836587e-02
nan	1.622627113687719280e+00	3.127975593718956837e-02	-1.164695033506599753e+00	-8.949038517590539588e-01
nan	2.545883225239347070e-01	-6.723604139668696300e-01	1.143464980228736438e+00	-1.837919160017780218e+00
nan	1.047104027346204003e+00	-2.749153198246304663e-01	-1.466974220759403202e+00	-1.636377615510215211e+00
nan	-4.762887645904959055e-01	7.755769203790645605e-01	1.025485019012730481e+00	-8.634815069338178661e-01
nan	1.185600435677336417e+00	-1.247877166909978852e+00	1.113972058774357565e+00	-2.182024331066425571e+00
nan	4.591149508749176045e-01	-3.015829551207094728e+00	6.718456111434889522e-01	-2.305941013331865630e+00
nan	3.398421434007153352e-01	-1.990670304125185197e+00	-9.126352988400096011e-01	-1.112243674429320706e+00
nan	-4.916330051833887188e-02	-2.791325850505886219e+00	-2.896509592110445563e+00	-1.024601110152808747e+00
nan	-2.700418040549570214e-02	-1.565185030436195834e+00	-3.084683673900443956e+00	3.625443765860275613e-01
nan	-3.355847675157815346e-01	8.571987611797571294e-02	-2.140316827255413834e+00	8.658181707760231882e-01
nan	-5.822904868340903484e-01	6.004565507063782670e-01	-2.147926972514012878e+00	6.375384859826358497e-01
nan	-9.765242656907193730e-01	-1.212748888775419198e+00	-3.142587242010724813e-02	1.315116573422396407e+00
nan	9.552470075725572052e-01	5.320426008757597192e-01	4.426375058130476714e-01	6.672089091738238054e-01
nan	-6.090692175329956992e-01	5.783425729026669959e-01	9.744734112974915430e-01	2.046679771475290899e+00
nan	-9.075647245154757625e-01	6.378733104190437153e-02	4.407719941041169931e-01	9.681820717308708968e-02
nan	-1.799859622150495608e-01	-1.261699782269954939e+00	4.704876907475943892e-01	4.329190702394573043e-01
nan	-2.489423177448295971e-02	1.325495389225722076e-01	-1.362894823344607431e+00	8.330242952590490857e-01
nan	9.237747178275494964e-01	5.833916468392592591e-01	1.440420214695004031e-02	5.245460531174500618e-01
nan	1.356584280548515098e+00	1.520544211981482707e+00	1.531406099363608053e-02	7.204425099319070602e-01
nan	-4.888159184177506278e-01	6.477635197718779603e-01	3.803324612659724768e-01	8.108109799162295239e-01
nan	4.035729480591828677e-01	-2.056238379763420276e+00	-8.663356353930609099e-01	-7.501525049765597197e-01
nan	-9.308830481786650735e-01	-9.555929076781297660e-01	-8.593157653934254681e-01	4.983475633099527791e-01
