nan	-9.526656393382094690e-01	-1.094019694979402546e+00	-2.113707992847249084e+00	-2.187608011674501363e+00
nan	-1.343810351005163994e+00	-4.488976035408720477e-01	1.030428101426503762e+00	-8.735704680919675891e-02
nan	-1.154418707145846934e+00	-9.688415648674257585e-02	-8.931766746614584473e-01	-5.709922646765247523e-01
nan	-2.217054325137490095e-02	1.024644006125437601e+00	-1.762639436001580684e+00	3.120730558639531194e-01
nan	-3.635217965174434296e-01	5.627666869518803683e-01	5.577982531343064765e-02	9.825828230455924128e-01
nan	-8.977891580536591087e-01	1.017678360736559373e+00	-5.619709615896453792e-02	2.613904025632738937e-01
nan	-7.902191908851212698e-01	-2.503647761459178778e+00	3.275947204333957696e-01	-8.303702811100939218e-01
nan	-1.283059568815954510e+00	-1.588978138201654788e+00	-1.178464329451117676e+00	-2.202099767442571299e-01
nan	1.914425727179872583e-01	-4.461586276277726970e-01	-4.488176799020086039e-01	-5.523928784753371346e-01
nan	-2.285739896432403551e-01	-4.709946873628650943e-01	4.403588677821851372e-02	5.253916309410193719e-01
nan	3.306893059281656999e-01	4.319932120203163750e-01	-1.511310451344647365e+00	-1.625643317271638910e-01
nan	-6.540972058097446196e-01	9.587945431695542309e-02	2.609689781723097957e-01	5.081080094127395919e-01
nan	-2.468231629016710282e-01	5.019958625306342181e-01	-9.636996916555996551e-01	5.513550493353629456e-01
nan	-1.112012899933477295e+00	1.539466038936581904e-01	-4.855647377004249643e-01	1.056662065943342554e+00
nan	7.241519207227438415e-02	7.936085111823946991e-02	-7.319123565100692508e-01	-1.273013815426803585e+00
nan	-2.056141392800673595e-01	-1.242524250060938140e+00	1.288774817426288077e-01	1.321489144149611827e-01
nan	-1.049472633492856410e-01	8.791389006794062544e-01	9.139819089507422722e-02	1.513075542615323066e+00
nan	6.706715227688597736e-01	-8.997133925015767808e-01	-1.815845210622030748e-01	8.702597005031430522e-01
nan	7.624584674215389990e-01	-1.436443308272765895e+00	3.699776614835125765e-01	-1.025894251005196045e-01
nan	6.048491624649217080e-01	-1.281901866352700980e-01	1.173133398147481632e+00	7.127087501923535795e-01
nan	-1.833341528640053397e+00	-2.565721952172327347e-01	-2.072047413383864278e-01	-1.491770803177132843e+00
nan	8.659741187139576857e-01	-9.518786735503835805e-01	9.575772807086924132e-01	3.667524763673647992e-01
nan	-8.776705349163983483e-01	6.202211782437090370e-01	-6.013973803904486548e-01	-3.008953924500307742e-01
nan	1.067488284789636976e+00	2.344471815636515744e-01	3.034396183206251596e-01	-2.582191705362725020e+00
nan	-1.511664661870694426e-01	1.011609842303904383e+00	-7.022641339577744279e-01	-5.869934514173388296e-01
nan	-1.840718961426833222e-01	9.413444957505742172e-01	1.186955096927374553e+00	1.575461652543751201e-01
nan	-1.300085259566531537e+00	-5.902012833260906755e-01	2.835116400600150577e+00	1.987508601022149324e-01
nan	7.160938561172918160e-01	5.187297914261878029e-01	4.255633936474688683e-01	-2.853125769238116366e-02
nan	2.259655111338252365e+00	-3.065931787444727274e-01	-6.735400694283493195e-01	4.587580537985614382e-01
nan	-9.654798412449312472e-01	-2.051826625655576830e+00	-1.712801083855126194e+00	9.286535481820138438e-01
nan	-4.229563033600762800e-01	-1.721229304592017950e+00	-8.507214387972901193e-01	-2.497117338464036329e-01
nan	-8.929014342943349947e-01	-3.156514887041266260e-01	-2.219080445608320851e+00	1.592009474607536612e+00
nan	6.563068999798842285e-01	1.094380202461396612e-02	-6.446888418636118612e-01	6.386239327052334325e-01
nan	6.697399265065946405e-01	1.535981044484423297e+00	9.298998011582831902e-01	8.780000644599328385e-01
nan	-6.772772295462705650e-01	1.228075576657583046e+00	1.112355175836758692e+00	2.672877453431889538e+00
nan	1.961578343813327407e+00	2.632523760594429607e-02	-1.256907279200043970e+00	1.301974830533269012e-01
nan	8.704394442762675155e-02	-9.617215467435122900e-01	-5.090919029336898882e-01	-3.219551955607062865e-01
nan	1.085456661615513685e+00	-2.145511744447744729e+00	-8.041524776380127859e-01	2.521762592026843275e-01
nan	2.719094270728755980e+00	-7.004584057783985740e-01	-2.612397231669224329e+00	4.911210314060066584e-01
nan	-1.352004978888617925e-01	1.012518208782262175e+00	-1.098852176279894843e+00	-9.668417035696214024e-01
nan	-4.490647664038901477e-01	3.973925455036917964e-01	2.181186358069701292e+00	-1.429112405338953673e+00
nan	-1.514543251555544368e+00	4.030073015636357336e-01	8.453210228470120491e-01	-8.015440071746826600e-02
nan	1.114006218637531687e+00	-7.695848755031364785e-01	-1.605504639498790631e+00	2.963719422180443597e-01
nan	1.451360746599113183e+00	-3.975091395844664310e-01	-1.320798693283742997e+00	3.301219502114197457e+00
nan	-5.091163867088297490e-01	2.063706155595210312e+00	-1.732256267521484094e+00	-3.019947352773642013e-01
nan	-2.063579478910822385e+00	3.721521351633103047e-01	8.696149948610701341e-02	-8.318553440181657432e-01
nan	4.155300712864334889e-01	-3.494198398168284481e-01	-2.901977258053614062e-01	8.148495713034190624e-01
nan	1.340052484040347158e+00	-1.275460009104097736e+00	-9.242691144968024908e-01	1.192549329751121601e+00
nan	-1.544415549657485731e-01	1.494981349130371506e-01	-1.046970187857731105e+00	-4.791199617203428240e-01
nan	8.451705232857386063e-01	-5.838607401200330838e-01	3.094008255708913246e-01	-1.744547098628038251e+00
nan	-6.132622104043696787e-01	-2.026117960527030526e+00	-3.083361647094390312e-01	-1.958100886470980573e+00
nan	1.417922944743735814e+00	-1.042054256505655196e+00	-6.210449666299877602e-01	-6.038046461119612740e-01
nan	-1.168979392150578667e+00	-2.778885063872762906e+00	-4.152877547937891545e-01	-3.625828038112076379e-02
nan	4.669927495055023470e-01	-1.693094745754907038e+00	-2.078539946141026995e+00	2.804935536242448846e-01
nan	-6.115265035911963132e-01	-8.230784532898310912e-01	-6.742567433770234597e-01	1.339192265443212015e+00
nan	1.342641189070811064e-02	-6.596300169445351580e-02	-6.600703566837290426e-02	-1.222091308372972751e+00
nan	-2.233146718020177168e+00	-2.259434762453011170e-01	-1.165907240582418902e+00	4.219392571945408399e-01
nan	-1.032556933725796711e+00	-1.730741534097572254e+00	1.940130201765138951e-02	6.817879892121587737e-01
nan	4.273941817019314415e-01	-2.283881767310916855e-01	-8.535801439014991665e-01	-9.131161966864067558e-01
nan	3.735018042186775133e-01	5.952797588301772524e-01	-1.963260657077899596e-01	-3.190104612646879056e-01
nan	5.718225230534205172e-01	7.655060506979316504e-01	-1.261198062366269412e-01	-6.344118139128317180e-02
nan	-3.675802943177547411e-01	4.378033958999968389e-01	-4.026210198609572188e-01	-6.060318627956831072e-01
nan	-3.737808842811110033e-01	4.348893718461590563e-01	-9.539236540482993743e-01	-6.759089457717880611e-01
nan	-7.439629895264007198e-01	-1.570841482012730606e-01	2.330788922232816418e+00	1.687377950405933025e-01
nan	-4.293308303117648883e-01	-1.035929180860459597e+00	-2.054367370498412448e+00	-3.754434351499546380e-02
nan	5.974612086449966331e-01	-1.312013566522554520e+00	-1.494331647017053566e+00	-6.814444296061272777e-02
nan	1.608073997323014037e+00	-5.461024050552599762e-01	6.907822551673465927e-01	1.586478241269755785e+00
nan	6.210936901516972419e-01	-7.836072572736768604e-01	8.155798192044353412e-01	1.259598130548881478e+00
nan	-3.995559841692559733e-01	1.650806182230277752e-01	-8.972152066369061263e-01	-4.776166836059833054e-01
nan	8.717743644651052559e-01	-1.787201939143306717e+00	6.162063734283045324e-01	9.150557050149761285e-01
nan	2.165306666726408147e-01	-1.435810606319610105e+00	-4.000580980245168616e-01	-9.631249584819008280e-01
nan	-2.454408667983197512e-02	-4.337618446184741128e-01	2.987773367113698564e-01	-8.702896652121955290e-01
nan	2.452468116993996805e+00	-2.016288515562627115e+00	5.243968334413098287e-01	2.078963661824445808e+00
nan	-1.313075518371299433e+00	-1.565719392695372747e+00	-6.427088992079069696e-01	1.093351277785194586e+00
nan	-1.211003790241633737e+00	-9.630905086291862149e-01	1.840599334155505140e+00	1.513792296332685972e+00
nan	3.267554610005254379e-01	-6.619568206797405985e-01	2.783033867364787528e-01	-7.619444318399100080e-01
nan	-1.462761671387299194e-03	2.555400075170879970e-01	-1.350924874477127169e+00	-9.535245498797119135e-01
nan	3.870720830716050109e-01	5.571894683781712931e-01	-8.500514278377346855e-02	-1.612773179653508304e+00
nan	5.629847752810289707e-01	1.048575305684184888e+00	1.086792753396578215e+00	-2.029700668552020915e+00
nan	-1.922509271594494917e+00	3.328518016902058396e-01	2.639566314923365908e+00	-1.889938566407774800e+00
nan	2.416389892161089625e-01	3.838072054361063579e-01	1.479388974089077990e+00	7.212555086007368388e-01
nan	1.583036653596153198e-01	1.931318845779437521e-01	3.401601204690679059e-01	-1.943392538486815313e-01
nan	4.564146139299787297e-01	1.522101500635641980e-03	-3.259810060640572216e-02	-5.756931611159769036e-01
nan	-1.418997175527626942e+00	2.417617183606306952e+00	-3.766516238338948885e-02	-3.823102799295422516e-01
nan	1.025625497255606700e+00	-1.085111165221845919e-01	2.327611306651275469e-01	-9.094843263886295270e-01
nan	9.335365599396083791e-01	1.033389337500068672e+00	6.891116426691641372e-01	-6.884775538550252927e-01
nan	-5.718450367439948945e-01	9.402628259209164785e-01	2.269439646390753129e+00	2.265357947961054719e-01
nan	3.890100214205468587e-01	6.606017206009682230e-01	1.055617295372812015e+00	2.546562335608129946e+00
nan	1.447739934305023457e+00	4.154061531280698327e-01	1.231366238702805926e+00	-1.459549558066745689e+00
nan	-1.550107885364766618e-02	1.137556653085513014e+00	-1.026642630765344011e+00	4.165968707861075759e-01
nan	-1.758834549548421999e-01	9.799328917706988662e-01	1.990846742044803275e+00	-8.942592862312140345e-02
nan	-1.214570747041748167e+00	-1.172681184063723236e+00	5.117907223104676273e-01	-1.025338821511668774e-01
nan	-1.197617238363587466e+00	-1.221585308708605488e+00	2.687686054891461063e-01	2.923520605519976390e-01
nan	-1.124882009581275488e+00	-3.317902534472009224e-01	-6.005514787032706359e-01	-4.607642434910397267e-01
nan	-5.537184173274225518e-01	1.477063105079029492e+00	6.353096881015519726e-01	3.863094119615654298e-01
nan	-1.086266845524628710e+00	2.022402763575162687e+00	-5.413668314279762583e-01	1.720764964130225838e-01
nan	1.045025414056694135e+00	4.805017916379349385e-01	4.073627935162951741e-01	-5.598988194727714390e-02
nan	-4.291878339940524145e-01	-2.159904149353524538e-01	-3.500438149065153715e-01	5.973109526813569214e-01
nan	-8.881148504474790650e-01	-3.025876902330504881e-01	-1.641011926644479146e+00	1.815793082919759271e+00
nan	5.892883886557850337e-01	-1.338559489200782382e+00	4.690624996685094916e-01	1.256931754613316521e+00
nan	-6.773191972428777019e-01	8.962414671395280141e-02	-1.293245604343537802e-01	1.529893531484876501e+00
nan	1.658317686170553695e-01	-4.210052236781508528e-01	-8.199767220576191784e-01	4.367046077880032406e-02
nan	3.202484659991873261e-01	-1.038463353973014147e+00	-2.667179800313200233e-01	1.978044021260332852e-01
nan	1.137637814091383648e+00	-1.324438029414245266e+00	-6.124125829216875427e-02	-5.535621577990236242e-01
nan	-1.692536478079658194e-02	1.581101479906072971e+00	-8.686126767383733904e-02	-1.628022532363970987e+00
nan	-5.769727887983805426e-02	2.223645947428242176e-01	7.185365201636819688e-01	-8.682268298274614660e-01
nan	-8.872823849349095737e-02	2.014281691003036112e+00	-8.745118865707408595e-01	3.118549915729875166e-01
nan	2.533969807223070414e-01	4.996535974137641389e-01	-1.257139502538493936e+00	-4.206335930899941511e-01
nan	-9.031919674791365482e-01	-1.986536494684995935e+00	1.198385285425948577e-01	8.447696333657451762e-01
nan	2.636867332833717770e-01	-1.665391086140587174e+00	-1.043372918928445747e+00	5.831598115173135533e-01
nan	-4.451617390841628441e-01	-7.950308936948594640e-01	-6.077169121828663867e-01	-8.967859646149543007e-01
nan	-1.672257986729962953e+00	1.520312322167816976e+00	-1.532441171803479996e-01	-4.782897659952765612e-01
nan	-5.310686144011325105e-01	-5.883704552373337782e-01	-5.602124730773203609e-01	1.489582818597478431e+00
nan	7.665680709401738735e-01	-8.785124624152040873e-01	-4.539268633980421686e-01	1.030834891458183300e+00
nan	-9.714785329571566930e-01	-2.249509577864378385e-01	-1.052396599707078551e+00	9.279511420485093698e-01
nan	7.645730994735558950e-01	1.977724362590648488e-01	-8.020031681632285858e-01	-1.051926054517423159e+00
nan	-3.791288715449435687e-01	-1.367661933887238890e+00	-5.586397864179932782e-01	-4.567534002196018683e-01
nan	-1.781163933181629522e-01	-6.312498417739552670e-01	1.153496025643587330e+00	-1.310044253349091692e+00
nan	3.045660196119494012e-01	-1.605374884013110459e-01	5.396303472731280859e-01	-3.298061375632196923e-01
nan	2.035621117669502933e+00	2.575171787551802094e-01	8.409037778810797281e-01	-1.842477495901632345e+00
nan	1.169984500754795542e+00	3.173748330801305917e-01	-2.432482430314008848e-01	2.666185670416566511e-01
nan	-2.189838036187492953e+00	9.943624013744268852e-01	1.949270827610337931e-01	2.431152565815098698e-01
nan	1.497517722067119028e-01	3.389218368963802241e-01	1.985532666203088770e+00	4.050121389599717348e-01
nan	-3.146385294167275415e-01	-1.687877276714713659e+00	2.031805148238383096e-01	4.327951665163119466e-01
nan	1.793427478857677060e-01	-1.310602336800119172e+00	1.094158267697059039e-01	-7.086200720939776765e-02
nan	-1.214168801505263739e-01	-3.890078929193524493e-01	6.316260520037932924e-01	3.886681592349780501e-01
nan	-5.283060888695011448e-01	-7.803093492361805605e-01	3.209352825389320540e-01	9.521186898508657293e-02
nan	7.448617583414635090e-01	-1.497694312700453279e-01	-9.358548875935843725e-01	-2.776978616133296551e-01
nan	7.128463120207205461e-02	4.285984932005813125e-02	1.017409588310198343e+00	1.007170122491471087e+00
nan	-1.222639090070283485e+00	1.931936115820171926e-02	1.957228045808830641e-01	2.444467249168431333e-01
nan	-5.397064850902703048e-01	-6.775919883646383535e-02	4.183086275124563991e-01	-4.218123783140451111e-02
nan	-9.411083582475098241e-01	-2.301561246716478659e-01	-7.575010633608981747e-01	1.592855237206586061e+00
nan	-2.216839761747764759e-01	-1.054418885720365129e+00	-1.488298210717445613e+00	1.215185001566387313e-01
nan	-1.079879521584652391e+00	-4.738346014584324251e-01	-1.749404073475308574e-01	1.613234718341124696e-01
nan	-7.795108677500967032e-02	-2.184704847970849184e-01	6.717456523136089430e-01	9.382210158735425631e-01
nan	-3.122943972620673830e-02	1.405172440445066506e+00	2.356264151778479476e+00	-1.953507447382479834e-02
nan	-1.302225186770506582e+00	-1.327796833420569200e+00	1.431318865190080336e+00	1.182409554673164997e+00
nan	4.101439156814665754e-01	-5.446872395775446130e-01	1.691574799215521896e+00	4.994208882801009497e-01
nan	-3.630114091646586272e-01	-6.095923638561893121e-01	2.858071977366580807e-01	-4.243136491562295998e-01
nan	-2.264436801491702678e+00	1.427120876319376563e-01	1.441201308901214340e+00	1.297286737702769699e-01
nan	-1.118951317280487467e+00	-4.952223857812669827e-01	6.344886452345277483e-01	8.034418048544054169e-01
nan	-5.947698236930891724e-01	-3.888353121248527833e-01	6.265262485465166176e-01	-1.295613974405293911e+00
nan	-4.027987963469382704e-01	-8.711326263405946291e-01	2.585998801756088372e-02	-1.305690378345080394e+00
nan	7.183335372066607105e-01	1.218808421673733156e+00	7.933980504787874199e-01	2.814743618574795381e-01
nan	1.522615491338207006e-01	5.848714446039350312e-01	1.079103682722617474e+00	1.348122547200042876e+00
nan	1.001192380884526667e+00	2.718774703749312627e-01	3.856935217935509308e-01	3.349347511231032803e-01
nan	-1.139146646099489901e+00	3.220404216402245057e-01	6.537835984317205140e-01	-6.398028931005732556e-01
nan	5.292440759069785283e-01	4.694276112650724864e-01	4.609757146855161802e-02	-4.461601315222497588e-01
nan	-2.022632807575257541e+00	1.049783228604344476e+00	-1.700180541426984104e-01	-8.368546586052760805e-01
nan	4.556076711433338922e-01	5.393530481994198711e-01	9.894583797036442530e-01	4.269065119901743754e-01
nan	7.572106026285261304e-01	1.081425833490632593e+00	-1.849787550564616856e+00	1.547544509058690565e+00
nan	-1.432147119718607753e+00	2.222560982210700864e+00	-1.522554110396515115e-01	2.245872873602815734e+00
nan	-6.304117707954655092e-01	2.072690630422741043e-01	1.062378252474426521e+00	2.003970489698753799e+00
nan	6.472815490795029714e-01	-4.422606314197972677e-01	-1.074996684135820280e+00	-9.389968567898684393e-01
nan	3.712006405599453385e-01	-1.980586895688309923e+00	7.104384720262456598e-01	-1.623684147247355103e-01
nan	1.072637019872895392e+00	-2.669260311585763823e+00	1.753084477626761561e+00	-8.948617961439342405e-01
nan	-1.938723099200498068e-01	-2.181990540624743957e+00	-1.129315142873013489e+00	-1.909476323193461500e+00
nan	-1.989030785053299111e+00	-1.268341473733315183e+00	-1.126179569092881971e+00	-1.022723064648428659e+00
nan	3.894667052543242941e-02	-1.119606601010232572e+00	2.338712754403030614e-01	-5.783826034931712767e-01
nan	-1.513800508190209781e-01	-2.012981593856026930e+00	1.379273121579366879e-01	-4.279316962973690464e-01
nan	1.399592860672110417e+00	4.441878034264468145e-02	1.074229372595107090e+00	-9.119409282462269672e-01
nan	-1.290252946669205314e-01	-1.053980898084641904e+00	1.315944689129913359e+00	-6.433674697881365256e-01
nan	2.766888330761440584e-01	-1.038018029714510737e+00	5.694459317354788608e-01	-1.683756348151348892e+00
nan	-3.969581866537053583e-01	-1.534901089564477461e+00	9.521147737796644694e-01	3.260269266807899746e-01
nan	-1.239431667583742236e+00	9.671921062591627427e-01	8.487281285124378405e-01	-3.215145134327003218e-01
nan	1.409043271043344259e+00	1.092239762963612248e+00	1.470407734306766967e+00	7.480216256433317445e-01
nan	-2.717090292936022999e-01	9.436767182405674248e-01	8.054737077920290922e-01	-1.364455735509547130e-01
nan	3.582481115609189026e-01	1.858382070487869520e+00	9.188292486228832878e-01	-4.240613774536053926e-01
nan	1.446878063264768866e+00	1.337633165651266109e+00	1.050845114160925187e+00	-1.985015698801169570e+00
nan	7.342731619443271240e-01	-2.189347709106281847e-03	3.100268925687605037e+00	3.190185943060878104e-01
nan	1.067104136212136511e+00	-1.026836249379906862e-01	1.015933944923825827e+00	3.624923785597178316e-01
nan	-1.213379376334944526e+00	2.188390596973354696e-01	1.029911064594798975e-01	1.226664261153923352e+00
nan	-6.265737840439223882e-01	-3.994245709494177732e-02	6.252973115119109249e-02	-5.650222479815025789e-01
nan	1.941193901093837715e+00	-8.564622276464326500e-01	1.584077985632017516e+00	-2.241454513598339915e+00
nan	-7.951703034677624071e-01	-8.238209898335853154e-01	-2.422911092035382019e+00	-3.465120196035287314e-03
nan	-3.623958818086006062e-01	1.224416088488367582e-01	-1.664474888867965241e+00	-6.621109878935107496e-01
nan	2.757233827675806825e-01	-2.800523749655920991e-01	1.073039937576706349e+00	-1.002031607693949278e+00
nan	2.165409590587642208e-01	-2.940259382790398890e-01	3.929540727319763560e-01	-5.546017108093382886e-01
nan	-9.432595732487110141e-01	-2.705822615965823852e-01	-8.353267637936609424e-02	-3.973414393760398289e-01
nan	-7.516703941114618592e-01	1.095978559650656825e+00	-8.443631715987851560e-01	1.863121439175196459e+00
